,satisfied_count,pct_satisfied,move_attempts,successful_moves,failed_searches,voluntary_stays,destination_conflicts,movement_success_rate,city_mean_income,mean_neighbor_income,mean_neighbor_income_variance,mean_rent,mean_utility,mean_value,mean_vision,rent_income_timescale_ratio,gini_coefficient,mean_qre_move_probability,mean_qre_accept_probability,mean_ne_move_probability,mean_qre_ne_move_gap,mean_delta_neighborhood_utility,move_accept_outcomes,move_reject_outcomes,stay_accept_outcomes,stay_reject_outcomes,qre_nonconvergence_count,ne_following_rate,homeless_fraction,theil_index,moran_i,spatial_entropy,neighborhood_heterogeneity,income_mobility_indicator,segregation_index,gentrification_indicator
0,0,0.0,0,0,0,0,0,0.0,0.5785607112648062,0.5782522665994171,0.045049672657241406,0.46260181327953365,0.30305999932410693,1.0431507059792648,9.228070175438596,2.4305875750258568,0.21600680513613657,0.0,0.0,0.0,0.0,0.0,0,0,0,0,0,0.0,0.22807017543859648,0.07240325462290707,0.02795039320305907,0.973084817344376,0.34390120098448934,0.0,0.05263157894736842,0.00851477465403236
1,0,0.0,114,1,97,16,0,0.008771929824561403,0.583606584356871,0.5828754500980246,0.046604306364516394,0.46270021416999546,0.3007902360702114,1.0196786835027127,9.228070175438596,2.4305875750258568,0.21828766615885287,0.02879260227456755,0.0014927202540735978,0.0,0.02879260227456755,-0.0023882710803977154,0,1,0,16,0,0.7647058823529411,0.22807017543859648,0.07400132843165073,0.03931714710180274,0.9677567242825827,0.3452834922860525,0.008771929824561403,0.08771929824561403,0.008541199879401324
2,0,0.0,114,0,102,12,0,0.0,0.5800730677594447,0.5793653340175202,0.04722347342949528,0.4627194657128709,0.30260471412943074,1.021212502993122,9.228070175438596,2.4305875750258568,0.22042441985858408,0.016543390242089714,0.0014636219466962795,0.0,0.016543390242089714,-0.007015429143985619,0,0,0,12,0,0.9166666666666666,0.21929824561403508,0.07527620195336295,0.03542654527720999,0.9690892376071036,0.3472198360741666,0.0,0.08771929824561403,0.00852376625921876
3,0,0.0,114,0,104,10,0,0.0,0.5829170400698759,0.5821619388631829,0.048714422268079656,0.46279262847405844,0.3002245327606967,0.9959671143655172,9.228070175438596,2.4305875750258568,0.22217185965111397,0.0048492715487961765,0.0014486038410006384,0.0,0.0048492715487961765,-0.009054993653338122,0,0,0,10,0,1.0,0.21052631578947367,0.07637281714110804,0.04117449703017514,0.9439244059596544,0.34946728324486437,0.0,0.10526315789473684,0.0085388752632624
4,0,0.0,114,0,101,13,0,0.0,0.584214655750406,0.5834611336028146,0.04916065202954147,0.4628892754029964,0.29899601211777455,0.9512441802836883,9.228070175438596,2.4305875750258568,0.22249063938234515,0.016644113264302488,0.0013897276437097028,0.0,0.016644113264302488,-0.0031645365118601696,0,0,0,13,0,0.8461538461538461,0.20175438596491227,0.0767552911487714,0.054789449288977374,0.9681653920780495,0.3486854489122027,0.0,0.14035087719298245,0.008546537885788255
5,113,99.12280701754386,114,0,103,11,0,0.0,0.581278967531222,0.5805809522512193,0.0458815836049762,0.462927568979632,0.30832527643831964,0.9524852498125554,9.228070175438596,2.4305875750258568,0.21725673508600485,0.013414913787910182,0.0014693385395686787,0.0,0.013414913787910182,-0.0053479973092989234,0,0,0,11,0,0.9090909090909091,0.19298245614035087,0.0733424806447726,0.06731817088969598,0.9469730056575173,0.3393272982252671,0.0,0.24561403508771928,0.008532324824150204
6,114,100.0,114,0,102,12,0,0.0,0.5833983226145354,0.5826234285934107,0.04695942563068431,0.4630046471383086,0.30750919644731545,0.945177304353605,9.228070175438596,2.4305875750258568,0.21912115189832382,0.015017573291225694,0.0014677109864178431,0.0,0.015017573291225694,-0.0038759088101156477,0,0,0,12,0,0.8333333333333334,0.21052631578947367,0.07449528220782638,0.06902700167839708,0.9506575116272461,0.34326043795746597,0.0,0.21052631578947367,0.008543858325640696
7,113,99.12280701754386,114,1,101,12,0,0.008771929824561403,0.586472112896017,0.5858359353448711,0.047974975906646705,0.46313916450534626,0.3028382520620587,0.9318695086784446,9.228070175438596,2.4305875750258568,0.22037106847819965,0.011381018929904861,0.001461167640281172,0.0,0.011381018929904861,-0.005481959278989001,0,1,0,12,0,0.9230769230769231,0.19298245614035087,0.07520710495032872,0.07057371645630169,0.9727281529815479,0.3478854206043485,0.008771929824561403,0.12280701754385964,0.008560862058252839
8,113,99.12280701754386,114,0,101,13,0,0.0,0.586378782269029,0.585768246977941,0.04864110553848355,0.4632722497013948,0.30447714727282027,0.9455705633080247,9.228070175438596,2.4305875750258568,0.2217408836198107,0.006509762863120423,0.0013764642893745653,0.0,0.006509762863120423,-0.004572914834013658,0,0,0,13,0,1.0,0.19298245614035087,0.0760461301691146,0.06494697621667424,0.9812779504497318,0.35043309327143274,0.0,0.12280701754385964,0.008562012781237577
9,113,99.12280701754386,114,0,101,13,0,0.0,0.5887433138640359,0.5881281047240721,0.050748169542283984,0.46344798687253663,0.29845089129079877,0.9199079544653891,9.228070175438596,2.4305875750258568,0.22469492451650597,0.006737346636069521,0.0014074133242510274,0.0,0.006737346636069521,-0.005309671682061628,0,0,0,13,0,1.0,0.21052631578947367,0.07822843971551065,0.06696097883530434,0.9872313578783237,0.3555751445389705,0.0,0.12280701754385964,0.008575971162135848
10,113,99.12280701754386,114,0,99,15,0,0.0,0.5921488819377956,0.5916904479037979,0.05159551389896844,0.46368872129439687,0.29761751757932453,0.9140565740184682,9.228070175438596,2.4305875750258568,0.2250232514590993,0.010054757395017022,0.0013195613394445262,0.0,0.010054757395017022,-0.004480862105728131,0,0,0,15,0,0.9333333333333333,0.21929824561403508,0.07816762657147909,0.052145747189023914,0.9871762049536102,0.35666024113442973,0.0,0.12280701754385964,0.00859592463297792
11,113,99.12280701754386,114,0,98,16,0,0.0,0.5925358452570061,0.591939468492203,0.0506100231458872,0.4639284465860955,0.2963718601742284,0.949225254039065,9.228070175438596,2.4305875750258568,0.22303315329812778,0.013090900908573306,0.0013118707228845419,0.0,0.013090900908573306,-0.005067282919868552,0,0,0,16,0,0.875,0.20175438596491227,0.07686175711220947,0.04884733984660602,0.9881704650282279,0.35454955557299517,0.0,0.08771929824561403,0.008600772816151084
12,114,100.0,114,0,98,16,0,0.0,0.5934073361033096,0.5927175396452423,0.05140937916730578,0.4641774745052564,0.29719502350089927,0.9624044697064652,9.228070175438596,2.4305875750258568,0.22461889828166193,0.012491832467096021,0.0013156851103739897,0.0,0.012491832467096021,-0.0031670015083336,0,0,0,16,0,0.9375,0.21052631578947367,0.07821948271430522,0.07506045370347454,0.9801715536032214,0.3540702287235364,0.0,0.12280701754385964,0.008608156691213337
13,113,99.12280701754386,114,1,98,14,1,0.008771929824561403,0.5915546011796302,0.5904481098476084,0.050637072729959695,0.46438653782576506,0.30231939579476663,0.9758135786598016,9.228070175438596,2.4305875750258568,0.22440267605050956,0.026008139657222002,0.0014129778366772164,0.0,0.026008139657222002,-0.002880777236831028,0,2,0,14,0,0.8125,0.21929824561403508,0.07800963219117427,0.09477334864968077,0.9839178934328545,0.34846768033241005,0.008771929824561403,0.12280701754385964,0.008601433750141049
14,113,99.12280701754386,114,0,104,10,0,0.0,0.5903500485597035,0.5891998036147779,0.05123129092548615,0.46455603011226926,0.2991719916121042,0.9717978779474046,9.228070175438596,2.4305875750258568,0.22635856936217857,0.004525895566807528,0.001328639035150442,0.0,0.004525895566807528,-0.004554523126458871,0,0,0,10,0,1.0,0.21929824561403508,0.07920449358706183,0.09427063859974102,0.9829157969702393,0.35193454232138593,0.0,0.12280701754385964,0.008597470816269614
15,113,99.12280701754386,114,0,104,10,0,0.0,0.5869103807845754,0.5857351356084481,0.051028535111583555,0.464654033308255,0.2991316890142885,0.9376506178903629,9.228070175438596,2.4305875750258568,0.22764531365185192,0.004439809243327339,0.0013148589378045531,0.0,0.004439809243327339,-0.004985759189393241,0,0,0,10,0,1.0,0.23684210526315788,0.08012788616669511,0.10468908042508399,0.963477985392547,0.35150802963134103,0.0,0.19298245614035087,0.008581463504146352
16,112,98.24561403508773,114,1,101,12,0,0.008771929824561403,0.5858713408056999,0.5849263466612286,0.05119688792109735,0.46473223445742023,0.29632866430890653,0.9529135898342522,9.228070175438596,2.4305875750258568,0.2281360872945839,0.010496685806231096,0.0013550533729402873,0.0,0.010496685806231096,-0.0031311312159260597,0,1,0,12,0,0.9230769230769231,0.23684210526315788,0.08036095897912347,0.07886480977269937,0.9728618348109757,0.35446040479934776,0.008771929824561403,0.14035087719298245,0.008577218677959544
17,111,97.36842105263158,114,1,99,14,0,0.008771929824561403,0.5873353210517972,0.5861894058950881,0.05376997526421753,0.4648374750383833,0.2902180399301684,0.9190897162831114,9.228070175438596,2.4305875750258568,0.23310463207914633,0.02435398290255831,0.0013846617397065423,0.0,0.02435398290255831,-0.0029366688507752405,0,1,0,14,0,0.8666666666666667,0.21929824561403508,0.08402044124463161,0.10106823006618969,0.9758644246883126,0.360633683273842,0.008771929824561403,0.17543859649122806,0.008585817561432417
18,111,97.36842105263158,114,1,99,14,0,0.008771929824561403,0.5923782275487924,0.5909016972868414,0.055052131321988475,0.4650373368443494,0.2895339174384072,0.8974924666070097,9.228070175438596,2.4305875750258568,0.2344831038553703,0.024240116365953735,0.001396021503512602,0.0,0.024240116365953735,-0.003508197774477384,0,1,0,14,0,0.8666666666666667,0.21052631578947367,0.08492604586415385,0.10977056901752728,0.9680470576921367,0.36203682481474714,0.008771929824561403,0.21052631578947367,0.008613461002028911
19,111,97.36842105263158,114,0,108,6,0,0.0,0.5893231129745655,0.5878570440557078,0.05508127616608913,0.46516490133316546,0.2873625755779796,0.9084317994713008,9.228070175438596,2.4305875750258568,0.23555087051808243,0.007051614520984316,0.001316740284415695,0.0,0.007051614520984316,-0.004816958782762837,0,0,0,6,0,1.0,0.21052631578947367,0.08563916852194059,0.11254996808698553,0.9731137722376263,0.3636858133889655,0.0,0.21052631578947367,0.008599735712465431
20,111,97.36842105263158,114,0,107,7,0,0.0,0.5925910848145611,0.5909924061839334,0.058112729584307354,0.4653503314332226,0.2835592507074831,0.8808415390779826,9.228070175438596,2.4305875750258568,0.24012534404726638,0.0065711251146232325,0.0012474067905311262,0.0,0.0065711251146232325,-0.005611810856169218,0,0,0,7,0,1.0,0.21929824561403508,0.08917469511351024,0.12889027355126023,0.9508302936797484,0.3685132307809808,0.0,0.21052631578947367,0.008618329092151582
21,112,98.24561403508773,114,0,105,9,0,0.0,0.5919937068675973,0.5904759836021148,0.05570703485549857,0.4655212128098208,0.28693778398169956,0.9132382051434697,9.228070175438596,2.4305875750258568,0.23639335918469695,0.005123293429279537,0.0012250261017984472,0.0,0.005123293429279537,-0.004196946106462984,0,0,0,9,0,1.0,0.22807017543859648,0.08638268168937809,0.1320489487950812,0.9561798670723651,0.3605922975421775,0.0,0.24561403508771928,0.008617418913170577
22,113,99.12280701754386,114,0,105,9,0,0.0,0.5899332807780961,0.5884821568328452,0.05738199292495958,0.46564917140033435,0.2838228041269072,0.9093492181522942,9.228070175438596,2.4305875750258568,0.23971204282534897,0.004665675595949401,0.001266663651515311,0.0,0.004665675595949401,-0.006954276546884864,0,0,0,9,0,1.0,0.24561403508771928,0.0887774370798632,0.12380019486114137,0.9579693226657777,0.3672764372307599,0.0,0.21052631578947367,0.008608671855524172
23,114,100.0,114,0,106,8,0,0.0,0.5889606665972053,0.5874821459562645,0.05744651279056089,0.4657545749331535,0.28065284595469303,0.9083266145631393,9.228070175438596,2.4305875750258568,0.2403374498230313,0.00300062488295898,0.0011919479886980575,0.0,0.00300062488295898,-0.005810735069309635,0,0,0,8,0,1.0,0.2543859649122807,0.08963124637246152,0.11276360272137202,0.965361731298287,0.3681239413891551,0.0,0.21052631578947367,0.008605089747205887
24,114,100.0,114,0,106,8,0,0.0,0.588809331621168,0.5873780068149128,0.05926397145374452,0.46585539158637607,0.27653293503086546,0.8985690397030783,9.228070175438596,2.4305875750258568,0.24318839201575848,0.005086430958070012,0.001106880632066414,0.0,0.005086430958070012,-0.005125356847859582,0,0,0,8,0,1.0,0.24561403508771928,0.09162324766193869,0.09955965055767557,0.9633936940348632,0.3756193365054864,0.0,0.17543859649122806,0.008605558290849094
25,114,100.0,114,0,106,8,0,0.0,0.5892711404694716,0.5878783933100915,0.060985861775777334,0.4659634876681349,0.27579910746085795,0.8974278145956083,9.228070175438596,2.4305875750258568,0.24394083289290647,0.005920218295312365,0.0011119220744555758,0.0,0.005920218295312365,-0.006180010435065962,0,0,0,8,0,1.0,0.22807017543859648,0.09289293595656781,0.0753528449502828,0.9609304117402359,0.38105069020520904,0.0,0.17543859649122806,0.008609181020056771
26,113,99.12280701754386,114,1,106,7,0,0.008771929824561403,0.5884882540641139,0.586256904051871,0.06162355337348193,0.4660528195091085,0.27773288644908467,0.9001595596933603,9.228070175438596,2.4305875750258568,0.24704037027500014,0.00614269486167633,0.001122078773932494,0.0,0.00614269486167633,-0.0046550630920589,0,1,0,7,0,1.0,0.24561403508771928,0.09498634321992651,0.09080511131038259,0.9590423913037184,0.3802493327308093,0.008771929824561403,0.19298245614035087,0.008606352232343607
27,113,99.12280701754386,114,0,108,6,0,0.0,0.5931731171525141,0.5908937813739008,0.06306209385488037,0.46621475025040193,0.2742501160142165,0.8874088120686383,9.228070175438596,2.4305875750258568,0.24787881203593098,0.0040706413025197756,0.0010863042303184277,0.0,0.0040706413025197756,-0.0051550765184855685,0,0,0,6,0,1.0,0.23684210526315788,0.09582905686588385,0.10137323754657131,0.9481334078662514,0.3803207657241533,0.0,0.19298245614035087,0.00863174448202462
28,113,99.12280701754386,114,0,107,7,0,0.0,0.5891087760455008,0.5868752205482446,0.06160010862046627,0.46629460541111883,0.2744936448996983,0.891720670632984,9.228070175438596,2.4305875750258568,0.24888051626857388,0.0034829837796128667,0.001054265086467707,0.0,0.0034829837796128667,-0.005306324215122472,0,0,0,7,0,1.0,0.2543859649122807,0.09605079509494964,0.10517100227979861,0.9444824861921833,0.3787607757449402,0.0,0.22807017543859648,0.008612393251296755
29,113,99.12280701754386,114,0,107,7,0,0.0,0.5838822071720391,0.5816325745313309,0.06168953704842557,0.46627057794006954,0.2746827221156005,0.8968467642685353,9.228070175438596,2.4305875750258568,0.25041692134419047,0.003320393847723326,0.001040487910778809,0.0,0.003320393847723326,-0.003213351786782888,0,0,0,7,0,1.0,0.24561403508771928,0.09733100475710235,0.10124295968457052,0.94387329176192,0.3820681195296901,0.0,0.22807017543859648,0.008585968402566488
30,113,99.12280701754386,114,0,107,7,0,0.0,0.5819514528259794,0.5797161552670596,0.05884347458390803,0.46620987027892796,0.2798914207958092,0.9084548301241511,9.228070175438596,2.4305875750258568,0.2467050967731892,0.0033497241875094738,0.0010641409690675598,0.0,0.0033497241875094738,-0.0034284817756373787,0,0,0,7,0,1.0,0.23684210526315788,0.09440732690864452,0.09982496705983417,0.9365668687785933,0.3751349687551862,0.0,0.22807017543859648,0.00857557685440179
31,114,100.0,114,0,108,6,0,0.0,0.5838401292413952,0.581471879445869,0.060157246870487624,0.46618477770164873,0.2786506208363532,0.9031775762632472,9.228070175438596,2.4305875750258568,0.24947622333676,0.0039512516849934546,0.0009230780761542911,0.0,0.0039512516849934546,-0.0030168390694428984,0,0,0,6,0,1.0,0.24561403508771928,0.09617328860431358,0.1052868113752774,0.9492361890545762,0.3772017398560604,0.0,0.2631578947368421,0.008584715287946068
32,114,100.0,114,0,107,7,0,0.0,0.5823248137392868,0.5799891618500647,0.05756712955754387,0.4661314640217099,0.2806834048201678,0.9059696783819258,9.228070175438596,2.4305875750258568,0.24445481610684894,0.003245198854215377,0.0011320097369237007,0.0,0.003245198854215377,-0.005096331113312849,0,0,0,7,0,1.0,0.22807017543859648,0.09283091811190711,0.10764012659495137,0.9545744018427058,0.3711003867345746,0.0,0.2631578947368421,0.008576490792595336
33,114,100.0,114,0,106,8,0,0.0,0.5838917887156726,0.5816346936705599,0.05486721966275116,0.46611144305102914,0.28569601393372557,0.9104028659250901,9.228070175438596,2.4305875750258568,0.23918661787218398,0.0034792341985559923,0.0010845890406910785,0.0,0.0034792341985559923,-0.002153426960831404,0,0,0,8,0,1.0,0.22807017543859648,0.08894125944253649,0.11298003183089325,0.9489655420099672,0.36231472121379343,0.0,0.2631578947368421,0.008584082353864382
34,114,100.0,114,0,106,8,0,0.0,0.5901715289778489,0.5877601330844859,0.05786310536084074,0.46621101604302273,0.2832307100018818,0.8971690703764386,9.228070175438596,2.4305875750258568,0.24292110370032294,0.0035615397859094255,0.0011214666110255529,0.0,0.0035615397859094255,-0.005104385065557111,0,0,0,8,0,1.0,0.23684210526315788,0.09186098458747112,0.11377104962091146,0.9528506785024244,0.3692990098356056,0.0,0.2982456140350877,0.008616691159561
35,114,100.0,114,0,106,8,0,0.0,0.5938695842958475,0.5914306035684824,0.05898124285143981,0.46637954002586807,0.2814487947456766,0.8845653775751176,9.228070175438596,2.4305875750258568,0.24282891912355753,0.003688026470919554,0.0011148629448091392,0.0,0.003688026470919554,-0.0027806583240495494,0,0,0,8,0,1.0,0.21929824561403508,0.09192953059604121,0.10498035113338325,0.962574853128061,0.3698390653184238,0.0,0.2631578947368421,0.008637229497644984
36,114,100.0,114,0,106,8,0,0.0,0.594211233587103,0.5917055577331795,0.05851310951157131,0.46654931428713653,0.2835751692361432,0.8850427714873585,9.228070175438596,2.4305875750258568,0.24199374255563955,0.006503275015403407,0.0011167509263839946,0.0,0.006503275015403407,-0.0036130790348163043,0,0,0,8,0,1.0,0.21929824561403508,0.0914934569550198,0.10990536603182013,0.9525830103511779,0.3684160941008981,0.0,0.2982456140350877,0.008641001000151253
37,114,100.0,114,0,104,10,0,0.0,0.5955457425434666,0.5930423114027525,0.0596129696411352,0.46674095481118627,0.2844125069983694,0.8867686393209454,9.228070175438596,2.4305875750258568,0.24286629332102416,0.006545104048508421,0.0011758197157144689,0.0,0.006545104048508421,-0.0047233558090711055,0,0,0,10,0,1.0,0.21929824561403508,0.09184758642866007,0.1015293229685384,0.9562314596823405,0.371869439964529,0.0,0.2982456140350877,0.008650002540316205
38,114,100.0,114,0,104,10,0,0.0,0.5925278215243471,0.5899727181668457,0.06099638340852438,0.466868250023033,0.2835179961081783,0.8877953881108447,9.228070175438596,2.4305875750258568,0.2448539030971446,0.006136832857691615,0.0011688703909871236,0.0,0.006136832857691615,-0.004869645041089049,0,0,0,10,0,1.0,0.21052631578947367,0.09386355950483286,0.08986640486870204,0.950252561944281,0.37473657911385766,0.0,0.2982456140350877,0.008636459946021982
39,114,100.0,114,0,106,8,0,0.0,0.5952328606992875,0.5926626757958908,0.062227980847370606,0.46704475663400113,0.28296145879537765,0.8859264405011503,9.228070175438596,2.4305875750258568,0.24641011736563567,0.0010015367251258013,0.0013233431723993967,0.0,0.0010015367251258013,-0.006117413714734281,0,0,0,8,0,1.0,0.20175438596491227,0.0945987119329618,0.09129368639214948,0.9533774515233571,0.37633303454928035,0.0,0.2982456140350877,0.008652130215774328
40,114,100.0,114,0,105,9,0,0.0,0.6012263817657274,0.5985938155187995,0.06406694999440517,0.46733230233334383,0.282804012153695,0.8823236931102718,9.228070175438596,2.4305875750258568,0.24690706829465325,0.0014734693045824862,0.001230622592745167,0.0,0.0014734693045824862,-0.0029131738395663707,0,0,0,9,0,1.0,0.20175438596491227,0.09531813577810196,0.09339057046762456,0.9434680853563571,0.37747217733955013,0.0,0.2982456140350877,0.0086855923461269
41,114,100.0,114,0,102,12,0,0.0,0.6073426926546521,0.604672138376397,0.06825268268214299,0.46773105015076305,0.2753336195551872,0.8658927521798819,9.228070175438596,2.4305875750258568,0.2517272178385075,0.00406780814617619,0.0012281066093888235,0.0,0.00406780814617619,-0.0023132712497805513,0,0,0,12,0,1.0,0.17543859649122806,0.09912851426097499,0.09413627642540737,0.9365926338969235,0.3851712580567768,0.0,0.3333333333333333,0.008721019858024464
42,114,100.0,114,0,103,11,0,0.0,0.6110149583117706,0.6084060205567489,0.07060906471681343,0.4681927102743501,0.27174508257228425,0.8593003881684607,9.228070175438596,2.4305875750258568,0.25285453953221526,0.004283602666407676,0.0011803002198404898,0.0,0.004283602666407676,-0.0032618883843144823,0,0,0,11,0,1.0,0.15789473684210525,0.10015877526300981,0.08295585513067863,0.9412100746402213,0.3894445424417306,0.0,0.2982456140350877,0.008744991713111435
43,114,100.0,114,0,104,10,0,0.0,0.6107617534876583,0.6081082142935998,0.07000149108527222,0.4686373585907104,0.272224068754171,0.86468285274174,9.228070175438596,2.4305875750258568,0.25160758062959454,0.0052411354968216915,0.001060050884564847,0.0,0.0052411354968216915,-0.003359918370565673,0,0,0,10,0,1.0,0.14912280701754385,0.09966072398755138,0.09835629132966854,0.9443784156396174,0.385169426792469,0.0,0.3333333333333333,0.00874912947235588
44,114,100.0,114,0,103,11,0,0.0,0.6120953845579828,0.6094004617022162,0.07075159539326376,0.4690963267043027,0.27377018607532433,0.8599673178728576,9.228070175438596,2.4305875750258568,0.2510728153086923,0.004667720056325598,0.0011746156233054985,0.0,0.004667720056325598,-0.002874864209502857,0,0,0,11,0,1.0,0.18421052631578946,0.09965446408599493,0.09922931755063333,0.9469905306667894,0.38590151075455625,0.0,0.3333333333333333,0.008761375438678654
45,114,100.0,114,0,103,11,0,0.0,0.6127769868615182,0.6100668826017103,0.07280999240196505,0.469557097550817,0.2686966557689651,0.8503998704717767,9.228070175438596,2.4305875750258568,0.253469992454745,0.004647778277146148,0.0013292047643190354,0.0,0.004647778277146148,-0.004462415488930313,0,0,0,11,0,1.0,0.20175438596491227,0.10135337496569237,0.08752242219062663,0.9335725114718056,0.39290514857581,0.0,0.2982456140350877,0.00877038316966869
46,114,100.0,114,0,102,12,0,0.0,0.6150326713159473,0.6122893003123403,0.07325226111574519,0.4700498832053783,0.2666143011110492,0.845315300734247,9.228070175438596,2.4305875750258568,0.25394720379074553,0.004347575518772717,0.00130810060736484,0.0,0.004347575518772717,-0.005459323377996576,0,0,0,12,0,1.0,0.18421052631578946,0.10164979608930712,0.07405706020653319,0.9306870773463143,0.3960676180077095,0.0,0.2982456140350877,0.008787650385386475
47,114,100.0,114,0,101,13,0,0.0,0.6134961794025814,0.6107825179906466,0.07287867243732472,0.4705013923419334,0.2661638805045927,0.8469322471180991,9.228070175438596,2.4305875750258568,0.2529390657166224,0.005310873299438413,0.0012812768649051519,0.0,0.005310873299438413,-0.005611964642735223,0,0,0,13,0,1.0,0.18421052631578946,0.10102332806409771,0.07782412848836844,0.9329274178250712,0.393186594192314,0.0,0.2982456140350877,0.008785455088306252
48,114,100.0,114,0,103,11,0,0.0,0.617385670879454,0.6145120704117896,0.07431592546452358,0.47101444718371727,0.26598221088499613,0.847504129118549,9.228070175438596,2.4305875750258568,0.2546099062016256,0.00581376939450083,0.0012263841671977067,0.0,0.00581376939450083,-0.00302373242264679,0,0,0,11,0,1.0,0.20175438596491227,0.10230016459766325,0.08939015087587604,0.9442139053806693,0.39404868478577265,0.0,0.2982456140350877,0.00881113766930935
49,114,100.0,114,0,102,12,0,0.0,0.6203247116113251,0.6175278445106569,0.0770301563648457,0.47157367260269384,0.26228723857027403,0.8378143228135828,9.228070175438596,2.4305875750258568,0.25823728616536124,0.0032340806475856035,0.0010232379319667685,0.0,0.0032340806475856035,-0.0009778812093718878,0,0,0,12,0,1.0,0.17543859649122806,0.10499185450617271,0.08672998900051636,0.9358338690996939,0.40055099782590126,0.0,0.2631578947368421,0.00883262910474372
50,114,100.0,114,0,99,15,0,0.0,0.6224187624024844,0.6197164828846591,0.08034050803099928,0.47216186297602514,0.2548191653388161,0.8262820817382499,9.228070175438596,2.4305875750258568,0.26090387793834724,0.004524624138175563,0.0011910046113742738,0.0,0.004524624138175563,-0.0005563901263888227,0,0,0,15,0,1.0,0.19298245614035087,0.1073757045971509,0.07083914389236573,0.9486089502453141,0.4099496359473608,0.0,0.2982456140350877,0.008850247599765361
51,114,100.0,114,0,98,16,0,0.0,0.6249932969691909,0.6224677293535766,0.08211613236426342,0.4727892540310901,0.2565776913721852,0.8311465828231566,9.228070175438596,2.4305875750258568,0.26128715312603856,0.004539004514705183,0.0011260958587992933,0.0,0.004539004514705183,-0.0026711057246141968,0,0,0,16,0,1.0,0.19298245614035087,0.1078215634683959,0.07158135762422468,0.9176639668171876,0.4114627602521857,0.0,0.3333333333333333,0.008870744917114511
52,114,100.0,114,0,101,13,0,0.0,0.6269972967588191,0.624372437647228,0.08744098080475787,0.4734384322796247,0.2533565764341683,0.8691779523819857,9.228070175438596,2.4305875750258568,0.26471721159986905,0.0034273367752156053,0.001111913484697136,0.0,0.0034273367752156053,-0.002236954326712316,0,0,0,13,0,1.0,0.17543859649122806,0.11219446167072746,0.07213114605898678,0.9476496135116459,0.4181473317851269,0.0,0.2982456140350877,0.008888654338986977
53,114,100.0,114,0,101,13,0,0.0,0.6287672480679082,0.6261720179508392,0.0904975459129338,0.4741068239825203,0.2479979850447308,0.8737917658325794,9.228070175438596,2.4305875750258568,0.2670196798118618,0.0036197090892759205,0.0009709082278920797,0.0,0.0036197090892759205,-0.001848918260548955,0,0,0,13,0,1.0,0.18421052631578946,0.1143178183374749,0.06436120441433173,0.9499809435089374,0.4244309727478748,0.0,0.2982456140350877,0.008905627018373965
54,114,100.0,114,0,100,14,0,0.0,0.6272190436141204,0.624609189089378,0.088037501059999,0.4747285811004324,0.25017004759389505,0.8798366030539089,9.228070175438596,2.4305875750258568,0.2642824985784973,0.004433839982993603,0.0009765831310003805,0.0,0.004433839982993603,-0.000835575747840265,0,0,0,14,0,1.0,0.19298245614035087,0.11210497290369204,0.060987453682813234,0.9573316060265002,0.4185608529220783,0.0,0.2631578947368421,0.008905442171732432
55,114,100.0,114,0,101,13,0,0.0,0.6328709016000352,0.6301119744639974,0.09318133314752342,0.47544222588116636,0.24494638532572266,0.8639011328756321,9.228070175438596,2.4305875750258568,0.2683505379666835,0.00470048197990633,0.0011242630832484792,0.0,0.00470048197990633,-0.0026006278433709337,0,0,0,13,0,1.0,0.19298245614035087,0.1160177830204212,0.06416383237106311,0.9561604349469461,0.4235554675837606,0.0,0.2982456140350877,0.008942374342347174
56,114,100.0,114,0,102,12,0,0.0,0.6352709508882436,0.6324300403489445,0.09888639257403493,0.4761835989976343,0.2397141909124785,0.8415774982908043,9.228070175438596,2.4305875750258568,0.2709098797653635,0.005588331192677094,0.0011568655766421778,0.0,0.005588331192677094,-0.0034937698503192693,0,0,0,12,0,1.0,0.17543859649122806,0.11943709549211831,0.06271668120323315,0.9515348780839874,0.42949107443886875,0.0,0.2982456140350877,0.008963384450214943
57,114,100.0,114,0,103,11,0,0.0,0.6334061957995881,0.6304668760968959,0.10000040303514801,0.4768687792501388,0.24296811078177194,0.8210752739730932,9.228070175438596,2.4305875750258568,0.2709670980367287,0.004554779705139054,0.0010638511027984264,0.0,0.004554779705139054,-0.002031680298219409,0,0,0,11,0,1.0,0.20175438596491227,0.1207506842613367,0.0705099127651162,0.9373766224368354,0.42613242584296296,0.0,0.3333333333333333,0.00896238762781362
58,114,100.0,114,0,102,12,0,0.0,0.6410937944830063,0.6380100847096003,0.10716460129617988,0.47768398102959825,0.23596182823264175,0.8364991660746343,9.228070175438596,2.4305875750258568,0.27571422742173524,0.0035372092194201274,0.001036007765503772,0.0,0.0035372092194201274,-0.0026999989086127912,0,0,0,12,0,1.0,0.20175438596491227,0.1255762546814557,0.06903308673509448,0.9319823879856264,0.4320206331927467,0.0,0.3333333333333333,0.009010732717812175
59,114,100.0,114,0,100,14,0,0.0,0.6450470768634259,0.6419711335732035,0.10424775755800193,0.47855639002511025,0.23807289151993138,0.8359945461853169,9.228070175438596,2.4305875750258568,0.27422994570013115,0.005972586544524912,0.0011119775051279357,0.0,0.005972586544524912,-0.0032116793080446426,0,0,0,14,0,1.0,0.20175438596491227,0.1231156533926215,0.07073773550997746,0.9207404626363946,0.4286842549003035,0.0,0.3684210526315789,0.009041101462038435
60,114,100.0,114,0,103,11,0,0.0,0.6460385388769019,0.6429824113193049,0.10623201082343339,0.47942725834897065,0.234955648435422,0.8352104848456626,9.228070175438596,2.4305875750258568,0.2747581483462227,0.004218151141959482,0.0009694800024931688,0.0,0.004218151141959482,0.00026432605380148253,0,0,0,11,0,1.0,0.18421052631578946,0.123893130869731,0.07268190513010206,0.9265294031402159,0.4283686774067908,0.0,0.3684210526315789,0.009056642380743107
61,114,100.0,114,0,100,14,0,0.0,0.650973120887486,0.6477908432749511,0.11286725531112368,0.4803704579752904,0.23139941577994969,0.827317907723821,9.228070175438596,2.4305875750258568,0.28031676807778405,0.0045431283373516046,0.0009829867702918966,0.0,0.0045431283373516046,0.0016189639511360637,0,0,0,14,0,1.0,0.19298245614035087,0.12903871687993837,0.07152792458569937,0.9409400732441048,0.4342496891369581,0.0,0.3333333333333333,0.009092777937258536
62,114,100.0,114,0,102,12,0,0.0,0.6502153061922494,0.6468923100001599,0.11324210479207011,0.48127326059817743,0.23381755367055798,0.8324265100509212,9.228070175438596,2.4305875750258568,0.27847444759391893,0.005161933207177213,0.0009365840503253638,0.0,0.005161933207177213,0.00022668268045551027,0,0,0,12,0,1.0,0.15789473684210525,0.1285679278201558,0.07833758441983431,0.9281343511005541,0.4321755242428564,0.0,0.3684210526315789,0.009099960567971804
63,114,100.0,114,0,102,12,0,0.0,0.6490089977339947,0.6455517234963154,0.11443357225152163,0.4821280525094897,0.23806596424931753,0.8477832485412709,9.228070175438596,2.4305875750258568,0.2792619988827616,0.0045252455326970495,0.0010720468602746687,0.0,0.0045252455326970495,-0.0018610990531178785,0,0,0,12,0,1.0,0.14035087719298245,0.12979596458212375,0.08803526471435784,0.9185900801484564,0.4322741656911267,0.0,0.3684210526315789,0.00910431725867487
64,114,100.0,114,0,104,10,0,0.0,0.6447855196012499,0.6414805622921043,0.11599630422485997,0.48288290544410223,0.23222687410213136,0.8062234633884234,9.228070175438596,2.4305875750258568,0.2817605759545465,0.0026061041144054514,0.0009251787249731792,0.0,0.0026061041144054514,0.000357580075840469,0,0,0,10,0,1.0,0.15789473684210525,0.13219947886998792,0.07860667952745787,0.9319582338272362,0.4375496138862607,0.0,0.3684210526315789,0.009092373548830352
65,114,100.0,114,0,101,13,0,0.0,0.6467578463952268,0.6433673586233899,0.12311267182899695,0.4836560992068317,0.2293752791748422,0.7917856060785408,9.228070175438596,2.4305875750258568,0.2864307193444604,0.004319086131906807,0.0010621150579700584,0.0,0.004319086131906807,-0.0009622790813589214,0,0,0,13,0,1.0,0.16666666666666666,0.13750850211368226,0.07214829415600627,0.9356531286402211,0.4485366851306467,0.0,0.3684210526315789,0.009111631758564125
66,114,100.0,114,0,102,12,0,0.0,0.655255541522139,0.6518798531810873,0.12614336032615808,0.4845760227260688,0.22575734953959947,0.7723810922089251,9.228070175438596,2.4305875750258568,0.286647010092987,0.0009732683795329438,0.000969729799038919,0.0,0.0009732683795329438,-0.00033200561265185613,0,0,0,12,0,1.0,0.17543859649122806,0.13718515242899534,0.06938357158405724,0.9479324997306711,0.45294567085602816,0.0,0.2982456140350877,0.009165300007577846
67,114,100.0,114,0,97,17,0,0.0,0.6526402637247013,0.6492399088346233,0.1349539862080643,0.48542225377112935,0.21968958774031017,0.7638032352163097,9.228070175438596,2.4305875750258568,0.2915471291690861,0.0028851564606943627,0.0009311596933334149,0.0,0.0028851564606943627,0.0016297501954784554,0,0,0,17,0,1.0,0.16666666666666666,0.14419716399884788,0.06270292922853415,0.94945977867311,0.46204023531604244,0.0,0.3333333333333333,0.009162507811909283
68,114,100.0,114,0,100,14,0,0.0,0.6512966917233068,0.6479126988866571,0.1352068761173929,0.48622210922948084,0.2215955035832925,0.7650689039125899,9.228070175438596,2.4305875750258568,0.29262395196776025,0.010938518220689869,0.0010171319033880392,0.0,0.010938518220689869,0.0016212224318429955,0,0,0,14,0,0.9285714285714286,0.20175438596491227,0.14516685384139674,0.06819496781793802,0.9498047402533588,0.4627592590524942,0.0,0.3333333333333333,0.00916551054559674
69,114,100.0,114,0,101,13,0,0.0,0.6525701640699381,0.6490188069054406,0.14242723205607927,0.48702403143970013,0.2193830529473523,0.7468338842312958,9.228070175438596,2.4305875750258568,0.2919015920599639,0.0008224903122157928,0.0009596319268742769,0.0,0.0008224903122157928,0.00043282090718353174,0,0,0,13,0,1.0,0.18421052631578946,0.14818307805412056,0.06544028555975817,0.9445040451585741,0.4661865105352363,0.0,0.3684210526315789,0.009181623618131378
70,114,100.0,114,0,101,13,0,0.0,0.6570130174066073,0.6534891154048261,0.14320352742939757,0.4878933860386777,0.22056890981121563,0.7534409515847266,9.228070175438596,2.4305875750258568,0.28977377576800856,0.004979518529770516,0.0010791732682747584,0.0,0.004979518529770516,-0.0028294693806850467,0,0,0,13,0,0.9230769230769231,0.17543859649122806,0.14674302417553167,0.06853914338376603,0.9487592320853047,0.46089109093386776,0.0,0.3333333333333333,0.009214403097247557
71,114,100.0,114,0,102,12,0,0.0,0.6521539682139271,0.6486452828697628,0.1419457485013118,0.4886474233393876,0.22599731103909954,0.7673476251448244,9.228070175438596,2.4305875750258568,0.2889347867097931,0.001080587181017372,0.0009931502945464599,0.0,0.001080587181017372,0.0014746596221655143,0,0,0,12,0,1.0,0.19298245614035087,0.1468008858751407,0.06130125217610163,0.9518729607991401,0.46342809551581443,0.0,0.3333333333333333,0.009199271619755213
72,114,100.0,114,0,103,11,0,0.0,0.6490175428783399,0.6455694913262879,0.14642172675625428,0.489323325257484,0.22913938464795375,0.7765228344399597,9.228070175438596,2.4305875750258568,0.28753365318507673,0.0011677249852828726,0.0011245156260482106,0.0,0.0011677249852828726,-0.0004394519642249194,0,0,0,11,0,1.0,0.19298245614035087,0.14876725729295992,0.05991296072431428,0.9560108355413762,0.46324209656052384,0.0,0.2982456140350877,0.009191803687097582
73,114,100.0,114,0,103,11,0,0.0,0.6554416595336131,0.6517448332920227,0.16945676553826233,0.49010287646316736,0.22020214494344362,0.7613371124858938,9.228070175438596,2.4305875750258568,0.2948816666704017,0.0013595643071077372,0.0010629565226358646,0.0,0.0013595643071077372,0.0007599373618867866,0,0,0,11,0,1.0,0.21052631578947367,0.16138251048791047,0.05340766978139819,0.9546421577451512,0.47695796944812263,0.0,0.3333333333333333,0.0092333981077471
74,114,100.0,114,0,102,12,0,0.0,0.6521167747524601,0.6484319254868588,0.16212717162321075,0.4907990614937168,0.22483524633180477,0.7675508436489313,9.228070175438596,2.4305875750258568,0.292160315569038,0.0012513039265476243,0.0011524678600470873,0.0,0.0012513039265476243,0.0013694975973086883,0,0,0,12,0,1.0,0.19298245614035087,0.15788576692466075,0.05017668107102114,0.9554091817726067,0.4702420062300187,0.0,0.2982456140350877,0.009225234377267199
75,114,100.0,114,0,103,11,0,0.0,0.6560549955787274,0.6523849467771441,0.16605595577728022,0.4915551904528705,0.22251499404753378,0.7648595379265962,9.228070175438596,2.4305875750258568,0.29275352899501317,0.001051290354180731,0.0011950743375130559,0.0,0.001051290354180731,0.0010424116737748094,0,0,0,11,0,1.0,0.16666666666666666,0.15894106842789008,0.04493106573720026,0.9468571770055211,0.4717856403855485,0.0,0.3333333333333333,0.009254114669664715
76,114,100.0,114,0,104,10,0,0.0,0.6490459294540514,0.6454386491433107,0.16339542756256278,0.49215787235772196,0.2298194196938234,0.7813074363435856,9.228070175438596,2.4305875750258568,0.2912184867831831,0.0013169472382555442,0.0012028591269823803,0.0,0.0013169472382555442,0.0023718459445581236,0,0,0,10,0,1.0,0.18421052631578946,0.15908780288367186,0.04965787702154356,0.9435453959613077,0.4699144651751042,0.0,0.3333333333333333,0.00922639369478946
77,114,100.0,114,0,107,7,0,0.0,0.6505340347916015,0.6471142615800203,0.1591634847938927,0.49277848733323104,0.22840901722342463,0.8195194120700973,9.228070175438596,2.4305875750258568,0.2921995967557818,0.0011708254132647602,0.0012869105154683451,0.0,0.0011708254132647602,-0.002113914751376646,0,0,0,7,0,1.0,0.18421052631578946,0.15739031363736328,0.04876786373698039,0.9500645601441484,0.4745217956713357,0.0,0.3333333333333333,0.009241376516718948
78,114,100.0,114,0,104,10,0,0.0,0.6497800292054731,0.6463709168580757,0.15941361350044098,0.49336956360269557,0.2305265828959672,0.8236957496042824,9.228070175438596,2.4305875750258568,0.2923164059060781,0.000999390716703802,0.0012506598217710578,0.0,0.000999390716703802,-0.0010727448791803956,0,0,0,10,0,1.0,0.21052631578947367,0.1575637069275379,0.056063209198301385,0.9527202460569342,0.470786018991118,0.0,0.2982456140350877,0.00924478980197057
79,114,100.0,114,0,101,13,0,0.0,0.6541822847416584,0.6509544404837361,0.17244388174510486,0.4940353984903906,0.22340056394264293,0.8121140910431787,9.228070175438596,2.4305875750258568,0.2970725570347712,0.0059444205250266235,0.001276025994215108,0.0,0.0059444205250266235,-0.0023122670222686893,0,0,0,13,0,0.9230769230769231,0.18421052631578946,0.1649179211916635,0.051130933733737186,0.9544288758054307,0.486507744347851,0.0,0.2982456140350877,0.009274892929676749
80,114,100.0,114,0,103,11,0,0.0,0.654573251545252,0.6512636868379478,0.16385472891628636,0.4946910628808044,0.22744479042592752,0.8169612811468373,9.228070175438596,2.4305875750258568,0.2930156581292942,0.0008189153606056346,0.0011960504809264327,0.0,0.0008189153606056346,0.0003323396585592851,0,0,0,11,0,1.0,0.16666666666666666,0.15924945142913358,0.06099070288520047,0.9567486588148559,0.47721162771688475,0.0,0.2631578947368421,0.00928481601229835
81,114,100.0,114,0,102,12,0,0.0,0.6484242165783544,0.6453071908194131,0.15606927308402815,0.49521496849230445,0.2351469623109839,0.8309662155394998,9.228070175438596,2.4305875750258568,0.28992430309818684,0.00408186068357989,0.0012143262940732555,0.0,0.00408186068357989,0.001237657514850175,0,0,0,12,0,1.0,0.19298245614035087,0.15543317112332689,0.05767731014928937,0.9581183954960931,0.47645115609749417,0.0,0.22807017543859648,0.009260437829812854
82,114,100.0,114,0,104,10,0,0.0,0.6507452159977859,0.647546508860521,0.16159093672949834,0.49576968298796426,0.23310774999838463,0.8265480769639046,9.228070175438596,2.4305875750258568,0.2923172452199365,0.003994793670112136,0.0012136544136453786,0.0,0.003994793670112136,-0.002472065469370721,0,0,0,10,0,1.0,0.19298245614035087,0.15872010903941092,0.062250464381202325,0.9613461771079131,0.4803629642533335,0.0,0.2631578947368421,0.009278784237714199
83,114,100.0,114,0,104,10,0,0.0,0.6428535784419315,0.6396754037031962,0.15756076691580684,0.49615786337883877,0.23522433599406456,0.8322667218440706,9.228070175438596,2.4305875750258568,0.29153794188856264,0.009416866786554692,0.0012820450712030399,0.0,0.009416866786554692,-0.006901384709663805,0,0,0,10,0,0.9,0.21052631578947367,0.15808747317763425,0.05399559945301325,0.9537396380830956,0.4794674961457029,0.0,0.22807017543859648,0.00924404358210957
84,114,100.0,114,0,102,12,0,0.0,0.6477820906628455,0.6445753118303271,0.15475659214183293,0.49663188595186464,0.23424263903189885,0.827083117369237,9.228070175438596,2.4305875750258568,0.2920859259493651,0.009496055326134659,0.0011772814390239607,0.0,0.009496055326134659,0.0009644353831857628,0,0,0,12,0,0.9166666666666666,0.22807017543859648,0.1557007965861821,0.057851868523002566,0.9441871727640481,0.47730063753965285,0.0,0.2631578947368421,0.00927444691009553
85,114,100.0,114,0,107,7,0,0.0,0.6470236255789272,0.6437853311709211,0.15088829643517618,0.49707902605372567,0.23573495968820812,0.8366776987232607,9.228070175438596,2.4305875750258568,0.29093257769285685,0.005975786127605839,0.0012273090467620517,0.0,0.005975786127605839,-0.0008258840702880957,0,0,0,7,0,1.0,0.24561403508771928,0.15310474461485435,0.06062990858099951,0.9521238715492962,0.4725493456966962,0.0,0.22807017543859648,0.009276088650555335
86,114,100.0,114,0,103,11,0,0.0,0.6516608872741015,0.6482334105399982,0.16143954276856637,0.4976017895954054,0.22819459208517853,0.7832625212919105,9.228070175438596,2.4305875750258568,0.2970899138394103,0.005604295818677528,0.001174898736374646,0.0,0.005604295818677528,0.0006212130167388242,0,0,0,11,0,1.0,0.2543859649122807,0.15971731584667748,0.05415744295386056,0.9407251002619368,0.4810022538924146,0.0,0.22807017543859648,0.009305628071876623
87,114,100.0,114,0,104,10,0,0.0,0.6579375106051921,0.654408482645524,0.16425526352236047,0.49823191933967115,0.22739166875571346,0.7813378448779564,9.228070175438596,2.4305875750258568,0.2978985870796549,0.00636460412522843,0.0012297637685955473,0.0,0.00636460412522843,0.0005422696469196603,0,0,0,10,0,1.0,0.24561403508771928,0.1603790129821918,0.05615439460076104,0.9548787721856394,0.4833549198663921,0.0,0.2631578947368421,0.009344669116167409
88,114,100.0,114,0,104,10,0,0.0,0.6628316839888934,0.6592044554901212,0.16454112390047618,0.4989399894847161,0.2259228465371866,0.8282605612239167,9.228070175438596,2.4305875750258568,0.2987490794328578,0.005297237394882445,0.0013473787544455297,0.0,0.005297237394882445,0.0009371789639074258,0,0,0,10,0,1.0,0.23684210526315788,0.15977653147652343,0.05621816392471973,0.9494898426934446,0.4841393833986428,0.0,0.2631578947368421,0.00937774511556988
89,114,100.0,114,0,104,10,0,0.0,0.667922648161522,0.6643500962189354,0.15486423320147377,0.499730904808161,0.22657196020882503,0.8275268185122228,9.228070175438596,2.4305875750258568,0.2950683843795108,0.002507519074928887,0.0012355347671218488,0.0,0.002507519074928887,0.0010559015545557938,0,0,0,10,0,1.0,0.23684210526315788,0.1530633054268764,0.06373422461680228,0.9423124634476617,0.47472766918398995,0.0,0.2631578947368421,0.009412811881223337
90,114,100.0,114,0,104,10,0,0.0,0.6674147870210063,0.6638990984616967,0.15403093198140508,0.5004938267256646,0.22968170477756888,0.7852209254978312,9.228070175438596,2.4305875750258568,0.29327764249846977,0.004989901169593148,0.0011044367263976507,0.0,0.004989901169593148,0.0009177014129091333,0,0,0,10,0,1.0,0.22807017543859648,0.15212938811579002,0.05700947216274031,0.9496768965744213,0.47673359383296077,0.0,0.22807017543859648,0.009419544318187754
91,114,100.0,114,0,104,10,0,0.0,0.6625371991171972,0.6590486286850344,0.14847204427086041,0.5011438892252564,0.23361018292337352,0.7985744948952038,9.228070175438596,2.4305875750258568,0.29333803928974755,0.005284883965506776,0.0011559044563103906,0.0,0.005284883965506776,0.0030197532580899743,0,0,0,10,0,1.0,0.2543859649122807,0.1505286925618436,0.06473957415307581,0.9577396601568254,0.4720470590190336,0.0,0.19298245614035087,0.0094030565478412
92,114,100.0,114,0,106,8,0,0.0,0.6623631956222148,0.6589656453378349,0.1421755929362696,0.5017765378001624,0.2374498376326965,0.7873142852615332,9.228070175438596,2.4305875750258568,0.28974741598361,0.0023235287560395205,0.0012903065347630409,0.0,0.0023235287560395205,0.0018994322842649652,0,0,0,8,0,1.0,0.2543859649122807,0.1460992097503195,0.0765620888291192,0.9519973238200786,0.4649942645530315,0.0,0.2631578947368421,0.009409875069193909
93,114,100.0,114,0,104,10,0,0.0,0.6592169872171373,0.6557468687876885,0.1392710248173342,0.5023312211510964,0.24190716882071223,0.8005420875819338,9.228070175438596,2.4305875750258568,0.28963005004608067,0.0073848351393757325,0.0011300862106257221,0.0,0.0073848351393757325,0.00022644633601945076,0,0,0,10,0,0.9,0.23684210526315788,0.1457204140309292,0.0868627954343942,0.9490842097418304,0.4611017953489035,0.0,0.2631578947368421,0.00940088505947279
94,114,100.0,114,0,104,10,0,0.0,0.6608537851747573,0.6573313157089282,0.13730931149871609,0.5029032315334224,0.24121810090754647,0.8189674298570112,9.228070175438596,2.4305875750258568,0.28822747764167045,0.004938673635322544,0.0011121739263304428,0.0,0.004938673635322544,0.003885711458865973,0,0,0,10,0,1.0,0.23684210526315788,0.14333150926472293,0.08945804457322726,0.9526239929600396,0.4561080418363689,0.0,0.2631578947368421,0.009416020655901228
95,114,100.0,114,0,101,13,0,0.0,0.667468719037351,0.6638783486306717,0.15200720279354718,0.5035886437974506,0.22811101929615712,0.8038490722147411,9.228070175438596,2.4305875750258568,0.29449855033463823,0.004071662821196623,0.0009958869662246672,0.0,0.004071662821196623,0.004799340784411587,0,0,0,13,0,1.0,0.23684210526315788,0.15178992597896343,0.07354176563390098,0.956254548910107,0.47282178113655926,0.0,0.2631578947368421,0.009457425097877782
96,114,100.0,114,0,102,12,0,0.0,0.6671348549856637,0.6635067500064556,0.15621245843499657,0.5042501708921604,0.2255624858386065,0.8121737286358663,9.228070175438596,2.4305875750258568,0.2963820860749973,0.004725745393419296,0.000981711061366932,0.0,0.004725745393419296,0.004155843100564302,0,0,0,12,0,1.0,0.2631578947368421,0.15426997081411897,0.058548210516310616,0.9455887364448124,0.4778161014480965,0.0,0.2631578947368421,0.009463795275304068
97,113,99.12280701754386,114,1,102,11,0,0.008771929824561403,0.6683468347589323,0.6642705960229193,0.15995238633326594,0.5049154245013744,0.2228694240552679,0.8376995317343494,9.228070175438596,2.4305875750258568,0.29913363926006453,0.0037585784012303825,0.0011604509032812598,0.0,0.0037585784012303825,0.0019838264012033862,0,1,0,11,0,1.0,0.2631578947368421,0.15734548961004766,0.06016546029358134,0.9565328787786561,0.47972853645212515,0.008771929824561403,0.22807017543859648,0.009477939959954395
98,113,99.12280701754386,114,0,101,13,0,0.0,0.6698587529889612,0.6658112120732996,0.1600342617727835,0.5055895126040811,0.223507231750243,0.8370578604009481,9.228070175438596,2.4305875750258568,0.2980898738915301,0.0036002097124174302,0.0012793042645692404,0.0,0.0036002097124174302,0.004662327511888438,0,0,0,13,0,1.0,0.24561403508771928,0.15631881739729492,0.057020222982222354,0.9433319175506197,0.4789102761168346,0.0,0.22807017543859648,0.0094936917019391
99,113,99.12280701754386,114,0,102,12,0,0.0,0.6661213289108957,0.6618876526201096,0.16472872230062005,0.5061709239662643,0.2253549765965498,0.83707713773141,9.228070175438596,2.4305875750258568,0.3020384835461898,0.0032637267295719907,0.0011548208760787451,0.0,0.0032637267295719907,0.004268108721009314,0,0,0,12,0,1.0,0.23684210526315788,0.16145825337626518,0.06744835169469011,0.9443382924252631,0.48076770618778586,0.0,0.22807017543859648,0.009482070437713278
100,113,99.12280701754386,114,0,102,12,0,0.0,0.666203576070035,0.6619029313531802,0.16773081159046058,0.5067385007065086,0.22757511092558344,0.8478712285711448,9.228070175438596,2.4305875750258568,0.30279182595525045,0.004367748502374082,0.0011756948649883055,0.0,0.004367748502374082,0.0034696275569158683,0,0,0,12,0,1.0,0.24561403508771928,0.16321546505547838,0.07135232624026544,0.9446287660124649,0.481809982580212,0.0,0.2631578947368421,0.009489379398372532
101,113,99.12280701754386,114,0,104,10,0,0.0,0.6639981349224856,0.6597742459617709,0.16716476326890115,0.5072508903469177,0.2317906324829657,0.8534288982935991,9.228070175438596,2.4305875750258568,0.30474517599534745,0.00351222631381153,0.001297556843287037,0.0,0.00351222631381153,0.0019301403225257141,0,0,0,10,0,1.0,0.2631578947368421,0.1644239165734951,0.07249905524090246,0.9510347197507775,0.48319102595041175,0.0,0.2631578947368421,0.009484579232102535
102,114,100.0,114,0,104,10,0,0.0,0.6625284218588487,0.6583520954733508,0.16242601291002567,0.5077231726179355,0.2339177965028394,0.8648221739254681,9.228070175438596,2.4305875750258568,0.3034589412459465,0.004145390200647386,0.0012504704408928945,0.0,0.004145390200647386,0.0018874365067385128,0,0,0,10,0,1.0,0.2631578947368421,0.16157976097637616,0.09325272763546769,0.9549892790475815,0.4772058178856039,0.0,0.2631578947368421,0.009482970283883556
103,113,99.12280701754386,114,1,106,7,0,0.008771929824561403,0.6620696009807527,0.6588957135060212,0.16421730452840927,0.5081718941381116,0.23717988146611535,0.9000265304360398,9.228070175438596,2.4305875750258568,0.30318565632677474,0.005339275878944892,0.0012349723318003684,0.0,0.005339275878944892,0.003948894590884263,0,1,0,7,0,1.0,0.2543859649122807,0.16161318704683483,0.084309665921743,0.9599028933178383,0.4736835400194919,0.008771929824561403,0.22807017543859648,0.009486129464251009
104,112,98.24561403508773,114,1,98,14,1,0.008771929824561403,0.6620416658621802,0.6585550438964369,0.16195480859733186,0.5086338174032203,0.2397767629666179,0.8764891858941433,9.228070175438596,2.4305875750258568,0.30465474770440726,0.04431157835802686,0.0010543727714135858,0.0,0.04431157835802686,0.0028961840449479755,0,2,0,14,0,0.6875,0.2807017543859649,0.16165269706362395,0.12094261400559879,0.9617636912564882,0.4760819391333167,0.008771929824561403,0.22807017543859648,0.00949160351340209
105,111,97.36842105263158,114,1,99,14,0,0.008771929824561403,0.6605056687320232,0.654832045286067,0.1583832817131221,0.5090452482620774,0.24512759522330183,0.9191515960467863,9.228070175438596,2.4305875750258568,0.30571250785399195,0.02773710256030102,0.0009580307315721785,0.0,0.02773710256030102,0.0033953722137547585,0,1,0,14,0,0.8,0.2631578947368421,0.16308673657066852,0.1364742593271638,0.9437428206581728,0.4637717379987052,0.008771929824561403,0.3157894736842105,0.009488923621418906
106,111,97.36842105263158,114,0,110,4,0,0.0,0.6591381196941293,0.6534574617922462,0.15750666303630348,0.5093787424060812,0.2450929909591793,0.916505333035782,9.228070175438596,2.4305875750258568,0.3057809570353167,0.007797654171863134,0.0014788168407622606,0.0,0.007797654171863134,-0.0031347752653598238,0,0,0,4,0,1.0,0.2719298245614035,0.1629868903241552,0.129591873999197,0.9534440145326365,0.4655069512408178,0.0,0.2807017543859649,0.009486138809843234
107,111,97.36842105263158,114,0,110,4,0,0.0,0.6601891589141208,0.6544775714057264,0.15169426049471002,0.5097239664088709,0.2511100624246363,0.9239664350506803,9.228070175438596,2.4305875750258568,0.301837347163068,0.008119342983838138,0.0015921085666611456,0.0,0.008119342983838138,-0.0006395801746284513,0,0,0,4,0,1.0,0.23684210526315788,0.15844996767220904,0.13335207854108844,0.951772619787737,0.4581313133376674,0.0,0.3157894736842105,0.009495589491802098
108,112,98.24561403508773,114,0,111,3,0,0.0,0.6579265317255133,0.6523971583992261,0.14622348087451784,0.5100203464319065,0.2588944508269694,0.9290304459986846,9.228070175438596,2.4305875750258568,0.29585332247186624,0.0007951207578772079,0.0015767408035388282,0.0,0.0007951207578772079,-0.0036041820432935654,0,0,0,3,0,1.0,0.22807017543859648,0.1531354353784052,0.1280316901340302,0.951772619787737,0.44909831386500493,0.0,0.3157894736842105,0.009487878243866443
109,113,99.12280701754386,114,0,109,5,0,0.0,0.6606141071218683,0.6551266151056958,0.1563239333382027,0.510362596147386,0.25772370826814434,0.9135409330996332,9.228070175438596,2.4305875750258568,0.2947831792749398,0.006531976945897894,0.0015923786669628192,0.0,0.006531976945897894,-0.0029010664998396773,0,0,0,5,0,1.0,0.2631578947368421,0.15596367280450343,0.10971958884985697,0.957331951804792,0.4516634680607085,0.0,0.2807017543859649,0.00950547546037822
110,114,100.0,114,0,110,4,0,0.0,0.6575909244568102,0.652190123977149,0.15030060460867276,0.5106394279929957,0.25932067687844373,0.9270032324763033,9.228070175438596,2.4305875750258568,0.294432675090859,0.009338918850737656,0.0015508866924740352,0.0,0.009338918850737656,-0.002433666802316367,0,0,0,4,0,1.0,0.24561403508771928,0.15354321823885228,0.11751520462601624,0.9620178011606904,0.4491661458442453,0.0,0.24561403508771928,0.00949372386727448
111,114,100.0,114,0,111,3,0,0.0,0.6609657700994535,0.655554844481717,0.1526584915604054,0.510974957180977,0.2537427896191588,0.9191173455616742,9.228070175438596,2.4305875750258568,0.2950247213642554,0.009906592033251128,0.0014891372889804055,0.0,0.009906592033251128,-0.002465971725906624,0,0,0,3,0,1.0,0.22807017543859648,0.1541603854585528,0.11017075787656044,0.9601991461995953,0.4498040900952488,0.0,0.24561403508771928,0.009514675760864526
112,114,100.0,114,0,111,3,0,0.0,0.6564767041049783,0.6513534433092183,0.1418957305393907,0.511220636050304,0.2608458273230989,0.9196122731290991,9.228070175438596,2.4305875750258568,0.2893316606843803,0.013545957529928402,0.0015835994256885838,0.0,0.013545957529928402,-0.0020811064147686262,0,0,0,3,0,1.0,0.21929824561403508,0.14739994892260713,0.09899977775994666,0.9648674361984396,0.44595410624450954,0.0,0.21052631578947367,0.009495216150928314
113,114,100.0,114,0,109,5,0,0.0,0.6575803757155807,0.6523907805047409,0.1423907641825671,0.5114805141907471,0.260674449520434,0.8951759100801113,9.228070175438596,2.4305875750258568,0.29071980677416365,0.007345053036108699,0.0016131462599912924,0.0,0.007345053036108699,-0.0030580176029743056,0,0,0,5,0,1.0,0.21052631578947367,0.14789964474157005,0.1120985033891771,0.9647177424331304,0.4437866960164295,0.0,0.24561403508771928,0.009503892791877236
114,114,100.0,114,0,108,6,0,0.0,0.6576240509186478,0.6524705756653792,0.15206582472255317,0.5117356273584064,0.25290832822974896,0.8780482303064489,9.228070175438596,2.4305875750258568,0.2957110787693267,0.006881219729183342,0.0015967868758196533,0.0,0.006881219729183342,-0.001898779639472668,0,0,0,6,0,1.0,0.21052631578947367,0.15473205248018057,0.10654660830817993,0.9628813264573013,0.4526726199908221,0.0,0.24561403508771928,0.009507211542370261
115,114,100.0,114,0,107,7,0,0.0,0.659230993068032,0.6541639660106917,0.15749246915139686,0.5120174672453741,0.24656789888508318,0.8734748789171192,9.228070175438596,2.4305875750258568,0.3011769862624223,0.0063867367871877695,0.0015347842241981138,0.0,0.0063867367871877695,-0.0009457102730289292,0,0,0,7,0,1.0,0.23684210526315788,0.15918526955777518,0.10061872008140851,0.960859856901277,0.46406650706234304,0.0,0.24561403508771928,0.009518671435754234
116,114,100.0,114,0,107,7,0,0.0,0.6641944154867352,0.6589829334460805,0.16612115094403163,0.5123861601460511,0.2425538556568268,0.8641458025472327,9.228070175438596,2.4305875750258568,0.30344282745018036,0.005928054711645765,0.0015074745480704124,0.0,0.005928054711645765,-0.0013265145876967571,0,0,0,7,0,1.0,0.24561403508771928,0.16282712493477342,0.10028317826070379,0.9661755765535376,0.4653306028400004,0.0,0.21052631578947367,0.00954796924976468
117,114,100.0,114,0,108,6,0,0.0,0.6702881467804649,0.6649938718660457,0.17299133449369167,0.5128627725407966,0.2374383105232872,0.8532556085066919,9.228070175438596,2.4305875750258568,0.30467771705215707,0.005380917285267986,0.0014844256274809669,0.0,0.005380917285267986,-0.0014583616154896228,0,0,0,6,0,1.0,0.2631578947368421,0.16500918302428846,0.09308482182217917,0.9663746074699535,0.46879974882583336,0.0,0.21052631578947367,0.009584230147057187
118,114,100.0,114,0,105,9,0,0.0,0.6746699087110332,0.6692441334029134,0.17982326253649172,0.5134104455169514,0.23318937067357465,0.819966040519109,9.228070175438596,2.4305875750258568,0.3049817410020894,0.005321596145025173,0.0013909202889528334,0.0,0.005321596145025173,0.0004912769175807803,0,0,0,9,0,1.0,0.2719298245614035,0.16691052030582834,0.08294099719041612,0.9682124603527036,0.4714554650213022,0.0,0.21052631578947367,0.009612794792365124
119,114,100.0,114,0,107,7,0,0.0,0.6741551316323481,0.6684692902097183,0.18468294391870327,0.5139297402278923,0.2348294178587608,0.8188925029187093,9.228070175438596,2.4305875750258568,0.3075485840554322,0.0023274001586152076,0.001415225269336267,0.0,0.0023274001586152076,-0.0012583500456617158,0,0,0,7,0,1.0,0.23684210526315788,0.17055193226591855,0.09887272251418937,0.96824226233707,0.4682560025975812,0.0,0.21052631578947367,0.009616531863332646
120,114,100.0,114,0,108,6,0,0.0,0.6704229503769648,0.6649142674207473,0.17355850023135952,0.5143672866723528,0.24320620431247233,0.846928813261805,9.228070175438596,2.4305875750258568,0.3025968541365438,0.0016494392101414354,0.001482977158497964,0.0,0.0016494392101414354,-0.003288892734806176,0,0,0,6,0,1.0,0.23684210526315788,0.16452496601353853,0.09955371261146906,0.9654832018858135,0.4617502988280822,0.0,0.21052631578947367,0.009603188431812742
121,114,100.0,114,0,106,8,0,0.0,0.6664728428952342,0.6609762426948693,0.16636036649586228,0.5147176244555483,0.2475400640425812,0.858097622408931,9.228070175438596,2.4305875750258568,0.3013518088753344,0.0014702327154392395,0.0014321209158004327,0.0,0.0014702327154392395,-0.0012365069633694312,0,0,0,8,0,1.0,0.2631578947368421,0.16225841267500832,0.10561709633530504,0.9654832018858135,0.45889430121960845,0.0,0.21052631578947367,0.009587695527718574
122,114,100.0,114,0,109,5,0,0.0,0.6676104795943354,0.6620443594978519,0.17343474508583454,0.515080216183555,0.246452043190159,0.8626634799712312,9.228070175438596,2.4305875750258568,0.3033871827627872,0.0028741935936137325,0.001406238499866316,0.0,0.0028741935936137325,-0.0013326551531211983,0,0,0,5,0,1.0,0.2719298245614035,0.16578326952890207,0.1051217260620836,0.9518245673866852,0.46200482861289976,0.0,0.21052631578947367,0.009597790265958583
123,114,100.0,114,0,109,5,0,0.0,0.6668571778948961,0.661273201880301,0.16360111488834497,0.5154189998730838,0.24996430948563397,0.8686919586590661,9.228070175438596,2.4305875750258568,0.3008517477466517,0.001842616859805748,0.0014125479948002286,0.0,0.001842616859805748,-0.0016105994167924798,0,0,0,5,0,1.0,0.2719298245614035,0.16057309827212915,0.1212471181328907,0.9577797454217556,0.45560995235389645,0.0,0.21052631578947367,0.009598140974593336
124,114,100.0,114,0,111,3,0,0.0,0.6651357713546492,0.6595956875894717,0.15839300417935487,0.5157169303652109,0.25658322961045765,0.8813550622645134,9.228070175438596,2.4305875750258568,0.2969731597806837,0.0021641193567883323,0.0013321098875812957,0.0,0.0021641193567883323,-0.0029621454148329542,0,0,0,3,0,1.0,0.23684210526315788,0.15639931334689014,0.1274662031611485,0.9569541582030852,0.4457587416259401,0.0,0.24561403508771928,0.00959315467265403
125,114,100.0,114,0,108,6,0,0.0,0.6668803059498891,0.6612581268385291,0.1600489988717251,0.5160399450292782,0.2562635734829303,0.8719246074411948,9.228070175438596,2.4305875750258568,0.29852545701597943,0.002140197585205334,0.0013334229918325112,0.0,0.002140197585205334,-0.0010138942262528743,0,0,0,6,0,1.0,0.23684210526315788,0.1576034678965202,0.1310512413596378,0.9481493557921452,0.4464891262103717,0.0,0.24561403508771928,0.009605802922775394
126,114,100.0,114,0,110,4,0,0.0,0.6637131720235321,0.6579431061815635,0.17199805968754134,0.5162906489548968,0.2524693780056686,0.8468368215542145,9.228070175438596,2.4305875750258568,0.3026437401961459,0.0014916555355761758,0.0014581892091762596,0.0,0.0014916555355761758,-0.004964161245784762,0,0,0,4,0,1.0,0.2631578947368421,0.16488614446662456,0.1346809559045721,0.9626808073797843,0.4488727975186644,0.0,0.21052631578947367,0.009593014042376703
127,114,100.0,114,0,108,6,0,0.0,0.6621070507599353,0.6564799932217895,0.1646773641231369,0.5165068095086023,0.25846222923590034,0.8364961396145175,9.228070175438596,2.4305875750258568,0.2982432094128029,0.0012411366045080438,0.0014064196132106555,0.0,0.0012411366045080438,-0.0010687142800636096,0,0,0,6,0,1.0,0.2631578947368421,0.1597717513489975,0.1288131725533637,0.9612063285857345,0.44189919669964206,0.0,0.17543859649122806,0.009587610421838956
128,114,100.0,114,0,108,6,0,0.0,0.657810656850704,0.6523672832743097,0.15335151920244883,0.516637745677163,0.26487939602453414,0.8375722843891562,9.228070175438596,2.4305875750258568,0.29666198345844186,0.001100519644138392,0.0013632703701107827,0.0,0.001100519644138392,-0.000728044108176377,0,0,0,6,0,1.0,0.2631578947368421,0.1553476367627531,0.15002421836515403,0.9567899029519743,0.44004131033369587,0.0,0.24561403508771928,0.009567719711414924
129,114,100.0,114,0,108,6,0,0.0,0.6595615881869904,0.6540240431654615,0.1598883749410855,0.5167977145275293,0.2595935931402379,0.8502304497682512,9.228070175438596,2.4305875750258568,0.30055723144805957,0.0012000795965003514,0.0013996670765205508,0.0,0.0012000795965003514,-0.001172281777687162,0,0,0,6,0,1.0,0.2807017543859649,0.16000575427418562,0.15400275459647692,0.9653518920592077,0.44598816383889345,0.0,0.17543859649122806,0.009578418459596814
130,114,100.0,114,0,109,5,0,0.0,0.6569734507746922,0.6514844248836013,0.15655271467607512,0.5169044130777652,0.2667646120314951,0.8270622985633029,9.228070175438596,2.4305875750258568,0.299750590223546,0.0016519725080844712,0.0013004762986449521,0.0,0.0016519725080844712,0.001176545151379238,0,0,0,5,0,1.0,0.2631578947368421,0.1588905063338542,0.1559477988170758,0.964598519278441,0.44470643640592317,0.0,0.21052631578947367,0.009566774473387708
131,114,100.0,114,0,108,6,0,0.0,0.6614843206289716,0.655924857605647,0.1644779550721972,0.5170948611111118,0.25915013632946793,0.8254441053081988,9.228070175438596,2.4305875750258568,0.30158736042343914,0.0014768752630018713,0.0013058736048287443,0.0,0.0014768752630018713,0.001157032835100986,0,0,0,6,0,1.0,0.2631578947368421,0.16197374283487903,0.14461288500161504,0.9653518920592077,0.44738059469172653,0.0,0.17543859649122806,0.009591643325776805
132,114,100.0,114,0,108,6,0,0.0,0.6645197192820833,0.6591186142069129,0.15980957853617722,0.5173427817791246,0.25591038453528997,0.810236404600245,9.228070175438596,2.4305875750258568,0.29947748448312694,0.0012377733312750171,0.0012242099078616031,0.0,0.0012377733312750171,0.0007842372882902182,0,0,0,6,0,1.0,0.2543859649122807,0.15815721557265644,0.14142195279405087,0.9667354283106413,0.4489189391873179,0.0,0.21052631578947367,0.009609833283518684
133,114,100.0,114,0,108,6,0,0.0,0.6622453955391174,0.6569153326120536,0.16085464343041614,0.5175418343672348,0.25765606269179625,0.8505136309822912,9.228070175438596,2.4305875750258568,0.2997955846423892,0.0014828270352178808,0.0013291867802997315,0.0,0.0014828270352178808,9.94527081105238e-05,0,0,0,6,0,1.0,0.24561403508771928,0.15927753146945212,0.13098676460167957,0.9674590875719367,0.4528782314349916,0.0,0.17543859649122806,0.009600880738541042
134,114,100.0,114,0,109,5,0,0.0,0.6715678145542736,0.665913552737155,0.1897019387986122,0.517911016504138,0.2499411041161077,0.8456555941666164,9.228070175438596,2.4305875750258568,0.30785798412952037,0.0018156266038920979,0.0012185232264921694,0.0,0.0018156266038920979,-0.0014617381165788535,0,0,0,5,0,1.0,0.23684210526315788,0.17268555054404922,0.11631371863978297,0.9647626175527055,0.46567203583937056,0.0,0.24561403508771928,0.009651979481191213
135,114,100.0,114,0,110,4,0,0.0,0.6705832993714607,0.66487763717446,0.19184020418658043,0.5182510822779286,0.24916931147848737,0.8543400611269685,9.228070175438596,2.4305875750258568,0.30740378756976794,0.0007266989297696198,0.0012711751802219795,0.0,0.0007266989297696198,-0.0015178324085243083,0,0,0,4,0,1.0,0.23684210526315788,0.17351763946407198,0.1126759041926953,0.9573283867238471,0.46483565580304176,0.0,0.2807017543859649,0.009651189703499485
136,114,100.0,114,0,110,4,0,0.0,0.6631454407638586,0.6576217740980683,0.17579749011273638,0.518441794370158,0.2533035580461787,0.8487436532930506,9.228070175438596,2.4305875750258568,0.3064517000211062,0.0006523057241148933,0.0012863091953531935,0.0,0.0006523057241148933,-0.004983010274255767,0,0,0,4,0,1.0,0.24561403508771928,0.16870647987163678,0.12453642414350088,0.9561922709686432,0.46510765813983407,0.0,0.2807017543859649,0.009616318122670374
137,114,100.0,114,0,108,6,0,0.0,0.6640014623771705,0.6584606942659865,0.17999388610449107,0.5186441835894623,0.24854243387959168,0.838810917384327,9.228070175438596,2.4305875750258568,0.31007861117309976,0.001552418654741574,0.0011736791708848878,0.0,0.001552418654741574,-0.0003541796003220567,0,0,0,6,0,1.0,0.2631578947368421,0.17279770398888794,0.11836631318236938,0.9523189518544342,0.47099570540762664,0.0,0.24561403508771928,0.009623057854345734
138,114,100.0,114,0,111,3,0,0.0,0.6666972731673859,0.6611138389885047,0.18425361747472904,0.5188932431663273,0.24917799524397474,0.8360736728611708,9.228070175438596,2.4305875750258568,0.3101689663498779,0.000760612226110367,0.0011835906836660472,0.0,0.000760612226110367,-0.005674954691991474,0,0,0,3,0,1.0,0.2719298245614035,0.17379109289354525,0.13300280181706675,0.9639394873018778,0.4691038176814288,0.0,0.2807017543859649,0.00963956371386166
139,114,100.0,114,0,109,5,0,0.0,0.6655967573757422,0.6600185871252036,0.17877666368143152,0.5191149522874989,0.2531093294830829,0.84676295464503,9.228070175438596,2.4305875750258568,0.30982837954942366,0.0016481117547551033,0.0011172276382732675,0.0,0.0016481117547551033,-0.004636487509549791,0,0,0,5,0,1.0,0.2982456140350877,0.17240897466630772,0.14757544522141552,0.9718288325196089,0.4649417855992865,0.0,0.24561403508771928,0.009636755552079388
140,114,100.0,114,0,110,4,0,0.0,0.6659449398052165,0.6602829629912079,0.1720532854059083,0.5193364132838791,0.25778875227028153,0.8612060636350674,9.228070175438596,2.4305875750258568,0.3085546968862791,0.001900580998194248,0.0012612388036514375,0.0,0.001900580998194248,-0.006291677255066866,0,0,0,4,0,1.0,0.2719298245614035,0.1691518687082237,0.16324868340138232,0.9629957781467868,0.4587431408062766,0.0,0.2807017543859649,0.009641187865957534
141,114,100.0,114,0,110,4,0,0.0,0.6660252449415269,0.660408833408253,0.16413851876767568,0.5195549389893717,0.25813428886617695,0.8611581159698534,9.228070175438596,2.4305875750258568,0.3100159501685882,0.002208568292737957,0.0011709484947053778,0.0,0.002208568292737957,-0.008176420196290425,0,0,0,4,0,1.0,0.2631578947368421,0.16710588003861812,0.17432498037502533,0.9633983909162891,0.46114217307612754,0.0,0.2807017543859649,0.009644245120962054
142,114,100.0,114,0,112,2,0,0.0,0.6636409784676419,0.6580959451648088,0.15837865731311457,0.5197231798168026,0.257545164188095,0.8732508819817777,9.228070175438596,2.4305875750258568,0.30945220609137003,0.0009541792798374719,0.001259770038033302,0.0,0.0009541792798374719,-0.006256663336410145,0,0,0,2,0,1.0,0.2982456140350877,0.165020799140687,0.1767534144648482,0.962571407891877,0.46034770749919696,0.0,0.24561403508771928,0.009634368408916457
143,114,100.0,114,0,110,4,0,0.0,0.6594402362406573,0.6539365686931315,0.14758792076653213,0.5198064535734107,0.26721146876435947,0.8777089332605045,9.228070175438596,2.4305875750258568,0.30352562892198987,0.002374184367815126,0.001254990235010385,0.0,0.002374184367815126,-0.006304179663650843,0,0,0,4,0,1.0,0.2894736842105263,0.15823554311381055,0.19135934774679275,0.9656885732480994,0.4469972996090692,0.0,0.2807017543859649,0.00961437671857222
144,114,100.0,114,0,111,3,0,0.0,0.6619836417763516,0.6563551039141046,0.1532949074559533,0.5199347309817002,0.2663091768777136,0.8801083135827128,9.228070175438596,2.4305875750258568,0.3053034681149511,0.002984352054018138,0.0012524078281982698,0.0,0.002984352054018138,-0.010333368241703167,0,0,0,3,0,1.0,0.2631578947368421,0.1609874905320517,0.19469819394346294,0.9530889014948671,0.4476471147300464,0.0,0.3157894736842105,0.009628652693624418
145,114,100.0,114,0,110,4,0,0.0,0.6618576919123444,0.6563834591609292,0.1506706622439362,0.5200604418545273,0.2614663304607752,0.8627829010726284,9.228070175438596,2.4305875750258568,0.3053540812647395,0.0023284425716772394,0.0011812462861764078,0.0,0.0023284425716772394,-0.0033818369678492166,0,0,0,4,0,1.0,0.2719298245614035,0.15992733047630095,0.19528904436689157,0.9605716147059247,0.4478083396414819,0.0,0.2807017543859649,0.009629550700732077
146,114,100.0,114,0,110,4,0,0.0,0.6652824995603468,0.6596311541827413,0.15146019349829112,0.5202462476718388,0.2640482565941868,0.8562842170535171,9.228070175438596,2.4305875750258568,0.3060126513497279,0.0023412397327139717,0.0011570233908191317,0.0,0.0023412397327139717,-0.0017677160344123852,0,0,0,4,0,1.0,0.2631578947368421,0.1602177893204129,0.20655970255776707,0.953554606891341,0.44617024468889255,0.0,0.2807017543859649,0.009648932825526714
147,114,100.0,114,0,111,3,0,0.0,0.6621788807503738,0.6564487918115912,0.15080748523859733,0.5203656572325328,0.26395321460643,0.8491192871083804,9.228070175438596,2.4305875750258568,0.3074384988658363,0.0006571524421327881,0.001286371939839065,0.0,0.0006571524421327881,-0.00421125995458536,0,0,0,3,0,1.0,0.2719298245614035,0.16145319445943684,0.21063674992448583,0.9661375049092903,0.44984685522073775,0.0,0.24561403508771928,0.00963486590844966
148,114,100.0,114,0,110,4,0,0.0,0.6652909997370247,0.6593812730204853,0.15643694479807493,0.5205391856584038,0.2673928680936624,0.8590010625573724,9.228070175438596,2.4305875750258568,0.3079039427024035,0.002270683102768233,0.0013728289753656099,0.0,0.002270683102768233,-0.0034401317158789663,0,0,0,4,0,1.0,0.2807017543859649,0.16358202999224036,0.2226898753438335,0.9615871329592156,0.446605865052577,0.0,0.24561403508771928,0.009652535383562094
149,114,100.0,114,0,111,3,0,0.0,0.6641470181643561,0.6583159186641483,0.15499755913606675,0.5206877808274244,0.2682744869186444,0.8542047675534207,9.228070175438596,2.4305875750258568,0.3092051260809241,0.003094127534272585,0.0011256549455460597,0.0,0.003094127534272585,-0.004327024897326688,0,0,0,3,0,1.0,0.2807017543859649,0.16411404578295286,0.22400849538356646,0.9614750597960464,0.4519815577790652,0.0,0.21052631578947367,0.009648621343556402
150,114,100.0,114,0,111,3,0,0.0,0.660815587089517,0.6551701276459092,0.15425099238207776,0.5207715952962292,0.266573573918654,0.8540297429730277,9.228070175438596,2.4305875750258568,0.30808741530236916,0.0029003670659491277,0.0011719745217178548,0.0,0.0029003670659491277,-0.005390833724293498,0,0,0,3,0,1.0,0.2807017543859649,0.16323332509382216,0.2199409317003333,0.9622774901041546,0.4505513527049525,0.0,0.24561403508771928,0.009632982780214627
151,114,100.0,114,0,110,4,0,0.0,0.6558050529900602,0.6503649324931244,0.14522737707267402,0.5207599369998976,0.2736491233594259,0.8630273001871477,9.228070175438596,2.4305875750258568,0.3037050682325495,0.002651055306427819,0.0010278502975651412,0.0,0.002651055306427819,-0.0013947837680806027,0,0,0,4,0,1.0,0.2719298245614035,0.1580620848486789,0.2210399664100585,0.961013755120149,0.44617298210804884,0.0,0.24561403508771928,0.009607788427166298
152,114,100.0,114,0,109,5,0,0.0,0.6537727871477517,0.648370412006335,0.14794338809446406,0.5207097792149616,0.2741967414178525,0.8535593355329628,9.228070175438596,2.4305875750258568,0.3047431414939099,0.003720297769211236,0.0012018636641143122,0.0,0.003720297769211236,-0.0006614382522421635,0,0,0,5,0,1.0,0.2807017543859649,0.15961851130024657,0.2116307755093705,0.9518999992692884,0.450407755903437,0.0,0.2807017543859649,0.009597017533510473
153,114,100.0,114,0,109,5,0,0.0,0.6569828492923314,0.6516936564332494,0.14922120827073534,0.5207254600518167,0.27265034958499323,0.8635181516382671,9.228070175438596,2.4305875750258568,0.3057961592507139,0.001759328690806257,0.0010790341930684564,0.0,0.001759328690806257,-0.0007790382421693054,0,0,0,5,0,1.0,0.2631578947368421,0.1598271484022708,0.20815902042061057,0.9528378066295237,0.4528093797131884,0.0,0.24561403508771928,0.009613258412469503
154,114,100.0,114,0,110,4,0,0.0,0.6563468679283531,0.6510730874636971,0.14113710215918668,0.520728692974385,0.2739408507205791,0.8526760397268126,9.228070175438596,2.4305875750258568,0.3009727244415099,0.001153040717569464,0.0009981854515893843,0.0,0.001153040717569464,-0.00030845321890013433,0,0,0,4,0,1.0,0.2631578947368421,0.15386276922076783,0.21547124552684618,0.9611469979543728,0.44368204058553734,0.0,0.2807017543859649,0.009610117795156737
155,114,100.0,114,0,109,5,0,0.0,0.6537604699087953,0.6485709514719618,0.13107358651534043,0.5206831940327186,0.28246782173365065,0.8803561133308926,9.228070175438596,2.4305875750258568,0.29616704718277354,0.0016549088180063953,0.00126147139835116,0.0,0.0016549088180063953,-0.0002638058832540202,0,0,0,5,0,1.0,0.2719298245614035,0.1474354080175137,0.22948646197401276,0.9519027746375078,0.4352790171522711,0.0,0.2807017543859649,0.009596632859247492
156,114,100.0,114,0,109,5,0,0.0,0.654185430923062,0.6490647130966001,0.1260944586246942,0.5206484020296341,0.28219524189528444,0.8697919547444488,9.228070175438596,2.4305875750258568,0.29488981933035974,0.001964050421169793,0.0011027829620626974,0.0,0.001964050421169793,0.002222070459286696,0,0,0,5,0,1.0,0.2719298245614035,0.14452908315660576,0.23341198854257375,0.9521329277762915,0.4337464985982825,0.0,0.2807017543859649,0.009598334839266788
157,114,100.0,114,0,112,2,0,0.0,0.6539210260000531,0.6487782159227042,0.12572001193170862,0.5206088848248845,0.2847895915073526,0.8700576066031452,9.228070175438596,2.4305875750258568,0.2935888873280197,0.0006896734418526196,0.001084075801954946,0.0,0.0006896734418526196,-0.000668026126109944,0,0,0,2,0,1.0,0.23684210526315788,0.14386594470801514,0.2266401240255355,0.9593604985017509,0.43392827572023923,0.0,0.2807017543859649,0.009596532564517424
158,114,100.0,114,0,109,5,0,0.0,0.6569777988292123,0.6517249656380213,0.1313615019676783,0.5206276267863617,0.2816602451100558,0.8708357017851663,9.228070175438596,2.4305875750258568,0.2979896094446248,0.0017728028082411272,0.0011970629221205972,0.0,0.0017728028082411272,0.0017937029611970524,0,0,0,5,0,1.0,0.2631578947368421,0.1482572994688032,0.24393771176856455,0.961173415755495,0.4371913774026694,0.0,0.24561403508771928,0.00961204419855671
159,114,100.0,114,0,108,6,0,0.0,0.6614862788947534,0.6560857736147327,0.13513872520583883,0.5207307078135339,0.2796605074269068,0.8684030625755603,9.228070175438596,2.4305875750258568,0.30109698954546227,0.002165973993091055,0.0011472326971012638,0.0,0.002165973993091055,0.003431443705724906,0,0,0,6,0,1.0,0.2543859649122807,0.151292060744471,0.2571683805495969,0.9589682949456981,0.44064450092960644,0.0,0.24561403508771928,0.009635839336203744
160,114,100.0,114,0,109,5,0,0.0,0.6600391903636712,0.6546605143551972,0.13316737082363084,0.5208035696264882,0.28397600839861725,0.8849806438568517,9.228070175438596,2.4305875750258568,0.29845474151296547,0.0023931517764669255,0.001107925321911134,0.0,0.0023931517764669255,0.004948135819083576,0,0,0,5,0,1.0,0.2543859649122807,0.14907865240157248,0.2484381132924556,0.957903099568058,0.4389658367135775,0.0,0.24561403508771928,0.009629489378634636
161,114,100.0,114,0,104,10,0,0.0,0.662355363054889,0.6569274205639821,0.1317302278667028,0.5209187397817885,0.28633174658958965,0.8984971898221967,9.228070175438596,2.4305875750258568,0.29811090921844174,0.0025086894255967654,0.0011515306850558907,0.0,0.0025086894255967654,0.0019472660684622222,0,0,0,10,0,1.0,0.2543859649122807,0.14781477049748787,0.2508936278693623,0.9491007355963827,0.4383068099350133,0.0,0.2807017543859649,0.00964246989783316
162,114,100.0,114,0,107,7,0,0.0,0.6626156009875204,0.657125824511883,0.12498134994296924,0.5210349685309686,0.2918588880626438,0.9685293793978379,9.228070175438596,2.4305875750258568,0.2951190714451757,0.002798147405136551,0.0012187606896091197,0.0,0.002798147405136551,0.0026609377253376414,0,0,0,7,0,1.0,0.2543859649122807,0.14354985158518116,0.25960419066855944,0.9246415654307812,0.4331814320040433,0.0,0.3157894736842105,0.009645183608264406
163,114,100.0,114,0,108,6,0,0.0,0.6572767664755742,0.6517721512214083,0.12039484374006534,0.5210442716643681,0.2938861932129666,0.9819361164490338,9.228070175438596,2.4305875750258568,0.2952138621000471,0.0031190582837001117,0.001309825341022736,0.0,0.0031190582837001117,0.0007434726863713806,0,0,0,6,0,1.0,0.2719298245614035,0.1424043692874803,0.2658499860793773,0.9246415654307812,0.43449133728870637,0.0,0.3157894736842105,0.009618602496106922
164,114,100.0,114,0,106,8,0,0.0,0.6603096788808103,0.6548016094699177,0.1264825008277993,0.5211122555855862,0.2853779841070651,0.9539813974881479,9.228070175438596,2.4305875750258568,0.29953975070670147,0.002793668166985788,0.001250117410530913,0.0,0.002793668166985788,0.0012200409633700872,0,0,0,8,0,1.0,0.2631578947368421,0.14660305722950634,0.2618907602216962,0.9378782709049863,0.4440574445032423,0.0,0.2807017543859649,0.009634593262504173
165,114,100.0,114,0,107,7,0,0.0,0.6630866229958614,0.6576207291952303,0.13003003655208098,0.5212334040370767,0.2823602837696767,0.9494178947153541,9.228070175438596,2.4305875750258568,0.30222287296204664,0.023293384935277273,0.0012569203463339957,0.0,0.023293384935277273,0.0023959981068332865,0,0,0,7,0,0.8571428571428571,0.2719298245614035,0.14906313199188895,0.25951254829967485,0.9353319643628086,0.4478196968174994,0.0,0.3157894736842105,0.009649950292684062
166,114,100.0,114,0,107,7,0,0.0,0.6662306302776191,0.6607595232280187,0.13647541521797818,0.5214126407795715,0.27979843629061324,0.9395522748648844,9.228070175438596,2.4305875750258568,0.30351883471586283,0.002978569491452656,0.0012018763138119737,0.0,0.002978569491452656,0.002069371154403088,0,0,0,7,0,1.0,0.2631578947368421,0.15198501823031552,0.24555918820061784,0.9368562944944023,0.45147510524950385,0.0,0.2807017543859649,0.00966784858208933
167,114,100.0,114,0,106,8,0,0.0,0.6633688313393119,0.657903509702855,0.1336276584121562,0.5215319866881665,0.2818942361722788,0.9848524988620944,9.228070175438596,2.4305875750258568,0.3002224507770832,0.02091243125859975,0.0011908664425335802,0.0,0.02091243125859975,0.003493839717750788,0,0,0,8,0,0.875,0.2543859649122807,0.14940500285530506,0.24579130974888141,0.9441679188501243,0.445662458136143,0.0,0.2807017543859649,0.0096549899908106
168,114,100.0,114,0,107,7,0,0.0,0.6673027400952449,0.6618008916407532,0.13393857574663165,0.5217242152148427,0.2796954362566746,0.9934421423401705,9.228070175438596,2.4305875750258568,0.3027228122262038,0.02451885478298152,0.0011587972722280487,0.0,0.02451885478298152,0.004997638598240115,0,0,0,7,0,0.8571428571428571,0.24561403508771928,0.1503244555302653,0.25571443018462114,0.929905790955015,0.44867870208130595,0.0,0.3157894736842105,0.00967699567593279
169,114,100.0,114,0,109,5,0,0.0,0.6725755779636149,0.6669706382255844,0.14579756480485884,0.5220122956333549,0.2697278675882478,0.964552066232971,9.228070175438596,2.4305875750258568,0.31052010494476945,0.03343388041517524,0.001163859454760611,0.0,0.03343388041517524,0.004643158440370621,0,0,0,5,0,0.8,0.24561403508771928,0.15855896914780132,0.24358021869860133,0.9248344888930594,0.4618016945362097,0.0,0.3508771929824561,0.009706860888703858
170,114,100.0,114,0,109,5,0,0.0,0.6694458420323607,0.6638885464517299,0.14746445013948475,0.5222334436532438,0.2708461253887666,0.9704067562179577,9.228070175438596,2.4305875750258568,0.3117285670983576,0.034923459972667534,0.0012889467974718186,0.0,0.034923459972667534,-0.0012203745944315502,0,0,0,5,0,0.8,0.2631578947368421,0.16034537928477524,0.23418632679046675,0.9358548478491263,0.4637193930035413,0.0,0.3157894736842105,0.009693899807194505
171,114,100.0,114,0,109,5,0,0.0,0.6717554242274517,0.666105047673314,0.14387758945755807,0.5224923156794724,0.2746399583069186,0.9792868326933875,9.228070175438596,2.4305875750258568,0.31180516699417016,0.03441288001432271,0.001231522809297576,0.0,0.03441288001432271,0.0006194947066730738,0,0,0,5,0,0.8,0.24561403508771928,0.15898509409502848,0.2589101420881858,0.9354157054757767,0.46189746789184766,0.0,0.3157894736842105,0.009708593773822325
172,114,100.0,114,0,108,6,0,0.0,0.669092905826546,0.6634238394255491,0.14041379130182102,0.5226927603027719,0.2810726143893321,0.9852586501471052,9.228070175438596,2.4305875750258568,0.31076566681252404,0.029021959703352782,0.001289798677416029,0.0,0.029021959703352782,0.000832191244330982,0,0,0,6,0,0.8333333333333334,0.2631578947368421,0.1575192066163032,0.26407551670623736,0.9146344475027768,0.46141756379793736,0.0,0.3508771929824561,0.009697717172872159
173,113,99.12280701754386,114,1,108,5,0,0.008771929824561403,0.669180130581122,0.6637119821434277,0.1446875542626065,0.5228854973429756,0.27679187460365745,0.9375004179702491,9.228070175438596,2.4305875750258568,0.31284773458931014,0.04874867619260919,0.0013037379092914131,0.0,0.04874867619260919,-0.0018437139537885404,0,1,0,5,0,0.6666666666666666,0.2719298245614035,0.16064407861793073,0.264805277628282,0.9273835054808448,0.4568146435331277,0.008771929824561403,0.3333333333333333,0.00970049561792087
174,113,99.12280701754386,114,0,109,5,0,0.0,0.6675802099523636,0.6622345035235689,0.1402735249135558,0.5230532590610877,0.27872382119412054,0.9099487622317206,9.228070175438596,2.4305875750258568,0.3108281466198386,0.03249725484226783,0.0019243987308203386,0.0,0.03249725484226783,-0.003945075255678165,0,0,0,5,0,0.8,0.2631578947368421,0.15778967970239954,0.26419783821666637,0.9240055904098212,0.45463461765593954,0.0,0.368421052631579,0.009694534812515119
175,113,99.12280701754386,114,0,110,4,0,0.0,0.6643995555628165,0.6592290993511979,0.13638470363445532,0.5231585039994091,0.2814511762874124,0.9092336517028483,9.228070175438596,2.4305875750258568,0.30897134351476385,0.003332235000479695,0.001506648622789909,0.0,0.003332235000479695,-0.008931143402953624,0,0,0,4,0,1.0,0.2631578947368421,0.15542992841181666,0.26170805980100814,0.911607512481168,0.4538993227444709,0.0,0.36842105263157887,0.009679910575764478
176,113,99.12280701754386,114,0,108,6,0,0.0,0.6643294952412877,0.6593503177460629,0.1351527974857984,0.5232635479227317,0.278226731518948,0.9071881500079917,9.228070175438596,2.4305875750258568,0.3088711205208152,0.0023663373518089605,0.0015452403097810767,0.0,0.0023663373518089605,-0.005180301867004897,0,0,0,6,0,1.0,0.2807017543859649,0.15451589333392962,0.25319531306089765,0.9264734250908698,0.4594094034578106,0.0,0.3333333333333333,0.009680836866431132
177,113,99.12280701754386,114,0,109,5,0,0.0,0.665150503669543,0.6602830464182945,0.13698374323630222,0.5233841752912786,0.27776265345740964,0.9032559931639144,9.228070175438596,2.4305875750258568,0.30875935132480614,0.0025784785308103062,0.0014715033366553484,0.0,0.0025784785308103062,-0.0025625531624213103,0,0,0,5,0,1.0,0.2631578947368421,0.15482307338520487,0.24578847798227244,0.9499754273622207,0.46076787787574613,0.0,0.22807017543859648,0.009686407885488399
178,114,100.0,114,0,109,5,0,0.0,0.6637789356760749,0.6589564709568679,0.13177754137567252,0.5234760758433225,0.27864785407853226,0.9248653949500878,9.228070175438596,2.4305875750258568,0.30751340129813065,0.00249506465337523,0.001506756232722125,0.0,0.00249506465337523,0.002736411089985269,0,0,0,5,0,1.0,0.2543859649122807,0.1519464621116552,0.2493136140181699,0.944991248858251,0.45871607923940355,0.0,0.22807017543859648,0.009680666907220737
179,114,100.0,114,0,108,6,0,0.0,0.659890206971691,0.6551736063915415,0.12417049774558009,0.523492186003083,0.28676689683748785,0.9463287725442948,9.228070175438596,2.4305875750258568,0.30252493319906004,0.0020630536293252885,0.001406903276685441,0.0,0.0020630536293252885,0.00017086461966111613,0,0,0,6,0,1.0,0.2631578947368421,0.14657253785082752,0.25640265236325394,0.9432099713158952,0.44802242081912746,0.0,0.2631578947368421,0.009661419049469547
180,114,100.0,114,0,109,5,0,0.0,0.6671226545210346,0.6623159328698266,0.12655013374861018,0.5236467849912613,0.2846778107006123,0.9401781210689392,9.228070175438596,2.4305875750258568,0.30393991916630836,0.0028072957393075783,0.0016046797373038876,0.0,0.0028072957393075783,-0.007733212451884042,0,0,0,5,0,1.0,0.2631578947368421,0.14752635145634127,0.269131575147339,0.944991248858251,0.4485393454273625,0.0,0.22807017543859648,0.009699460119115152
181,114,100.0,114,0,109,5,0,0.0,0.6721761105885624,0.6671684983920213,0.1345940040370963,0.5238919829993637,0.2809004329875405,0.9452452813431415,9.228070175438596,2.4305875750258568,0.3080735170742148,0.002625048320998062,0.0015400536356944018,0.0,0.002625048320998062,-0.005824718933852275,0,0,0,5,0,1.0,0.24561403508771928,0.15289843347604298,0.2784269799253353,0.9465453303824303,0.4523745662628239,0.0,0.22807017543859648,0.009727707275612365
182,114,100.0,114,0,111,3,0,0.0,0.6668425056679815,0.6619550513383259,0.131151836901458,0.5240298473380929,0.2807797867265089,0.9337359640460862,9.228070175438596,2.4305875750258568,0.3064564991705092,0.004184631720904989,0.0017546629165014606,0.0,0.004184631720904989,-0.011834880347286747,0,0,0,3,0,1.0,0.2631578947368421,0.1513492879541192,0.2780892177935893,0.9472627098658339,0.4495150717527992,0.0,0.19298245614035087,0.009702714707753232
183,114,100.0,114,0,109,5,0,0.0,0.6716804341627357,0.6666511099183411,0.1354721795369744,0.524255674216424,0.2771753407623204,0.9301911792615281,9.228070175438596,2.4305875750258568,0.31047574128189726,0.0029817403546410354,0.0017716713157240026,0.0,0.0029817403546410354,-0.005279870396948006,0,0,0,5,0,1.0,0.2807017543859649,0.154973508844392,0.2913255162021557,0.9397926493666623,0.45338123629684957,0.0,0.19298245614035087,0.009729648810249897
184,114,100.0,114,0,105,9,0,0.0,0.6745799088507863,0.6695567919428129,0.1399811023506142,0.5245325122917146,0.27375989496000724,0.929587695945146,9.228070175438596,2.4305875750258568,0.31159849649417226,0.0018463574486262283,0.0015285804994127788,0.0,0.0018463574486262283,-0.0009763957518825565,0,0,0,9,0,1.0,0.2807017543859649,0.15667425974955626,0.27822152792539473,0.9491613579732024,0.45820989256921896,0.0,0.22807017543859648,0.009747510579620627
185,114,100.0,114,0,104,10,0,0.0,0.6792671796476815,0.6741308706886205,0.14958129803968892,0.5248915631668782,0.265022989639428,0.8701109929682174,9.228070175438596,2.4305875750258568,0.31704167177197284,0.002143265112461836,0.0014516309955879304,0.0,0.002143265112461836,-0.0010532324213473332,0,0,0,10,0,1.0,0.2631578947368421,0.16319377043508243,0.28044710939457973,0.9514910747427019,0.4686650289679687,0.0,0.19298245614035087,0.009775310456584977
186,114,100.0,114,0,105,9,0,0.0,0.679824422320823,0.6747054036989635,0.14691166631364144,0.5252530586184532,0.262477044997802,0.8996158510734744,9.228070175438596,2.4305875750258568,0.3150739759977099,0.001862885367836225,0.0013941532170633406,0.0,0.001862885367836225,-0.0007794766032365576,0,0,0,9,0,1.0,0.2719298245614035,0.16059896763024611,0.27453186822691306,0.9619644522528912,0.4653921195233407,0.0,0.19298245614035087,0.009782489901715817
187,114,100.0,114,0,104,10,0,0.0,0.6814516211836371,0.6761578980366347,0.15240075115576812,0.5256340109240173,0.260004130531247,0.8966062579491215,9.228070175438596,2.4305875750258568,0.31813751478606167,0.00883965014131406,0.001445509314915478,0.0,0.00883965014131406,0.0012586643276553094,0,0,0,10,0,0.9,0.2719298245614035,0.16460240754962138,0.2720912682708194,0.9496506170288059,0.46945453190111675,0.0,0.19298245614035087,0.009795255585732795
188,114,100.0,114,0,103,11,0,0.0,0.6877162233806443,0.6823174214632942,0.16098044346834536,0.526125473939047,0.255385590536604,0.8943368788477896,9.228070175438596,2.4305875750258568,0.32191916935410414,0.007998034047158485,0.001395186967535754,0.0,0.007998034047158485,0.0020300659781078046,0,0,0,11,0,0.9090909090909091,0.2543859649122807,0.169324812408714,0.26477952720905507,0.9468290499334757,0.4763250924253,0.0,0.19298245614035087,0.009832551316207411
189,114,100.0,114,0,104,10,0,0.0,0.6913330203041002,0.6860446670644547,0.16237877315817706,0.5266774666898755,0.2577646207280655,0.845450748796744,9.228070175438596,2.4305875750258568,0.3226336160604164,0.008389722503248416,0.001384031486421275,0.0,0.008389722503248416,0.0021894860094552023,0,0,0,10,0,0.9,0.2543859649122807,0.16913038504733374,0.2659015169701302,0.9360235553311278,0.47809284781225514,0.0,0.19298245614035087,0.00985734363443303
190,114,100.0,114,0,106,8,0,0.0,0.6900511923596588,0.684672284767534,0.1553301064940428,0.5271893572106148,0.2628172570012766,0.9034786501209475,9.228070175438596,2.4305875750258568,0.3174474060599999,0.0022646905397046696,0.0014553850872680526,0.0,0.0022646905397046696,-0.0017626152165927667,0,0,0,8,0,1.0,0.2719298245614035,0.16410444598646712,0.27887548094769077,0.9383610109986311,0.4663185920189937,0.0,0.2631578947368421,0.009857155468408237
191,114,100.0,114,0,106,8,0,0.0,0.6950324151527535,0.6894626695779621,0.16479755582738026,0.5277819533823576,0.2538526859393997,0.8118280294038261,9.228070175438596,2.4305875750258568,0.3212691530193328,0.0029387274770649383,0.001418378374350712,0.0,0.0029387274770649383,-0.0027231670896962733,0,0,0,8,0,1.0,0.2807017543859649,0.16948134822040217,0.27653884062855305,0.9482409220618417,0.4701478008631009,0.0,0.2631578947368421,0.009889263366833939
192,114,100.0,114,0,107,7,0,0.0,0.6948976840004218,0.6894678980648264,0.16263022423491416,0.5283602476515417,0.2574037902926358,0.8494847411104686,9.228070175438596,2.4305875750258568,0.31843698677153376,0.002983880270976247,0.0013929844428246425,0.0,0.002983880270976247,-0.000238355361912111,0,0,0,7,0,1.0,0.2719298245614035,0.16669379462878506,0.26657833775916523,0.9346364506655818,0.4686053294249985,0.0,0.2631578947368421,0.009895617685399219
193,114,100.0,114,0,104,10,0,0.0,0.6941667156961165,0.6887061878011311,0.1638270610331904,0.5289096747440504,0.26047926218613404,0.8627253509903727,9.228070175438596,2.4305875750258568,0.31880577195787896,0.00905490850573382,0.001299015026517333,0.0,0.00905490850573382,0.0026048420638482674,0,0,0,10,0,0.9,0.2894736842105263,0.16705632853175598,0.2520090707763343,0.9387460961573544,0.47079039556555013,0.0,0.22807017543859648,0.009898639997199863
194,114,100.0,114,0,105,9,0,0.0,0.7018749166243685,0.6962444740319331,0.17640982422745644,0.5295923272487112,0.2540791873684999,0.8774819547152447,9.228070175438596,2.4305875750258568,0.3243786605591701,0.0018580161002576525,0.0012994573190004376,0.0,0.0018580161002576525,0.0030442636380656135,0,0,0,9,0,1.0,0.2894736842105263,0.1740724948766773,0.2588547124995115,0.9407322876724443,0.4754685521400245,0.0,0.19298245614035087,0.009945477235320566
195,114,100.0,114,0,105,9,0,0.0,0.7048947515938994,0.69907336707196,0.18199685837813812,0.5303133942646066,0.25463964231537817,0.8668649837852548,9.228070175438596,2.4305875750258568,0.3279748908648228,0.018101048627069377,0.0014959091178186324,0.0,0.018101048627069377,0.0026369927665069676,0,0,0,9,0,0.8888888888888888,0.2807017543859649,0.17806669770440117,0.26790230488097544,0.9303640957916917,0.47765774717924625,0.0,0.2631578947368421,0.009969339492816203
196,114,100.0,114,0,106,8,0,0.0,0.7065388828879636,0.7007463490548671,0.18225116782647388,0.531049465748973,0.2551533204967231,0.8287532615052647,9.228070175438596,2.4305875750258568,0.3265484333920907,0.0026818552543993405,0.0013044054864511916,0.0,0.0026818552543993405,-0.0012695477810490303,0,0,0,8,0,1.0,0.2719298245614035,0.1769197809010273,0.2617127128983388,0.9079731844982173,0.47538637672630657,0.0,0.2631578947368421,0.009986505580307684
197,114,100.0,114,0,105,9,0,0.0,0.7088689210111232,0.7031871210159206,0.18436345716225835,0.5318151064513134,0.2502235398679344,0.8260200395057855,9.228070175438596,2.4305875750258568,0.3310604707687259,0.0032604878752286836,0.0012639859639297921,0.0,0.0032604878752286836,0.0009258913700505947,0,0,1,8,0,1.0,0.2719298245614035,0.17998879767384562,0.253786312555148,0.9287226869149328,0.4852298513865543,0.0,0.2631578947368421,0.010007460554813694
198,114,100.0,114,0,105,9,0,0.0,0.7018752808940444,0.696405188309412,0.18344729721595285,0.5324302649349043,0.2548685172996301,0.8378948625104738,9.228070175438596,2.4305875750258568,0.3314370525172665,0.01779371928485491,0.0011937150307722456,0.0,0.01779371928485491,0.0009213418721930969,0,0,0,9,0,0.8888888888888888,0.2631578947368421,0.18090835350245904,0.2434811196827353,0.9299474018431282,0.486170493924678,0.0,0.2982456140350877,0.00997996833706274
199,114,100.0,114,0,104,10,0,0.0,0.7057116802348247,0.7000004437690365,0.19290190464063825,0.5331003801188202,0.2510788624719852,0.8438416853022811,9.228070175438596,2.4305875750258568,0.3345619895269478,0.0021017396478563723,0.0011997253193601503,0.0,0.0021017396478563723,0.0007853461623452213,0,0,0,10,0,1.0,0.2807017543859649,0.18565243352991959,0.24594897922695302,0.9132847386592382,0.4890798966161437,0.0,0.2631578947368421,0.010007294201965953
200,114,100.0,114,0,107,7,0,0.0,0.7045534964710983,0.6989600350687694,0.19017358434467493,0.533733977130659,0.2516725432900032,0.8715933493111415,9.228070175438596,2.4305875750258568,0.3304607507109447,0.002847221041061164,0.001168023082777857,0.0,0.002847221041061164,0.0023761673298592157,0,0,0,7,0,1.0,0.2807017543859649,0.18186333930651075,0.23534001690978015,0.9163228323711341,0.48665665556299126,0.0,0.2631578947368421,0.010009203348270063
201,114,100.0,114,0,106,8,0,0.0,0.7093240075692313,0.7037863593682714,0.19882340609005705,0.5344460204432553,0.2473698487064948,0.8907835934774408,9.228070175438596,2.4305875750258568,0.3319656048106647,0.028920236100554778,0.0013263770929045138,0.0,0.028920236100554778,0.002342677909522334,0,0,0,8,0,0.75,0.2543859649122807,0.18474089134779179,0.22669861755788187,0.924040372398228,0.49079980133797757,0.0,0.22807017543859648,0.010041709321903113
202,114,100.0,114,0,106,8,0,0.0,0.7152994384784302,0.7098119137298654,0.20208749045207805,0.5352579220200786,0.24775461484162137,0.863433095730657,9.228070175438596,2.4305875750258568,0.3306654683295811,0.011239232811747824,0.0012264063864596466,0.0,0.011239232811747824,0.0014287656781500901,0,0,0,8,0,0.875,0.2543859649122807,0.1837337144458733,0.22671072995517116,0.9253458250564577,0.48930879740306177,0.0,0.22807017543859648,0.010081453465872962
203,114,100.0,114,0,106,8,0,0.0,0.7201221524097655,0.714296831752819,0.22057578587995605,0.5361372975062269,0.24464444492246104,0.8528821965375528,9.228070175438596,2.4305875750258568,0.33719248409801605,0.011372126895349551,0.0011826474583797194,0.0,0.011372126895349551,0.0029403106356209706,0,0,0,8,0,0.875,0.23684210526315788,0.19330705748229493,0.22800997481774693,0.9396425730064433,0.49716899032467166,0.0,0.22807017543859648,0.010116254031181708
204,114,100.0,114,0,106,8,0,0.0,0.729998943557061,0.7242523193738138,0.2281450830209026,0.5371888804771903,0.23922152788812143,0.8284777704770662,9.228070175438596,2.4305875750258568,0.3378807033909357,0.01111804393335326,0.0012435117626569605,0.0,0.01111804393335326,0.0028166253370561743,0,0,0,8,0,0.875,0.2543859649122807,0.19371136331492092,0.21327136876642466,0.9459722036790433,0.5021007102826968,0.0,0.2631578947368421,0.01017841780943485
205,114,100.0,114,0,105,9,0,0.0,0.7316091886155541,0.7258010655525375,0.2402447850075727,0.5382450187088713,0.23946806266492285,0.8289033177435344,9.228070175438596,2.4305875750258568,0.33982822898230736,0.010743078825152946,0.0012587897462248377,0.0,0.010743078825152946,0.0038228278024754975,0,0,0,9,0,0.8888888888888888,0.22807017543859648,0.1983137380411496,0.2201312076613006,0.9487286523776528,0.5019749813027654,0.0,0.2631578947368421,0.010199304217044482
206,113,99.12280701754386,114,1,104,9,0,0.008771929824561403,0.7310236692409964,0.7262618487777258,0.237821152446598,0.5392612299272661,0.24088768649293196,0.8798528343561042,9.228070175438596,2.4305875750258568,0.3377972607873925,0.023458920369983295,0.0012745625767609189,0.0,0.023458920369983295,0.003672027344728673,0,1,1,8,0,0.8,0.23684210526315788,0.19611634628812674,0.2277603910765489,0.9354167067807596,0.4951144960059336,0.008771929824561403,0.3157894736842105,0.010208726571976856
207,112,98.24561403508773,114,1,107,6,0,0.008771929824561403,0.7268260187575276,0.7240159170855806,0.24637581702587077,0.540194138679572,0.24313932456593507,0.8786410400352692,9.228070175438596,2.4305875750258568,0.33957058576207566,0.01429503767394598,0.00136156803469048,0.0,0.01429503767394598,0.0010572607157779412,0,1,0,6,0,0.8571428571428571,0.2543859649122807,0.20039908490588695,0.22541012036220326,0.9473672629543968,0.49936475757493826,0.008771929824561403,0.2807017543859649,0.01019907590166945
208,112,98.24561403508773,114,0,96,18,0,0.0,0.7231726819402525,0.7206425936004982,0.23787106354176982,0.5410769265361268,0.24770668457699982,0.8945519600674174,9.228070175438596,2.4305875750258568,0.3351126982084758,0.023357919026534432,0.0017162389857219961,0.0,0.023357919026534432,0.00043768934439966347,0,0,0,18,0,0.8888888888888888,0.2631578947368421,0.19478714149369614,0.20809692338252797,0.9473507486677886,0.4970338713368882,0.0,0.2807017543859649,0.010191537683560703
209,111,97.36842105263158,114,1,99,13,1,0.008771929824561403,0.731851485522918,0.7272173173137235,0.23652434079098844,0.5421034236539932,0.24950779037209264,0.8907756221190926,9.228070175438596,2.4305875750258568,0.3388214485272609,0.027645896897491324,0.0016666972812475777,0.0,0.027645896897491324,-6.673669625646416e-05,0,2,0,13,0,0.8666666666666667,0.2631578947368421,0.19633560522224366,0.21691375042883224,0.9268867558446122,0.5022453558534514,0.008771929824561403,0.2982456140350877,0.01024740665717646
210,111,97.36842105263158,114,0,108,6,0,0.0,0.7360992507000561,0.7312583988240977,0.2521579787231036,0.5431462258213907,0.24210193393324833,0.8933938409409381,9.228070175438596,2.4305875750258568,0.34504070015050936,0.006444612230473937,0.0011725035874373408,0.0,0.006444612230473937,0.002051815979671153,0,0,0,6,0,1.0,0.2631578947368421,0.2045818769747849,0.22252200943817255,0.9293574658784615,0.5086182162439755,0.0,0.2982456140350877,0.010281318593018583
211,112,98.24561403508773,114,0,108,6,0,0.0,0.7383914113310309,0.7334344576680326,0.24765492543642867,0.544205994581584,0.24640216655766795,0.8960586537159153,9.228070175438596,2.4305875750258568,0.344954828649519,0.007979313321899393,0.0012798915520442062,0.0,0.007979313321899393,0.0004657376046136262,0,0,0,6,0,1.0,0.2807017543859649,0.20309583185418625,0.24621236041316777,0.9394976295030395,0.5024943333501476,0.0,0.2982456140350877,0.010305658700078088
212,113,99.12280701754386,114,0,110,4,0,0.0,0.7383018303402449,0.7332476710187474,0.23734252833795874,0.5452363727234966,0.2532074459000621,0.9028668609564604,9.228070175438596,2.4305875750258568,0.34450909402393215,0.009296650354404846,0.0013559041925176579,0.0,0.009296650354404846,-0.0011880604755265117,0,0,0,4,0,1.0,0.2719298245614035,0.20038742639709933,0.26621759909290005,0.9359719925412697,0.49640608810981207,0.0,0.2982456140350877,0.010317732916670713
213,113,99.12280701754386,114,0,109,5,0,0.0,0.7401527042155577,0.7350078853165729,0.2576660850588755,0.5462759334623296,0.24856220222519726,0.9004699993992997,9.228070175438596,2.4305875750258568,0.34574012585742997,0.009701946363712915,0.0012887593626993515,0.0,0.009701946363712915,0.00033702624454195476,0,0,0,5,0,1.0,0.2543859649122807,0.2064126599147905,0.24530514633043293,0.9224149339434424,0.49977014164051053,0.0,0.2631578947368421,0.010339621003123738
214,114,100.0,114,0,108,6,0,0.0,0.7405428300945655,0.7354654475148902,0.2505604192873526,0.5472991239269619,0.24815053722771405,0.8831727128334543,9.228070175438596,2.4305875750258568,0.3461594300516404,0.021452661604155057,0.0015020330345081913,0.0,0.021452661604155057,0.001627790937170683,0,0,0,6,0,0.8333333333333334,0.2543859649122807,0.20483361508392717,0.2476836773066585,0.9236901566952427,0.5006415380373245,0.0,0.2982456140350877,0.010354006402669879
215,114,100.0,114,0,109,5,0,0.0,0.7414373332500339,0.7362792399896264,0.2369482229694898,0.5483132688023138,0.2563576782369623,0.8731598361868508,9.228070175438596,2.4305875750258568,0.34067439788278575,0.017564418674986752,0.0013791619513426605,0.0,0.017564418674986752,0.0021198320993482513,0,0,0,5,0,0.8,0.2631578947368421,0.19736019533980045,0.2614480658114127,0.9362762017636689,0.48838207213386936,0.0,0.2982456140350877,0.010370803758113754
216,114,100.0,114,0,106,8,0,0.0,0.7385727572913985,0.7333628413140795,0.2401602639676972,0.5492460554992561,0.25590138275771357,0.9117072775168236,9.228070175438596,2.4305875750258568,0.3432339948317753,0.01865167383919745,0.001520940058137962,0.0,0.01865167383919745,0.0023945723009167093,0,0,0,8,0,0.875,0.2719298245614035,0.20063133613606918,0.259681054504175,0.9145559396591625,0.49067645230015794,0.0,0.33333333333333337,0.010367816977099263
217,114,100.0,114,0,106,8,0,0.0,0.7379570728306514,0.7329243132290938,0.22558698198704083,0.5501476429513236,0.2631613638631128,0.9241040378572375,9.228070175438596,2.4305875750258568,0.3406917654026085,0.0034542501733038416,0.0012158148437336784,0.0,0.0034542501733038416,0.00035432593202396057,0,0,0,8,0,1.0,0.2807017543859649,0.19460380414024464,0.26636038343331037,0.9098414800566237,0.4902501098521259,0.0,0.2982456140350877,0.0103756954910895
218,114,100.0,114,0,106,8,0,0.0,0.734221531983261,0.7292105882716927,0.2271588928161192,0.5509551042608947,0.26413087521657,0.9312601673442912,9.228070175438596,2.4305875750258568,0.3409592369693508,0.011551609196779507,0.0013758056803030714,0.0,0.011551609196779507,-0.00021045870403595818,0,0,0,8,0,0.875,0.2631578947368421,0.19555256011612623,0.25609114180840953,0.9149414966503233,0.4943374066752367,0.0,0.33333333333333337,0.010366830813984335
219,114,100.0,114,0,106,8,0,0.0,0.731933076748601,0.7270460131845773,0.23211886639401436,0.5517008500017069,0.2653205948746419,0.9385668454253456,9.228070175438596,2.4305875750258568,0.33722671245557967,0.011404917672392956,0.0013453565122136656,0.0,0.011404917672392956,0.0007477714739242691,0,0,0,8,0,0.875,0.24561403508771928,0.1943097087840726,0.24765035193887408,0.9351365974589301,0.4899456605367846,0.0,0.2982456140350877,0.01036445153946977
220,114,100.0,114,0,106,8,0,0.0,0.733509619462061,0.7286669632311545,0.24478897455605184,0.5524599886275452,0.2572109598719327,0.9267822827509704,9.228070175438596,2.4305875750258568,0.34209941292750523,0.031546703866170346,0.0014862982044280136,0.0,0.031546703866170346,0.000707469887352024,0,0,0,8,0,0.75,0.2543859649122807,0.20072102024599503,0.23769793909859416,0.9488611795279973,0.4995312225262683,0.0,0.2631578947368421,0.010381560017595493
221,114,100.0,114,0,103,11,0,0.0,0.741397919749716,0.7365011087558279,0.2701677510427163,0.5533530083384522,0.2486152267814929,0.9151721883283253,9.228070175438596,2.4305875750258568,0.34746814792516867,0.02256575813989698,0.0014801506589316971,0.0,0.02256575813989698,0.000893215118763363,0,0,0,11,0,0.8181818181818182,0.2719298245614035,0.2097024318822621,0.22147693088822756,0.9422824939966562,0.5129652509544532,0.0,0.2631578947368421,0.010431854332101687
222,114,100.0,114,0,104,10,0,0.0,0.7441791187628183,0.7392310432653837,0.2678747960549879,0.55427740518242,0.24729898589862054,0.9117413323330243,9.228070175438596,2.4305875750258568,0.3480954211753102,0.017489182866998815,0.0015114454280623377,0.0,0.017489182866998815,-0.00032620859981701835,0,0,0,10,0,0.9,0.2719298245614035,0.209428651410816,0.22096893816956775,0.9390054602305589,0.5133573763748349,0.0,0.2631578947368421,0.010456994464583903
223,114,100.0,114,0,102,12,0,0.0,0.7476196979255404,0.7427979110845434,0.2581202780242852,0.5552486904283783,0.2512872125700657,0.9159536289713258,9.228070175438596,2.4305875750258568,0.3448578146250634,0.015423213198139676,0.0013889418824115653,0.0,0.015423213198139676,0.0010667746460231696,0,0,0,12,0,0.9166666666666666,0.2894736842105263,0.20352805896150802,0.2231515469651523,0.940414258520911,0.5100771637518411,0.0,0.2631578947368421,0.010486001329650677
224,114,100.0,114,0,104,10,0,0.0,0.745223201163002,0.7403704287114261,0.2683522336572374,0.5561491660678729,0.2477019451495269,0.911404882691414,9.228070175438596,2.4305875750258568,0.3478971795719712,0.002035794853209442,0.0013288364615883222,0.0,0.002035794853209442,-0.0008981106467326194,0,0,0,10,0,1.0,0.2894736842105263,0.2087983803824237,0.21272498568714732,0.9266939412712516,0.5156320975463992,0.0,0.2631578947368421,0.010484962270342828
225,114,100.0,114,0,106,8,0,0.0,0.7498737647785558,0.7449717894933767,0.2880491515243386,0.5571172269411162,0.23945378429295203,0.8977235820785708,9.228070175438596,2.4305875750258568,0.3538831106844931,0.021646051607652938,0.0014666644142053954,0.0,0.021646051607652938,-0.0005613517544476136,0,0,0,8,0,0.875,0.2982456140350877,0.21759912590021455,0.20519447541262328,0.948890856069591,0.5244447554597811,0.0,0.2982456140350877,0.010519979872072467
226,114,100.0,114,0,106,8,0,0.0,0.7458717276711657,0.7411116394433789,0.2825327983343624,0.5579866987850618,0.24367829833412277,0.8971543351244333,9.228070175438596,2.4305875750258568,0.35292051802793467,0.021370552223639438,0.0014766009054686768,0.0,0.021370552223639438,0.00010855357912051278,0,0,0,8,0,0.875,0.2807017543859649,0.21593813277845883,0.20023815800244674,0.9359791137785508,0.5286882784084755,0.0,0.2631578947368421,0.010510536323839161
227,113,99.12280701754386,114,1,107,6,0,0.008771929824561403,0.7477135663792941,0.7425188890077649,0.2868323745462855,0.5588681696205774,0.24742936777740207,0.8318680340148294,9.228070175438596,2.4305875750258568,0.3531367455218519,0.03427156989805346,0.001467563457445746,0.0,0.03427156989805346,0.000325556230404351,0,1,0,6,0,0.7142857142857143,0.30701754385964913,0.2174625299250077,0.20989847509701054,0.9325832888504787,0.524326457154375,0.008771929824561403,0.2982456140350877,0.010530457977682563
228,113,99.12280701754386,114,0,106,8,0,0.0,0.7445291091306099,0.7394948386609628,0.2774058844490771,0.5596636450621658,0.2545134550393163,0.8769401866757043,9.228070175438596,2.4305875750258568,0.3495481520741517,0.02092264571700798,0.001454597706199553,0.0,0.02092264571700798,0.001604730570458679,0,0,0,8,0,0.875,0.3157894736842105,0.21267411772791056,0.20061812870397702,0.9406123254958351,0.5211348473841432,0.0,0.33333333333333337,0.010524203055061956
229,113,99.12280701754386,114,0,105,9,0,0.0,0.7406939681994544,0.735688748919537,0.2677119991436163,0.5603657775010292,0.26248924215062486,0.884765390274088,9.228070175438596,2.4305875750258568,0.34746478036097184,0.02051582079380495,0.001414423020430819,0.0,0.02051582079380495,0.0023734884656594225,0,0,0,9,0,0.8888888888888888,0.30701754385964913,0.20914186003325058,0.1982211996430133,0.9310918375182883,0.5182742191203608,0.0,0.2982456140350877,0.010513560322315799
230,113,99.12280701754386,114,0,107,7,0,0.0,0.7350799645872312,0.7301056442724585,0.25040629318214147,0.5609422821977913,0.2697059917157462,0.8909262812151517,9.228070175438596,2.4305875750258568,0.34453912487739813,0.025178479973671643,0.0015914993620638174,0.0,0.025178479973671643,0.001136066157126184,0,0,0,7,0,0.8571428571428571,0.3157894736842105,0.20360705920366612,0.20684037506946304,0.9298020768944941,0.5110224098194593,0.0,0.2631578947368421,0.010492496530019154
231,113,99.12280701754386,114,0,106,8,0,0.0,0.7399655438304834,0.735019570198015,0.2504128644084212,0.5616003242614184,0.2704659460690695,0.8647023578308508,9.228070175438596,2.4305875750258568,0.34354860995092507,0.021415885961340076,0.0014747438385234908,0.0,0.021415885961340076,0.0008523026742650319,0,0,0,8,0,0.875,0.2982456140350877,0.2025316436836117,0.21728285670298422,0.9536860479855458,0.5102383472015096,0.0,0.22807017543859648,0.010524921570553895
232,114,100.0,114,0,106,8,0,0.0,0.7388348106009258,0.7338453815315054,0.24339362516696336,0.5622195402893402,0.2740928960484033,0.8705574024917444,9.228070175438596,2.4305875750258568,0.3431511460566612,0.022490232203483562,0.0014379791994515285,0.0,0.022490232203483562,0.0005005754862235992,0,0,0,8,0,0.875,0.2719298245614035,0.20063712495337746,0.21627256591007807,0.9490020134885839,0.5089700143417304,0.0,0.2982456140350877,0.010526793198324726
233,114,100.0,114,0,107,7,0,0.0,0.7345342106205784,0.7295776706475288,0.24280615264585428,0.5627407213690374,0.2824980761637279,0.9555182709951624,9.228070175438596,2.4305875750258568,0.3414134235721489,0.024718626293753283,0.001569599949970194,0.0,0.024718626293753283,-0.0010196736493686051,0,0,0,7,0,0.8571428571428571,0.24561403508771928,0.20052664052935307,0.2269066483521425,0.9469609924747457,0.5030149224810391,0.0,0.2982456140350877,0.010511624079706242
234,113,99.12280701754386,114,1,106,7,0,0.008771929824561403,0.7346604250144436,0.7294831423668869,0.2571629221994281,0.563252843102221,0.2844110278165882,0.9964411728306563,9.228070175438596,2.4305875750258568,0.34162572531059476,0.022580206953892314,0.0015766788183438699,0.0,0.022580206953892314,0.00023029293891063674,0,1,0,7,0,0.875,0.2631578947368421,0.20442719532186743,0.2195726935087056,0.9469609924747457,0.5035112568585034,0.008771929824561403,0.2982456140350877,0.010518478935283453
235,113,99.12280701754386,114,0,106,8,0,0.0,0.7403223830585655,0.7351418826657932,0.25284464865516953,0.5638571032889071,0.2898703917222679,0.9491795469674985,9.228070175438596,2.4305875750258568,0.3392907474222777,0.020140457318376492,0.0015485325830174792,0.0,0.020140457318376492,0.00038977721498406614,0,0,0,8,0,0.875,0.2543859649122807,0.2006503895230676,0.22135296701952342,0.9419271357976201,0.5002520688614752,0.0,0.33333333333333337,0.010554132262013273
236,113,99.12280701754386,114,0,104,10,0,0.0,0.7493489542265532,0.7440282282484272,0.27012078341095214,0.5646194687318593,0.28099945605586774,0.9520935817923749,9.228070175438596,2.4305875750258568,0.3434795959103396,0.01672776307598371,0.001584365605809682,0.0,0.01672776307598371,0.00013178734186541086,0,0,0,10,0,0.9,0.2543859649122807,0.20687387819526473,0.22347777266575714,0.9353682053494139,0.5085278413425676,0.0,0.2982456140350877,0.010608530097719554
237,113,99.12280701754386,114,0,102,12,0,0.0,0.7480006607804186,0.7426878194306741,0.2618183298369328,0.5653372403669358,0.27966098362037417,0.9904910701821986,9.228070175438596,2.4305875750258568,0.34201056545052366,0.01481672209142206,0.0014914625238091085,0.0,0.01481672209142206,0.0009326753766126771,0,0,0,12,0,0.9166666666666666,0.2543859649122807,0.20392158285347223,0.22900810662763682,0.93509979190557,0.5020127240880666,0.0,0.2631578947368421,0.010610511664578496
238,113,99.12280701754386,114,0,104,10,0,0.0,0.7381083864663157,0.7329198074135339,0.2539468747248407,0.5658476298647004,0.28792836598734295,1.0204596944304727,9.228070175438596,2.4305875750258568,0.33740432560610434,0.01621829738963935,0.001538925023557206,0.0,0.01621829738963935,0.0008538378382577372,0,0,0,10,0,0.9,0.2719298245614035,0.20039552124157842,0.23062620142585946,0.9452647393592583,0.4932572895674393,0.0,0.2982456140350877,0.010567253024866432
239,114,100.0,114,0,102,12,0,0.0,0.7400147078257293,0.7347123870998843,0.2591210619951167,0.5663804700740512,0.28323124700825025,1.0177177482141924,9.228070175438596,2.4305875750258568,0.33583420634968975,0.020222569953814263,0.0014824838951792158,0.0,0.020222569953814263,0.0002901607191571158,0,0,0,12,0,0.8333333333333334,0.2807017543859649,0.19979230790768196,0.22982795980468398,0.9490080884211783,0.4898098466962151,0.0,0.2982456140350877,0.010583260205625111
240,114,100.0,114,0,101,13,0,0.0,0.7439414056433443,0.7387333631121593,0.2575478028219015,0.5669785458101582,0.28025141417396876,1.0198982892985222,9.228070175438596,2.4305875750258568,0.33513843816361866,0.018993171007044354,0.001512911504150888,0.0,0.018993171007044354,-0.0008115053896242546,0,0,0,13,0,0.8461538461538461,0.2719298245614035,0.19763780860520908,0.22519071354767564,0.949798806560371,0.4915503776991327,0.0,0.2982456140350877,0.010610162071978717
241,114,100.0,114,0,102,12,0,0.0,0.7412545777987578,0.736280759621806,0.2551452826202637,0.567514394651173,0.28521724935636644,1.0382626099872874,9.228070175438596,2.4305875750258568,0.3348982736792352,0.0201325244082261,0.0015660351492008736,0.0,0.0201325244082261,-0.0015427985668896766,0,0,0,12,0,0.8333333333333334,0.2719298245614035,0.19727136649529262,0.22201633311081576,0.9551802982344407,0.4944129569727646,0.0,0.2631578947368421,0.010603240070431098
242,114,100.0,114,0,102,12,0,0.0,0.7384319585537036,0.7334690496536783,0.2447971100037817,0.5679825463583325,0.28679970362700613,1.0374545388786338,9.228070175438596,2.4305875750258568,0.331979005463062,0.020643167548277247,0.0015522192113548116,0.0,0.020643167548277247,-0.0010999104344284472,0,0,0,12,0,0.8333333333333334,0.2543859649122807,0.1934184177153769,0.24333511916112963,0.9601765873317657,0.48247955333606746,0.0,0.22807017543859648,0.01059481639281907
243,114,100.0,114,0,104,10,0,0.0,0.7423454186840316,0.7372829178886551,0.24939376065889982,0.5685134787542231,0.2821372989056219,1.019946456000656,9.228070175438596,2.4305875750258568,0.33199919058319893,0.024449527349490012,0.0015574820832088144,0.0,0.024449527349490012,-0.001784407730950599,0,0,0,10,0,0.8,0.2631578947368421,0.19376996871309163,0.2501110487904281,0.9532116775394559,0.4794824046333769,0.0,0.22807017543859648,0.010620836081893863
244,114,100.0,114,0,103,11,0,0.0,0.7475017095556938,0.7424503659461917,0.2704441581512151,0.5691319858536135,0.2751097669323272,1.0252310347428044,9.228070175438596,2.4305875750258568,0.3374462673037253,0.02259532975849682,0.0013651081237552728,0.0,0.02259532975849682,-0.000888520578063308,0,0,0,11,0,0.8181818181818182,0.2631578947368421,0.202104131323594,0.24679672892345697,0.9551802982344407,0.48665499446771543,0.0,0.2631578947368421,0.010654134214606393
245,114,100.0,114,0,104,10,0,0.0,0.7527902668710862,0.747594245470135,0.3015189468343729,0.5698354807935619,0.2711106278260805,1.0145394312960003,9.228070175438596,2.4305875750258568,0.3397747247623817,0.02391422770035764,0.001470646326742637,0.0,0.02391422770035764,-0.0020417736189836722,0,0,0,10,0,0.8,0.2543859649122807,0.2104017918986169,0.24327665178537927,0.9500146505886208,0.48563255911883185,0.0,0.2631578947368421,0.010689126531484017
246,114,100.0,114,0,104,10,0,0.0,0.7499694551613718,0.7447709963505142,0.2953572901906782,0.5704669794390582,0.27367080545791284,1.016227592323792,9.228070175438596,2.4305875750258568,0.3387658226339958,0.023915595492900395,0.0015614450707429374,0.0,0.023915595492900395,0.0004655431982483971,0,0,0,10,0,0.8,0.2543859649122807,0.20901445436548277,0.24644603893259653,0.9295812564239985,0.4813378206504994,0.0,0.2982456140350877,0.010682697036742388
247,114,100.0,114,0,104,10,0,0.0,0.7453858704736913,0.7402260147444415,0.2748669883928956,0.5709947531503772,0.2844988351026445,1.0227533849166297,9.228070175438596,2.4305875750258568,0.3365904691706343,0.02746926262769487,0.0016628447283345282,0.0,0.02746926262769487,-0.003225657502969542,0,0,0,10,0,0.8,0.2631578947368421,0.20361716589313625,0.25867353169827,0.9564324277838084,0.4795791223208847,0.0,0.2631578947368421,0.010666193114429772
248,113,99.12280701754386,114,1,101,12,0,0.008771929824561403,0.7466720520424902,0.7408037497873494,0.26583559639941945,0.5715358459304729,0.2859254110388641,1.0174248427620038,9.228070175438596,2.4305875750258568,0.33286884501754077,0.021769912976857046,0.0016043452452119847,0.0,0.021769912976857046,-0.0008748471162915311,0,1,0,12,0,0.8461538461538461,0.23684210526315788,0.1990879328015271,0.2590772713783429,0.9648201246120495,0.473896336084853,0.008771929824561403,0.2631578947368421,0.01067919988921495
249,113,99.12280701754386,114,0,105,9,0,0.0,0.7510258566521134,0.7450973997640686,0.27412011052892754,0.5721323625288728,0.27634923343266565,1.0011704598627709,9.228070175438596,2.4305875750258568,0.33661209763328515,0.0037238733407382995,0.0016367896343179964,0.0,0.0037238733407382995,-0.0008743170614643963,0,0,0,9,0,1.0,0.23684210526315788,0.20356914941868928,0.25996011780286,0.948705911386515,0.4788264943113267,0.0,0.22807017543859648,0.010708218341424904
250,113,99.12280701754386,114,0,106,8,0,0.0,0.7482647686533803,0.7422835363839677,0.28427744825862766,0.5726596655379933,0.27956976179876986,1.0064298103470284,9.228070175438596,2.4305875750258568,0.3403008347521783,0.005538831169209319,0.0016462940223875015,0.0,0.005538831169209319,-0.001488210029921739,0,0,0,8,0,1.0,0.2631578947368421,0.20927717940108506,0.2565870782639384,0.9561674527671298,0.4842589089105003,0.0,0.22807017543859648,0.010700821182142448
251,113,99.12280701754386,114,0,106,8,0,0.0,0.75310895496752,0.7469810720232045,0.30743564966245157,0.5732654941597548,0.2670151072327765,0.9787340750820244,9.228070175438596,2.4305875750258568,0.344221207061685,0.0059565949216447665,0.0016996974225085256,0.0,0.0059565949216447665,-0.0022899020077723348,0,0,0,8,0,1.0,0.2807017543859649,0.2171805055218122,0.2482074230283409,0.9436507233272571,0.49205003344206794,0.0,0.22807017543859648,0.010732404711316389
252,113,99.12280701754386,114,0,107,7,0,0.0,0.7455673798077717,0.7397469580458282,0.29772249251916005,0.5737159324059123,0.2657683418640252,0.974394449462634,9.228070175438596,2.4305875750258568,0.34359487425939506,0.02641058078169266,0.0017277683391427902,0.0,0.02641058078169266,-0.004954456405332768,0,0,0,7,0,0.8571428571428571,0.2894736842105263,0.21509981751644877,0.230182800322808,0.9368722537323033,0.49445998622922166,0.0,0.19298245614035087,0.010700170983539783
253,114,100.0,114,0,111,3,0,0.0,0.7408077951522832,0.735042671594325,0.2767228554027449,0.5740639489144382,0.2727962572637269,0.9526767215952798,9.228070175438596,2.4305875750258568,0.3414200145279047,0.014489038243289183,0.0018519840828199905,0.0,0.014489038243289183,-0.010530948543592933,0,0,0,3,0,1.0,0.2894736842105263,0.2095079996764921,0.24095218868356247,0.9494777192701782,0.4890427593286323,0.0,0.19298245614035087,0.010680602483269975
254,114,100.0,114,0,110,4,0,0.0,0.7484117460843435,0.7425925747417338,0.3030222051883775,0.5745503121832108,0.268708224219137,0.9474268045216051,9.228070175438596,2.4305875750258568,0.3449616180450972,0.04508438649755875,0.0018012177360880257,0.0,0.04508438649755875,-0.009625546056888437,0,0,0,4,0,0.75,0.2807017543859649,0.21694231234361117,0.22035236462725705,0.943353471979361,0.4970835845376063,0.0,0.22807017543859648,0.010724532980520415
255,114,100.0,114,0,108,6,0,0.0,0.7456978970745181,0.7398050641789267,0.29011086584854384,0.5749706516584895,0.27133788895113337,0.9414236063779086,9.228070175438596,2.4305875750258568,0.34333513693344764,0.0312183484479263,0.001697555635274887,0.0,0.0312183484479263,-0.0054696143855283985,0,0,0,6,0,0.8333333333333334,0.2807017543859649,0.21347231595204053,0.2283989029040019,0.9616948052667844,0.493682652124572,0.0,0.22807017543859648,0.010716072095000813
256,114,100.0,114,0,110,4,0,0.0,0.7505425227500558,0.7444878211834012,0.29847015809998334,0.5754718292226445,0.26809470262187957,0.9539404321170369,9.228070175438596,2.4305875750258568,0.34338213077832846,0.036184719820521904,0.0018900432023515306,0.0,0.036184719820521904,-0.006146380798128695,0,0,0,4,0,0.75,0.2719298245614035,0.2147957762810267,0.22631779659328424,0.9387133124845437,0.4917443852353069,0.0,0.29824561403508776,0.010746386003180087
257,114,100.0,114,0,109,5,0,0.0,0.7548172683652088,0.7486165347296544,0.3293744437101097,0.5760411068259674,0.2613058506250923,0.9418936835636351,9.228070175438596,2.4305875750258568,0.3487440900793408,0.03779925074025252,0.0017563454795382326,0.0,0.03779925074025252,-0.002632344273952103,0,0,0,5,0,0.8,0.2719298245614035,0.2248584749331018,0.21213153267095217,0.9617566184053993,0.500596958246219,0.0,0.2631578947368421,0.010774678126602738
258,114,100.0,114,0,109,5,0,0.0,0.755013368813847,0.7488650551363369,0.2980955118074194,0.5766013800434975,0.26436747143345746,0.9450280845558783,9.228070175438596,2.4305875750258568,0.3460546811880416,0.03786346008593102,0.0016215288465523542,0.0,0.03786346008593102,-0.0012944790056114096,0,0,0,5,0,0.8,0.2719298245614035,0.2155378921605816,0.22971831657362582,0.956841089097698,0.49837495146723587,0.0,0.29824561403508776,0.01078246759445167
259,114,100.0,114,0,107,7,0,0.0,0.7615155419290938,0.7554508740658863,0.3153752021244883,0.5772760946071085,0.2618304844631181,0.9438322435387569,9.228070175438596,2.4305875750258568,0.3483379341940147,0.03160239189632237,0.0015189202761174084,0.0,0.03160239189632237,6.233809384454629e-06,0,0,0,7,0,0.8571428571428571,0.2807017543859649,0.2194063582375676,0.22689191918149146,0.9670149835610824,0.5002140716788285,0.0,0.2631578947368421,0.010823178224202914
260,114,100.0,114,0,110,4,0,0.0,0.7593706675330534,0.7533591987221884,0.2921752195294011,0.5778937376415583,0.2680157708512489,0.9516944608516532,9.228070175438596,2.4305875750258568,0.34525965864700825,0.04071869074476177,0.0015103758245469492,0.0,0.04071869074476177,-4.655372255710222e-05,0,0,0,4,0,0.75,0.2894736842105263,0.2119844950602855,0.23532166868507653,0.9592872970085049,0.4921165611887992,0.0,0.29824561403508776,0.010819960029649385
261,114,100.0,114,0,111,3,0,0.0,0.7537056014548331,0.7477844246679404,0.27891614162211903,0.5783879685087561,0.2719925951116514,0.9660695007438264,9.228070175438596,2.4305875750258568,0.3436665407738997,0.047384810550948224,0.0017856225924645001,0.0,0.047384810550948224,-0.0033501836595781764,0,0,0,3,0,0.6666666666666666,0.2807017543859649,0.20898086944042893,0.2452363533496945,0.9607675426087773,0.48673008430933623,0.0,0.29824561403508776,0.010797641056283312
262,114,100.0,114,0,111,3,0,0.0,0.7507478320065833,0.7448053179252467,0.2671634866088548,0.5788122588232361,0.27947118019669526,0.9687637137209995,9.228070175438596,2.4305875750258568,0.3419560748615027,0.04788126367780035,0.0016429264075039924,0.0,0.04788126367780035,-0.0028135808184315547,0,0,0,3,0,0.6666666666666666,0.2982456140350877,0.20563106450372678,0.2669600123863737,0.953421379248995,0.47829637764973415,0.0,0.33333333333333337,0.010788008582874957
263,114,100.0,114,0,112,2,0,0.0,0.7483535223332547,0.7423846107625865,0.2627769868239401,0.5791791664640316,0.28261452057646097,0.9639769709086784,9.228070175438596,2.4305875750258568,0.34391811908993253,0.0704713043017562,0.0021148695449783967,0.0,0.0704713043017562,-0.008088229288919585,0,0,0,2,0,0.5,0.2807017543859649,0.20686352592321,0.27035386877452794,0.9567095813643525,0.48052649160452426,0.0,0.2982456140350877,0.010780496040272812
264,114,100.0,114,0,113,1,0,0.0,0.7492694517130284,0.7431609647713969,0.2676682139470851,0.5795522520645591,0.28523520412537506,0.9740731325874744,9.228070175438596,2.4305875750258568,0.344179383048717,0.13762372632730507,0.0024904452383945124,0.0,0.13762372632730507,-0.009198431307263832,0,0,0,1,0,0.0,0.2894736842105263,0.20875953467918074,0.27620273467566886,0.9605509453581671,0.47992905392006197,0.0,0.2982456140350877,0.010789609773296996
265,114,100.0,114,0,113,1,0,0.0,0.751932007753613,0.7458315239373515,0.27643060530950014,0.5799681977162532,0.2848106679805806,0.9784247630148701,9.228070175438596,2.4305875750258568,0.34439863351291256,0.009431812301080521,0.0009513294019464747,0.0,0.009431812301080521,0.006922754061687464,0,0,0,1,0,1.0,0.2894736842105263,0.21022518549160762,0.27007122746481843,0.9638443379577303,0.4839051835933469,0.0,0.2631578947368421,0.010807977515164388
266,114,100.0,114,0,111,3,0,0.0,0.751968478460931,0.7461471832453255,0.27416016066597326,0.5803801713453537,0.2786041734077845,0.9652460425379763,9.228070175438596,2.4305875750258568,0.3445710136175062,0.004725923623327486,0.0014899337729042748,0.0,0.004725923623327486,0.005618951719722117,0,0,0,3,0,1.0,0.2894736842105263,0.2090460556679283,0.24573823263016656,0.9588597506036329,0.4914856182565732,0.0,0.2982456140350877,0.010813166558621627
267,114,100.0,114,0,110,4,0,0.0,0.7513832034815379,0.7453674001731855,0.2770742699090832,0.580766968946242,0.2807636539133397,0.9793787315483535,9.228070175438596,2.4305875750258568,0.34805053084955073,0.007780677252288374,0.0014966924432425212,0.0,0.007780677252288374,0.0015312747041723446,0,0,0,4,0,1.0,0.30701754385964913,0.21265680097062048,0.2465166143219345,0.9577341942948957,0.4976611578533822,0.0,0.2982456140350877,0.010814940910938507
268,114,100.0,114,0,110,4,0,0.0,0.7483582432083832,0.742362805359279,0.28022745841389507,0.581085941646121,0.2808678252881739,0.9758049555633845,9.228070175438596,2.4305875750258568,0.34702285755819684,0.00641303128669813,0.0014680485773171962,0.0,0.00641303128669813,0.0007749686768443176,0,0,1,3,0,1.0,0.30701754385964913,0.21255513196319037,0.23282554509514392,0.9615636959087045,0.4979073286757958,0.0,0.2631578947368421,0.010803692564978226
269,114,100.0,114,0,109,5,0,0.0,0.7440943819362759,0.7382656502730875,0.27204714675313363,0.5813174934812259,0.27977438690200435,0.9684880269594234,9.228070175438596,2.4305875750258568,0.3468825592991476,0.005863528443751923,0.0014454302080479967,0.0,0.005863528443751923,0.0010538650975729646,0,0,0,5,0,1.0,0.2807017543859649,0.2112176645754043,0.22429918602630097,0.9561508419871776,0.5019453655484518,0.0,0.2631578947368421,0.010785187293684589
270,114,100.0,114,0,109,5,0,0.0,0.7502840231903622,0.7442013817028801,0.27626927623995573,0.581658835766692,0.27668042687878,0.9419315642057409,9.228070175438596,2.4305875750258568,0.3473158953667861,0.004270200245588318,0.0014827309991639474,0.0,0.004270200245588318,0.0023721674948324113,0,0,0,5,0,1.0,0.2807017543859649,0.21188637685284764,0.22901868986198257,0.9545848175470102,0.4993817099337096,0.0,0.2631578947368421,0.010820283811544446
271,114,100.0,114,0,108,6,0,0.0,0.7476115749806717,0.7416100463518728,0.2634263980743265,0.5819414936889244,0.2794460656796775,0.929597003985858,9.228070175438596,2.4305875750258568,0.3477599163533147,0.005488377750966723,0.0014280134596605422,0.0,0.005488377750966723,0.00025083496757694057,0,0,0,6,0,1.0,0.2894736842105263,0.20947728607262997,0.2393634625421912,0.954588313722806,0.49951984765053087,0.0,0.2631578947368421,0.010810356694664798
272,114,100.0,114,0,108,6,0,0.0,0.7519051409760577,0.7458109799771085,0.2592751029744881,0.5822989672594032,0.2809154465925553,0.9302531939482919,9.228070175438596,2.4305875750258568,0.345662764801312,0.005073345655530497,0.0014462669528232741,0.0,0.005073345655530497,0.0013878906108714395,0,0,0,6,0,1.0,0.2719298245614035,0.20609556633268608,0.24090411797587677,0.9441943901785419,0.496415529079894,0.0,0.2982456140350877,0.010836168878735758
273,114,100.0,114,0,108,6,0,0.0,0.7596084164471952,0.7534000770033384,0.2666224820433749,0.582795319841195,0.2739464591694609,0.9167221801767529,9.228070175438596,2.4305875750258568,0.3481844736917954,0.004383347774521385,0.0014279648929439084,0.0,0.004383347774521385,0.0005928783359637202,0,0,0,6,0,1.0,0.2807017543859649,0.20859997129169858,0.24438448634857257,0.9458800132409896,0.5020261594835098,0.0,0.2982456140350877,0.01088071739818212
274,114,100.0,114,0,107,7,0,0.0,0.7587198003938239,0.7526784129638857,0.2509109171000471,0.5832655755976244,0.280260793446256,0.9219494004218363,9.228070175438596,2.4305875750258568,0.344983419303327,0.023922181904730916,0.0015714983936512186,0.0,0.023922181904730916,-0.0012253012889118905,0,0,0,7,0,0.8571428571428571,0.2631578947368421,0.20197672136967573,0.256236719115228,0.9375969457114472,0.4954688792122581,0.0,0.29824561403508776,0.010881989306908571
275,114,100.0,114,0,109,5,0,0.0,0.7592291187334004,0.7531814845987858,0.24119366226334996,0.5837341834533882,0.28452220933328565,0.919950757351847,9.228070175438596,2.4305875750258568,0.34394770302851296,0.005075288828216675,0.0013721389980245855,0.0,0.005075288828216675,0.0013569405077174634,0,0,0,5,0,1.0,0.2719298245614035,0.19868669909446035,0.26548190519840204,0.9374180322596459,0.4921014877339017,0.0,0.33333333333333326,0.01089023086076535
276,114,100.0,114,0,108,6,0,0.0,0.7620833735688574,0.7559924348171961,0.23398641342426518,0.5842460594702333,0.28856348684430766,0.9263971841575331,9.228070175438596,2.4305875750258568,0.34079604253471385,0.004900273014183765,0.0013351750201681678,0.0,0.004900273014183765,0.0019728117413086166,0,0,0,6,0,1.0,0.2719298245614035,0.19409990462895763,0.2660842484768411,0.9576427600454454,0.48613682717004997,0.0,0.2982456140350877,0.010910722932375121
277,114,100.0,114,0,107,7,0,0.0,0.7640879043415455,0.7578120315629789,0.24973289043362962,0.5847808754061483,0.28222157700254974,0.9169171621017962,9.228070175438596,2.4305875750258568,0.3469019674635234,0.004664420160861331,0.0014293475398924193,0.0,0.004664420160861331,0.0010013290992371296,0,0,0,7,0,1.0,0.2719298245614035,0.20278249252688135,0.2646486443305159,0.9456333265033067,0.49477351515970464,0.0,0.33333333333333326,0.010927245171082366
278,114,100.0,114,0,107,7,0,0.0,0.767723466945939,0.7613259040551479,0.2560217154616803,0.5853710183709331,0.2779085816061182,0.9027122173496185,9.228070175438596,2.4305875750258568,0.34866852731423337,0.005793982804687922,0.0014112408603289088,0.0,0.005793982804687922,0.0014722276062498127,0,0,0,7,0,1.0,0.2807017543859649,0.20543749387902796,0.27112416782134396,0.9477231475063679,0.4966335082538635,0.0,0.2982456140350877,0.010952594954892807
279,113,99.12280701754386,114,1,105,8,0,0.008771929824561403,0.7753712251274368,0.771249134200264,0.26200830325478874,0.5860918081688444,0.2794522793596066,0.9038848249576606,9.228070175438596,2.4305875750258568,0.3495131665125193,0.004116562793966353,0.0013055718351760346,0.0,0.004116562793966353,-0.000586642225744221,0,1,0,8,0,1.0,0.2631578947368421,0.20639917601304572,0.2830688176953666,0.9446219438159711,0.49137782561363597,0.008771929824561403,0.3157894736842105,0.01099959345943534
280,113,99.12280701754386,114,0,99,15,0,0.0,0.7771536857109221,0.7731249643650103,0.26931599167402015,0.5868795169598712,0.2748789864441515,0.8990809755068707,9.228070175438596,2.4305875750258568,0.3488597878137376,0.017752375651647428,0.0016064086607569935,0.0,0.017752375651647428,0.0015038924002166406,0,0,0,15,0,0.8666666666666667,0.2719298245614035,0.20659396809504718,0.25449993977910257,0.945928219722171,0.49921559258442744,0.0,0.3157894736842105,0.01101807873835381
281,112,98.24561403508773,114,1,98,15,0,0.008771929824561403,0.7794646162437401,0.7742413851198408,0.29421139504370947,0.587692884062187,0.2692463810101688,0.8979332068868545,9.228070175438596,2.4305875750258568,0.3564680964433966,0.0173560425950336,0.0016119087062491958,0.0,0.0173560425950336,0.0033573050748496643,0,1,0,15,0,0.875,0.2807017543859649,0.21930117107477437,0.24803282317181763,0.9388750529422197,0.5191163244512633,0.008771929824561403,0.2807017543859649,0.011039518190882017
282,112,98.24561403508773,114,0,98,16,0,0.0,0.7801790975167406,0.7749469874382737,0.29459451154475863,0.5884771059946298,0.2720497777712752,0.9069023786218009,9.228070175438596,2.4305875750258568,0.35453344431794687,0.02966362084276508,0.0015552838705291706,0.0,0.02966362084276508,0.0005990928537707441,0,0,1,15,0,0.875,0.2631578947368421,0.21762370012309046,0.25111831571869725,0.945720290030659,0.5148110461582032,0.0,0.2807017543859649,0.01105262119767231
283,111,97.36842105263158,114,1,98,15,0,0.008771929824561403,0.7856806520035267,0.7805091514774297,0.31465659515629557,0.5893459575874415,0.26514713082758357,0.8968503340853917,9.228070175438596,2.4305875750258568,0.36035041725224115,0.03401436669875413,0.001388046341728361,0.0,0.03401436669875413,0.0015466003315563713,0,1,0,15,0,0.8125,0.2543859649122807,0.22600611977184049,0.2502404324080718,0.9474922071612242,0.5268271247886694,0.008771929824561403,0.21052631578947367,0.011090688069536388
284,112,98.24561403508773,114,0,105,9,0,0.0,0.7867211785156099,0.7816460690295491,0.31519499825556635,0.590220261756012,0.26704979940939366,0.8962824541238585,9.228070175438596,2.4305875750258568,0.3612253525912643,0.04503058845398141,0.001875519507496513,0.0,0.04503058845398141,-0.001897764431807071,0,0,0,9,0,0.7777777777777778,0.2719298245614035,0.22650200988737795,0.24895605414590624,0.9522610445306081,0.5322572178148455,0.0,0.2807017543859649,0.011106516066341408
285,112,98.24561403508773,114,0,102,12,0,0.0,0.7866122602017324,0.7816691333801218,0.308306786134551,0.591073763675485,0.2700170229559852,0.8934626588425729,9.228070175438596,2.4305875750258568,0.3604628533879777,0.03397684632699287,0.0017083362464860613,0.0,0.03397684632699287,-0.00017596159011004872,0,0,0,12,0,0.8333333333333334,0.2631578947368421,0.2237347413861258,0.23917351282533814,0.956976599988941,0.5344859133352035,0.0,0.2807017543859649,0.011116344030575681
286,112,98.24561403508773,114,1,104,9,0,0.008771929824561403,0.7908114291963888,0.7844043282575561,0.30704805175135486,0.5919892944696024,0.2712203491173831,0.9094679577329559,9.228070175438596,2.4305875750258568,0.3599752181530169,0.04030751805542582,0.0021032513397867807,0.0,0.04030751805542582,-0.0015873342697934056,0,1,0,9,0,0.8,0.2631578947368421,0.22254207843827736,0.2283327562615434,0.9539198776917073,0.5319599941260903,0.008771929824561403,0.22807017543859648,0.011148466264412637
287,112,98.24561403508773,114,0,108,6,0,0.0,0.7946564276430844,0.7882114145380307,0.3019000827979022,0.5929270111980984,0.276718029922928,0.9083510370651033,9.228070175438596,2.4305875750258568,0.35779642594560945,0.006172177800093231,0.001625809710470831,0.0,0.006172177800093231,9.210701441645744e-07,0,0,0,6,0,1.0,0.2543859649122807,0.21945723184615792,0.24092094159555044,0.9575155077409092,0.5294067981077085,0.0,0.22807017543859648,0.011179087269791999
288,113,99.12280701754386,114,0,108,6,0,0.0,0.7921298147483021,0.7856935382641868,0.2942947253256344,0.5937929765500096,0.27980583217839694,0.9096062751541154,9.228070175438596,2.4305875750258568,0.35773194162150834,0.006209280943553055,0.001415426499831508,0.0,0.006209280943553055,0.001816382736021795,0,0,0,6,0,1.0,0.2631578947368421,0.21797193033158932,0.2458402797622088,0.9420215597770271,0.5265639697618104,0.0,0.22807017543859648,0.011176978228441877
289,113,99.12280701754386,114,0,108,6,0,0.0,0.7923624554962558,0.7860372886060932,0.2886697026829867,0.5946445779781528,0.2817725838439402,0.8908057669733391,9.228070175438596,2.4305875750258568,0.3563423869482145,0.0066615934734869,0.0013946701004790296,0.0,0.0066615934734869,0.00044469183528590234,0,0,0,6,0,1.0,0.2631578947368421,0.2152386620339046,0.2385745411269257,0.9526587809866178,0.5268409542823248,0.0,0.2631578947368421,0.011188490891432243
290,113,99.12280701754386,114,0,105,9,0,0.0,0.7967816742920929,0.7904849841800952,0.29030495473564355,0.595561964596592,0.2795289831345411,0.8830760803409174,9.228070175438596,2.4305875750258568,0.35521722999763283,0.004263012663084943,0.0011095492239184285,0.0,0.004263012663084943,0.0038540743493822027,0,0,0,9,0,1.0,0.2807017543859649,0.21389980002329972,0.24384424431519225,0.9484741879942862,0.5242022811536323,0.0,0.33333333333333337,0.011221735927992794
291,114,100.0,114,0,103,11,0,0.0,0.7900030612730466,0.783992467462502,0.2863361902960103,0.5963308082861531,0.2800509300813497,0.879467973771034,9.228070175438596,2.4305875750258568,0.35638640365008123,0.007255605878151986,0.00129694497262182,0.0,0.007255605878151986,0.002323347976607099,0,0,0,11,0,1.0,0.2719298245614035,0.21465185814837792,0.2330541530900178,0.9471727030689726,0.5299230549480582,0.0,0.2982456140350877,0.011197186572492484
292,114,100.0,114,0,105,9,0,0.0,0.7908944423637823,0.785020479729389,0.2826807537336523,0.5971009539472675,0.2888855230271317,0.8945228192966929,9.228070175438596,2.4305875750258568,0.3557756030462065,0.007034228564243956,0.001221888241566772,0.0,0.007034228564243956,0.0020129532839526848,0,0,0,9,0,1.0,0.2631578947368421,0.2128460608046734,0.22434211687690656,0.943046780445979,0.5308263427788905,0.0,0.33333333333333326,0.011211003010320485
293,114,100.0,114,0,104,10,0,0.0,0.7935084440782492,0.7876868158798062,0.28192437366120277,0.5979042266517774,0.284183080914048,0.8782128400150073,9.228070175438596,2.4305875750258568,0.3556069342396837,0.005675140065799463,0.0013598584209790732,0.0,0.005675140065799463,0.0006508968571235701,0,0,0,10,0,1.0,0.2807017543859649,0.21180120434477173,0.21966388342974688,0.9478263382400822,0.5346194447802989,0.0,0.2982456140350877,0.011233835142167517
294,114,100.0,114,0,104,10,0,0.0,0.7956603874096372,0.78987925357779,0.2931297367394396,0.5987306064043598,0.2757640853181298,0.8620748640688237,9.228070175438596,2.4305875750258568,0.3598029459599541,0.0070345679184266735,0.0013347993848319736,0.0,0.0070345679184266735,-0.0005095654643763631,0,0,0,10,0,1.0,0.2719298245614035,0.21696431554352602,0.19617496486818845,0.9556705743864129,0.5489484460545895,0.0,0.2982456140350877,0.011254637800618854
295,114,100.0,114,0,105,9,0,0.0,0.7913245675965562,0.7855439776986044,0.28310516082664794,0.5994526021318636,0.2796453706779403,0.8912959717363734,9.228070175438596,2.4305875750258568,0.3583129829374194,0.0033538594279527516,0.0010698410282360452,0.0,0.0033538594279527516,0.0017524590815034423,0,0,0,9,0,1.0,0.3157894736842105,0.2143640811089341,0.2092107016453896,0.9494732435767149,0.5439479283587763,0.0,0.2982456140350877,0.011241733070775911
296,114,100.0,114,0,106,8,0,0.0,0.7948682484152761,0.7890446801013433,0.2794516346620517,0.6002251192310337,0.2844239860234349,0.8810817571516786,9.228070175438596,2.4305875750258568,0.3573690537938845,0.003741553517082887,0.0012942271606672263,0.0,0.003741553517082887,-0.000927014613652799,0,0,0,8,0,1.0,0.2807017543859649,0.2122261207897153,0.21050250396204898,0.9477132549046875,0.542363622039824,0.0,0.2982456140350877,0.0112688398271832
297,114,100.0,114,0,107,7,0,0.0,0.7943817420892547,0.788457937149046,0.2756839878983123,0.60096745058454,0.28348214409428496,0.8704878253981383,9.228070175438596,2.4305875750258568,0.3571957692567389,0.004120567273899895,0.001209824302405101,0.0,0.004120567273899895,-0.0016285787676284763,0,0,0,7,0,1.0,0.2982456140350877,0.21158666617443098,0.22262423800685374,0.9494732435767149,0.5387906801207282,0.0,0.2982456140350877,0.011275428802375018
298,113,99.12280701754386,114,1,106,7,0,0.008771929824561403,0.7958591653239107,0.7905237559208128,0.27968154754056945,0.6017172675212418,0.2889615914953691,0.8742421997276718,9.228070175438596,2.4305875750258568,0.35806047065565605,0.029897086711259697,0.0014150764666039125,0.0,0.029897086711259697,-2.483141443569009e-05,0,1,0,7,0,0.875,0.3157894736842105,0.2126112285253046,0.2142687563194041,0.9424626280188555,0.535904778012676,0.008771929824561403,0.3333333333333333,0.011291928397197752
299,113,99.12280701754386,114,0,108,6,0,0.0,0.7977459258481129,0.7922674431173465,0.28227629934800225,0.6024974056067937,0.2888949833983731,0.8804360358846542,9.228070175438596,2.4305875750258568,0.3570522798432423,0.008470072140537271,0.0016026450226521132,0.0,0.008470072140537271,-0.001131104211590489,0,0,0,6,0,1.0,0.2807017543859649,0.21239043620798018,0.22327952063701761,0.9484039324459173,0.5308655815839199,0.0,0.2982456140350877,0.011310843169506497
300,113,99.12280701754386,114,0,109,5,0,0.0,0.7980037950765283,0.7925078297488501,0.2891518810098335,0.603263255999048,0.29083308834295396,0.9031428415488597,9.228070175438596,2.4305875750258568,0.35730470161241557,0.009979917262811755,0.0014827482244392134,0.0,0.009979917262811755,-0.0017176579793232948,0,0,0,5,0,1.0,0.2631578947368421,0.21428752331291984,0.22220139490123914,0.9273949800002951,0.5299512122902023,0.0,0.3684210526315789,0.011321439847887284
301,113,99.12280701754386,114,0,106,8,0,0.0,0.806253156995851,0.8007443972793935,0.29848056870610135,0.6041706493164295,0.2872294071481749,0.8385340102356115,9.228070175438596,2.4305875750258568,0.35823769813628026,0.01438981051209603,0.0012342708293022887,0.0,0.01438981051209603,0.0028865372414469195,0,0,0,8,0,0.875,0.2543859649122807,0.21558149164098783,0.2224102665113536,0.9440216289267769,0.5314026899729449,0.0,0.3333333333333333,0.011373714152098344
302,113,99.12280701754386,114,0,107,7,0,0.0,0.8095774679934674,0.8041454919727418,0.2977857719695404,0.6051221209126074,0.2856528381820803,0.8582183094726058,9.228070175438596,2.4305875750258568,0.35573428393476947,0.015144951997701031,0.001383080653335759,0.0,0.015144951997701031,0.0024719399539778713,0,0,0,7,0,0.8571428571428571,0.2543859649122807,0.21284302961075896,0.21785750872394943,0.9384154707395771,0.5275026638944482,0.0,0.2982456140350877,0.011401898882284725
303,114,100.0,114,0,107,7,0,0.0,0.8043700516849654,0.7988656247094418,0.29283224201376756,0.6059478007202449,0.28804424179394633,0.9001593596662738,9.228070175438596,2.4305875750258568,0.3563475140383259,0.015637588409021474,0.0013502997709985188,0.0,0.015637588409021474,0.002470914554226592,0,0,0,7,0,0.8571428571428571,0.2543859649122807,0.21350348382795675,0.2169347355302023,0.9392859444139955,0.5323477083045624,0.0,0.3333333333333333,0.011385896236149183
304,114,100.0,114,0,106,8,0,0.0,0.8005456823997373,0.7951247875264701,0.29106088823345616,0.6066806721980514,0.28575367239743293,0.880677199425274,9.228070175438596,2.4305875750258568,0.3576567047596604,0.020039517217280076,0.0016002019044735372,0.0,0.020039517217280076,-0.0013340398582465454,0,0,0,8,0,0.875,0.2543859649122807,0.21532788812190584,0.21375742889835397,0.9465102603961636,0.5367178130051253,0.0,0.2982456140350877,0.01137568093126328
305,114,100.0,114,0,106,8,0,0.0,0.8042429956451544,0.7986884448398807,0.3027953983633635,0.6074650248422785,0.27198923828958177,0.8703143622213373,9.228070175438596,2.4305875750258568,0.36164762212544743,0.021798333738823228,0.0016180220423914799,0.0,0.021798333738823228,-0.001409780432105965,0,0,0,8,0,0.875,0.24561403508771928,0.22046268181010634,0.2080363428678975,0.9459765231539943,0.5433970006356857,0.0,0.3333333333333333,0.01140369968644785
306,114,100.0,114,0,107,7,0,0.0,0.8065413891855255,0.8011787858851339,0.2998892264464638,0.6082787370446082,0.2781372220758702,0.8672242804319544,9.228070175438596,2.4305875750258568,0.3567510871631243,0.021585000456501326,0.0014092614068885042,0.0,0.021585000456501326,-0.00011163855492888976,0,0,0,7,0,0.8571428571428571,0.23684210526315788,0.2155801718694881,0.19666550445910155,0.946628509299052,0.5404606395924653,0.0,0.3333333333333333,0.011425080647992853
307,114,100.0,114,0,104,10,0,0.0,0.8023537838192223,0.7970265440457783,0.2989414907025682,0.6089919321598652,0.2785464998514192,0.8667854109696295,9.228070175438596,2.4305875750258568,0.3570100434671668,0.01853470091919518,0.0012921854767509182,0.0,0.01853470091919518,0.002381442019823929,0,0,0,10,0,0.9,0.24561403508771928,0.21629151184438195,0.1963545766738727,0.9493085634295547,0.5421001786775651,0.0,0.2982456140350877,0.011412810037089901
308,114,100.0,114,0,105,9,0,0.0,0.8057966253661104,0.8004026367811026,0.3009712007273354,0.6097534395557025,0.2812618329824207,0.8701892375346238,9.228070175438596,2.4305875750258568,0.35567264553185596,0.01988588979123461,0.0014081630293079162,0.0,0.01988588979123461,0.0026012908969934422,0,0,0,9,0,0.8888888888888888,0.23684210526315788,0.21534080413648848,0.1966561727420138,0.9556992025091615,0.5406153577595958,0.0,0.2982456140350877,0.011439278796897403
309,114,100.0,114,0,107,7,0,0.0,0.7965350574124465,0.791313596597135,0.2787479233823398,0.610319704182273,0.2905852786273032,0.8862570682205885,9.228070175438596,2.4305875750258568,0.34975181045316295,0.02488110644022636,0.0014696669597849608,0.0,0.02488110644022636,-0.0014882991989704022,0,0,0,7,0,0.8571428571428571,0.2631578947368421,0.20709107167102397,0.20162090666798038,0.9418785720567509,0.5305355123328915,0.0,0.2982456140350877,0.01139985273595668
310,114,100.0,114,0,107,7,0,0.0,0.7905768701207222,0.7855480621063138,0.27053486889833206,0.610760096159214,0.29883493956044604,0.8916738397228552,9.228070175438596,2.4305875750258568,0.3463050885086416,0.019192122389827173,0.0016942619546520161,0.0,0.019192122389827173,-0.0025701297129843903,0,0,0,7,0,0.8571428571428571,0.2543859649122807,0.20358355791359012,0.18690363734400015,0.9506450867551468,0.5302105245923329,0.0,0.2631578947368421,0.011375413855834526
311,114,100.0,114,0,109,5,0,0.0,0.789997682240459,0.7848135107817197,0.2748570285683631,0.6111755008929,0.29710131783043425,0.9000167601161727,9.228070175438596,2.4305875750258568,0.3451949461262074,0.005495631781069112,0.0014172603060985736,0.0,0.005495631781069112,0.001738194065130888,0,0,0,5,0,1.0,0.2543859649122807,0.20445284741714845,0.19556780979405056,0.9431700324318406,0.5239417623799241,0.0,0.22807017543859648,0.011377566304354731
312,114,100.0,114,0,111,3,0,0.0,0.7924889728684975,0.7872892113494446,0.2804841134590482,0.611628948107058,0.2971544472695585,0.9310413277229163,9.228070175438596,2.4305875750258568,0.34505184608334516,0.004593169761186085,0.0013895836684898995,0.0,0.004593169761186085,-0.008465771921880824,0,0,0,3,0,1.0,0.2631578947368421,0.20503533864142937,0.18509699470183055,0.9529506826593579,0.5248328494687126,0.0,0.2982456140350877,0.011395533473318236
313,114,100.0,114,0,109,5,0,0.0,0.7985996665783268,0.7933597558893702,0.27983224123667716,0.6121894138106284,0.2987661831478759,0.8929457588666897,9.228070175438596,2.4305875750258568,0.3462325348748445,0.016229498273175935,0.0017566010257280325,0.0,0.016229498273175935,-0.0050826019522263845,0,0,0,5,0,0.8,0.24561403508771928,0.2049030041420485,0.1877569346394131,0.9473695451479582,0.5238840311382489,0.0,0.2631578947368421,0.011432898246744014
314,114,100.0,114,0,109,5,0,0.0,0.7914453883437438,0.7862790516188681,0.27155730268907396,0.6125985747298672,0.29947905857740176,0.8997927770604454,9.228070175438596,2.4305875750258568,0.34570177221208076,0.016391713516657438,0.001759736043499252,0.0,0.016391713516657438,-0.003744202966776433,0,0,0,5,0,0.8,0.24561403508771928,0.20343937889972447,0.18911435284854144,0.9428659231954815,0.5232026899368684,0.0,0.2631578947368421,0.01140209936280354
315,114,100.0,114,0,110,4,0,0.0,0.7923976756003743,0.7871647220263415,0.2768998795523165,0.6130150122305448,0.3009651272659786,0.9307576175035291,9.228070175438596,2.4305875750258568,0.347733574406359,0.0051646194798260795,0.0013926733895136306,0.0,0.0051646194798260795,-0.004001249944597683,0,0,0,4,0,1.0,0.22807017543859648,0.2061249044671166,0.19649839155767662,0.9427472044428088,0.5269198887111989,0.0,0.22807017543859648,0.011411921738161301
316,114,100.0,114,0,107,7,0,0.0,0.7847635710279803,0.7794443094539464,0.2794082189502792,0.6132712067420929,0.30173169131141764,0.9526154184549369,9.228070175438596,2.4305875750258568,0.34843753311760395,0.014952008428319436,0.0016736238476872153,0.0,0.014952008428319436,-0.0007905551385986984,0,0,0,7,0,0.8571428571428571,0.2631578947368421,0.2092061147585748,0.20504699217985628,0.9383782571998845,0.5260697714558429,0.0,0.22807017543859648,0.011376864731282126
317,114,100.0,114,0,106,8,0,0.0,0.7918560227168249,0.7865522467511203,0.2897296122483326,0.6136593859343041,0.29833214519903234,0.942363801828225,9.228070175438596,2.4305875750258568,0.35026343450588193,0.01034472542043978,0.0014775987537781854,0.0,0.01034472542043978,-1.6551665822948924e-05,0,0,0,8,0,0.875,0.24561403508771928,0.21158710890121069,0.20069811472074944,0.9525171045010935,0.5293308206037725,0.0,0.22807017543859648,0.011417044507333707
318,114,100.0,114,0,105,9,0,0.0,0.7968323193027843,0.7917512364237104,0.3039793028792125,0.6141392228889075,0.2859401504219059,0.9181091124791326,9.228070175438596,2.4305875750258568,0.35389131722202793,0.00963734540051436,0.0013070883852081552,0.0,0.00963734540051436,0.0017436785020554112,0,0,0,9,0,0.8888888888888888,0.2631578947368421,0.21610496673013765,0.17256345411323293,0.932375637949229,0.5412336798455596,0.0,0.21052631578947367,0.011447757418962992
319,114,100.0,114,0,107,7,0,0.0,0.786922884929523,0.7819056756079847,0.28500892688636187,0.6144159530038091,0.29627070209450895,0.9573955912669141,9.228070175438596,2.4305875750258568,0.34797417042364676,0.012069487992954275,0.0013016366917989483,0.0,0.012069487992954275,-0.0002410089250200317,0,0,0,7,0,0.8571428571428571,0.2719298245614035,0.20894810979157183,0.18865591528551942,0.9340415291969452,0.5297447729937742,0.0,0.22807017543859648,0.01140157333099126
320,114,100.0,114,0,109,5,0,0.0,0.7982484240923892,0.7929364229480975,0.32063799091529255,0.6149004465303466,0.28702130349504923,0.9212769102516644,9.228070175438596,2.4305875750258568,0.35746956185737067,0.015408782837513273,0.0015251926499498553,0.0,0.015408782837513273,-0.004147561600641264,0,0,0,5,0,0.8,0.2631578947368421,0.22324875965280522,0.198553385643634,0.9273833830521545,0.5412305018752277,0.0,0.22807017543859648,0.011464089046534504
321,114,100.0,114,0,110,4,0,0.0,0.7983729202311904,0.7931801198588608,0.3060570213428701,0.6153779026308931,0.29755510559238935,0.9346625407257708,9.228070175438596,2.4305875750258568,0.35234402644091434,0.01895067486483077,0.0018326955533352514,0.0,0.01895067486483077,-0.005893308003817363,0,0,0,4,0,0.75,0.2543859649122807,0.21632611672220994,0.20539790187302462,0.9303265317760034,0.5322857458599359,0.0,0.19298245614035087,0.011470514021556553
322,114,100.0,114,0,108,6,0,0.0,0.7981147426445969,0.792956787662086,0.3066614495125006,0.615839411115083,0.3006411010271618,0.965037916977047,9.228070175438596,2.4305875750258568,0.352854977729415,0.01573403304622416,0.0017131035205033595,0.0,0.01573403304622416,-0.0004235569483436637,0,0,0,6,0,0.8333333333333334,0.2807017543859649,0.217065795699093,0.20371303361907236,0.9158955985486652,0.5311849466331751,0.0,0.22807017543859648,0.011474831817560791
323,114,100.0,114,0,109,5,0,0.0,0.8011238881302852,0.7958933612144626,0.30569180507718346,0.616346803024915,0.30141299102957714,0.9566768174074695,9.228070175438596,2.4305875750258568,0.3501733686986439,0.006142061403600197,0.0017018219284502833,0.0,0.006142061403600197,-0.0015129243201157827,0,0,0,5,0,1.0,0.24561403508771928,0.21460600787198691,0.20363321612958227,0.9431764958651209,0.5232854428387428,0.0,0.19298245614035087,0.011496043847347762
324,114,100.0,114,0,108,6,0,0.0,0.8001607623310902,0.7948005480050732,0.3137748603458161,0.6168206129043613,0.2989087817771521,0.9438037305548896,9.228070175438596,2.4305875750258568,0.3543182619259706,0.0061402429426659355,0.0017845923373520948,0.0,0.0061402429426659355,-0.0020386680065524465,0,0,0,6,0,1.0,0.2543859649122807,0.2197299436482436,0.21152430201030514,0.9256825437902858,0.5284746848726296,0.0,0.22807017543859648,0.011496986400381323
325,114,100.0,114,0,107,7,0,0.0,0.8017226708292465,0.7962669332029003,0.3186017666850725,0.6173114198408848,0.29391537921419203,0.9309590801275383,9.228070175438596,2.4305875750258568,0.35485403481669753,0.004862610247665779,0.0016596006098688275,0.0,0.004862610247665779,0.00019234610704020407,0,0,0,7,0,1.0,0.24561403508771928,0.2211456855744422,0.20794715552020782,0.9374324198376379,0.5269460244977993,0.0,0.19298245614035087,0.011510760689080357
326,114,100.0,114,0,104,10,0,0.0,0.8053608620264752,0.7998528928188017,0.3399560160762322,0.6178600251960876,0.29165455284401365,0.9292500907194244,9.228070175438596,2.4305875750258568,0.35799658328528805,0.003212566016926853,0.0015772757956223904,0.0,0.003212566016926853,-0.0003895174092006515,0,0,0,10,0,1.0,0.2543859649122807,0.22778429278779622,0.19258799776281174,0.9387292682994831,0.5355009111626218,0.0,0.19298245614035087,0.011535618811866242
327,114,100.0,114,0,106,8,0,0.0,0.8035465396949094,0.7979514130029316,0.35033754013986684,0.6183583225119739,0.28995975899558396,0.9481788611264207,9.228070175438596,2.4305875750258568,0.36108510172135166,0.004222187006659162,0.0014903990508680948,0.0,0.004222187006659162,0.002485889375976845,0,0,0,8,0,1.0,0.2719298245614035,0.23320545377823398,0.17912927377507018,0.9354763746858502,0.54542272352394,0.0,0.15789473684210525,0.011532602976531723
328,114,100.0,114,0,107,7,0,0.0,0.8054797318457217,0.7997917379973201,0.34041759001326305,0.6188802928437364,0.29088632329330905,0.9389055094365027,9.228070175438596,2.4305875750258568,0.3594591396486302,0.008112235364620341,0.0016282230057505249,0.0,0.008112235364620341,0.0020911230286700944,0,0,1,6,0,1.0,0.2543859649122807,0.22922541396863363,0.1922560227478215,0.9522604007602588,0.5407969457061587,0.0,0.15789473684210525,0.011548612410300356
329,114,100.0,114,0,104,10,0,0.0,0.8130491065604663,0.8072046219340899,0.3636028127163145,0.6195337175382044,0.286334869782169,0.9574698056611115,9.228070175438596,2.4305875750258568,0.3631339111425944,0.006341798742491506,0.0017179881448937651,0.0,0.006341798742491506,-0.0010437259293573254,0,0,0,10,0,1.0,0.24561403508771928,0.23577530186940895,0.19241859667582387,0.9370319291935365,0.5447583123097891,0.0,0.15789473684210525,0.011594400313592023
330,114,100.0,114,0,108,6,0,0.0,0.8110409768337133,0.8052341927740532,0.3761461819978759,0.6201329457681658,0.2872949681186969,0.9653290366965702,9.228070175438596,2.4305875750258568,0.3648174269874469,0.0075538633773213305,0.0015023639638982792,0.0,0.0075538633773213305,0.0032566515429521734,0,0,0,6,0,1.0,0.2543859649122807,0.24034362184508973,0.18980415079720656,0.947181254885616,0.547228732688861,0.0,0.22807017543859648,0.011591642048410004
331,114,100.0,114,0,108,6,0,0.0,0.8163594750361282,0.8104378886490333,0.38302604854429884,0.6208187935395272,0.2819720546430659,0.9591170332646918,9.228070175438596,2.4305875750258568,0.36526236854429084,0.005368934142155202,0.0015758126483372565,0.0,0.005368934142155202,0.00048779714162199467,0,0,0,6,0,1.0,0.2543859649122807,0.24101921610849503,0.195066283816355,0.9534337559922181,0.5476109383612476,0.0,0.22807017543859648,0.011626569604779228
332,113,99.12280701754386,114,1,107,6,0,0.008771929824561403,0.8192722101153029,0.8150775609914284,0.3858814766194043,0.6215427589590223,0.2898488899812315,0.973172494204561,9.228070175438596,2.4305875750258568,0.36418357035833293,0.006237597947374972,0.0016024606477295761,0.0,0.006237597947374972,-0.002198624808117579,0,1,0,6,0,1.0,0.24561403508771928,0.24010774163907286,0.2109893053647964,0.9501697485837329,0.5398095543007427,0.008771929824561403,0.21052631578947367,0.01164993158694197
333,113,99.12280701754386,114,0,99,15,0,0.0,0.8182587136139642,0.8139703490114957,0.39917738310016776,0.6222630276202658,0.28754577118383723,0.969970103514538,9.228070175438596,2.4305875750258568,0.36603314232856143,0.02350186680350318,0.0016896738855752805,0.0,0.02350186680350318,-0.0004978538384417345,0,0,0,15,0,0.8666666666666667,0.24561403508771928,0.24485460631775252,0.19814523665961226,0.9537848928244261,0.5420369078334226,0.0,0.21052631578947367,0.011653617484728769
334,113,99.12280701754386,114,0,98,16,0,0.0,0.8133254144194344,0.8091419663459772,0.3834321192148335,0.6228719030656081,0.29046934743271097,0.972953227699773,9.228070175438596,2.4305875750258568,0.36566213636114275,0.011817842720704361,0.0015779911293105952,0.0,0.011817842720704361,-0.0005237795608087313,0,0,0,16,0,0.9375,0.2543859649122807,0.2420473652745865,0.20058670451671456,0.9489706864477674,0.5453595574956038,0.0,0.24561403508771928,0.011636350614217056
335,113,99.12280701754386,114,0,98,16,0,0.0,0.8089807586385322,0.8048679704176454,0.37034957576851635,0.6233828726888356,0.29659906283604565,0.9819096908288263,9.228070175438596,2.4305875750258568,0.3611045965449884,0.022697902923577172,0.0017765186105650286,0.0,0.022697902923577172,-0.0017971208124823654,0,0,0,16,0,0.875,0.2719298245614035,0.23602786606075954,0.19964687658033706,0.9612183705667374,0.5385428693505598,0.0,0.21052631578947367,0.01162083711739971
336,113,99.12280701754386,114,0,99,15,0,0.0,0.7973921057731441,0.7936070622048658,0.3263587165406594,0.6236624577592049,0.3048109045649993,0.9597284107738718,9.228070175438596,2.4305875750258568,0.3567104558533365,0.01286411225595963,0.001711829234650273,0.0,0.01286411225595963,-0.0016224030018352376,0,0,0,15,0,0.9333333333333333,0.2982456140350877,0.22405492138919958,0.18189633744118053,0.9465271460531018,0.5359796511160261,0.0,0.21052631578947367,0.01156629163306378
337,113,99.12280701754386,114,1,101,12,0,0.008771929824561403,0.792647461629213,0.788091762894697,0.31604487080247373,0.6238447901441238,0.3116046157767032,0.9956818658905653,9.228070175438596,2.4305875750258568,0.3548801613421517,0.01456916105483465,0.0018253658706070203,0.0,0.01456916105483465,-0.0020928566336776934,0,1,0,12,0,0.9230769230769231,0.2631578947368421,0.22153637539923668,0.18890317571695514,0.9599116448838991,0.5272874889944977,0.008771929824561403,0.14035087719298245,0.011544784286490667
338,113,99.12280701754386,114,0,104,10,0,0.0,0.7977665658320776,0.7931476261893773,0.32385244157911836,0.6241042143104517,0.3126754820478979,1.0002292649379738,9.228070175438596,2.4305875750258568,0.3547889812828875,0.020046135558888456,0.0013550128312932784,0.0,0.020046135558888456,0.0023543974396988744,0,0,0,10,0,0.9,0.24561403508771928,0.22251256901656996,0.18051739046150064,0.9602799422466165,0.5295539266694506,0.0,0.17543859649122806,0.01157353257328168
339,113,99.12280701754386,114,0,104,10,0,0.0,0.7980003495878164,0.7934027654872664,0.3311877703232305,0.6243622940524851,0.31215272226070684,0.9736791194077414,9.228070175438596,2.4305875750258568,0.3567978800048881,0.011378374260593445,0.0013610090944914074,0.0,0.011378374260593445,-0.0004551993734163512,0,0,0,10,0,0.9,0.2543859649122807,0.22548059441040377,0.16862200424964863,0.960407888773559,0.5362703526176192,0.0,0.17543859649122806,0.011577837919132136
340,113,99.12280701754386,114,0,103,11,0,0.0,0.8037111848400708,0.7989296992473712,0.3496858807308789,0.6247215705125775,0.30434893323340956,0.9598191403405884,9.228070175438596,2.4305875750258568,0.3594866490562212,0.008554051208162385,0.0013772856049480162,0.0,0.008554051208162385,0.001339202166129387,0,0,0,11,0,0.9090909090909091,0.2631578947368421,0.2311263507159224,0.1662010794883451,0.9593822930427575,0.5427416840870404,0.0,0.14035087719298245,0.011610758359892906
341,113,99.12280701754386,114,0,104,10,0,0.0,0.8033081050569131,0.7983886518946327,0.3638129531892884,0.6250615939398863,0.3058384946991224,0.9668532121570002,9.228070175438596,2.4305875750258568,0.3605053471886548,0.01729299652257494,0.0014484661243855446,0.0,0.01729299652257494,0.00016688005624422851,0,0,0,10,0,0.9,0.2719298245614035,0.235965384017773,0.16783043649187473,0.9672251460186341,0.5401260329503069,0.0,0.14035087719298245,0.01161287524456529
342,114,100.0,114,0,104,10,0,0.0,0.804544720292579,0.799630635503595,0.3526153516189762,0.6254175027994454,0.3044820918039034,0.9569627788578605,9.228070175438596,2.4305875750258568,0.36119860227168243,0.0022074817571700366,0.0013344882545417182,0.0,0.0022074817571700366,0.0012694524246349953,0,0,0,10,0,1.0,0.2894736842105263,0.23362198397919118,0.1831031411886555,0.9644859117760967,0.538460701967812,0.0,0.24561403508771928,0.011623383659003051
343,114,100.0,114,0,103,11,0,0.0,0.8059468531834083,0.8010747800219012,0.340119616968588,0.6257928419402675,0.31291367364882977,0.9685681709851319,9.228070175438596,2.4305875750258568,0.3573579113959795,0.007782706244315979,0.001359726585964521,0.0,0.007782706244315979,0.002276442213823668,0,0,0,11,0,0.9090909090909091,0.2719298245614035,0.2275006133163763,0.19017513999118849,0.9731586036164501,0.5327365281170077,0.0,0.17543859649122806,0.011634955796717712
344,113,99.12280701754386,114,1,103,10,0,0.008771929824561403,0.7979721629603469,0.7925227399731004,0.32347091780716153,0.6260080222746839,0.32056272851667306,0.9698569586759969,9.228070175438596,2.4305875750258568,0.3537980284312081,0.00837257663242433,0.0014844947196696193,0.0,0.00837257663242433,0.0009881592449111102,0,1,0,10,0,0.9090909090909091,0.2894736842105263,0.22252153739903535,0.19219345612195832,0.973284758816351,0.527024508631988,0.008771929824561403,0.15789473684210525,0.011597697418838517
345,113,99.12280701754386,114,0,108,6,0,0.0,0.7996108971675735,0.7939327144226208,0.33939015155850255,0.6262301329952679,0.31974514358803424,0.9330255486763149,9.228070175438596,2.4305875750258568,0.359018444658598,0.0035975200816127026,0.0014236538182797076,0.0,0.0035975200816127026,-0.000615833483798095,0,0,0,6,0,1.0,0.2719298245614035,0.2301169983308159,0.1880906781645765,0.9553390641973524,0.5351056311809482,0.0,0.2631578947368421,0.011608590387663306
346,113,99.12280701754386,114,0,108,6,0,0.0,0.7918335181836695,0.7863069779459273,0.32814023136380976,0.6262985649576288,0.317990259330127,0.933401578300052,9.228070175438596,2.4305875750258568,0.36063245121746923,0.0037526099577078766,0.0015025421135358406,0.0,0.0037526099577078766,-0.0009844410896361806,0,0,0,6,0,1.0,0.2807017543859649,0.2289906954135902,0.18350164418844467,0.9527554213400133,0.5400079748630242,0.0,0.2631578947368421,0.011570535142131032
347,113,99.12280701754386,114,0,108,6,0,0.0,0.7908503757320965,0.7854253626531865,0.31696761392667094,0.6263481908758037,0.31646597720972663,0.9188307008634217,9.228070175438596,2.4305875750258568,0.3574208900431879,0.004402105242877578,0.001310205287800113,0.0,0.004402105242877578,-0.0005596119626591715,0,0,0,6,0,1.0,0.2807017543859649,0.2238951696997945,0.18665016284964828,0.9301703354163918,0.5362243717439995,0.0,0.29824561403508776,0.011566222530573744
348,113,99.12280701754386,114,0,108,6,0,0.0,0.7949406535023809,0.7896130648423694,0.32502467425856996,0.6264780392078487,0.31662554835665463,0.9273793572666716,9.228070175438596,2.4305875750258568,0.35579634339639155,0.0040556422087123616,0.0014743372316251679,0.0,0.0040556422087123616,-0.0003211626346034946,0,0,0,6,0,1.0,0.2543859649122807,0.22382383916120285,0.18212506515179205,0.930413104896759,0.5328537546534468,0.0,0.29824561403508765,0.011588251958137698
349,114,100.0,114,0,108,6,0,0.0,0.795672280716125,0.7902819349042013,0.3368444849378722,0.6266177374405614,0.31730187954210604,0.9418775708706996,9.228070175438596,2.4305875750258568,0.35818323742388647,0.0037193907615573393,0.0012870242426895743,0.0,0.0037193907615573393,-0.0002521037705233385,0,0,0,6,0,1.0,0.2807017543859649,0.2283262628916424,0.1814059143912324,0.9441668204399247,0.5334474470117455,0.0,0.2631578947368421,0.01159360783814984
350,114,100.0,114,0,108,6,0,0.0,0.8046250939884713,0.7991508873528543,0.36234929072983746,0.6269264943103888,0.3053278475012202,0.9189527671254151,9.228070175438596,2.4305875750258568,0.36184048806833724,0.003845683857411879,0.0013750972150173724,0.0,0.003845683857411879,4.037293135500849e-05,0,0,0,6,0,1.0,0.2807017543859649,0.23494993116087365,0.1770060316596633,0.9390753852131503,0.5430428405499026,0.0,0.2631578947368421,0.011642124207569104
351,114,100.0,114,0,108,6,0,0.0,0.7999587744336004,0.794752130959606,0.3479685559574502,0.6271422140730214,0.30700653302925907,0.9143758366238245,9.228070175438596,2.4305875750258568,0.35882046292864667,0.004261633473995684,0.0016539177525221923,0.0,0.004261633473995684,-0.002274164191886909,0,0,0,6,0,1.0,0.2631578947368421,0.22976903143658498,0.16676162454758164,0.956855160930129,0.5435370320936564,0.0,0.22807017543859648,0.011621414238668462
352,114,100.0,114,0,110,4,0,0.0,0.7983145989627872,0.7931303419322845,0.35518698428170364,0.6273211553758333,0.30118062493482367,0.9136175992309278,9.228070175438596,2.4305875750258568,0.3588552014695139,0.0058517684364882555,0.0016345652133533297,0.0,0.0058517684364882555,-0.005554521613515273,0,0,0,4,0,1.0,0.2719298245614035,0.2315880057622249,0.16077547667619457,0.9532291515229077,0.5443737443691522,0.0,0.15789473684210525,0.011615368023850764
353,114,100.0,114,0,108,6,0,0.0,0.799910751013022,0.7948816183746478,0.3446284902920163,0.6275298003996627,0.30217036964877836,0.9090262287922573,9.228070175438596,2.4305875750258568,0.3563003589042175,0.003838828087845933,0.0015131973488727794,0.0,0.003838828087845933,-0.0029602165854127663,0,0,0,6,0,1.0,0.2719298245614035,0.22658881624504193,0.1559481879560691,0.955570432839985,0.5419547151562615,0.0,0.14035087719298245,0.01162588443411449
354,114,100.0,114,0,109,5,0,0.0,0.8015859490638612,0.7964360345584691,0.3422399796478078,0.6277635992807692,0.29762714343040214,0.9047142456585943,9.228070175438596,2.4305875750258568,0.35573007360161246,0.004260811281606864,0.0015688269286190611,0.0,0.004260811281606864,-0.0027686120421014926,0,0,0,5,0,1.0,0.2543859649122807,0.22541719860469278,0.15759373055238002,0.94589977652506,0.5389563569481657,0.0,0.17543859649122806,0.011637101767646048
355,114,100.0,114,0,109,5,0,0.0,0.8035512187462164,0.7984039856500043,0.34697139823303835,0.6280299816950922,0.2940385318630374,0.888396560715651,9.228070175438596,2.4305875750258568,0.35699516315718216,0.004364732851363421,0.0014201216772471554,0.0,0.004364732851363421,-0.0018813838440831288,0,0,0,5,0,1.0,0.2719298245614035,0.22659049199343495,0.1539150481710186,0.9499306020980863,0.5409741856058933,0.0,0.19298245614035087,0.011650165444990118
356,114,100.0,114,0,106,8,0,0.0,0.8120649832515366,0.8068633817593693,0.3654545480943662,0.6284543798761554,0.2821540221393418,0.867170741775698,9.228070175438596,2.4305875750258568,0.361108356668036,0.005332271681232259,0.0012419773346830074,0.0,0.005332271681232259,0.0018189958804735729,0,0,0,8,0,1.0,0.2543859649122807,0.2322947388478755,0.15304449099176223,0.9460821352146229,0.5467944029900156,0.0,0.14035087719298245,0.0116978919522455
357,114,100.0,114,0,106,8,0,0.0,0.8144661446934709,0.8095573510389108,0.3467630339468282,0.6289208461138278,0.2928286763147286,0.884001328210849,9.228070175438596,2.4305875750258568,0.3554057560796873,0.004903379180842826,0.0015537051535507512,0.0,0.004903379180842826,-0.00023316872550295867,0,0,0,8,0,1.0,0.2631578947368421,0.22272556235864133,0.14766108834605599,0.952584794624885,0.5422514706775541,0.0,0.14035087719298245,0.01171556669466245
358,114,100.0,114,0,107,7,0,0.0,0.8125523664224422,0.8076947960455657,0.34853641724955725,0.6293397576568889,0.2937063286465201,0.8739798156492603,9.228070175438596,2.4305875750258568,0.35646786151404375,0.005888233296219537,0.0013611496792057165,0.0,0.005888233296219537,-0.0009955699337067605,0,0,0,7,0,1.0,0.2807017543859649,0.22457162128827082,0.15936840109059136,0.9582915629457339,0.5422639295941293,0.0,0.17543859649122806,0.011711088809265302
359,114,100.0,114,0,105,9,0,0.0,0.8119752988567869,0.8071278100059849,0.3474856731001451,0.6297374623142497,0.2996353253904418,0.8792580319530168,9.228070175438596,2.4305875750258568,0.35656173398686763,0.0031656926803706733,0.0013317984190248941,0.0,0.0031656926803706733,0.00036617709323517726,0,0,0,9,0,1.0,0.2807017543859649,0.22460443619857662,0.16187006898343054,0.9559021246084024,0.5425030108000799,0.0,0.15789473684210525,0.01171303675143058
360,114,100.0,114,0,109,5,0,0.0,0.8091523067055177,0.8043463394699286,0.3333899423912243,0.6300714155498214,0.3021928568697809,0.8836038423322691,9.228070175438596,2.4305875750258568,0.35393404072185364,0.004857441917750098,0.0009997282417144185,0.0,0.004857441917750098,-0.0013842871446376969,0,0,0,5,0,1.0,0.2894736842105263,0.22001938899744972,0.1566416284453464,0.9599890348168028,0.5389341283758395,0.0,0.12280701754385964,0.011702980303599335
361,114,100.0,114,0,107,7,0,0.0,0.8150570584839334,0.8102000473086032,0.3535804971497555,0.6305110753558671,0.295067515427726,0.8840658787952855,9.228070175438596,2.4305875750258568,0.3559609283080676,0.024095785344969516,0.0011415065947143921,0.0,0.024095785344969516,0.001066712178617166,0,0,0,7,0,0.8571428571428571,0.2982456140350877,0.22580122991555157,0.14228173178197986,0.9635189319205831,0.5453397037320573,0.0,0.15789473684210525,0.01173784722080048
362,114,100.0,114,0,106,8,0,0.0,0.8273479782089196,0.8223508664139362,0.3884177557132083,0.6311763178848453,0.282267613710583,0.8913451564908431,9.228070175438596,2.4305875750258568,0.3619773579848957,0.021312763582878775,0.0009843366071224727,0.0,0.021312763582878775,0.0036529948495406667,0,0,0,8,0,0.875,0.2719298245614035,0.23549207262133243,0.14184568223393845,0.9440134371681692,0.5508933934869269,0.0,0.15789473684210525,0.011807386470551975
363,114,100.0,114,0,107,7,0,0.0,0.8272269170297374,0.822373447190654,0.38223747490221105,0.6318258301880127,0.2828051826436051,0.9273737322789836,9.228070175438596,2.4305875750258568,0.3592660091860258,0.022812285133964477,0.001152160408967364,0.0,0.022812285133964477,-0.001111157105403838,0,0,0,7,0,0.8571428571428571,0.2719298245614035,0.2321934425413383,0.13712442165650815,0.9479447255611482,0.549634479382046,0.0,0.15789473684210525,0.01181467464732559
364,114,100.0,114,0,107,7,0,0.0,0.8278978282418817,0.8230059984117685,0.36227466804346603,0.6324718552949502,0.28918429836094206,0.8871045039727647,9.228070175438596,2.4305875750258568,0.35707148116741005,0.024488635038228977,0.0012433359669603934,0.0,0.024488635038228977,0.0006748484720316338,0,0,0,7,0,0.8571428571428571,0.2894736842105263,0.22542747595011525,0.13029092765254904,0.9607372077817063,0.5526659224222482,0.0,0.19298245614035087,0.011825880306376697
365,114,100.0,114,0,106,8,0,0.0,0.8341714363929887,0.8292031536274362,0.36850535640758114,0.6332226800236485,0.28516648762051683,0.8624874411130762,9.228070175438596,2.4305875750258568,0.3571032720974596,0.02274136212140428,0.0013760026670645526,0.0,0.02274136212140428,0.0009114810745048108,0,0,0,8,0,0.875,0.2807017543859649,0.22609902802692064,0.12928488338765712,0.9496686065911386,0.5501539958936187,0.0,0.19298245614035087,0.011866373073415213
366,114,100.0,114,0,107,7,0,0.0,0.8363437695768592,0.8312016679769451,0.3766177181665729,0.633994115812952,0.289763453820454,0.8495414854563395,9.228070175438596,2.4305875750258568,0.357798520621593,0.003452450732117767,0.0010362492630698425,0.0,0.003452450732117767,0.002676296106431303,0,0,0,7,0,1.0,0.2894736842105263,0.2282642204644499,0.1341723486634229,0.9561814537357702,0.548801681967801,0.0,0.15789473684210525,0.011886609950556622
367,114,100.0,114,0,107,7,0,0.0,0.8343007706324373,0.8290871045587018,0.35924799877091007,0.6347056841272439,0.293538556648716,0.9272863466599531,9.228070175438596,2.4305875750258568,0.3566612704786445,0.0033711086001050527,0.001512860698519604,0.0,0.0033711086001050527,0.0018338563222745471,0,0,0,7,0,1.0,0.2719298245614035,0.22387013089345847,0.13893421025547337,0.957245416905428,0.5467511464334314,0.0,0.19298245614035087,0.011885042601352013
368,113,99.12280701754386,114,1,105,8,0,0.008771929824561403,0.841384729367381,0.8365066112472415,0.37986028673408917,0.6355413087398081,0.2879381538950804,0.846267606744614,9.228070175438596,2.4305875750258568,0.36042917914408434,0.02068364382013809,0.0012050122207723374,0.0,0.02068364382013809,0.004030547706528411,0,1,0,8,0,0.8888888888888888,0.2631578947368421,0.22968381990027578,0.12288871608101576,0.9664794290867458,0.5642888419013838,0.008771929824561403,0.14035087719298245,0.011930617689030153
369,113,99.12280701754386,114,0,105,9,0,0.0,0.8386300079522686,0.8338517191325623,0.3580370939108487,0.636307917678922,0.2988605953359217,0.8771379422964137,9.228070175438596,2.4305875750258568,0.3564377056802488,0.005302540721233236,0.0018311232301223357,0.0,0.005302540721233236,0.00024175228685987168,0,0,0,9,0,1.0,0.2719298245614035,0.22204750380347865,0.1287553510150918,0.961156193737907,0.555223939709396,0.0,0.17543859649122806,0.01192616063276616
370,113,99.12280701754386,114,0,106,8,0,0.0,0.8531437428841349,0.8481871760918478,0.37596595387240306,0.6373346421849534,0.2954230767565056,0.8747580402744785,9.228070175438596,2.4305875750258568,0.3593682528470812,0.011218953872734385,0.001867860933074025,0.0,0.011218953872734385,8.861342789807936e-05,0,0,0,8,0,1.0,0.2719298245614035,0.2254670316931332,0.13088850189305623,0.9616500750961974,0.5599614239619757,0.0,0.17543859649122806,0.012011207026562165
371,112,98.24561403508773,114,1,105,8,0,0.008771929824561403,0.8492797412145995,0.8432850861886895,0.39343414607026445,0.6382611285606506,0.2944263184034821,0.8891961482700463,9.228070175438596,2.4305875750258568,0.36056389894278573,0.010028515803018617,0.0021893936866871208,0.0,0.010028515803018617,-0.0009447803518636463,0,1,0,8,0,1.0,0.2543859649122807,0.23128097748147508,0.11972612260076028,0.9595321940268836,0.5619189590564012,0.008771929824561403,0.19298245614035087,0.01200314654958049
372,112,98.24561403508773,114,0,108,6,0,0.0,0.851110504342862,0.8450348777077066,0.4010007206586534,0.6391790830673942,0.29358975852993313,0.8838998819784294,9.228070175438596,2.4305875750258568,0.3616143646234573,0.006883535476087359,0.0012771028682375554,0.0,0.006883535476087359,0.0034104701180550415,0,0,0,6,0,1.0,0.2631578947368421,0.2337250162445099,0.12125388672953856,0.9527749762384311,0.5617222150157425,0.0,0.22807017543859648,0.012023456209314453
373,113,99.12280701754386,114,0,107,7,0,0.0,0.8494392909986241,0.8434201510783965,0.4117476814805403,0.6400433280100946,0.2881944415863037,0.8956777090824407,9.228070175438596,2.4305875750258568,0.36356453704013547,0.0065210442202844375,0.0013629187517921804,0.0,0.0065210442202844375,0.003072482683086194,0,0,0,7,0,1.0,0.2807017543859649,0.23774359932127118,0.1130912681918314,0.9522926090181774,0.5656196178356013,0.0,0.22807017543859648,0.012025603257690795
374,113,99.12280701754386,114,0,108,6,0,0.0,0.8534659278845136,0.8473920217651676,0.42959434070541347,0.6409637985589268,0.285206799080503,0.8760452536633868,9.228070175438596,2.4305875750258568,0.36527438229042763,0.00796429711575452,0.0013837347363946642,0.0,0.00796429711575452,0.0018710923490088682,0,0,0,6,0,1.0,0.2631578947368421,0.24163834409264295,0.10546834363910963,0.9513365172421263,0.5710349457680985,0.0,0.19298245614035087,0.012056922863516086
375,113,99.12280701754386,114,0,109,5,0,0.0,0.8523710183028422,0.8463198966364524,0.42961648306500444,0.6418410491128338,0.2837607510087925,0.9240354196095482,9.228070175438596,2.4305875750258568,0.36605974148200815,0.006090458372093497,0.001515596833705698,0.0,0.006090458372093497,0.003858074709232007,0,0,0,5,0,1.0,0.2631578947368421,0.24289792404787766,0.1107662035874512,0.9513365172421263,0.5679879777223279,0.0,0.19298245614035087,0.012062109487090284
376,114,100.0,114,0,107,7,0,0.0,0.8589985355561227,0.8528740234014353,0.42539424134664183,0.6428244203564164,0.28242575638241973,0.9305682096178789,9.228070175438596,2.4305875750258568,0.3640549351374569,0.006945319552751919,0.0016188763910197702,0.0,0.006945319552751919,0.0023647273415651838,0,0,0,7,0,1.0,0.2719298245614035,0.23919940692940447,0.11745452420096424,0.9513365172421263,0.5609237482300535,0.0,0.19298245614035087,0.012107197922988134
377,114,100.0,114,0,107,7,0,0.0,0.8668175957469166,0.860645592147929,0.4636241511984642,0.6439350057282055,0.2866023489893586,0.9315396901160609,9.228070175438596,2.4305875750258568,0.3666580352537059,0.00769269602317974,0.0012355005111248838,0.0,0.00769269602317974,0.00405388057834853,0,0,0,7,0,1.0,0.2807017543859649,0.24654336412619432,0.09715056986298783,0.9603045834045602,0.5718591498685895,0.0,0.15789473684210525,0.012159790098970485
378,114,100.0,114,0,105,9,0,0.0,0.8708823854653054,0.8647607005842668,0.47031422717384747,0.6450986144014198,0.28568632869302557,0.9320274757032996,9.228070175438596,2.4305875750258568,0.3650450876930966,0.03181613611767148,0.0011245771830795351,0.0,0.03181613611767148,0.005877594476062907,0,0,0,9,0,0.8888888888888888,0.2543859649122807,0.24566093385777377,0.09138723891099781,0.9507099157517751,0.5729404682673241,0.0,0.19298245614035087,0.012194255311478963
379,114,100.0,114,0,106,8,0,0.0,0.8668569040956822,0.8609826787992336,0.4638879155417844,0.6461604780443301,0.2870227067720052,0.9265072088324472,9.228070175438596,2.4305875750258568,0.36327688970526495,0.03404253629807896,0.0018108553830185877,0.0,0.03404253629807896,-0.00014508096923088187,0,0,0,8,0,0.875,0.2631578947368421,0.2426561382708953,0.08369397476289117,0.9373619491724157,0.5727543986469062,0.0,0.19298245614035087,0.012187032667514995
380,114,100.0,114,0,108,6,0,0.0,0.8658357972302351,0.85990334782161,0.4513153147935177,0.6471755448937638,0.29366238238330855,0.9397148840556323,9.228070175438596,2.4305875750258568,0.3612636003389631,0.01001313062008441,0.0015799708055409091,0.0,0.01001313062008441,0.0007034748029675816,0,0,0,6,0,1.0,0.2719298245614035,0.2395236165912949,0.09014756806161549,0.9485375594426626,0.5661398785337243,0.0,0.15789473684210525,0.01219426317754803
381,114,100.0,114,0,107,7,0,0.0,0.8684149120511688,0.8625606804503061,0.443365306878637,0.6482176106918368,0.290039550270975,0.9299322237653629,9.228070175438596,2.4305875750258568,0.36136543511190333,0.008244346821650499,0.0015371486511435131,0.0,0.008244346821650499,0.000908385202000757,0,0,0,7,0,1.0,0.24561403508771928,0.23713331883458,0.0964611249818549,0.9416972316714094,0.5646831508342847,0.0,0.15789473684210525,0.012219822912558475
382,114,100.0,114,0,107,7,0,0.0,0.8709963231878839,0.8650281124929915,0.4521232304268039,0.6492823266454198,0.29416186957312535,0.9338802119785852,9.228070175438596,2.4305875750258568,0.3611535810551101,0.03769317303884119,0.0017869377652059368,0.0,0.03769317303884119,0.0007947037856093551,0,0,0,7,0,0.8571428571428571,0.2543859649122807,0.23711243880501107,0.0919848254647187,0.9496177771197599,0.5631043069470465,0.0,0.14035087719298245,0.012245669395080604
383,114,100.0,114,0,105,9,0,0.0,0.87841532250948,0.8724683899290548,0.4721570873771109,0.6504658377124525,0.2896279153028772,0.9355518672388689,9.228070175438596,2.4305875750258568,0.3615829532699395,0.03347892409670479,0.0014714552853500689,0.0,0.03347892409670479,0.00223146418848022,0,0,0,9,0,0.8888888888888888,0.23684210526315788,0.24043138122026816,0.0822868853601653,0.9505726539280588,0.5683995856469712,0.0,0.19298245614035087,0.012297147528160761
384,114,100.0,114,0,106,8,0,0.0,0.8780155036217415,0.8719658961880787,0.46431470493578564,0.6516108116661942,0.29588078185136046,0.947665912346144,9.228070175438596,2.4305875750258568,0.3585535772020416,0.034256858641163436,0.0016814940909628737,0.0,0.034256858641163436,0.0012243300803990373,0,0,0,8,0,0.875,0.2543859649122807,0.23750714461237646,0.08899082046143449,0.9331156557498271,0.5601323109245466,0.0,0.22807017543859648,0.012309063231050533
385,114,100.0,114,0,107,7,0,0.0,0.8737501188289228,0.8677233623529547,0.46703533654530305,0.6526454612250685,0.2895440619493504,0.9464482969288549,9.228070175438596,2.4305875750258568,0.35823381066670335,0.036283604359791236,0.0018079012423374114,0.0,0.036283604359791236,0.0034774812620829076,0,0,0,7,0,0.8571428571428571,0.23684210526315788,0.23950347951123416,0.08499927583774786,0.9123068034708515,0.5605211247185525,0.0,0.24561403508771928,0.01230031033889797
386,114,100.0,114,0,108,6,0,0.0,0.8714116337710508,0.8655358913971851,0.47463228393631296,0.6536124280025132,0.2890215986180704,0.9495560054606047,9.228070175438596,2.4305875750258568,0.3591001209987945,0.042081726683530975,0.0019096689011538282,0.0,0.042081726683530975,0.002640939638100905,0,0,1,5,0,0.8333333333333334,0.2543859649122807,0.24083903194776518,0.07474569695290526,0.9329185837819546,0.5632864229355637,0.0,0.2807017543859649,0.012300369400782208
387,114,100.0,114,0,106,8,0,0.0,0.8869372792057475,0.8808568284131032,0.5330315396044415,0.6548538028387998,0.2761256236679046,0.9290125282374366,9.228070175438596,2.4305875750258568,0.3673169166417962,0.03366056640391386,0.001750768574425925,0.0,0.03366056640391386,0.002854896100024394,0,0,0,8,0,0.875,0.2631578947368421,0.25344662946824986,0.06683255068552374,0.9438975400011853,0.5756100560808531,0.0,0.19298245614035087,0.012393083979220832
388,114,100.0,114,0,105,9,0,0.0,0.883298213165131,0.8773847472628965,0.527092056910087,0.6559974913941307,0.2817551143273897,0.9339393600180939,9.228070175438596,2.4305875750258568,0.3623708324352235,0.028195879835486146,0.0013728174754723697,0.0,0.028195879835486146,0.003369797484349781,0,0,0,9,0,0.8888888888888888,0.2543859649122807,0.24910674106391575,0.05883204997267924,0.9327696748419455,0.5692610427752579,0.0,0.21052631578947367,0.012388787824979182
389,114,100.0,114,0,105,9,0,0.0,0.9023781391763955,0.8960151757652909,0.6109551691722461,0.6574756447018215,0.26403673010157735,0.9088702999381629,9.228070175438596,2.4305875750258568,0.37164265759161474,0.029159290325548044,0.0011049263349554763,0.0,0.029159290325548044,0.0050849021270712134,0,0,0,9,0,0.8888888888888888,0.2719298245614035,0.26653997864506307,0.05512444222822352,0.9437399156207837,0.5809850467846792,0.0,0.21052631578947367,0.01250215136035379
390,114,100.0,114,0,103,11,0,0.0,0.9040904072101231,0.8976553826492377,0.6418219451150424,0.6589497635306565,0.25675879582657546,0.888135819062041,9.228070175438596,2.4305875750258568,0.3772338446536585,0.02624591997313005,0.0016015118438168806,0.0,0.02624591997313005,0.0010808497350146779,0,0,0,11,0,0.9090909090909091,0.2982456140350877,0.27543266043977677,0.052570688362051324,0.9482968069570337,0.5901211692301951,0.0,0.19298245614035087,0.012528627575069815
391,114,100.0,114,0,105,9,0,0.0,0.8976155729292458,0.891463718331323,0.6177837625096073,0.6602676575515178,0.2614361871972462,0.8996243299803609,9.228070175438596,2.4305875750258568,0.371957790034781,0.030193173984018384,0.0018567614155532719,0.0,0.030193173984018384,0.0009689007073407888,0,0,0,9,0,0.8888888888888888,0.2894736842105263,0.2689463978849416,0.044270129984676734,0.9318715826708661,0.5851956420718007,0.0,0.17543859649122806,0.012512269687826962
392,114,100.0,114,0,107,7,0,0.0,0.897307404725012,0.8911730666457554,0.639324784873451,0.6615478673690514,0.2676108785052681,0.9127739184934011,9.228070175438596,2.4305875750258568,0.3703363446887744,0.03806141424301649,0.0016235762739628837,0.0,0.03806141424301649,0.0020376418848063937,0,0,0,7,0,0.8571428571428571,0.2894736842105263,0.27140050930548265,0.03885817246779771,0.9440080221546538,0.5828597851095001,0.0,0.17543859649122806,0.012526287157185408
393,114,100.0,114,0,105,9,0,0.0,0.8994213912113144,0.893471232938934,0.6217859720975468,0.6628416477213258,0.28126457992499354,0.9465129262062727,9.228070175438596,2.4305875750258568,0.3674319575923848,0.030277296420792767,0.0022277052159435716,0.0,0.030277296420792767,-0.00012988170207881936,0,0,0,9,0,0.8888888888888888,0.2982456140350877,0.26581468146377407,0.04103174266998892,0.9330712113069352,0.578600119425007,0.0,0.24561403508771928,0.012552580321862176
394,114,100.0,114,0,107,7,0,0.0,0.9015579454267713,0.895537551397858,0.6442239973971914,0.6641441605528883,0.2848636207342166,0.9484055446731097,9.228070175438596,2.4305875750258568,0.36957762475574696,0.034379245675397255,0.0021488670972984176,0.0,0.034379245675397255,-0.001003767405780723,0,0,0,7,0,0.8571428571428571,0.2982456140350877,0.270464800230537,0.04071036318209975,0.9427300342496989,0.5805143090863606,0.0,0.21052631578947367,0.012579092450462997
395,114,100.0,114,0,108,6,0,0.0,0.9009677062444328,0.8947563744513761,0.6486022126983167,0.6653998249175636,0.2759822569442014,0.921678568881268,9.228070175438596,2.4305875750258568,0.3717296125927301,0.04300711219813793,0.002094849006835625,0.0,0.04300711219813793,-0.00606342569617437,0,0,0,6,0,0.8333333333333334,0.2894736842105263,0.2743686723883977,0.043937323392692545,0.9386499884344754,0.5833194720090673,0.0,0.21052631578947367,0.012591401265567216
396,113,99.12280701754386,114,1,106,7,0,0.008771929824561403,0.9045664194327451,0.9012807783111485,0.6768645817553673,0.6666907011627536,0.27194508994822214,0.9263190963105348,9.228070175438596,2.4305875750258568,0.37516150037579954,0.03606625645910206,0.001906367443828045,0.0,0.03606625645910206,-0.0019337260637204909,0,1,0,7,0,0.875,0.2631578947368421,0.2823893386171283,0.05352730303782167,0.9328166969870375,0.5769235905653703,0.008771929824561403,0.2807017543859649,0.012625082770321053
397,112,98.24561403508773,114,1,102,11,0,0.008771929824561403,0.9070781288679062,0.9012307992513371,0.6907027703971421,0.6680588616407104,0.27957789349240836,0.8987001506274179,9.228070175438596,2.4305875750258568,0.37986447282429925,0.039692335716069484,0.0013505457198212947,0.0,0.039692335716069484,0.011500582243382768,0,1,0,11,0,0.9166666666666666,0.2719298245614035,0.28959318231470954,0.06725137708099727,0.9311970667567294,0.5816184645834064,0.008771929824561403,0.2807017543859649,0.012654268486788675
398,112,98.24561403508773,114,0,107,7,0,0.0,0.899727609486438,0.8940159419477464,0.6299687367688453,0.6692049782787979,0.2881443301808187,0.9204607222399696,9.228070175438596,2.4305875750258568,0.3730361224476113,0.027961243762054257,0.0020907123040386395,0.0,0.027961243762054257,-0.0022210504464985547,0,0,0,7,0,0.8571428571428571,0.2631578947368421,0.2768167493263043,0.0775549767974269,0.9407311566077509,0.5685506765406033,0.0,0.2807017543859649,0.012631444574181663
399,112,98.24561403508773,114,0,106,8,0,0.0,0.9022944571838429,0.896335935313149,0.6433379137077472,0.6703683491246696,0.29207975225443034,0.9310232305187076,9.228070175438596,2.4305875750258568,0.37257601792107753,0.0067688446493157015,0.0023861163384201025,0.0,0.0067688446493157015,-0.003938227893073083,0,0,0,8,0,1.0,0.2719298245614035,0.2787977972478675,0.08775055570513603,0.9304941848613624,0.5603551257421331,0.0,0.2807017543859649,0.012658417186284302
400,112,98.24561403508773,114,0,109,5,0,0.0,0.8983216514810396,0.8925340941397988,0.6228722564241597,0.6714295175599648,0.2966712622105215,0.9397822949982422,9.228070175438596,2.4305875750258568,0.3689505784397178,0.005822388955814549,0.0022179956335462133,0.0,0.005822388955814549,-0.006802016897465335,0,0,0,5,0,1.0,0.2719298245614035,0.27216210121943646,0.07769984952637614,0.9385647841127017,0.5593740427433205,0.0,0.2807017543859649,0.012651449471839476
401,113,99.12280701754386,114,0,110,4,0,0.0,0.8933622244651205,0.8878290168383349,0.5827643823202878,0.6723734045476935,0.30798939708549783,0.9567632992746239,9.228070175438596,2.4305875750258568,0.36453062685180804,0.006998615116363146,0.0023181464470208037,0.0,0.006998615116363146,-0.008407377414356335,0,0,0,4,0,1.0,0.2719298245614035,0.26307210511540635,0.08234087414071703,0.948934290243909,0.5507344549205782,0.0,0.24561403508771928,0.012638123336682891
402,114,100.0,114,0,109,5,0,0.0,0.8958074171402604,0.8901990374268263,0.5526850063819799,0.6733404338763359,0.3108128297696411,0.9636937164425522,9.228070175438596,2.4305875750258568,0.36133329282458737,0.006625001245410508,0.0027412422581243926,0.0,0.006625001245410508,-0.007505836801391008,0,0,0,5,0,1.0,0.2631578947368421,0.25456113994069435,0.08372046804968171,0.9423528357466068,0.5452967811437454,0.0,0.24561403508771928,0.01266210154741301
403,114,100.0,114,0,106,8,0,0.0,0.9049009375193272,0.8991592038862891,0.614290100423048,0.6744581864644019,0.2998866995402393,0.9465444669987162,9.228070175438596,2.4305875750258568,0.36794695756582985,0.010394777774100179,0.0019597703128182726,0.0,0.010394777774100179,-0.0032715796949500733,0,0,0,8,0,1.0,0.2807017543859649,0.26805476980346427,0.07055596063701422,0.9183215143825143,0.5601961453113132,0.0,0.2807017543859649,0.012721153127070875
404,114,100.0,114,0,105,9,0,0.0,0.904719524755918,0.8987432805193033,0.6584474378156454,0.6755406835915989,0.29889919079205646,0.9353239407426998,9.228070175438596,2.4305875750258568,0.36986505063072106,0.010701376781552167,0.0022050238981143333,0.0,0.010701376781552167,-0.004182666306225349,0,0,0,9,0,1.0,0.2894736842105263,0.27571236321810094,0.05675050076184774,0.9225738707054006,0.5650380240644204,0.0,0.2807017543859649,0.01273340158359066
405,114,100.0,114,0,107,7,0,0.0,0.8907598691616675,0.8850074166439851,0.5801725638940853,0.6763297799175816,0.3140006755609101,0.9522784929817898,9.228070175438596,2.4305875750258568,0.36496311063878206,0.012864339432407645,0.0020850848751754534,0.0,0.012864339432407645,-0.002712474989710532,0,0,0,7,0,1.0,0.2719298245614035,0.26169680328485706,0.06449361479547625,0.9086048190632307,0.5571423944877474,0.0,0.29824561403508776,0.012673193144246569
406,114,100.0,114,0,109,5,0,0.0,0.9009867262069658,0.8952694777391355,0.5920216629702282,0.6772992392718461,0.3077791336812901,0.9262549557428601,9.228070175438596,2.4305875750258568,0.36869940310190774,0.014739568488327855,0.002447720633587167,0.0,0.014739568488327855,-0.0015635458115112355,0,0,0,5,0,0.8,0.2807017543859649,0.26459811108069087,0.06806518200854644,0.9059467714751503,0.5660156255938601,0.0,0.2807017543859649,0.0127361092087779
407,114,100.0,114,0,110,4,0,0.0,0.8864895010270103,0.8810352589387811,0.5055575963773309,0.6779683549446505,0.3284343938556376,0.9378875246380026,9.228070175438596,2.4305875750258568,0.361251194227284,0.04117709737941849,0.003161302637586824,0.0,0.04117709737941849,-0.004395770302420998,0,0,0,4,0,0.75,0.2807017543859649,0.24601314499034693,0.07950911367702555,0.8982875068130544,0.5548359655008798,0.0,0.33333333333333337,0.01267175480408099
408,114,100.0,114,0,110,4,0,0.0,0.8807274497547704,0.8753463917934073,0.5073160113093456,0.6785105888566527,0.3262563510751901,0.9393203473794579,9.228070175438596,2.4305875750258568,0.36361717123124615,0.04138386107440863,0.0029115370287042673,0.0,0.04138386107440863,-0.004470903900140169,0,0,0,4,0,0.75,0.2807017543859649,0.2490843063834473,0.07769943836655153,0.9107839309517937,0.560310121812252,0.0,0.33333333333333337,0.01264953428276614
409,114,100.0,114,0,108,6,0,0.0,0.8793658209135768,0.8739464296855953,0.4916499974560449,0.6790124214545241,0.33117857806571815,1.019488891814734,9.228070175438596,2.4305875750258568,0.362935685306117,0.03411537372561052,0.002658059726185762,0.0,0.03411537372561052,-0.00551059494623346,0,0,0,6,0,0.8333333333333334,0.2982456140350877,0.2468299114317847,0.08361476416251568,0.8926781399385751,0.5559270626220514,0.0,0.29824561403508765,0.012648824878945818
410,114,100.0,114,0,107,7,0,0.0,0.8791866885999114,0.8739401172527801,0.4651999279987483,0.6795019338282583,0.3337495537911728,1.0055273689454183,9.228070175438596,2.4305875750258568,0.35905053889399485,0.02895695067738043,0.0023929825233800716,0.0,0.02895695067738043,-0.006174080003481249,0,0,0,7,0,0.8571428571428571,0.32456140350877194,0.23841613481396517,0.0844811749919157,0.9147805188337182,0.554322368737759,0.0,0.2631578947368421,0.01265387823084459
411,113,99.12280701754386,114,1,107,6,0,0.008771929824561403,0.8723672732179819,0.8666129724708266,0.4380363567180498,0.6798479862237071,0.3503917651359458,1.0288502221221154,9.228070175438596,2.4305875750258568,0.35568181955902656,0.028695975064461466,0.002626276297592274,0.0,0.028695975064461466,-0.00791943716544724,0,1,0,6,0,0.8571428571428571,0.32456140350877194,0.23171564496883215,0.09080312734739845,0.9129037421778406,0.5451395536568231,0.008771929824561403,0.3157894736842105,0.012623986707198371
412,113,99.12280701754386,114,0,107,7,0,0.0,0.8787012077792721,0.8729945853089068,0.45471341660289066,0.6802988038784237,0.34039433989310763,1.013365339287834,9.228070175438596,2.4305875750258568,0.3572895643058329,0.009165333687604405,0.0024341648061486088,0.0,0.009165333687604405,-0.0072604509428059105,0,0,0,7,0,1.0,0.2982456140350877,0.23505737433807217,0.08855359015035325,0.9106445325780863,0.5523384824945848,0.0,0.3157894736842105,0.012661135138955604
413,113,99.12280701754386,114,0,107,7,0,0.0,0.8778602576848455,0.8721770756007742,0.457968113992268,0.6807227677837262,0.3368063494412327,1.011500473355315,9.228070175438596,2.4305875750258568,0.35926765938299243,0.008870225631074894,0.0020811307740913523,0.0,0.008870225631074894,-0.006867269985528819,0,0,0,7,0,1.0,0.2807017543859649,0.23746997113938034,0.09000001954568955,0.9001225481235403,0.5569809401525552,0.0,0.3157894736842105,0.012662082795485911
414,113,99.12280701754386,114,0,106,8,0,0.0,0.8768372571543478,0.8713341141120556,0.44674292996507253,0.6811200357412583,0.3383528853055606,1.0157840400830351,9.228070175438596,2.4305875750258568,0.35786872340871945,0.014382505452471465,0.0024051668033520297,0.0,0.014382505452471465,-0.005708301329532366,0,0,0,8,0,1.0,0.2631578947368421,0.2346304227853212,0.09283535181570313,0.9072555986970438,0.5561410718643205,0.0,0.29824561403508776,0.012661795765641089
415,113,99.12280701754386,114,0,107,7,0,0.0,0.8768974155784192,0.871367935055674,0.43815555735211875,0.6815083053912976,0.3343269290768852,1.0014701415130007,9.228070175438596,2.4305875750258568,0.3567868343847034,0.01653796552427377,0.0021895906632541334,0.0,0.01653796552427377,-0.004954192465591344,0,0,0,7,0,0.8571428571428571,0.2719298245614035,0.2319168182357146,0.0944191307584363,0.9072555986970438,0.5545085637672308,0.0,0.29824561403508776,0.012666815174697171
416,114,100.0,114,0,106,8,0,0.0,0.8734746789982198,0.868185111119641,0.4020744147718829,0.6818252487489662,0.3405515221257147,1.0007333442369732,9.228070175438596,2.4305875750258568,0.3514351407236733,0.012318464269765064,0.0022279675543763287,0.0,0.012318464269765064,-0.005489338901147521,0,0,0,8,0,0.875,0.2719298245614035,0.22177479684043802,0.10323120819294994,0.9040325049910843,0.5453387679961307,0.0,0.3157894736842105,0.012653553284731858
417,114,100.0,114,0,105,9,0,0.0,0.8769106424198816,0.8715826198516002,0.4080437244593137,0.682200552060843,0.33790811664459225,0.9793286451864348,9.228070175438596,2.4305875750258568,0.35467290446581656,0.01098977538967239,0.002370289544668646,0.0,0.01098977538967239,-0.004571593745321888,0,0,0,9,0,0.8888888888888888,0.2894736842105263,0.2242588330558663,0.09728068605369761,0.9144381431188655,0.5520123435875208,0.0,0.3157894736842105,0.012675294139673735
418,114,100.0,114,0,105,9,0,0.0,0.8760028744360461,0.8704636753797326,0.41309591456720907,0.6825449757568087,0.34344910167764964,1.0371055774800566,9.228070175438596,2.4305875750258568,0.3537997058738842,0.012281192380709438,0.002365791516786884,0.0,0.012281192380709438,-0.004639484289813151,0,0,0,9,0,0.8888888888888888,0.2894736842105263,0.22457369856822187,0.09127513475268888,0.8793677415498206,0.5499708465916125,0.0,0.38596491228070173,0.01267494105953435
419,114,100.0,114,0,107,7,0,0.0,0.8734254380104116,0.8679033901172561,0.41127191234541827,0.6828312439528352,0.3433817667069187,1.0533971590978313,9.228070175438596,2.4305875750258568,0.35233472717565517,0.01696117736826781,0.0026292921091232483,0.0,0.01696117736826781,-0.007179294227998527,0,0,0,7,0,0.8571428571428571,0.30701754385964913,0.22446550325955114,0.08985715597112046,0.8856850336780911,0.5513105135727252,0.0,0.38596491228070173,0.012665532877008112
420,114,100.0,114,0,106,8,0,0.0,0.8702346237693291,0.8649213817921487,0.38072780851353544,0.6830525698905885,0.3549076148958962,1.0728971156540879,9.228070175438596,2.4305875750258568,0.34609083201520896,0.012943294339965323,0.002501695072892495,0.0,0.012943294339965323,-0.006116477109241007,0,0,0,8,0,0.875,0.2631578947368421,0.21447513875584856,0.10187597835155969,0.8758188433468543,0.5373238528895847,0.0,0.38596491228070173,0.01265226856617437
421,114,100.0,114,0,104,10,0,0.0,0.8697311944033497,0.8643467797098123,0.3840707336991707,0.6832573433421434,0.35393466903974025,1.0748382992369674,9.228070175438596,2.4305875750258568,0.34904626836755437,0.011496875198248518,0.0020639954897049215,0.0,0.011496875198248518,-0.002970396226788469,0,0,0,10,0,0.9,0.2719298245614035,0.21749239430599326,0.10700294232498041,0.8874489080093112,0.54050384600474,0.0,0.38596491228070173,0.012652240018379696
422,114,100.0,114,0,108,6,0,0.0,0.8655246094622927,0.8600144344700308,0.39043746772392923,0.6833728984395435,0.357644517063579,1.0818401805638622,9.228070175438596,2.4305875750258568,0.3497312231962941,0.019739333521754526,0.0022727151786472296,0.0,0.019739333521754526,-0.007894399609561861,0,0,0,6,0,0.8333333333333334,0.2807017543859649,0.21976001022779448,0.10408446088883905,0.8877455379715936,0.5408662978862612,0.0,0.38596491228070173,0.012632611427594271
423,114,100.0,114,0,107,7,0,0.0,0.8669104650705004,0.8613925113722848,0.4018618933947928,0.6835124411618722,0.3507491638933173,1.097837201184223,9.228070175438596,2.4305875750258568,0.3526137154016231,0.01730624912850535,0.002250271576161374,0.0,0.01730624912850535,-0.004679797615971093,0,0,1,6,0,0.8571428571428571,0.2807017543859649,0.22432961999943601,0.10059845856347802,0.8963566062300483,0.5476432990008342,0.0,0.38596491228070173,0.012641236559670694
424,114,100.0,114,0,106,8,0,0.0,0.8704921399569708,0.8649731226054589,0.4136987159824427,0.683718216089525,0.3449263429644394,1.079296498335657,9.228070175438596,2.4305875750258568,0.35714484090929277,0.015415583039716534,0.0021203430763633135,0.0,0.015415583039716534,-0.004839844467566544,0,0,0,8,0,0.875,0.2982456140350877,0.22928151153889084,0.10328414541051895,0.8731603479731121,0.5515652033392658,0.0,0.38596491228070173,0.012661645704015071
425,114,100.0,114,0,105,9,0,0.0,0.8706236077447306,0.8651079869831899,0.4001574694344524,0.6839216118748004,0.3445884804524764,1.073606445979155,9.228070175438596,2.4305875750258568,0.35478006560552733,0.013352407248321908,0.002065900512402997,0.0,0.013352407248321908,-0.0038550038598125285,0,0,0,9,0,0.8888888888888888,0.2894736842105263,0.22493076459932448,0.10708360767991795,0.8712592113436232,0.5474442395661774,0.0,0.38596491228070173,0.012664774899296384
426,114,100.0,114,0,106,8,0,0.0,0.8750063380377948,0.8693395382009559,0.4065556387462948,0.6842023451938943,0.34113327102713786,1.0793806086403004,9.228070175438596,2.4305875750258568,0.3546682033290627,0.01361940528834096,0.0020381862166754024,0.0,0.01361940528834096,-0.004611030525682486,0,0,0,8,0,0.875,0.2894736842105263,0.22525368208026741,0.11058669126681923,0.8866277395180859,0.5444051684071166,0.0,0.38596491228070173,0.012690100285348133
427,113,99.12280701754386,114,1,105,8,0,0.008771929824561403,0.874473091675862,0.8718801523025789,0.39700124788327246,0.6844674373335791,0.34642171487308926,1.0847717795308116,9.228070175438596,2.4305875750258568,0.35269678301311136,0.03777392306020639,0.0022460821684016996,0.0,0.03777392306020639,-0.0024098164126655527,0,1,0,8,0,0.7777777777777778,0.2894736842105263,0.22105073892311045,0.11686656503063203,0.863963047591375,0.5386417988307088,0.008771929824561403,0.4385964912280702,0.012690655701843242
428,113,99.12280701754386,114,0,100,14,0,0.0,0.8713786678910049,0.8688268981538397,0.390445880206787,0.684724935754659,0.34703198988634615,1.0831512048266434,9.228070175438596,2.4305875750258568,0.3513062505631075,0.044485071753737726,0.002474071108788571,0.0,0.044485071753737726,-0.00047301832125500243,0,0,0,14,0,0.7142857142857143,0.2807017543859649,0.21921876068685645,0.12044282555455883,0.8874933014990675,0.5341826394059533,0.0,0.368421052631579,0.012678312945233285
429,113,99.12280701754386,114,0,99,15,0,0.0,0.8698331686622386,0.8673464965172689,0.3896911964796755,0.684947389484519,0.3507427868559227,1.100599599464505,9.228070175438596,2.4305875750258568,0.34886273534789813,0.05286874063639013,0.0023983291602182465,0.0,0.05286874063639013,0.0017725795929377287,0,0,0,15,0,0.6666666666666666,0.2719298245614035,0.21737851812198478,0.11049859375017075,0.9295276993675065,0.5375717886129707,0.0,0.29824561403508776,0.012673288915448534
430,113,99.12280701754386,114,0,99,15,0,0.0,0.8751899197252703,0.8727601493061807,0.3987604645844779,0.685269703139295,0.3450599545275189,1.083783719239243,9.228070175438596,2.4305875750258568,0.34958315823204233,0.06083616154877317,0.0023541252371768033,0.0,0.06083616154877317,0.002258762387310805,0,0,0,15,0,0.6,0.2807017543859649,0.21764440630409146,0.09655630375913715,0.9165618923314384,0.5446314673206911,0.0,0.33333333333333337,0.012703989728586492
431,113,99.12280701754386,114,0,98,16,0,0.0,0.8769582373698291,0.8744839006097946,0.4031668394582623,0.6856177005064331,0.3396845712835129,1.0694764523712401,9.228070175438596,2.4305875750258568,0.3487358210123279,0.0539963613408008,0.0024051466844486795,0.0,0.0539963613408008,0.0006304622992227352,0,0,0,16,0,0.625,0.2719298245614035,0.2167444562692342,0.07748562054084052,0.9173453390238259,0.5509250056624524,0.0,0.33333333333333337,0.012717060507192821
432,113,99.12280701754386,114,1,96,17,0,0.008771929824561403,0.8734541746763081,0.8698767744049272,0.4037990374915016,0.6858874598655469,0.34455364666601485,1.0899932676925774,9.228070175438596,2.4305875750258568,0.35060563324434835,0.044272836901052014,0.002358096387331993,0.0,0.044272836901052014,0.001688455396945758,0,1,0,17,0,0.7222222222222222,0.2807017543859649,0.21937702826470026,0.09643273140410638,0.9276912467059585,0.5444345905928862,0.008771929824561403,0.2982456140350877,0.012702818562457762
433,113,99.12280701754386,114,0,98,16,0,0.0,0.8755366545090535,0.8720478480131747,0.38951577456589687,0.6861730738010654,0.35398369822413517,1.1091217283281798,9.228070175438596,2.4305875750258568,0.3471062275025092,0.02928719924566607,0.002382080848340483,0.0,0.02928719924566607,0.0021138046979217277,0,0,0,16,0,0.875,0.2807017543859649,0.21402825032298728,0.11268932105133894,0.9387520983856974,0.5313766200579648,0.0,0.29824561403508765,0.012716702010036118
434,113,99.12280701754386,114,0,96,18,0,0.0,0.8837824744706892,0.8801596407060502,0.4344741766214194,0.6866094770199985,0.34515957348154436,1.0965526200718392,9.228070175438596,2.4305875750258568,0.35000182657176726,0.0213551508876164,0.0021836787766320804,0.0,0.0213551508876164,0.004257315448084732,0,0,1,17,0,0.8888888888888888,0.2807017543859649,0.22260561631086798,0.09689422085808887,0.9475654237099731,0.5394383208408682,0.0,0.2631578947368421,0.012763234691052495
435,112,98.24561403508773,114,1,97,16,0,0.008771929824561403,0.886729672740757,0.8814769918658844,0.45420122604885094,0.6870949383140608,0.3425478248734333,1.0942003764360313,9.228070175438596,2.4305875750258568,0.35240485728090776,0.009791777197920555,0.0020225695872988806,0.0,0.009791777197920555,0.004699811002385616,0,1,0,16,0,1.0,0.2894736842105263,0.22844062305842322,0.08844795541757254,0.9455609217227557,0.5507784227307373,0.008771929824561403,0.24561403508771928,0.012783870463350354
436,112,98.24561403508773,114,0,102,12,0,0.0,0.8974213772367676,0.8921647367869289,0.465503720574242,0.687742370307652,0.3439936008671829,1.0929737992982402,9.228070175438596,2.4305875750258568,0.3527569752079571,0.004323341890206466,0.0019103401785677421,0.0,0.004323341890206466,0.0005117488341550338,0,0,0,12,0,1.0,0.2894736842105263,0.229231143341094,0.09558287695320206,0.9403102276699387,0.5492143847833654,0.0,0.2807017543859649,0.01284519718662689
437,113,99.12280701754386,114,0,102,12,0,0.0,0.9038561343649661,0.8982762999184725,0.5080776226425424,0.6884929034149421,0.3490579608424974,1.100907289301643,9.228070175438596,2.4305875750258568,0.35616157200746157,0.005094483057777607,0.001881875355166888,0.0,0.005094483057777607,0.0026007561303938026,0,0,0,12,0,1.0,0.2894736842105263,0.2381932343126721,0.1004030409007698,0.939404164657377,0.5487460489254847,0.0,0.2631578947368421,0.012886492154494009
438,113,99.12280701754386,114,0,101,13,0,0.0,0.907023260512492,0.9014684542178317,0.5214601500452882,0.6892872646424009,0.33799182171253855,1.0786947610595672,9.228070175438596,2.4305875750258568,0.35777499986726435,0.004871799698434806,0.0016694610190343567,0.0,0.004871799698434806,0.002325687930196417,0,0,0,13,0,1.0,0.2631578947368421,0.24098102539872834,0.0937930287582291,0.9335200404268778,0.5542232196996174,0.0,0.22807017543859648,0.012911981607879356
439,113,99.12280701754386,114,0,99,15,0,0.0,0.9174372624785735,0.9117460510792651,0.5228323414232693,0.6902621630184241,0.33342931044208873,1.0535770830765099,9.228070175438596,2.4305875750258568,0.35982450832336776,0.005189703394241573,0.0016422159766440088,0.0,0.005189703394241573,0.0048013881870134075,0,0,0,15,0,1.0,0.2807017543859649,0.24104475288947944,0.10652714735357595,0.9363228176222669,0.5546463663412957,0.0,0.19298245614035087,0.012975899497108138
440,114,100.0,114,0,100,14,0,0.0,0.9181346458563596,0.9126582008921696,0.5116653175977882,0.6912311021156654,0.334537274832888,1.001090041610003,9.228070175438596,2.4305875750258568,0.3590686794685207,0.005414561644397896,0.001379764284909332,0.0,0.005414561644397896,0.004100787885761855,0,0,0,14,0,1.0,0.2807017543859649,0.23808269462582315,0.10555102660178864,0.9438697371094473,0.5545743998758413,0.0,0.17543859649122806,0.012991161870650626
441,114,100.0,114,0,100,14,0,0.0,0.9276088794618372,0.9220101305050211,0.5158374483573431,0.6923583357709556,0.32178036433697993,0.9741906425701711,9.228070175438596,2.4305875750258568,0.359445595780046,0.005260585213562791,0.0017390617325343512,0.0,0.005260585213562791,0.0020587612880179867,0,0,0,14,0,1.0,0.3333333333333333,0.2379827721768203,0.10470611282394397,0.9504507847136863,0.555596351294645,0.0,0.21052631578947367,0.013052232239261512
442,114,100.0,114,0,98,16,0,0.0,0.9274163082112761,0.9217977828189662,0.5445560530125024,0.6934540419879002,0.3130157895445704,0.957407111133771,9.228070175438596,2.4305875750258568,0.36407637862369713,0.018813874577225942,0.001671381684659364,0.0,0.018813874577225942,0.004296136288508289,0,0,0,16,0,0.9375,0.30701754385964913,0.2456596938679706,0.09532554796476031,0.9439937540569314,0.5682434970494442,0.0,0.21052631578947367,0.013064585432592625
443,114,100.0,114,0,99,15,0,0.0,0.9262880525304401,0.9206192229149383,0.5551030810662002,0.6945001993612038,0.3197925350853669,0.9907256900627043,9.228070175438596,2.4305875750258568,0.3639153515307094,0.0060727128496708875,0.0013927565444497264,0.0,0.0060727128496708875,0.005113493833043043,0,0,0,15,0,1.0,0.30701754385964913,0.24666343563396956,0.1036558946317997,0.9354169458391672,0.563130561269281,0.0,0.22807017543859648,0.013071658039753813
444,114,100.0,114,0,101,13,0,0.0,0.9246471433848023,0.9190713812571862,0.552314408756843,0.6954908316457651,0.31897521908610676,0.959365541585096,9.228070175438596,2.4305875750258568,0.3645401600734648,0.005846222129775334,0.0016637327055779036,0.0,0.005846222129775334,0.0012754068615220186,0,0,0,13,0,1.0,0.2982456140350877,0.2465205409951063,0.09879937624536414,0.939942288647033,0.5642208215522939,0.0,0.2807017543859649,0.013075492586636994
445,114,100.0,114,0,103,11,0,0.0,0.9267840179450902,0.9210488417647079,0.5785139448030518,0.6964958368726211,0.31997473224044326,0.9210489188283912,9.228070175438596,2.4305875750258568,0.3662788869089628,0.006367074935562183,0.001511494634858288,0.0,0.006367074935562183,0.0029184157539210646,0,0,0,11,0,1.0,0.3157894736842105,0.252026812538483,0.10438447757068746,0.9349821690581714,0.5672237952574151,0.0,0.2631578947368421,0.013098390725524597
446,114,100.0,114,0,102,12,0,0.0,0.9304776311162747,0.9245976084462663,0.624311314024681,0.6975454192729277,0.31655576615082426,0.905349068296575,9.228070175438596,2.4305875750258568,0.37130962782148624,0.007706821167778876,0.0015080982183480198,0.0,0.007706821167778876,0.0023356237360196894,0,0,0,12,0,1.0,0.3157894736842105,0.2620428889086116,0.09820699806193009,0.9457679330982424,0.5767381312153282,0.0,0.24561403508771928,0.013129614301086272
447,113,99.12280701754386,114,1,100,13,0,0.008771929824561403,0.9265585115710411,0.9200693526226011,0.630139663560219,0.6984965153072119,0.3177299164577918,0.9338354215527257,9.228070175438596,2.4305875750258568,0.3732787363785479,0.021714184183687035,0.0017496518842615527,0.0,0.021714184183687035,0.0031887115604600086,0,1,0,13,0,0.9285714285714286,0.30701754385964913,0.2652006120768055,0.09265629769383618,0.9573063479651671,0.5803274765147501,0.008771929824561403,0.24561403508771928,0.013121577314378043
448,113,99.12280701754386,114,0,101,13,0,0.0,0.9338125456710942,0.9272456692235865,0.6858724090697834,0.6995489602150573,0.3122458944307086,0.8937387272303751,9.228070175438596,2.4305875750258568,0.3763020911536472,0.008321649274937488,0.001326238357905697,0.0,0.008321649274937488,0.00313854785147738,0,0,0,13,0,1.0,0.2982456140350877,0.2735439139336475,0.08465745986442595,0.9459909574255063,0.5879385168623835,0.0,0.21052631578947367,0.01317063778246035
449,113,99.12280701754386,114,0,99,15,0,0.0,0.9340680164601229,0.927610242148563,0.6734110745442974,0.7005829135391118,0.31710240836956893,0.9056782150464927,9.228070175438596,2.4305875750258568,0.3733462422894891,0.010488842636766992,0.0014413253401336253,0.0,0.010488842636766992,0.0049417708082265515,0,0,0,15,0,1.0,0.30701754385964913,0.2689709532568544,0.07960617004541456,0.9440529607787715,0.5852027974997821,0.0,0.24561403508771928,0.013184480706918512
450,113,99.12280701754386,114,0,99,15,0,0.0,0.9410241619762936,0.9346449413266555,0.6798685764673424,0.7017285233414706,0.314031822566968,0.8975895947566657,9.228070175438596,2.4305875750258568,0.37529787340326703,0.011241715228753217,0.001617465421921513,0.0,0.011241715228753217,0.0017713361141211378,0,0,0,15,0,1.0,0.2894736842105263,0.270304141751153,0.08045358890442418,0.9306306514412626,0.5891420381823844,0.0,0.21052631578947367,0.013233183959256569
451,112,98.24561403508773,114,1,100,13,0,0.008771929824561403,0.9415121691529156,0.9336070454319757,0.6438972964008473,0.7028564367318632,0.3238611226071755,0.9265008696700515,9.228070175438596,2.4305875750258568,0.3734522097830004,0.010770415699757643,0.0014313145228131202,0.0,0.010770415699757643,0.005260269780754257,0,1,0,13,0,1.0,0.2719298245614035,0.2656345796567833,0.09466204817258385,0.9345794755770639,0.5803464909902672,0.008771929824561403,0.21052631578947367,0.013249331456501647
452,113,99.12280701754386,114,0,105,9,0,0.0,0.9343484139189195,0.9268525385896653,0.6147916947438771,0.7037952656238067,0.33040849073236594,0.9810295959482747,9.228070175438596,2.4305875750258568,0.3691119571548378,0.010175700452155914,0.0021549173140628947,0.0,0.010175700452155914,0.002185088185439921,0,0,0,9,0,0.8888888888888888,0.2807017543859649,0.25928529761523433,0.08665173962472157,0.9341810489497652,0.5795574657467797,0.0,0.21052631578947367,0.013224922209530834
453,113,99.12280701754386,114,0,105,9,0,0.0,0.9308775653168094,0.9233296349125037,0.6224602419028228,0.7046427736501062,0.341200105692037,1.0167718837367479,9.228070175438596,2.4305875750258568,0.3698604588760095,0.008670813456531798,0.002227143647101382,0.0,0.008670813456531798,0.0013477950940768732,0,0,0,9,0,1.0,0.2807017543859649,0.2619356539897726,0.08539316581672947,0.9254895476568085,0.5797617766581662,0.0,0.19298245614035087,0.013217867678912573
454,113,99.12280701754386,114,0,106,8,0,0.0,0.9233522361195899,0.9158668066477824,0.6079770275611684,0.7053245697903828,0.345236064156868,1.0764031677910917,9.228070175438596,2.4305875750258568,0.3701089242063751,0.0037138236373881746,0.0023300947742230255,0.0,0.0037138236373881746,0.0002627827460486634,0,0,0,8,0,1.0,0.30701754385964913,0.2617709091715715,0.08652991539430926,0.9283457441808403,0.5790802893099838,0.0,0.24561403508771928,0.013188526859062761
455,113,99.12280701754386,114,0,104,10,0,0.0,0.9337911119440561,0.9261208904867309,0.6345698390896974,0.7061891818685646,0.33753003203246645,1.0410381547851408,9.228070175438596,2.4305875750258568,0.3723620400633536,0.003730928644143048,0.002063704721765715,0.0,0.003730928644143048,0.002118051611275312,0,0,0,10,0,1.0,0.30701754385964913,0.2668915224142742,0.0961052518925109,0.9161687020962558,0.5794435476142447,0.0,0.24561403508771928,0.01325122881505732
456,114,100.0,114,0,108,6,0,0.0,0.9306210625793684,0.9228442440026408,0.6367715396447065,0.7069690653831461,0.3410896736872618,1.059185715223535,9.228070175438596,2.4305875750258568,0.37140179436141874,0.004676217131357521,0.0021764668536773,0.0,0.004676217131357521,-0.0030633930540391687,0,0,0,6,0,1.0,0.2807017543859649,0.26757951091677207,0.10079887846354557,0.9148329893415139,0.5742125457673306,0.0,0.21052631578947367,0.013244856444136428
457,114,100.0,114,0,107,7,0,0.0,0.9348374975273795,0.927210229159853,0.6288229207500798,0.7078148884201294,0.33806887115957757,1.0452849851903536,9.228070175438596,2.4305875750258568,0.3688100503704239,0.0030204411371049576,0.0017010280549319236,0.0,0.0030204411371049576,0.0018057996206759044,0,0,0,7,0,1.0,0.2631578947368421,0.2650704073249672,0.10140533715258675,0.9080076385290787,0.573803183700198,0.0,0.24561403508771928,0.013276217853698296
458,114,100.0,114,0,108,6,0,0.0,0.941043182576693,0.9333054898872039,0.6271717017309374,0.7087586735073927,0.3310772657567059,1.0357024722937693,9.228070175438596,2.4305875750258568,0.3712166371562826,0.003522812839192474,0.0020556278256953064,0.0,0.003522812839192474,-0.001519362877929124,0,0,0,6,0,1.0,0.2807017543859649,0.265834619402495,0.11402184229517508,0.9162597750704912,0.5702880364316292,0.0,0.24561403508771928,0.013318716040477848
459,114,100.0,114,0,107,7,0,0.0,0.9495414561244474,0.9419292887946775,0.6427451242020761,0.7098472062593822,0.3246276794095729,1.0249215072505118,9.228070175438596,2.4305875750258568,0.3720390521018848,0.005778608134059728,0.0016413586755250817,0.0,0.005778608134059728,0.0025343173467901998,0,0,0,7,0,1.0,0.2807017543859649,0.2676689668822477,0.1057280128699125,0.9143859983956932,0.577605967390177,0.0,0.28070175438596495,0.013374436279126593
460,114,100.0,114,0,104,10,0,0.0,0.9594476879209028,0.9517518681897924,0.6677095412121585,0.7111002783850117,0.31357912743523786,1.0112513444438411,9.228070175438596,2.4305875750258568,0.37360299608597947,0.004962751624250251,0.0020871252285351283,0.0,0.004962751624250251,0.0013061731434043545,0,0,0,10,0,1.0,0.2631578947368421,0.2709489007946556,0.10507891430006588,0.9067321784436326,0.5791467640995801,0.0,0.2982456140350877,0.0134391959458047
461,114,100.0,114,0,104,10,0,0.0,0.9639707255095048,0.9561828451819935,0.6782510719240721,0.7124090525162291,0.3031518979468911,0.9983983744023285,9.228070175438596,2.4305875750258568,0.378204623777743,0.019238473207572642,0.0019800213693421153,0.0,0.019238473207572642,0.0027526954317110275,0,0,0,10,0,0.9,0.2719298245614035,0.2749427926375005,0.10915136301807679,0.9110211325428708,0.5823138341343573,0.0,0.2631578947368421,0.013477716584456973
462,114,100.0,114,0,102,12,0,0.0,0.9696347121513501,0.9615615354180622,0.6821476540567576,0.7137906027672896,0.30336457792590305,1.0032305942289497,9.228070175438596,2.4305875750258568,0.37881260531090266,0.0046838686289749415,0.0021244877768174255,0.0,0.0046838686289749415,0.0014273980443036821,0,0,0,12,0,1.0,0.2894736842105263,0.27496850390364325,0.11238852627576482,0.9118433568594612,0.5851513858086659,0.0,0.2982456140350877,0.013522826412038705
463,113,99.12280701754386,114,1,103,10,0,0.008771929824561403,0.9652278806775815,0.9586173473495629,0.635835910054592,0.7150569821195999,0.30943981464673714,1.006787149423913,9.228070175438596,2.4305875750258568,0.3748325294310022,0.016649754329377767,0.002018015353520201,0.0,0.016649754329377767,0.000437579129241351,0,1,0,10,0,0.9090909090909091,0.2894736842105263,0.2649045492088231,0.11658864433358156,0.8967931227216288,0.5778582508578082,0.008771929824561403,0.31578947368421056,0.013516182484264835
464,113,99.12280701754386,114,0,106,8,0,0.0,0.9676735154860351,0.9611157217952274,0.6491089359813267,0.7163655034103059,0.3031603165100058,1.005656452236371,9.228070175438596,2.4305875750258568,0.37664534193543364,0.005163791376775601,0.0019343182137811854,0.0,0.005163791376775601,-0.0010856449083678568,0,0,0,8,0,1.0,0.2719298245614035,0.2676833587855753,0.10794614721363055,0.8754866572569142,0.5832834131302683,0.0,0.35087719298245607,0.01354431303626134
465,113,99.12280701754386,114,0,106,8,0,0.0,0.9564844387497017,0.9500197548493109,0.6137399517784397,0.7174264621899703,0.32298396598250734,1.0290754967827136,9.228070175438596,2.4305875750258568,0.3745713833332067,0.005392259148129278,0.0018583317894876731,0.0,0.005392259148129278,0.002792964711774492,0,0,0,8,0,1.0,0.2631578947368421,0.2633270445479324,0.12233455510313608,0.8878182968187167,0.5741777803565545,0.0,0.35087719298245607,0.013501261418717006
466,113,99.12280701754386,114,0,105,9,0,0.0,0.9528245058419885,0.9463724147804986,0.5915982468825824,0.718390712001735,0.32932268311680885,1.0358044277489578,9.228070175438596,2.4305875750258568,0.37023399501257637,0.004956112559966062,0.001727930224773866,0.0,0.004956112559966062,0.00389742976106891,0,0,0,9,0,1.0,0.2631578947368421,0.2573422538904855,0.12109616612048639,0.8902830641128744,0.5672101283034605,0.0,0.35087719298245607,0.013494680222236922
467,113,99.12280701754386,114,0,105,9,0,0.0,0.9547907427770553,0.9484100576050755,0.601131612834741,0.7193711462320366,0.3268421900178492,1.043379419744627,9.228070175438596,2.4305875750258568,0.36961427159772353,0.006242764892015576,0.0017406678594304786,0.0,0.006242764892015576,0.0031899866188414778,0,0,0,9,0,1.0,0.2631578947368421,0.25802573982483157,0.12182226909368973,0.9134745066800741,0.5656563300729474,0.0,0.31578947368421045,0.013516426563203761
468,114,100.0,114,0,103,11,0,0.0,0.9629299218374695,0.9564078151315539,0.6070357353254265,0.7204832641503307,0.3267195255931994,1.0349483865670175,9.228070175438596,2.4305875750258568,0.368534055212993,0.0057971525243573204,0.001794439429446174,0.0,0.0057971525243573204,0.003263475762417155,0,0,0,11,0,1.0,0.2543859649122807,0.2560624524495491,0.12634344332213376,0.888538293719829,0.5592959353280347,0.0,0.31578947368421045,0.01357063795847668
469,114,100.0,114,0,101,13,0,0.0,0.9662710134169823,0.959893519421481,0.622797242412313,0.7216361295449816,0.32441874359651995,1.0265927232043521,9.228070175438596,2.4305875750258568,0.3668116744507002,0.005321713883991955,0.002023086331256305,0.0,0.005321713883991955,0.001724771688859099,0,0,0,13,0,1.0,0.2543859649122807,0.2565823102295251,0.11316991287973578,0.9015116621272042,0.5625141717798693,0.0,0.3508771929824562,0.013601354117893821
470,114,100.0,114,0,102,12,0,0.0,0.9700573722440969,0.9637384471503124,0.6271045114961082,0.72283573700511,0.3230535450617433,1.0167427077196005,9.228070175438596,2.4305875750258568,0.3656162635000877,0.005678122171493628,0.0017199894428122694,0.0,0.005678122171493628,0.004624727818179614,0,0,0,12,0,1.0,0.2719298245614035,0.2554053519279745,0.11473021249215398,0.9128452204432742,0.5639405998445245,0.0,0.3157894736842105,0.013634864666966878
471,114,100.0,114,0,102,12,0,0.0,0.9736481895498781,0.967240754214548,0.628422902982145,0.7240742882676373,0.32450837731354537,1.0260270833649843,9.228070175438596,2.4305875750258568,0.3631445084601357,0.006208496352740266,0.0020725206370901974,0.0,0.006208496352740266,0.004565496975617311,0,0,0,12,0,1.0,0.2807017543859649,0.25265887479788635,0.12144711652095275,0.9234434946999392,0.5577982672949158,0.0,0.3157894736842105,0.01366787079004444
472,114,100.0,114,0,104,10,0,0.0,0.9792022226913216,0.9727048456959461,0.6394593625620962,0.7253889830799751,0.32170375868662204,1.0088444496436544,9.228070175438596,2.4305875750258568,0.36496407688184096,0.0069747682540863415,0.0017646354895730118,0.0,0.0069747682540863415,0.002729336540344268,0,0,0,10,0,1.0,0.2894736842105263,0.25495238146790117,0.12915362421873766,0.9159848209180176,0.5605686879198105,0.0,0.35087719298245607,0.013711618360130753
473,114,100.0,114,0,103,11,0,0.0,0.9888409549660339,0.9822646728724685,0.6943698382678352,0.7268576110607923,0.30955241767612096,0.9756860445441791,9.228070175438596,2.4305875750258568,0.36893705413435574,0.005990401315737976,0.0017634341826144185,0.0,0.005990401315737976,0.00311644993606295,0,0,0,11,0,1.0,0.2719298245614035,0.2642795409152395,0.12587745047748472,0.927800128481318,0.5663844489436637,0.0,0.3157894736842105,0.013777660166116862
474,114,100.0,114,0,103,11,0,0.0,0.98340932755999,0.976871873376256,0.6880266499928025,0.7281856813807832,0.31565153741785107,0.9753727484448517,9.228070175438596,2.4305875750258568,0.3670741029282205,0.005919352314286631,0.0018649512276476233,0.0,0.005919352314286631,0.0026950546144375613,0,0,0,11,0,1.0,0.2719298245614035,0.2628160433132662,0.12366031668985016,0.9140015910779097,0.5648960375200044,0.0,0.3508771929824562,0.013766641985179295
475,114,100.0,114,0,104,10,0,0.0,0.9695007012788204,0.9631388730418519,0.6703830520320652,0.729214437708744,0.31869782110755435,0.9733692686503946,9.228070175438596,2.4305875750258568,0.365379623378165,0.005213448241406063,0.002127845651689951,0.0,0.005213448241406063,0.002448714415024303,0,0,0,10,0,1.0,0.30701754385964913,0.2609494112777021,0.11506840455608135,0.9176090341855897,0.5646997467025493,0.0,0.3508771929824561,0.013709601265515802
476,114,100.0,114,0,107,7,0,0.0,0.9619111258119275,0.9556272356832213,0.6257636951404315,0.7300721276737643,0.3353555973014525,1.011593505291402,9.228070175438596,2.4305875750258568,0.35829110704091316,0.003763544862415666,0.0024122590249973327,0.0,0.003763544862415666,0.00040949271060500676,0,0,0,7,0,1.0,0.30701754385964913,0.2505989140741704,0.11232147503004655,0.9258280244951602,0.5551578519478864,0.0,0.3157894736842105,0.01368207684104235
477,114,100.0,114,0,107,7,0,0.0,0.9678278128720168,0.961776291502729,0.6321436031775781,0.7310285372824467,0.32950999667077946,0.9746955190835589,9.228070175438596,2.4305875750258568,0.3604341264652742,0.0027153650207418756,0.002230755972874805,0.0,0.0027153650207418756,-0.0005223197177534214,0,0,0,7,0,1.0,0.30701754385964913,0.2513563081365179,0.11220918849716637,0.928128671908605,0.5589035230613001,0.0,0.3157894736842105,0.01372328346290029
478,114,100.0,114,0,107,7,0,0.0,0.9654671932584656,0.9596901733484875,0.6062950452529019,0.7319211365750881,0.3365266581592012,0.9870965170546416,9.228070175438596,2.4305875750258568,0.35614864863512596,0.002971124123816037,0.0025531964334249957,0.0,0.002971124123816037,-0.0011009968471304818,0,0,0,7,0,1.0,0.3157894736842105,0.2440518594789907,0.10694527436866502,0.9195643124691983,0.5550943335946577,0.0,0.2807017543859649,0.013722328068583391
479,114,100.0,114,0,106,8,0,0.0,0.9690325035762198,0.9629723494959942,0.6406047785332907,0.7328558613927335,0.3348931529863756,0.9775376039846091,9.228070175438596,2.4305875750258568,0.3580708698330277,0.0020377255305061097,0.002034019309905298,0.0,0.0020377255305061097,0.0015077695069312044,0,0,0,8,0,1.0,0.2807017543859649,0.2505560297014605,0.10870995751314418,0.919741105921567,0.555584782909097,0.0,0.3157894736842105,0.013751514272811348
480,114,100.0,114,0,105,9,0,0.0,0.9683215515708923,0.9621346953831229,0.6466257538391013,0.733751578971669,0.334102786047916,1.0261659610119538,9.228070175438596,2.4305875750258568,0.3585119461906898,0.0023066451018887496,0.0018846364423531566,0.0,0.0023066451018887496,0.001767547927187332,0,0,0,9,0,1.0,0.2982456140350877,0.25222165211707287,0.10197004284365188,0.9220700201776602,0.5600308298101957,0.0,0.3157894736842105,0.013758845112875173
481,114,100.0,114,0,105,9,0,0.0,0.968386643914674,0.9620560356359399,0.6900112214711249,0.7346239958351903,0.32769504206664307,0.9813363762472518,9.228070175438596,2.4305875750258568,0.3643566873955073,0.002774780882099893,0.0023769678664466005,0.0,0.002774780882099893,0.0009756321235380635,0,0,0,9,0,1.0,0.2894736842105263,0.2635143095337536,0.10438471044212178,0.9268102792714641,0.5655362667340524,0.0,0.3157894736842105,0.013769773002537674
482,114,100.0,114,0,104,10,0,0.0,0.9694332407123448,0.9629431419767096,0.661555720068628,0.7354924573600212,0.33058072302755037,0.9493485483155909,9.228070175438596,2.4305875750258568,0.36415032126328795,0.002635039064156187,0.002474903412312626,0.0,0.002635039064156187,0.0015957209418678397,0,0,0,10,0,1.0,0.2894736842105263,0.2593468256995073,0.1155936917425577,0.9226000773859593,0.5636787064350932,0.0,0.3157894736842105,0.013785560345484237
483,114,100.0,114,0,105,9,0,0.0,0.9828421749052925,0.9762150724350308,0.709334953027124,0.7365978788810846,0.32049729371850316,0.9624474423231371,9.228070175438596,2.4305875750258568,0.3692669401297284,0.006321854311735968,0.0015491359877350265,0.0,0.006321854311735968,0.0046376388601556805,0,0,0,9,0,1.0,0.2982456140350877,0.2669850640754295,0.11616084394230526,0.9248300408978896,0.5703599009984187,0.0,0.3157894736842105,0.013866039135520288
484,114,100.0,114,0,105,9,0,0.0,0.9794716364950191,0.9730747531533261,0.6652327707158432,0.7376153695957837,0.33216127645187976,1.0180741416077976,9.228070175438596,2.4305875750258568,0.3613702023830154,0.005595799148516641,0.0017720420439271906,0.0,0.005595799148516641,0.0027958444529926135,0,0,0,9,0,1.0,0.2894736842105263,0.25478243043156384,0.10974755611189765,0.9189074072656268,0.5585860975977425,0.0,0.3508771929824561,0.013861551944913182
485,114,100.0,114,0,102,12,0,0.0,0.9751280467420974,0.9688257900265064,0.6354322949143144,0.7385255094917319,0.34431040758171544,1.0284520688023362,9.228070175438596,2.4305875750258568,0.36009440503648116,0.005667615396600895,0.0019747261389656532,0.0,0.005667615396600895,0.003817185564850417,0,0,0,12,0,1.0,0.2807017543859649,0.25021532006801483,0.12237507126230229,0.9271555629713604,0.552650099520744,0.0,0.3157894736842105,0.013850894869761708
486,114,100.0,114,0,104,10,0,0.0,0.9691777251394361,0.9630030549522774,0.5782235795748314,0.739300306300261,0.3570902147895875,1.0916465898362737,9.228070175438596,2.4305875750258568,0.35167699019652465,0.0029081693570193914,0.0020606740462238847,0.0,0.0029081693570193914,0.0025819889547782082,0,0,0,10,0,1.0,0.2719298245614035,0.2358202626913287,0.12300184046762051,0.9279339376243376,0.5405075262868512,0.0,0.3157894736842105,0.013830559319228303
487,114,100.0,114,0,102,12,0,0.0,0.9745668375024772,0.9684198454645204,0.5932553246286477,0.7401615988635549,0.34684589108197744,1.0724549394547431,9.228070175438596,2.4305875750258568,0.35180962022681017,0.0050310781055687695,0.0017027853926030977,0.0,0.0050310781055687695,0.004596005021971122,0,0,0,12,0,1.0,0.22807017543859648,0.23707311893657038,0.12013348711679168,0.9323512241127452,0.5399985744659589,0.0,0.3157894736842105,0.013867972116057531
488,114,100.0,114,0,103,11,0,0.0,0.982666158587316,0.9761889815120216,0.6511261805437528,0.7411530254811868,0.3331972686730623,1.0057739889467914,9.228070175438596,2.4305875750258568,0.3586627373575475,0.0060348342539269795,0.0021388454009973372,0.0,0.0060348342539269795,0.0014023834107363207,0,0,0,11,0,1.0,0.2543859649122807,0.24959409130666516,0.12260598242031162,0.9464737605202049,0.5478163153623167,0.0,0.2807017543859649,0.013920517467573553
489,113,99.12280701754386,114,1,104,9,0,0.008771929824561403,0.9829516352411746,0.9803280345182372,0.6793808129264218,0.742129121710857,0.33194372209873063,1.0012133300292423,9.228070175438596,2.4305875750258568,0.35817757749127765,0.006607661859230474,0.0019440858543663942,0.0,0.006607661859230474,0.0012519072500663947,0,1,0,9,0,1.0,0.23684210526315788,0.25240559640516436,0.10860428067018459,0.9298328465424461,0.5497843259335283,0.008771929824561403,0.3333333333333333,0.013933807287682176
490,113,99.12280701754386,114,0,102,12,0,0.0,0.9834922150807414,0.980890971114639,0.6655560833076314,0.7431641547426746,0.3342372616658744,1.0063504121333557,9.228070175438596,2.4305875750258568,0.3561981155958893,0.047772301153051096,0.001829962796695715,0.0,0.047772301153051096,0.005084380083773918,0,0,0,12,0,0.9166666666666666,0.2543859649122807,0.2478564304715075,0.10613159046160892,0.9311582575414645,0.5475582162722029,0.0,0.3333333333333333,0.013949088879014398
491,113,99.12280701754386,114,0,101,13,0,0.0,0.981947186366183,0.9793583341319076,0.6714248305327952,0.7441442287229656,0.3340090591763214,1.0080934507100685,9.228070175438596,2.4305875750258568,0.35613620794541645,0.04260434835772291,0.002680493588819457,0.0,0.04260434835772291,0.0013410240103088034,0,0,0,13,0,0.9230769230769231,0.23684210526315788,0.24792279648204665,0.09529215657182656,0.9314353897814506,0.5486724561797767,0.0,0.3333333333333333,0.013953274513637112
492,113,99.12280701754386,114,0,101,13,0,0.0,0.9870186086128254,0.9844443491462805,0.6919335405495616,0.7451993771860682,0.33699390464869494,1.006467110756538,9.228070175438596,2.4305875750258568,0.35845896953362466,0.041791758093953295,0.002316054034223009,0.0,0.041791758093953295,0.0016268022170258416,0,0,0,13,0,0.9230769230769231,0.2631578947368421,0.2511809627619642,0.09408826700675132,0.9289447034535265,0.553072598160264,0.0,0.3333333333333333,0.013991454778591449
493,112,98.24561403508773,114,1,97,16,0,0.008771929824561403,0.9930729788482574,0.9861037207047914,0.6721700115520803,0.7463503365206126,0.34344979905296075,1.0214852732726674,9.228070175438596,2.4305875750258568,0.36221780112413193,0.03515943152610363,0.0019021118011976845,0.0,0.03515943152610363,0.0053448458861302854,0,1,0,16,0,0.9411764705882353,0.2543859649122807,0.2527770121316356,0.10672495847030619,0.9118871494558538,0.5486067584894675,0.008771929824561403,0.3508771929824561,0.014035714167058125
494,113,99.12280701754386,114,0,104,10,0,0.0,0.9877485936915847,0.9810980300198159,0.6157629393436229,0.7472867954281669,0.3517733235854663,0.9980122518492043,9.228070175438596,2.4305875750258568,0.3563440507922473,0.002366971492577738,0.0017698819913918753,0.0,0.002366971492577738,0.0039531285202678845,0,0,0,10,0,1.0,0.2631578947368421,0.24035454841978496,0.10191147509523799,0.924947057392524,0.5438390981826381,0.0,0.3157894736842105,0.014020472968200883
495,113,99.12280701754386,114,0,103,11,0,0.0,0.9937143100926416,0.9868899854512311,0.6635861607664684,0.7483131157211226,0.3404416792387618,0.9750309213402393,9.228070175438596,2.4305875750258568,0.3607157382289701,0.0024387163634557135,0.0016030576019763663,0.0,0.0024387163634557135,0.004146159426335187,0,0,0,11,0,1.0,0.2982456140350877,0.24949720666058267,0.09887065025887737,0.9290291812811022,0.5513712158108384,0.0,0.3157894736842105,0.014062774356966441
496,113,99.12280701754386,114,0,105,9,0,0.0,0.9994207817488124,0.9926203139572688,0.6886644764048424,0.7494259149226986,0.3360171788725158,0.973162047274418,9.228070175438596,2.4305875750258568,0.3618496203485462,0.0059195610743438855,0.002263354949126605,0.0,0.0059195610743438855,0.002155966920646698,0,0,0,9,0,1.0,0.30701754385964913,0.25216065845494223,0.09406440837195047,0.9336681891781442,0.5539024965237028,0.0,0.3157894736842105,0.014104830494811543
497,113,99.12280701754386,114,0,104,10,0,0.0,0.9964465803685215,0.9897976647939752,0.7031709719639951,0.7504567809972663,0.3368611877629537,0.9608088883093527,9.228070175438596,2.4305875750258568,0.36423253494994934,0.006087033381912316,0.001994554454960788,0.0,0.006087033381912316,0.003771262427470251,0,0,0,10,0,1.0,0.30701754385964913,0.25610629193403595,0.08789539201419816,0.9290711241316395,0.5594740966015272,0.0,0.3157894736842105,0.014102487539271888
498,114,100.0,114,0,103,11,0,0.0,0.9900206827985868,0.9831580434450555,0.6783286815855654,0.751333485519882,0.34685120479893067,0.97668963170721,9.228070175438596,2.4305875750258568,0.361610740627049,0.007532447904378701,0.0019237045387956128,0.0,0.007532447904378701,0.002276798760736498,0,0,0,11,0,1.0,0.30701754385964913,0.25188728919135783,0.0944726695295979,0.9253663684648232,0.5549652618092322,0.0,0.3333333333333333,0.014081012587020408
499,114,100.0,114,0,103,11,0,0.0,0.9880132218008,0.9811489442792073,0.6392147788615478,0.7521498146395453,0.34672327443860906,1.0741231994921254,9.228070175438596,2.4305875750258568,0.36204914978302494,0.007801554503343744,0.0018328908485623124,0.0,0.007801554503343744,0.0024095074907065184,0,0,0,11,0,1.0,0.3157894736842105,0.24764520117845373,0.10672104403052601,0.9246650343756184,0.5531041526076979,0.0,0.3157894736842105,0.014080896079108401
500,114,100.0,114,0,104,10,0,0.0,0.9972519773794667,0.990276124388877,0.6999134688236692,0.7531237774496115,0.32825525109740433,1.0547231030382271,9.228070175438596,2.4305875750258568,0.37142315997187714,0.006853159820590466,0.001459862226025609,0.0,0.006853159820590466,0.005019407553982153,0,0,0,10,0,1.0,0.32456140350877194,0.2628767941371142,0.10671914771144189,0.9159701495011928,0.5698257342403987,0.0,0.33333333333333337,0.014138926366525154
501,114,100.0,114,0,98,16,0,0.0,1.0108072032463502,1.0037236890278098,0.7386692749887173,0.7543355511088368,0.31567849744452875,0.9910595623616576,9.228070175438596,2.4305875750258568,0.3746005293789443,0.008817909868197561,0.0018070464150491084,0.0,0.008817909868197561,0.003074980742614128,0,0,0,16,0,1.0,0.30701754385964913,0.2689313715544821,0.10894007825217608,0.9247441538639125,0.5744150794531163,0.0,0.3333333333333333,0.014221429105858854
502,113,99.12280701754386,114,1,101,12,0,0.008771929824561403,0.9995084050245989,0.9936432577481041,0.7103414546362888,0.755301783542929,0.33135193281734504,1.0590297503706296,9.228070175438596,2.4305875750258568,0.37004043292602473,0.006670212461032986,0.0018223667363451814,0.0,0.006670212461032986,0.0028123693130926697,0,1,0,12,0,1.0,0.30701754385964913,0.2623906784255058,0.1064542223013831,0.925492562487119,0.5652697587319367,0.008771929824561403,0.3157894736842105,0.014176677677494556
503,113,99.12280701754386,114,0,98,16,0,0.0,0.9956097828936443,0.9897350385525322,0.6975430857519842,0.7561886137363741,0.3309657540300997,1.0605082609774732,9.228070175438596,2.4305875750258568,0.3713177544487525,0.009446696816557174,0.0017652523671387753,0.0,0.009446696816557174,0.006357976058039318,0,0,0,16,0,0.9375,0.30701754385964913,0.26199083671671775,0.10211795033680743,0.9346740963204049,0.5686671161363178,0.0,0.2807017543859649,0.01416796215908651
504,113,99.12280701754386,114,0,97,17,0,0.0,0.9982590454441389,0.9926200884883235,0.700559227635035,0.7571099876775438,0.3340739087210489,1.0713937314219968,9.228070175438596,2.4305875750258568,0.36813113073570447,0.009573976699459249,0.0018159873987262471,0.0,0.009573976699459249,0.00762399893352663,0,0,0,17,0,0.9411764705882353,0.2982456140350877,0.25938924927916823,0.0968715585900662,0.9415074755442109,0.5646958368186794,0.0,0.2807017543859649,0.014192405872105782
505,112,98.24561403508773,114,1,95,18,0,0.008771929824561403,0.9969292806116332,0.9908144881351664,0.6905018464656981,0.7579833613818188,0.35254658030540204,1.0993498768367782,9.228070175438596,2.4305875750258568,0.3642536380194703,0.009292575681255591,0.0014928852214314392,0.0,0.009292575681255591,0.010581389671726966,0,1,0,18,0,0.9473684210526315,0.2807017543859649,0.2551822223369647,0.0994602492560992,0.9421495739168941,0.5571827064366831,0.008771929824561403,0.2982456140350877,0.014196371104313078
506,112,98.24561403508773,114,0,102,12,0,0.0,1.0050982495973309,0.9986312006262111,0.7306294320347456,0.7589779966855108,0.35099334372318686,1.0559889092631896,9.228070175438596,2.4305875750258568,0.3658889523824864,0.0035565193832847388,0.0020767163318464654,0.0,0.0035565193832847388,0.001519500356368673,0,0,0,12,0,1.0,0.2982456140350877,0.2602503935310847,0.09855108080130301,0.9187077420439093,0.5593052377544715,0.0,0.3684210526315789,0.014249303690295746
507,113,99.12280701754386,114,0,103,11,0,0.0,1.0038577693883528,0.9974159051838812,0.689982828258463,0.7599248254510776,0.35543368449037765,1.0871585290514183,9.228070175438596,2.4305875750258568,0.36491775870933574,0.0035921048350377686,0.002029751703738895,0.0,0.0035921048350377686,0.0045326633947340815,0,0,0,11,0,1.0,0.30701754385964913,0.2544586144858255,0.11399853928947688,0.9298282877396726,0.5525822356874539,0.0,0.3333333333333333,0.014254608040417175
508,113,99.12280701754386,114,0,103,11,0,0.0,1.0015684165746799,0.9954851040495363,0.6593989206081462,0.7608110968643358,0.3548574069679459,1.0881076065782558,9.228070175438596,2.4305875750258568,0.3633901014797041,0.0032082789230221923,0.0013666635776027772,0.0,0.0032082789230221923,0.005733033309595167,0,0,0,11,0,1.0,0.30701754385964913,0.24923964326406067,0.12077059632869307,0.9286885959733377,0.5483517833866214,0.0,0.3684210526315789,0.01425393207777464
509,113,99.12280701754386,114,0,104,10,0,0.0,0.9980665518926416,0.9918475361477146,0.6285540701846705,0.7616050952559785,0.3653075520035383,1.1123324236637064,9.228070175438596,2.4305875750258568,0.359998756407786,0.0031129864911333205,0.0022262761917495504,0.0,0.0031129864911333205,0.0014798108844940427,0,0,0,10,0,1.0,0.2894736842105263,0.24335562219899243,0.12435275682805565,0.9268235348076044,0.5442212159673815,0.0,0.3684210526315789,0.014246072167491035
510,114,100.0,114,0,102,12,0,0.0,1.0006262184677672,0.9944428364933219,0.633338832924189,0.762430259659556,0.35749617422395996,1.0982819152818128,9.228070175438596,2.4305875750258568,0.36214264942264585,0.003188890720048392,0.0019722583747037816,0.0,0.003188890720048392,0.006167050486422275,0,0,0,12,0,1.0,0.30701754385964913,0.24564429582197544,0.12061437142979517,0.9317382385311479,0.5481844139028401,0.0,0.3333333333333333,0.01426889867210011
511,114,100.0,114,0,104,10,0,0.0,0.9977917424470976,0.9916538953681943,0.6175253901907048,0.7631811375944967,0.3701888101700544,1.1138488730867349,9.228070175438596,2.4305875750258568,0.3597270094579281,0.0033761336475591278,0.00167776547226249,0.0,0.0033761336475591278,0.0031399144681199588,0,0,0,10,0,1.0,0.2982456140350877,0.24223308504418586,0.12902817602245772,0.939280056567881,0.541967501217269,0.0,0.2982456140350877,0.0142638516648919
512,114,100.0,114,0,105,9,0,0.0,0.9993934401642535,0.9933627409410554,0.6020938666579516,0.7639469927741837,0.37550956727760737,1.1152228147252532,9.228070175438596,2.4305875750258568,0.35889203328483354,0.003041689223806437,0.0021793019661643515,0.0,0.003041689223806437,0.0012107364797827652,0,0,0,9,0,1.0,0.3157894736842105,0.23905909181496202,0.14126047760940696,0.9335783895270003,0.536708901593538,0.0,0.2982456140350877,0.014281167543897761
513,114,100.0,114,0,103,11,0,0.0,1.0048583631353987,0.9988968203204927,0.594866164207802,0.7648018416896611,0.37312369388148625,1.1208553406888817,9.228070175438596,2.4305875750258568,0.3589848885415856,0.002956337154958438,0.0014884797016691985,0.0,0.002956337154958438,0.004487360061356199,0,0,0,11,0,1.0,0.2894736842105263,0.23661316085879988,0.13705225211225883,0.9286524830637849,0.5392304358708437,0.0,0.3157894736842105,0.014318881084515907
514,114,100.0,114,0,104,10,0,0.0,0.9980821423915454,0.9919872124022864,0.598949589139135,0.7655015574963796,0.37760534385605066,1.131362493213388,9.228070175438596,2.4305875750258568,0.35818656573436214,0.003097837929899263,0.0017487984355689802,0.0,0.003097837929899263,0.005394616765476451,0,0,0,10,0,1.0,0.30701754385964913,0.237600197392258,0.12961044984860065,0.936603974839488,0.54102059773478,0.0,0.2982456140350877,0.014293503583525935
515,114,100.0,114,0,104,10,0,0.0,1.0084929284427775,1.0020049988193276,0.6640351519121738,0.7663790589551956,0.3628249074563206,1.0941594729502584,9.228070175438596,2.4305875750258568,0.36820977831761126,0.003184154186676569,0.001620201072050248,0.0,0.003184154186676569,0.0062821707451546915,0,0,0,10,0,1.0,0.2982456140350877,0.2528076301818483,0.1248503499133498,0.94477307099525,0.5559760040479487,0.0,0.2982456140350877,0.014356221734496424
516,114,100.0,114,0,103,11,0,0.0,1.0209666707118024,1.0142644552048843,0.7176278700370946,0.7674736134315215,0.3457502625045274,1.0744800538085737,9.228070175438596,2.4305875750258568,0.3743478580885098,0.002889044180630818,0.0016738264609227518,0.0,0.002889044180630818,0.004244084193955217,0,0,0,11,0,1.0,0.30701754385964913,0.262818148863888,0.11969456220305022,0.9315655481975955,0.5684701222973915,0.0,0.2807017543859649,0.01443189249839328
517,113,99.12280701754386,114,1,101,12,0,0.008771929824561403,1.028913678088065,1.0202093269675565,0.714920101555049,0.7686977821210517,0.34841494829160063,1.0710350467275271,9.228070175438596,2.4305875750258568,0.3724034342592959,0.006465506846250899,0.0013975188676989025,0.0,0.006465506846250899,0.007844594614698105,0,1,0,12,0,1.0,0.2982456140350877,0.25992108949010595,0.10318015346456179,0.9208548274694579,0.5717220104290479,0.008771929824561403,0.2807017543859649,0.01448650478130713
518,113,99.12280701754386,114,0,104,10,0,0.0,1.0382084845188189,1.029551821802769,0.7445966647117861,0.7700332362666703,0.34117576801934707,1.0244467852019368,9.228070175438596,2.4305875750258568,0.37375294472590426,0.004928549094670576,0.0018205338788658196,0.0,0.004928549094670576,0.00512058222600098,0,0,0,10,0,1.0,0.2894736842105263,0.2630374700058083,0.10065841139793967,0.9285284411743613,0.5716809395811125,0.0,0.2807017543859649,0.014549208504727688
519,113,99.12280701754386,114,0,106,8,0,0.0,1.0409451584068146,1.03235038699928,0.7496965998286418,0.7713906482921119,0.33653338518738296,1.0671825563140558,9.228070175438596,2.4305875750258568,0.37570471047330933,0.008910341655394817,0.0014097180967777027,0.0,0.008910341655394817,0.008173010372992777,0,0,0,8,0,1.0,0.2894736842105263,0.2645561102398511,0.09825028203075473,0.9205820208044717,0.5748824573506828,0.0,0.2807017543859649,0.014579388418183813
520,113,99.12280701754386,114,0,106,8,0,0.0,1.0280745879943103,1.0197409542804745,0.667429684721203,0.7724698805855654,0.3454109626878729,1.081862681145212,9.228070175438596,2.4305875750258568,0.3693755430867658,0.0049339129958960205,0.0019706343212669377,0.0,0.0049339129958960205,0.006288296181000061,0,0,0,8,0,1.0,0.2719298245614035,0.2510601435129426,0.11322724115148171,0.9194698677276637,0.5614798108200318,0.0,0.24561403508771928,0.014528151409136464
521,113,99.12280701754386,114,0,106,8,0,0.0,1.0304058628677089,1.0220165327323305,0.6651826109302222,0.7735671291346773,0.3503132304455016,1.0572696483959192,9.228070175438596,2.4305875750258568,0.36860306048562874,0.003790966862756922,0.0017586213570005174,0.0,0.003790966862756922,0.00821542218964208,0,0,0,8,0,1.0,0.2982456140350877,0.24950825043529945,0.11848645998082279,0.9147269636261722,0.5629613703850954,0.0,0.2631578947368421,0.014553142576954389
522,114,100.0,114,0,107,7,0,0.0,1.0288761832179298,1.0200763218481024,0.7161300372214857,0.7745999812771421,0.33993521120470727,1.023722321777321,9.228070175438596,2.4305875750258568,0.37437643923678254,0.0035651843335226265,0.001592123632792219,0.0,0.0035651843335226265,0.00665865556384481,0,0,0,7,0,1.0,0.2982456140350877,0.2619527849065812,0.12350140345842349,0.9329824482183989,0.5671364641642979,0.0,0.24561403508771928,0.014558046366627064
523,114,100.0,114,0,106,8,0,0.0,1.0221284417706784,1.0135021620902827,0.653342636364514,0.7754798964755752,0.3534801091960272,1.0833406038192306,9.228070175438596,2.4305875750258568,0.36775278428268754,0.0026716570012082197,0.0021435014783863313,0.0,0.0026716570012082197,0.0029372399670841293,0,0,0,8,0,1.0,0.2894736842105263,0.24908284728246213,0.1247947440712219,0.9296227848520984,0.558301908400418,0.0,0.2631578947368421,0.014535001214132749
524,114,100.0,114,0,106,8,0,0.0,1.0324182702620488,1.0236180701401272,0.7074132828022106,0.7765351253678529,0.34845735433991804,1.0872587838288355,9.228070175438596,2.4305875750258568,0.37141888534177525,0.004106545527113647,0.0017887181250758211,0.0,0.004106545527113647,0.005989286279117587,0,0,0,8,0,1.0,0.2982456140350877,0.25719028300287805,0.1238265230509258,0.9296227848520984,0.561273429540559,0.0,0.2631578947368421,0.01459927448776149
525,114,100.0,114,0,106,8,0,0.0,1.0254629072251276,1.0168248278706533,0.6681774030460799,0.777432613435752,0.3557787330799798,1.0881468334946218,9.228070175438596,2.4305875750258568,0.3686988869031129,0.004562091682751963,0.0018691974039408898,0.0,0.004562091682751963,0.0059814060020828425,0,0,0,8,0,1.0,0.2982456140350877,0.25082489126477525,0.12175110705513517,0.9284645194241641,0.5586994323855542,0.0,0.2982456140350877,0.014575404789309732
526,114,100.0,114,0,105,9,0,0.0,1.0247838044159783,1.0159257433778701,0.6689278078079861,0.7782908048414091,0.3493933388940474,1.0369702111548615,9.228070175438596,2.4305875750258568,0.36914438301799635,0.003706445396591746,0.001939624568226518,0.0,0.003706445396591746,0.005260617800300275,0,0,0,9,0,1.0,0.2982456140350877,0.25132440815739865,0.1235278313212151,0.9395668596422518,0.5584723671618655,0.0,0.22807017543859648,0.014582438822101905
527,114,100.0,114,0,106,8,0,0.0,1.0191135841409031,1.0102221133634288,0.6700392304234373,0.7790172317754253,0.35916496364601724,1.1064004285322464,9.228070175438596,2.4305875750258568,0.3695235324973658,0.002555270699481644,0.0020150404360352076,0.0,0.002555270699481644,0.0011854139802767866,0,0,0,8,0,1.0,0.2894736842105263,0.2525443590418718,0.11884146865299504,0.9414988847609987,0.5572814026797983,0.0,0.2631578947368421,0.014562915942126449
528,114,100.0,114,0,105,9,0,0.0,1.025556306108992,1.0165112031220755,0.6805433065210519,0.7798482917340462,0.3590421523735007,1.0717073577132923,9.228070175438596,2.4305875750258568,0.37044078477899767,0.002898792164256399,0.0021717039891760697,0.0,0.002898792164256399,0.0019452615992717008,0,0,0,9,0,1.0,0.2982456140350877,0.25380107976116845,0.12370096165576003,0.9313640419298842,0.5561918741407514,0.0,0.2631578947368421,0.014605229372014522
529,114,100.0,114,0,102,12,0,0.0,1.0261261083047215,1.0167321958541897,0.6949406835028015,0.7806634491900828,0.35420636171119946,1.0667920477365949,9.228070175438596,2.4305875750258568,0.3732853760774377,0.0033439657723488042,0.0019910082999729443,0.0,0.0033439657723488042,0.0033796281318664947,0,0,0,12,0,1.0,0.2982456140350877,0.2573451948898353,0.12359042136596816,0.9404530621007439,0.560084444496025,0.0,0.2631578947368421,0.014617984940914831
530,114,100.0,114,0,103,11,0,0.0,1.032753392030079,1.0233691553446285,0.679383885833173,0.781587847220463,0.35704842983001067,1.0522181873230223,9.228070175438596,2.4305875750258568,0.3701510168172799,0.0023603303974254974,0.00219865207206435,0.0,0.0023603303974254974,0.0003357290224380229,0,0,0,11,0,1.0,0.2894736842105263,0.2522773264446833,0.12898923203461193,0.943541433832317,0.5557344752079776,0.0,0.2631578947368421,0.01466235551137672
531,114,100.0,114,0,103,11,0,0.0,1.035056565652692,1.0258545537871266,0.6488334685761867,0.7825381047757599,0.36082421755794925,1.055888471921598,9.228070175438596,2.4305875750258568,0.3669268218052246,0.003039262657505058,0.0022625541452603905,0.0,0.003039262657505058,-0.0006292116080260419,0,0,0,11,0,1.0,0.2719298245614035,0.24537634473605321,0.136653842677899,0.9396900953552098,0.5514850698352453,0.0,0.2982456140350877,0.01468541980052468
532,114,100.0,114,0,102,12,0,0.0,1.0393684946165604,1.0301130886461662,0.6537521768903609,0.7835480714243166,0.3548448878527384,1.0439196624028333,9.228070175438596,2.4305875750258568,0.3655823156963114,0.0024732550169373475,0.0018900891755253815,0.0,0.0024732550169373475,0.0006784769046583594,0,0,0,12,0,1.0,0.2719298245614035,0.24474100407432864,0.13174214897372472,0.9400540865291365,0.5529707727066921,0.0,0.2982456140350877,0.014719253507279885
533,114,100.0,114,0,102,12,0,0.0,1.0472104559895115,1.0375987246933884,0.6990785481188267,0.7846790459007418,0.3568538769021245,1.049853035760136,9.228070175438596,2.4305875750258568,0.3672111942105938,0.0029712894889027176,0.001909390579142897,0.0,0.0029712894889027176,0.0023897414664422792,0,0,0,12,0,1.0,0.2807017543859649,0.2501297771043082,0.13378454858711963,0.9489117937767471,0.5542808523751442,0.0,0.2631578947368421,0.014772207976694991
534,114,100.0,114,0,102,12,0,0.0,1.044292106239413,1.0343279862043944,0.7127349640163148,0.7857189325214062,0.35364291923963226,1.041740263251894,9.228070175438596,2.4305875750258568,0.37007077810953537,0.004129721641126685,0.0017796790274601368,0.0,0.004129721641126685,0.001961906494951496,0,0,0,12,0,1.0,0.3157894736842105,0.25471975322171037,0.13571042009660245,0.947481996446418,0.5542009196027623,0.0,0.22807017543859648,0.014770253905442614
535,114,100.0,114,0,102,12,0,0.0,1.047047868353352,1.0372052596286097,0.7043377966856914,0.7867894915073532,0.3579216891103923,1.049858693053752,9.228070175438596,2.4305875750258568,0.36824938203410107,0.004340558483985557,0.0016459238678025272,0.0,0.004340558483985557,0.0032132449865920113,0,0,0,12,0,1.0,0.2894736842105263,0.2516499177135373,0.14021972622083065,0.950134345611504,0.5500589451188684,0.0,0.22807017543859648,0.014797043152860184
536,114,100.0,114,0,101,13,0,0.0,1.0411173103433218,1.03138422608531,0.6797192898553789,0.7877208413651714,0.3597423460936929,1.0552140170200435,9.228070175438596,2.4305875750258568,0.36765747211556343,0.0041144995617483915,0.0017035205618547123,0.0,0.0041144995617483915,0.0017254370770266548,0,0,0,13,0,1.0,0.2982456140350877,0.24974989728509414,0.14665201259128616,0.9497237753191393,0.5495077026123929,0.0,0.22807017543859648,0.014778708999772107
537,114,100.0,114,0,100,14,0,0.0,1.0459055088963127,1.0358899743110057,0.695341021857885,0.7887171668742937,0.3591245260749211,1.0623718191636156,9.228070175438596,2.4305875750258568,0.36768149452056553,0.0036043090723960067,0.0020008892601162133,0.0,0.0036043090723960067,0.0014979360061504307,0,0,0,14,0,1.0,0.2982456140350877,0.25120432002980975,0.15168691453676317,0.9430966887914191,0.5456430862671979,0.0,0.22807017543859648,0.014814758274552831
538,114,100.0,114,0,100,14,0,0.0,1.0428492804103922,1.0326910319164688,0.690903267467598,0.7896270733422858,0.3669457217192988,1.0610998478138611,9.228070175438596,2.4305875750258568,0.36453282307349943,0.0037075270028784674,0.0018445552832340097,0.0,0.0037075270028784674,0.0029316914586936726,0,0,0,14,0,1.0,0.2719298245614035,0.24847274673296557,0.15599098148305907,0.9554191580154269,0.5385231215334594,0.0,0.22807017543859648,0.014810535168900914
539,114,100.0,114,0,102,12,0,0.0,1.0468418694760953,1.0366071937790142,0.7128803283430986,0.7905910123316413,0.36451010526694827,1.0694606914810243,9.228070175438596,2.4305875750258568,0.36281905828438576,0.004325564748920264,0.001999940215896154,0.0,0.004325564748920264,0.003534239631217212,0,0,0,12,0,1.0,0.2894736842105263,0.24948083549732286,0.14090045017635447,0.9275909280311142,0.5404520638160806,0.0,0.2631578947368421,0.014842212804882484
540,114,100.0,114,0,103,11,0,0.0,1.0494423740084773,1.0391759687878421,0.7063498223183133,0.7915814710006468,0.3573786108175437,1.0448694919911865,9.228070175438596,2.4305875750258568,0.36607137896373776,0.004262048997715567,0.0017356705422301227,0.0,0.004262048997715567,0.0031588677030518083,0,0,0,11,0,1.0,0.2807017543859649,0.25095549293103486,0.14032225522401,0.927803310038164,0.5461408729290269,0.0,0.2631578947368421,0.0148672523102167
541,113,99.12280701754386,114,1,103,10,0,0.008771929824561403,1.0518773522323215,1.0430518357503673,0.7728797371779769,0.7925892553502748,0.3662848766640035,1.0628569824751641,9.228070175438596,2.4305875750258568,0.36794389417931583,0.01063339254061589,0.0020783542100999155,0.0,0.01063339254061589,0.002822262918870419,0,1,0,10,0,0.9090909090909091,0.2894736842105263,0.25907661000133303,0.12842870766889472,0.9307332745484522,0.5475896961852689,0.008771929824561403,0.2631578947368421,0.014891674741928478
542,113,99.12280701754386,114,0,98,16,0,0.0,1.064215094924843,1.0553667620155136,0.7655628883679972,0.7938459700995424,0.3540904744619162,1.0433203593183773,9.228070175438596,2.4305875750258568,0.37127994031113953,0.009648660132432357,0.0016097993478854243,0.0,0.009648660132432357,0.0035108250427534904,0,0,0,16,0,0.9375,0.2894736842105263,0.2592739806273446,0.13127962111790306,0.9356463878273544,0.5561982112179272,0.0,0.22807017543859648,0.014968636231665694
543,113,99.12280701754386,114,0,97,17,0,0.0,1.0640871449663143,1.0552653977612778,0.7095451349577798,0.7950701682986858,0.35978953777765954,1.0510030364336658,9.228070175438596,2.4305875750258568,0.36951712627432887,0.008811738264592524,0.0017931518224387297,0.0,0.008811738264592524,0.004191924664197488,0,0,0,17,0,0.9411764705882353,0.2719298245614035,0.2519507354534799,0.1463952234464039,0.9432845885830914,0.5539277642735266,0.0,0.19298245614035087,0.014982874086534084
544,112,98.24561403508773,114,1,98,15,0,0.008771929824561403,1.0697934827558417,1.0604736291476324,0.722255120141339,0.7963771089806817,0.36109382755638497,1.0541308207815385,9.228070175438596,2.4305875750258568,0.3695803525489072,0.010021834414535535,0.001864693811299509,0.0,0.010021834414535535,0.002881700572884796,0,1,0,15,0,0.9375,0.2807017543859649,0.2528068914762469,0.14983437983017672,0.9548108077128893,0.5538947061848772,0.008771929824561403,0.22807017543859648,0.015027288944396497
545,112,98.24561403508773,114,0,98,16,0,0.0,1.0700253051603563,1.0607213623016416,0.6939585518846795,0.797645875229646,0.36146960914419174,1.0696801856980338,9.228070175438596,2.4305875750258568,0.3653664717921079,0.0030692115475566303,0.0018551197970031192,0.0,0.0030692115475566303,0.006714104995373046,0,0,0,16,0,1.0,0.2631578947368421,0.24666806380739154,0.15864569896638733,0.9388965142562603,0.5455558310851308,0.0,0.2631578947368421,0.015043867293820793
546,113,99.12280701754386,114,0,96,18,0,0.0,1.0807716076369305,1.071043262111074,0.7069102033557098,0.7990845092552268,0.35147568772419385,1.0576167240034786,9.228070175438596,2.4305875750258568,0.367545646392585,0.005039846500988709,0.001676022289673049,0.0,0.005039846500988709,0.007379906463025964,0,0,0,18,0,1.0,0.2543859649122807,0.24889511155910196,0.1607265886048658,0.9310003272929329,0.5493451479523224,0.0,0.22807017543859648,0.015115082436141595
547,112,98.24561403508773,114,1,94,19,0,0.008771929824561403,1.0880571713073381,1.0791184080617098,0.7568930986603766,0.8006227713830029,0.33966826539045647,1.0506347941393117,9.228070175438596,2.4305875750258568,0.37338424137864545,0.01759936583319626,0.0017642113213873147,0.0,0.01759936583319626,0.008736079808721816,0,1,0,19,0,0.9,0.2719298245614035,0.25824091519224135,0.15353991539969608,0.9480886345056025,0.556940868006339,0.008771929824561403,0.22807017543859648,0.015170204658568161
548,112,98.24561403508773,114,0,98,16,0,0.0,1.098570765819028,1.0893335474882226,0.8378891181554294,0.8023446984636097,0.32207747072504744,1.0277204318471904,9.228070175438596,2.4305875750258568,0.3812154986026204,0.004997584241101831,0.0016854326999434966,0.0,0.004997584241101831,0.008461853619340508,0,0,0,16,0,1.0,0.2807017543859649,0.2721082636402945,0.13611680171895904,0.9522902203174585,0.5734716462361547,0.0,0.22807017543859648,0.015243699103962727
549,113,99.12280701754386,114,0,100,14,0,0.0,1.095720534290738,1.0863399566450507,0.8897407343784572,0.8039665631208792,0.3278676569287666,1.03627876785928,9.228070175438596,2.4305875750258568,0.385556512838491,0.0035857889171059193,0.0017537363158928155,0.0,0.0035857889171059193,0.006830228376161112,0,0,0,14,0,1.0,0.2982456140350877,0.28177283737226994,0.12664949857094077,0.9508537539271229,0.5807431500066433,0.0,0.22807017543859648,0.01524915836674294
550,113,99.12280701754386,114,0,100,14,0,0.0,1.0960692995211987,1.0866508840717966,0.9194888306406663,0.805555052828027,0.33307961507856076,1.069749107361654,9.228070175438596,2.4305875750258568,0.38493015346591974,0.003543590422907322,0.001869211288138071,0.0,0.003543590422907322,0.003772383442062817,0,0,0,14,0,1.0,0.3157894736842105,0.2845798597298333,0.12133557197024858,0.9481295516785504,0.5798686464311641,0.0,0.22807017543859648,0.015270207009621494
551,113,99.12280701754386,114,0,101,13,0,0.0,1.0913136507698202,1.0820306166374234,0.8730107520146663,0.8070150931847677,0.33451540724952683,1.0751026039824758,9.228070175438596,2.4305875750258568,0.3821796215464863,0.0036822166818227977,0.0016699375325042796,0.0,0.0036822166818227977,0.006071263494554813,0,0,0,13,0,1.0,0.30701754385964913,0.2790332011039713,0.12628223454424603,0.9555264822207505,0.578634315600969,0.0,0.22807017543859648,0.015264172545615254
552,114,100.0,114,0,100,14,0,0.0,1.0927733324418747,1.083636281903009,0.8704000225258146,0.8084708676623609,0.33396448213564833,1.0686349706058416,9.228070175438596,2.4305875750258568,0.3816601048263817,0.006224058480633272,0.0018525063102314153,0.0,0.006224058480633272,0.00575766304130806,0,0,0,14,0,1.0,0.30701754385964913,0.27764318313378666,0.1221494050368162,0.9592219635387069,0.5791205989315041,0.0,0.19298245614035087,0.015289162890761914
553,114,100.0,114,0,101,13,0,0.0,1.1012381764777002,1.092097589959335,0.8542554682170833,0.8100557858682227,0.3238236912239141,1.0467572442829112,9.228070175438596,2.4305875750258568,0.38340720681129925,0.004186494159514954,0.0017944246312491725,0.0,0.004186494159514954,0.0029717546147624476,0,0,0,13,0,1.0,0.2982456140350877,0.2762497170936979,0.13698317645389507,0.9660468959067721,0.5785026766942828,0.0,0.22807017543859648,0.01535074852343404
554,114,100.0,114,0,102,12,0,0.0,1.106042755719683,1.0968957048366392,0.8720471828346696,0.8116954791563328,0.32682985150157945,1.0860142612477004,9.228070175438596,2.4305875750258568,0.3819106649602766,0.019019392983548152,0.001844333495286181,0.0,0.019019392983548152,0.005939159955483636,0,0,0,12,0,0.9166666666666666,0.2807017543859649,0.27556385947554735,0.12483615434270526,0.9639027290128968,0.5801124865242051,0.0,0.19298245614035087,0.015394698510308624
555,114,100.0,114,0,104,10,0,0.0,1.104683101393195,1.0956096818353231,0.8674478490031944,0.8132703119308882,0.33517777903170454,1.0449304388905536,9.228070175438596,2.4305875750258568,0.3822601010425224,0.0048191439918501815,0.0017839993682342882,0.0,0.0048191439918501815,0.004748153656474924,0,0,0,10,0,1.0,0.2982456140350877,0.27556469431111524,0.12209968749802044,0.9504626090665727,0.5839212419971584,0.0,0.22807017543859648,0.015407039083549075
556,114,100.0,114,0,102,12,0,0.0,1.1047644632056592,1.0956610373758455,0.863312296262119,0.8148078656088072,0.3407601061948361,1.0083395264427286,9.228070175438596,2.4305875750258568,0.38353786969078185,0.016075401331524557,0.001986627310403386,0.0,0.016075401331524557,0.003571028968380833,0,0,0,12,0,0.9166666666666666,0.2982456140350877,0.27545073958366845,0.1305613633070709,0.9560536351143405,0.5817823940764707,0.0,0.22807017543859648,0.015426131686938823
557,114,100.0,114,0,100,14,0,0.0,1.1098100432918054,1.1004632876990064,0.8980460346891532,0.8164014260178128,0.3331591488154972,1.026930165959293,9.228070175438596,2.4305875750258568,0.38772629446183937,0.0050778141109225445,0.0016790717823303714,0.0,0.0050778141109225445,0.003925541274548932,0,0,0,14,0,1.0,0.2982456140350877,0.28245625679909364,0.13404328363546447,0.9406821784072665,0.5857464727820938,0.0,0.22807017543859648,0.015470726028020463
558,113,99.12280701754386,114,1,99,14,0,0.008771929824561403,1.102148783239757,1.0924070295878208,0.846192131911934,0.8178121086828781,0.3481000952488417,1.0309602474530684,9.228070175438596,2.4305875750258568,0.38583256943174016,0.013682896796407345,0.0021382513543331495,0.0,0.013682896796407345,0.004239696392519176,0,1,0,14,0,0.9333333333333333,0.2982456140350877,0.2752730407983695,0.13703848534967852,0.9474258732159324,0.582325526688152,0.008771929824561403,0.2631578947368421,0.01544956366655028
559,113,99.12280701754386,114,0,99,15,0,0.0,1.1053055000182164,1.095665996768949,0.8297490725870691,0.8192393664471744,0.3531494079767183,1.0453382410549446,9.228070175438596,2.4305875750258568,0.3820659461270417,0.009950679252380707,0.0015635200581868565,0.0,0.009950679252380707,0.0068279600408322405,0,0,0,15,0,0.9333333333333333,0.3157894736842105,0.2697301331148296,0.1401036683794897,0.9469834396168777,0.5736719886526662,0.0,0.2631578947368421,0.015482692625383866
560,113,99.12280701754386,114,0,100,14,0,0.0,1.1081057200438684,1.0984066846063543,0.8210002981597992,0.8206852253160253,0.35229529527604625,1.0454710484414254,9.228070175438596,2.4305875750258568,0.38078622759408387,0.012208806212226158,0.0017597918577740973,0.0,0.012208806212226158,0.007171902660857523,0,0,0,14,0,0.9285714285714286,0.32456140350877194,0.26751743440144515,0.13820203367731607,0.9487362541715969,0.571300988877144,0.0,0.2631578947368421,0.015514265158521477
561,113,99.12280701754386,114,0,98,16,0,0.0,1.1042167603859507,1.0945085206441767,0.822383223611732,0.8220201426877224,0.35721933254144705,1.0606257273560715,9.228070175438596,2.4305875750258568,0.38109967846607873,0.010767889331752302,0.0016295209508022154,0.0,0.010767889331752302,0.008890428922546621,0,0,0,16,0,0.9375,0.3157894736842105,0.26829261060783693,0.14256060047712876,0.9657875469988237,0.5676482980357402,0.0,0.22807017543859648,0.015511043528118554
562,113,99.12280701754386,114,0,102,12,0,0.0,1.1100609654679112,1.0999886069914064,0.9047978360047095,0.8234291723619311,0.3493176705406588,1.0546767879700782,9.228070175438596,2.4305875750258568,0.38832599075001295,0.012437208575517071,0.0015415979484570315,0.0,0.012437208575517071,0.006359955230922265,0,0,0,12,0,0.9166666666666666,0.2982456140350877,0.28287222758170333,0.13209421924496484,0.9535508821816756,0.57700062638884,0.0,0.2631578947368421,0.015557388403623227
563,114,100.0,114,0,104,10,0,0.0,1.1075715286916474,1.0974016322715865,0.8645651229531996,0.8247536513870634,0.3628945139036087,1.0748772657921746,9.228070175438596,2.4305875750258568,0.38088349909577657,0.01399010857729617,0.0018333111082955808,0.0,0.01399010857729617,0.003280897016002904,0,0,0,10,0,0.9,0.2982456140350877,0.2733400402684916,0.14374869988863287,0.962500243987926,0.5613218373991169,0.0,0.22807017543859648,0.015561037531051255
564,114,100.0,114,0,105,9,0,0.0,1.1077900311373101,1.0974431454346953,0.833596243068612,0.8260467450006042,0.35406914023130565,1.066738980268347,9.228070175438596,2.4305875750258568,0.3823356933478126,0.014723111539645152,0.0016766649256141973,0.0,0.014723111539645152,0.005110728264332102,0,0,0,9,0,0.8888888888888888,0.2807017543859649,0.27150647113337756,0.1545970134080738,0.9516183229516222,0.5619840456261749,0.0,0.2631578947368421,0.015577844929631653
565,114,100.0,114,0,104,10,0,0.0,1.1223984453125282,1.1119587532786779,0.8596308847939311,0.8275906604899971,0.350733432965592,1.06533723192804,9.228070175438596,2.4305875750258568,0.3831841503086031,0.015030815787809598,0.0021083806864683288,0.0,0.015030815787809598,0.003653079044064894,0,0,0,10,0,0.9,0.2894736842105263,0.2722940958211061,0.15669755468216487,0.9539504610314467,0.5640510363723558,0.0,0.22807017543859648,0.015669650109534788
566,114,100.0,114,0,105,9,0,0.0,1.1150391648377616,1.1047035915329007,0.8350051032642268,0.8289559753133834,0.36690477549882405,1.0825205524887769,9.228070175438596,2.4305875750258568,0.37905494535855944,0.014190370617183494,0.001968021263637648,0.0,0.014190370617183494,0.0053631562344020394,0,0,0,9,0,0.8888888888888888,0.2894736842105263,0.26761176892107275,0.16818425279889454,0.9545098329022041,0.5548219204271377,0.0,0.22807017543859648,0.01564944629338956
567,114,100.0,114,0,105,9,0,0.0,1.1251502260651127,1.1146124611866113,0.8592321177086795,0.8304807799680151,0.36209726087143174,1.0721952102173253,9.228070175438596,2.4305875750258568,0.3828172993728116,0.013709681711104968,0.0020392367453507345,0.0,0.013709681711104968,0.00359501765921859,0,0,0,9,0,0.8888888888888888,0.2807017543859649,0.271864878998304,0.17245906219410062,0.9338216751260449,0.558878515773629,0.0,0.2631578947368421,0.015718532455765762
568,114,100.0,114,0,105,9,0,0.0,1.1400851549993696,1.1291257940471915,0.9590662987891995,0.8322507303223532,0.3436763224022247,1.0523404739238644,9.228070175438596,2.4305875750258568,0.3888917812945025,0.01633977902916872,0.0020003653778639303,0.0,0.01633977902916872,0.0029798327166939234,0,0,0,9,0,0.8888888888888888,0.2807017543859649,0.2847290808898104,0.16541075140668482,0.9099700718032927,0.566289311520446,0.0,0.2982456140350877,0.015814717197135383
569,114,100.0,114,0,103,11,0,0.0,1.1375876189072873,1.126556647937145,0.9655745804683563,0.8339277042063865,0.3442395912193524,1.0517333709062042,9.228070175438596,2.4305875750258568,0.39121480933231445,0.01733982961201726,0.0020412483662158466,0.0,0.01733982961201726,0.004560136955326028,0,0,0,11,0,0.9090909090909091,0.2807017543859649,0.2877790119964698,0.16083137682306992,0.9370518348125252,0.5702046482548474,0.0,0.2631578947368421,0.015822609676105843
570,114,100.0,114,0,105,9,0,0.0,1.1382626914803822,1.1274238965255825,0.8945894351967877,0.8355807811607063,0.352670256786995,1.0501635003531649,9.228070175438596,2.4305875750258568,0.3875692913581088,0.022266092146396445,0.002277236350395565,0.0,0.022266092146396445,0.0038849924693895093,0,0,0,9,0,0.7777777777777778,0.2807017543859649,0.2773654561502503,0.16781042020715892,0.9287048904694286,0.5691787024740725,0.0,0.29824561403508776,0.015846074780499972
571,114,100.0,114,0,102,12,0,0.0,1.1327224644038516,1.1217668012385489,0.9018185879112861,0.8370836781078455,0.3638507615457505,1.0590924412122131,9.228070175438596,2.4305875750258568,0.388465737063417,0.02390263308307412,0.002049080698847639,0.0,0.02390263308307412,0.005933466278661291,0,0,0,12,0,0.8333333333333334,0.2807017543859649,0.279582986041534,0.16838036412918198,0.9323806287542117,0.5658857629551359,0.0,0.2631578947368421,0.015836638258348624
572,113,99.12280701754386,114,1,103,10,0,0.008771929824561403,1.1469536797086084,1.1345605719736627,0.9399769012393664,0.8388215783504325,0.3654393442133561,1.050619589438362,9.228070175438596,2.4305875750258568,0.39162617040485515,0.02175699263382089,0.002194740716521164,0.0,0.02175699263382089,0.004021688191147646,0,1,0,10,0,0.8181818181818182,0.2719298245614035,0.28381431377777583,0.16846557965752415,0.9382436991538479,0.5699283394977075,0.008771929824561403,0.21052631578947367,0.01592891492855374
573,113,99.12280701754386,114,0,103,11,0,0.0,1.1457316727101579,1.1333663359094703,0.9181308853488067,0.8404712543625243,0.37071684031424784,1.0752050400993434,9.228070175438596,2.4305875750258568,0.3924260824285224,0.008729670192573279,0.0020472864235823074,0.0,0.008729670192573279,0.005255250087550375,0,0,0,11,0,1.0,0.2807017543859649,0.28214171578816843,0.1690812543611103,0.9357051139323924,0.5703972692767012,0.0,0.21052631578947367,0.015942853303650528
574,112,98.24561403508773,114,1,104,9,0,0.008771929824561403,1.155443462860838,1.1439857296691898,0.893762416967359,0.8422687787939112,0.3690944296451191,1.070473825216756,9.228070175438596,2.4305875750258568,0.3888168806316168,0.008739097592192576,0.002110397110310118,0.0,0.008739097592192576,0.0032169663960423646,0,1,0,9,0,1.0,0.2894736842105263,0.27487945984599516,0.1816251542829529,0.9327754594330122,0.558350363357744,0.008771929824561403,0.22807017543859648,0.0160132574571476
575,112,98.24561403508773,114,0,106,8,0,0.0,1.1519239239299015,1.1407617838403905,0.8655127031579103,0.8439784698511587,0.3775631437934241,1.0672279057841194,9.228070175438596,2.4305875750258568,0.38668272658212466,0.006715413426554694,0.002156358752686961,0.0,0.006715413426554694,0.004330193467502616,0,0,0,8,0,1.0,0.2982456140350877,0.2709867609593874,0.1783148842850932,0.9587113827846059,0.5608339016172131,0.0,0.15789473684210525,0.016016437531697313
576,112,98.24561403508773,114,0,102,12,0,0.0,1.1493646390878822,1.1385664339966313,0.8689124377396479,0.8456039174495728,0.3710112788147463,1.064000540140544,9.228070175438596,2.4305875750258568,0.3882169615198747,0.012174830739858804,0.0023021826987079095,0.0,0.012174830739858804,0.0015732185797495458,0,0,0,12,0,0.9166666666666666,0.2982456140350877,0.27211179744592917,0.16356396516733707,0.9467912637030333,0.5734987168719412,0.0,0.15789473684210525,0.01602339507117002
577,113,99.12280701754386,114,0,102,12,0,0.0,1.147889170149828,1.1371102711705503,0.8272023448827169,0.847161542470443,0.38107694189994246,1.0585001470629225,9.228070175438596,2.4305875750258568,0.38489655206398177,0.024991554324395537,0.0027483383188036162,0.0,0.024991554324395537,0.0028010118336087575,0,0,0,12,0,0.9166666666666666,0.2894736842105263,0.2651115590454227,0.17585107077679096,0.9607856197695188,0.5638756447414506,0.0,0.19298245614035087,0.016034947446591133
578,113,99.12280701754386,114,0,102,12,0,0.0,1.1579297490035043,1.146888988323361,0.8793386287048387,0.8488714522783807,0.38056733575204527,1.051723242151316,9.228070175438596,2.4305875750258568,0.38764175040740434,0.02412497359345249,0.0024235114837577796,0.0,0.02412497359345249,0.0028892303454772458,0,0,0,12,0,0.9166666666666666,0.2982456140350877,0.27106454868407565,0.17267289292095447,0.9519162676868196,0.5647862704889455,0.0,0.12280701754385964,0.016105930768527454
579,114,100.0,114,0,98,16,0,0.0,1.1528934104614508,1.1421202222069995,0.8436371809801009,0.8504470740016178,0.3794528937396055,1.0483716094083202,9.228070175438596,2.4305875750258568,0.38412131271557404,0.00569903406488881,0.0022867377471747297,0.0,0.00569903406488881,0.0049174537030581104,0,0,0,16,0,1.0,0.2982456140350877,0.26484754372999536,0.17206955607554703,0.9537675549077864,0.56227415002015,0.0,0.15789473684210525,0.01609989750873439
580,113,99.12280701754386,114,1,97,16,0,0.008771929824561403,1.161642901073355,1.1526483540133083,0.8625279263296916,0.8521525862142689,0.37461683768805565,1.0457069138448878,9.228070175438596,2.4305875750258568,0.38369977921568865,0.00998996362690447,0.0023752534221631334,0.0,0.00998996362690447,0.003429125870009816,0,1,0,16,0,0.9411764705882353,0.2982456140350877,0.2653728922885212,0.1716550404313089,0.955118155506273,0.5564972602025512,0.008771929824561403,0.14035087719298245,0.016164371945759537
581,113,99.12280701754386,114,0,100,14,0,0.0,1.1659313699711717,1.1568204978442655,0.8540759572653567,0.8539342995622473,0.37070685863036745,1.0427370656760204,9.228070175438596,2.4305875750258568,0.3839609052371229,0.003527893418724283,0.002641310381579612,0.0,0.003527893418724283,0.0033659118270295036,0,0,0,14,0,1.0,0.2982456140350877,0.2646246625127666,0.18298953765191306,0.9658274241305211,0.5533639776064947,0.0,0.15789473684210525,0.01620746734187789
582,113,99.12280701754386,114,0,99,15,0,0.0,1.1680850474668425,1.1589445048789848,0.907559129585104,0.85571400748783,0.37384266347543466,1.0452415324448425,9.228070175438596,2.4305875750258568,0.3880412366367392,0.005596356868736262,0.0025215725158283515,0.0,0.005596356868736262,0.0021454265858824187,0,0,0,15,0,1.0,0.3157894736842105,0.27306437810667883,0.16789210907750135,0.9556510414921942,0.561141024455713,0.0,0.12280701754385964,0.016239864409211727
583,113,99.12280701754386,114,0,100,14,0,0.0,1.1670294078607237,1.158024025124737,0.9236433854810298,0.857432559600472,0.37856527728115874,1.045752218522368,9.228070175438596,2.4305875750258568,0.3883956965737041,0.00559004498966612,0.0024529921335768967,0.0,0.00559004498966612,0.00320460466967407,0,0,0,14,0,1.0,0.3157894736842105,0.27430101764940046,0.1619143695353992,0.9414666984486324,0.5643501474446675,0.0,0.17543859649122806,0.016255471668241244
584,113,99.12280701754386,114,0,102,12,0,0.0,1.1589518424816108,1.1499576831042235,0.9145007317406799,0.858952493193466,0.38331763407661545,1.0625682480795062,9.228070175438596,2.4305875750258568,0.38757320861695166,0.005915719853757373,0.0024020800368522843,0.0,0.005915719853757373,0.003737211077236536,0,0,0,12,0,1.0,0.3157894736842105,0.2745711115388279,0.1491395632847326,0.9506028342528803,0.5669639418280455,0.0,0.14035087719298245,0.016233555499875655
585,114,100.0,114,0,108,6,0,0.0,1.1476897306600904,1.1392232405061484,0.8356683699051669,0.8602267554469701,0.3934799050431491,1.0692702259236564,9.228070175438596,2.4305875750258568,0.384841849070515,0.0056259409832093024,0.003168724923457548,0.0,0.0056259409832093024,0.00013737710542283121,0,0,0,6,0,1.0,0.3157894736842105,0.2653246346360698,0.14666605457395818,0.9506028342528803,0.5616018774385123,0.0,0.14035087719298245,0.016192730970771514
586,114,100.0,114,0,107,7,0,0.0,1.1454065412203778,1.13706728970672,0.8096590080947625,0.861428123822664,0.4052668434753719,1.0777983319058326,9.228070175438596,2.4305875750258568,0.38198987037667687,0.006699461429697453,0.002807192296419424,0.0,0.006699461429697453,0.0029284588173830567,0,0,0,7,0,1.0,0.3157894736842105,0.26073977943412013,0.15088148058933204,0.9468619704866148,0.555743063415348,0.0,0.17543859649122806,0.0161959151788079
587,114,100.0,114,0,106,8,0,0.0,1.1362016384889293,1.1278360811340642,0.7712888208355104,0.8624207938010143,0.4156435478772045,1.1245562044080346,9.228070175438596,2.4305875750258568,0.38075226211711444,0.02362652512075592,0.0025978856571009915,0.0,0.02362652512075592,0.0071016394713165,0,0,0,8,0,0.875,0.32456140350877194,0.25715344921650285,0.16382830850037927,0.9421059228669586,0.5522300598575324,0.0,0.17543859649122806,0.016161954521728056
588,114,100.0,114,0,105,9,0,0.0,1.1353093238055674,1.1271455723233323,0.7278815569490849,0.8633759093291237,0.42306628407951824,1.132738538029228,9.228070175438596,2.4305875750258568,0.3756505736102982,0.02116576809833329,0.0026695733465260134,0.0,0.02116576809833329,0.004689312989820116,0,0,0,9,0,0.8888888888888888,0.32456140350877194,0.2479462542118748,0.17341919342505674,0.934934126734857,0.5453205665982385,0.0,0.17543859649122806,0.01616910040798793
589,114,100.0,114,0,105,9,0,0.0,1.135943999144956,1.1276106308039273,0.7491587789949874,0.8643168528607962,0.4192385100756187,1.109847367701831,9.228070175438596,2.4305875750258568,0.37840204149710743,0.00649625309759489,0.002387433297110697,0.0,0.00649625309759489,0.005505169162589153,0,0,0,9,0,1.0,0.32456140350877194,0.2524834394078676,0.1809022093190847,0.9476846571493595,0.5492378278553659,0.0,0.17543859649122806,0.016183709012969297
590,114,100.0,114,0,99,15,0,0.0,1.1468805081181435,1.1385491270546677,0.8063834372733885,0.865447621720512,0.4082022047648196,1.1375988617003479,9.228070175438596,2.4305875750258568,0.3827237042394833,0.011550931661296499,0.0023485092356277395,0.0,0.011550931661296499,0.005580913615331651,0,0,0,15,0,0.9333333333333333,0.3157894736842105,0.26022520895753976,0.15999421109140782,0.9464159074285424,0.5610836016863463,0.0,0.17543859649122806,0.01625213372153849
591,114,100.0,114,0,103,11,0,0.0,1.1488869844850027,1.1404279187032502,0.8254505556529097,0.8665874387939182,0.40079339567968947,1.1238752302824706,9.228070175438596,2.4305875750258568,0.3831286652410515,0.006699883440521515,0.0022126674548131743,0.0,0.006699883440521515,0.004443046151666286,0,0,0,11,0,1.0,0.3157894736842105,0.261924831842197,0.15206392942901079,0.9423102996970536,0.5597451048701593,0.0,0.21052631578947367,0.016276018229454903
592,114,100.0,114,0,102,12,0,0.0,1.1511291545192026,1.1426216937948506,0.8623320020189108,0.8677422089150005,0.40590912072703156,1.120856085486769,9.228070175438596,2.4305875750258568,0.3856977525566436,0.006227960692603927,0.002774589608949885,0.0,0.006227960692603927,0.0014004202221659056,0,0,0,12,0,1.0,0.32456140350877194,0.26751492206181554,0.1567151890006898,0.9605981097635552,0.5588767017358571,0.0,0.17543859649122806,0.01630126292916747
593,114,100.0,114,0,103,11,0,0.0,1.1517967170186658,1.1433290802298788,0.8483632010753721,0.8688826662544376,0.4129439707234743,1.1308881103209238,9.228070175438596,2.4305875750258568,0.3834120389696063,0.006522059454656165,0.0024200722364553593,0.0,0.006522059454656165,0.00534464492012817,0,0,0,11,0,1.0,0.3157894736842105,0.263755788470032,0.15117451046161867,0.9523937509472449,0.5572135647883337,0.0,0.14035087719298245,0.0163184606488602
594,114,100.0,114,0,101,13,0,0.0,1.153398547981197,1.1446770406207918,0.9015484277962972,0.8700216144657059,0.41046722031756533,1.1281856188905874,9.228070175438596,2.4305875750258568,0.3866659584619814,0.011762059772083309,0.002869808779712483,0.0,0.011762059772083309,0.003490015885886766,0,0,0,13,0,0.9230769230769231,0.3157894736842105,0.2717999667757859,0.14950428995302348,0.966481191626928,0.5591804958270066,0.0,0.14035087719298245,0.01634031137052739
595,114,100.0,114,0,102,12,0,0.0,1.162437477177047,1.1535228773302153,0.9297406204125316,0.8713048841896384,0.39750743795292454,1.1301511034059015,9.228070175438596,2.4305875750258568,0.38939837909665087,0.012657370486159015,0.002867387459752409,0.0,0.012657370486159015,0.004699756793054584,0,0,0,12,0,0.9166666666666666,0.30701754385964913,0.27550402811100067,0.13812116948920075,0.940332548978565,0.567869364006707,0.0,0.14035087719298245,0.016401101513738626
596,114,100.0,114,0,103,11,0,0.0,1.1617681455698015,1.152917370462677,0.9113959836964082,0.872545189019356,0.40377102580354063,1.1242732925697263,9.228070175438596,2.4305875750258568,0.3900057696559298,0.012776224338800601,0.0021895086695472993,0.0,0.012776224338800601,0.007295628918482622,0,0,0,11,0,0.9090909090909091,0.3157894736842105,0.27376149681670536,0.1486769682973982,0.9577865256506497,0.5643742691501891,0.0,0.17543859649122806,0.01641282820324418
597,113,99.12280701754386,114,1,101,12,0,0.008771929824561403,1.1704627318318463,1.1589206532384544,0.9574402998717937,0.8739206098944861,0.4058525834276189,1.1353010276807551,9.228070175438596,2.4305875750258568,0.39190548730151176,0.010812419117440833,0.0028996496247151917,0.0,0.010812419117440833,0.002115653844296568,0,1,0,12,0,0.9230769230769231,0.3157894736842105,0.27903806405976345,0.14871736973763808,0.9406691236134657,0.5659215089850387,0.008771929824561403,0.21052631578947367,0.016473016539002017
598,113,99.12280701754386,114,0,103,11,0,0.0,1.1655551523002439,1.154437842066467,0.8823570340596529,0.8751269023353321,0.40987951351879914,1.1473947446610977,9.228070175438596,2.4305875750258568,0.3874642379451263,0.014087756751016584,0.00283704157161429,0.0,0.014087756751016584,0.002231491062396898,0,0,0,11,0,0.9090909090909091,0.30701754385964913,0.2686023523930606,0.14684863571436807,0.9379426109265183,0.5624190958150406,0.0,0.17543859649122806,0.016463138638436844
599,111,97.36842105263158,114,2,103,9,0,0.017543859649122806,1.1660765608202086,1.158189981286582,0.8839967577563078,0.8763138795458195,0.41314494054404444,1.1501273085989003,9.228070175438596,2.4305875750258568,0.38929615598734557,0.013714334040422098,0.0023568450409696333,0.0,0.013714334040422098,0.007125543819098568,0,2,0,9,0,0.9090909090909091,0.30701754385964913,0.27039391912136,0.15489583706215174,0.9430166144822015,0.5618145765125463,0.017543859649122806,0.21052631578947367,0.016480170941334915
600,111,97.36842105263158,114,0,109,5,0,0.0,1.175276165884534,1.1672383271637037,0.9456458677271475,0.8777109030721364,0.39849257670559385,1.1144902485527823,9.228070175438596,2.4305875750258568,0.3971136901026726,0.0012128599417731561,0.0026755980099496266,0.0,0.0012128599417731561,0.002749925624623617,0,0,0,5,0,1.0,0.2982456140350877,0.2823499932998123,0.14296395392227368,0.9473534633213376,0.575328502144661,0.0,0.24561403508771928,0.016543146906781964
601,111,97.36842105263158,114,0,108,6,0,0.0,1.1736508272000419,1.1660273901771034,0.9131797968076466,0.8790504244110521,0.41541787347152015,1.135048628712407,9.228070175438596,2.4305875750258568,0.39229570435344296,0.0020071725302689574,0.0022984530500477253,0.0,0.0020071725302689574,0.003651978514593729,0,0,0,6,0,1.0,0.2894736842105263,0.2749496542662184,0.1472329876985902,0.9559831404094598,0.5667358970979022,0.0,0.21052631578947367,0.016551299332973758
602,112,98.24561403508773,114,0,109,5,0,0.0,1.182335247914613,1.1743475273410824,0.9477718684052524,0.8805191700868457,0.4163420491597275,1.1132700420736672,9.228070175438596,2.4305875750258568,0.39249353631752926,0.03213941496385065,0.0028606286899333527,0.0,0.03213941496385065,-0.01710634266174591,0,0,0,5,0,0.8,0.2982456140350877,0.27733161938393364,0.15342816518867874,0.9474665679388397,0.5636464501870743,0.0,0.24561403508771928,0.016612571011498895
603,112,98.24561403508773,114,0,108,6,0,0.0,1.1883175043694076,1.1804754047023929,0.9832704984742802,0.8820713713533399,0.4152157833947073,1.1110223072363732,9.228070175438596,2.4305875750258568,0.39535285280705845,0.02679128508232218,0.0025711590776956793,0.0,0.02679128508232218,0.00779082309484908,0,0,0,6,0,0.8333333333333334,0.2894736842105263,0.28183201360505267,0.15424921514920692,0.9451475389003925,0.5653144614469084,0.0,0.21052631578947367,0.01666134609933427
604,113,99.12280701754386,114,1,105,8,0,0.008771929824561403,1.1941631552586909,1.1841434225000818,0.9829903740354703,0.8837053685145386,0.4179644773488695,1.1000395202058366,9.228070175438596,2.4305875750258568,0.39759719891630785,0.04073557427830235,0.002889629779817198,0.0,0.04073557427830235,-0.006279962714285597,0,1,0,8,0,0.7777777777777778,0.2807017543859649,0.2849098665285259,0.17608101397667678,0.9505305650187494,0.5473021350994987,0.008771929824561403,0.24561403508771928,0.016710432219768874
605,113,99.12280701754386,114,0,107,7,0,0.0,1.1878480413666843,1.1781152616207813,0.9922308212893195,0.8851342341623384,0.4119057156419477,1.0456942049763518,9.228070175438596,2.4305875750258568,0.3989422254008381,0.021415241577938032,0.0024813636498014695,0.0,0.021415241577938032,0.0007820729636791908,0,0,0,7,0,0.8571428571428571,0.3157894736842105,0.28784136708421776,0.17183347292335877,0.9432100194224224,0.5514198396758911,0.0,0.21052631578947367,0.016696221565758458
606,113,99.12280701754386,114,0,106,8,0,0.0,1.1896135095740896,1.179652882718292,1.0091117990064078,0.8865582685611164,0.4125976174084091,1.0991252956326416,9.228070175438596,2.4305875750258568,0.3971249294115591,0.029998020064127946,0.0027829310724484246,0.0,0.029998020064127946,-0.0011347409513777842,0,0,0,8,0,0.875,0.2719298245614035,0.28790484687547896,0.15916627107770565,0.9456481182124432,0.5549386538061456,0.0,0.21052631578947367,0.01672235510837588
607,113,99.12280701754386,114,0,104,10,0,0.0,1.202314901485248,1.1918382105618943,1.1008502067403745,0.8881846306083678,0.3942886708087096,1.0665617593372876,9.228070175438596,2.4305875750258568,0.40423059593985755,0.024598586860058322,0.002628038467633375,0.0,0.024598586860058322,0.0020475211827227892,0,0,0,10,0,0.9,0.2982456140350877,0.3012239087249204,0.15324856402599346,0.9462904378894827,0.5660361322278011,0.0,0.24561403508771928,0.016805627144854385
608,112,98.24561403508773,114,1,102,11,0,0.008771929824561403,1.2285829587879946,1.2170172242499633,1.2658554989545314,0.8902722810847395,0.37398634326304586,1.014470806553803,9.228070175438596,2.4305875750258568,0.4132234146941667,0.020370157885569385,0.002339893994253237,0.0,0.020370157885569385,0.004537180965189157,0,1,0,11,0,0.9166666666666666,0.2894736842105263,0.3192794917318997,0.13945001585909395,0.9445755993899838,0.5775102205488745,0.008771929824561403,0.22807017543859648,0.01696233851791245
609,113,99.12280701754386,114,0,106,8,0,0.0,1.21372115031445,1.2022795292368789,1.074343650907641,0.8920113991205633,0.3867771468537702,1.103638648386189,9.228070175438596,2.4305875750258568,0.40631464053369326,0.001569488224241653,0.0019868213579505717,0.0,0.001569488224241653,0.005090142071563296,0,0,0,8,0,1.0,0.2982456140350877,0.2993939165852997,0.16481759904285093,0.9371363951207353,0.5633532734784411,0.0,0.19298245614035087,0.01690916486899161
610,113,99.12280701754386,114,0,105,9,0,0.0,1.2144555850630632,1.2028505609704219,1.0664404545176573,0.8937193499105853,0.3825947415124277,1.1057203491965533,9.228070175438596,2.4305875750258568,0.4075270946931653,0.001874159021200343,0.0014628322114869348,0.0,0.001874159021200343,0.009466146987753197,0,0,0,9,0,1.0,0.2982456140350877,0.30035875948427393,0.16748389085052018,0.9142712636149535,0.5671941949114612,0.0,0.22807017543859648,0.01693359366257959
611,113,99.12280701754386,114,0,105,9,0,0.0,1.2247471254282758,1.2126761461197935,1.1537667875788407,0.8955768430223688,0.373602474009374,1.0876632295026936,9.228070175438596,2.4305875750258568,0.4141579943895817,0.0013396422114450085,0.0019247615466391154,0.0,0.0013396422114450085,0.006230276331848004,0,0,0,9,0,1.0,0.2982456140350877,0.3125718402855772,0.1648127153013513,0.9227323777768343,0.5772645056810078,0.0,0.22807017543859648,0.01700762536279664
612,113,99.12280701754386,114,0,105,9,0,0.0,1.2181200795417424,1.2062351528595685,1.1677089608685955,0.8972639449518575,0.3835744635883665,1.1141203350649544,9.228070175438596,2.4305875750258568,0.41054496687337316,0.017170335933897125,0.00232878885756888,0.0,0.017170335933897125,0.006179925457992125,0,0,0,9,0,0.8888888888888888,0.3157894736842105,0.31193009614567524,0.15801544555843375,0.9409446978728357,0.5721708400817979,0.0,0.19298245614035087,0.016994993378302056
613,114,100.0,114,0,103,11,0,0.0,1.203548130902835,1.191746046536737,1.1371894017103332,0.8986283040570578,0.39020523251576594,1.1292578057550857,9.228070175438596,2.4305875750258568,0.40797024251773517,0.01410755060649585,0.002297368384416143,0.0,0.01410755060649585,0.005092417386253348,0,0,0,11,0,0.9090909090909091,0.2894736842105263,0.30942130894075587,0.15502853990766735,0.9422947169184268,0.5697228494284069,0.0,0.19298245614035087,0.01693871460655239
614,114,100.0,114,0,104,10,0,0.0,1.1957550233945595,1.1839788215514917,1.1436290540195708,0.8998084698550358,0.39658898556286093,1.1162589243444174,9.228070175438596,2.4305875750258568,0.4080103638965582,0.015392654017994892,0.002300398319842198,0.0,0.015392654017994892,0.00624029957321384,0,0,0,10,0,0.9,0.2894736842105263,0.31129116512970467,0.14671521895233455,0.9523272028974483,0.5747904892495577,0.0,0.22807017543859648,0.01691409155063619
615,114,100.0,114,0,104,10,0,0.0,1.209929252403932,1.1982578360059597,1.252960115216672,0.9012376018506967,0.3953540571199752,1.0963936131413807,9.228070175438596,2.4305875750258568,0.4110428004744109,0.0010193285742009029,0.0021421012104212924,0.0,0.0010193285742009029,0.00594079863920817,0,0,0,10,0,1.0,0.3157894736842105,0.3204340834995247,0.13485823291376994,0.9447904736640398,0.5798139088383167,0.0,0.22807017543859648,0.017002330848041678
616,114,100.0,114,0,104,10,0,0.0,1.2113403315309659,1.1993815664636915,1.272459782068404,0.9026538481439462,0.3985642614268876,1.1014487667335995,9.228070175438596,2.4305875750258568,0.4125367300805929,0.0012169653320379772,0.0022927297712213956,0.0,0.0012169653320379772,0.004039434861860675,0,0,0,10,0,1.0,0.30701754385964913,0.3243638849864365,0.14304847855452127,0.9617665505761347,0.5761579595357013,0.0,0.19298245614035087,0.01702659779689459
617,114,100.0,114,0,104,10,0,0.0,1.208315296745417,1.1965274826010908,1.2767568248818006,0.903980174524564,0.3975240946229378,1.0963746951367714,9.228070175438596,2.4305875750258568,0.4115753147439203,0.002242281364403435,0.0015882337254160925,0.0,0.002242281364403435,0.004371464058228613,0,0,0,10,0,1.0,0.30701754385964913,0.3247692113117759,0.13753938749549094,0.9633142917794504,0.5776271642502708,0.0,0.22807017543859648,0.01702759138507264
618,114,100.0,114,0,104,10,0,0.0,1.2170221977850695,1.2051952487242508,1.392459988468373,0.9054428054981078,0.39973232683517984,1.1291800886067351,9.228070175438596,2.4305875750258568,0.4145991568004954,0.007426810437377069,0.00212081607044935,0.0,0.007426810437377069,0.0037875078049660173,0,0,0,10,0,0.9,0.3157894736842105,0.334101395139578,0.13112884359187252,0.955486982382699,0.579017676837237,0.0,0.22807017543859648,0.017088901153626622
619,114,100.0,114,0,104,10,0,0.0,1.2039116488658863,1.192339743429487,1.2938092135302528,0.9066199144934193,0.4229295004946836,1.1637117892308502,9.228070175438596,2.4305875750258568,0.4069710853603299,0.006584785888505217,0.0022612016865384364,0.0,0.006584785888505217,0.003412003366464972,0,0,0,10,0,0.9,0.32456140350877194,0.32087426947419,0.14187278068764256,0.9665279415686138,0.5649290121694182,0.0,0.19298245614035087,0.01703765374152298
620,114,100.0,114,0,105,9,0,0.0,1.1976742879084141,1.1861929097115655,1.2199932616649678,0.9076488894824617,0.4315597042766532,1.1616816506961896,9.228070175438596,2.4305875750258568,0.4049336473301852,0.007002477483887649,0.002575117707241704,0.0,0.007002477483887649,0.0005491373209006908,0,0,0,9,0,0.8888888888888888,0.3157894736842105,0.31400849545998505,0.14211987245428442,0.9702798377925098,0.5612021635922556,0.0,0.19298245614035087,0.017018972005852513
621,114,100.0,114,0,104,10,0,0.0,1.2115700735034225,1.2001107217153901,1.3490797417787856,0.9089234820206947,0.4217442599796091,1.1395955530013482,9.228070175438596,2.4305875750258568,0.40959975395914694,0.007699576640027771,0.002628694598405254,0.0,0.007699576640027771,0.0030147633810344463,0,0,0,10,0,0.9,0.2982456140350877,0.32557862094155793,0.1266372717572226,0.968439113131374,0.5719399956068939,0.0,0.19298245614035087,0.017103940977760804
622,114,100.0,114,0,103,11,0,0.0,1.2226104308091392,1.210920326986589,1.4194421812917275,0.9103772840091661,0.4076656580189896,1.115323260984011,9.228070175438596,2.4305875750258568,0.415823327478815,0.018725479348391322,0.002150948022284621,0.0,0.018725479348391322,0.005053315682977496,0,0,0,11,0,0.9090909090909091,0.2894736842105263,0.33499613597083483,0.11825707978741778,0.9614326780997968,0.5858853812131923,0.0,0.19298245614035087,0.01717681072953802
623,113,99.12280701754386,114,1,101,12,0,0.008771929824561403,1.2186133315536087,1.211140876665742,1.3882659316202899,0.9117224193607653,0.42165704615796135,1.1402532107872225,9.228070175438596,2.4305875750258568,0.4091205024379645,0.02201823151296873,0.002156928290479508,0.0,0.02201823151296873,0.008401718698684672,0,1,0,12,0,0.8461538461538461,0.2894736842105263,0.32464033721211105,0.12354528717149683,0.9684302738153531,0.5647086014732542,0.008771929824561403,0.19298245614035087,0.017173172579621993
624,113,99.12280701754386,114,0,101,13,0,0.0,1.2178387128584267,1.2103034408274134,1.326923508241458,0.9130961955593466,0.4180814821420884,1.140385817095303,9.228070175438596,2.4305875750258568,0.4097702017002305,0.030643485337273665,0.0019570727482162123,0.0,0.030643485337273665,0.009609269181751586,0,0,0,13,0,0.8461538461538461,0.2982456140350877,0.32071234833900003,0.12531193509085667,0.9706560671965385,0.5659087297632983,0.0,0.19298245614035087,0.017185994902941773
625,113,99.12280701754386,114,0,104,10,0,0.0,1.2071286554485732,1.1997821358621286,1.3019969793096202,0.9142319972993631,0.4277654790815066,1.151078645195188,9.228070175438596,2.4305875750258568,0.4096885632240497,0.021413751006916754,0.001987777218765903,0.0,0.021413751006916754,0.010123894547176344,0,0,0,10,0,0.9,0.30701754385964913,0.32046140655997885,0.12622759534362418,0.9717717563130076,0.5642895129955791,0.0,0.15789473684210525,0.01714624794387739
626,113,99.12280701754386,114,0,102,12,0,0.0,1.2189965473303697,1.2117895316375786,1.498334521042635,0.9155736725992516,0.4145803712689033,1.0865804718542753,9.228070175438596,2.4305875750258568,0.41832759193616664,0.016690488858378316,0.0018533165057576717,0.0,0.016690488858378316,0.011442267842771742,0,0,0,12,0,0.9166666666666666,0.2982456140350877,0.3415574139802208,0.1107892569935908,0.9541312502135973,0.5767753513574895,0.0,0.15789473684210525,0.017221892699854514
627,113,99.12280701754386,114,0,103,11,0,0.0,1.229703380489914,1.2222863144844727,1.6108840252642926,0.9170868441057272,0.41037947927773577,1.080660353853408,9.228070175438596,2.4305875750258568,0.4235063400270487,0.007727907662705674,0.001643317096840787,0.0,0.007727907662705674,0.013350673031901121,0,0,0,11,0,1.0,0.30701754385964913,0.35248145378358287,0.10980928788130226,0.9511588276876981,0.5820420438521209,0.0,0.22807017543859648,0.01729381634496485
628,114,100.0,114,0,102,12,0,0.0,1.2297378212369212,1.222266419640254,1.5293075182345814,0.9185628498042883,0.41642230676378167,1.0929991768114236,9.228070175438596,2.4305875750258568,0.41986366160519584,0.016064437097862292,0.00187109033636879,0.0,0.016064437097862292,0.0055952216095798745,0,0,0,12,0,0.9166666666666666,0.30701754385964913,0.3431645092380097,0.11779787530795922,0.9567493996808879,0.5756774939937371,0.0,0.19298245614035087,0.017311926354257833
629,114,100.0,114,0,102,12,0,0.0,1.2204228022913144,1.2132285864259011,1.5371265887506806,0.9198272419308056,0.42709266430602205,1.0861620525199631,9.228070175438596,2.4305875750258568,0.4185966449912186,0.010379894954028223,0.0021513393250074844,0.0,0.010379894954028223,0.00232930522861557,0,0,0,12,0,0.9166666666666666,0.2982456140350877,0.3439779293536624,0.11228861762040535,0.9573653663926618,0.5758363275461889,0.0,0.22807017543859648,0.017280717338493165
630,114,100.0,114,0,104,10,0,0.0,1.216693247785538,1.209594634560288,1.49893059236169,0.920990240793374,0.4342181967163914,1.1352616060933536,9.228070175438596,2.4305875750258568,0.41408728910579873,0.012855666009161715,0.002260983265122218,0.0,0.012855666009161715,0.004321028619126682,0,0,0,10,0,0.9,0.30701754385964913,0.3373287908215979,0.11244909163101324,0.9501657484864575,0.5662733637994087,0.0,0.19298245614035087,0.017276203418889923
631,113,99.12280701754386,114,1,100,13,0,0.008771929824561403,1.228154899077388,1.2179898776576836,1.6083400064739417,0.9223489011186399,0.42664305184222867,1.120309310693066,9.228070175438596,2.4305875750258568,0.41816701238056764,0.023065870648794177,0.0020896421141050414,0.0,0.023065870648794177,0.008214084966045612,0,1,0,13,0,0.8571428571428571,0.2894736842105263,0.34840888589982577,0.11456032934159996,0.9637654083149578,0.5801879851149011,0.008771929824561403,0.19298245614035087,0.017350023389875534
632,113,99.12280701754386,114,0,107,7,0,0.0,1.2252528872187518,1.215122775626261,1.6652802248055765,0.9235581018942077,0.4397204237688355,1.1202213120175344,9.228070175438596,2.4305875750258568,0.4160394237647853,0.001720091329078371,0.0026941365447172524,0.0,0.001720091329078371,0.0005813330085326997,0,0,0,7,0,1.0,0.30701754385964913,0.3496723382198525,0.1076872065160095,0.9534090429829007,0.5771514520274412,0.0,0.19298245614035087,0.017350208672486385
633,112,98.24561403508773,114,1,107,6,0,0.008771929824561403,1.2288039673407025,1.218066362962514,1.702127892257542,0.9248065020491854,0.44090081774288453,1.1247033254246497,9.228070175438596,2.4305875750258568,0.41732698316733896,0.031423634425044845,0.0022100323045016225,0.0,0.031423634425044845,0.0036045007626334985,0,1,0,6,0,0.8571428571428571,0.2894736842105263,0.35248704467694875,0.10843070815118293,0.961314104987188,0.5758790344012616,0.008771929824561403,0.15789473684210525,0.017383135802622886
634,112,98.24561403508773,114,0,107,7,0,0.0,1.237625002706132,1.226679314630693,1.7123366341708408,0.9261806821228074,0.43928600007433777,1.114696188386509,9.228070175438596,2.4305875750258568,0.41884490514485306,0.0016616076351349922,0.0022490643194415486,0.0,0.0016616076351349922,0.0043400819810986025,0,0,0,7,0,1.0,0.2807017543859649,0.35369946465268176,0.11233221958137729,0.9633694277220837,0.5776637982758331,0.0,0.15789473684210525,0.017443941304514002
635,112,98.24561403508773,114,0,107,7,0,0.0,1.2541282887410592,1.2428516608398665,1.9303425562410437,0.9278359279763417,0.4311702504159279,1.0796080062186,9.228070175438596,2.4305875750258568,0.42255055400588337,0.001185488195853039,0.002059878433965246,0.0,0.001185488195853039,0.004772357132209836,0,0,0,7,0,1.0,0.2631578947368421,0.3691956143986794,0.10149960085250914,0.9644276041748818,0.5795195337368031,0.0,0.15789473684210525,0.017546573834714706
636,113,99.12280701754386,114,0,105,9,0,0.0,1.2583440238344554,1.2469346364792901,1.822955265938422,0.9295303338686906,0.4204813378056785,1.0725573825504071,9.228070175438596,2.4305875750258568,0.42229669250187274,0.0019466132750034033,0.0018477210328650708,0.0,0.0019466132750034033,0.006231915689191712,0,0,0,9,0,1.0,0.2719298245614035,0.36275832477806186,0.11117959199840022,0.9533697194436277,0.5790320421714606,0.0,0.15789473684210525,0.017588244519726653
637,113,99.12280701754386,114,0,107,7,0,0.0,1.248608877365661,1.2375247957945148,1.6251705155115483,0.9310005842071383,0.4227202002433219,1.0852033055482107,9.228070175438596,2.4305875750258568,0.41583721868932755,0.0010733602934768834,0.0018647856865313295,0.0,0.0010733602934768834,0.00118076023552898,0,0,0,7,0,1.0,0.2543859649122807,0.3445166755834321,0.11448199040329647,0.9570630695476143,0.5751834552530779,0.0,0.12280701754385964,0.017557436648406727
638,114,100.0,114,0,105,9,0,0.0,1.2392872232168928,1.2283210492867809,1.5358487613441614,0.9322561347282948,0.4315063324784496,1.1243161397076313,9.228070175438596,2.4305875750258568,0.41348830475933585,0.0012556877553143104,0.0017829280678718798,0.0,0.0012556877553143104,0.005518559870552985,0,0,0,9,0,1.0,0.2719298245614035,0.33816288807503975,0.11806826350995497,0.9642637934110263,0.5704021208335124,0.0,0.12280701754385964,0.017526087005145588
639,114,100.0,114,0,102,12,0,0.0,1.2493148033264971,1.2380913123811452,1.6153210057660006,0.933671147835141,0.42488719367268923,1.1165136737068642,9.228070175438596,2.4305875750258568,0.41828035609832726,0.002149289171852918,0.0018850846897973828,0.0,0.002149289171852918,0.00507887920228522,0,0,0,12,0,1.0,0.2807017543859649,0.3473304027597221,0.11607936191071813,0.9668568055207589,0.5832162075447138,0.0,0.12280701754385964,0.017593421472073604
640,114,100.0,114,0,105,9,0,0.0,1.2469882929237097,1.235903326629036,1.4841629451533214,0.93500922308136,0.43307701748225336,1.1232850810034773,9.228070175438596,2.4305875750258568,0.4127767168371179,0.0027782410353817144,0.001963868813251451,0.0,0.0027782410353817144,0.00451433213411109,0,0,0,9,0,1.0,0.2631578947368421,0.3326585287165542,0.12930364105250688,0.9630037536299834,0.5725949526879707,0.0,0.12280701754385964,0.017598050465399216
641,114,100.0,114,0,103,11,0,0.0,1.2536706237247963,1.2424918126618465,1.5203099210617235,0.9364428863752166,0.4251847445985034,1.113084840826162,9.228070175438596,2.4305875750258568,0.4157543721836159,0.0008895971713982746,0.0018091339312217521,0.0,0.0008895971713982746,0.005633916670714208,0,0,0,11,0,1.0,0.2894736842105263,0.33690475247282575,0.13002575134645505,0.9646324136981381,0.5727318681611737,0.0,0.12280701754385964,0.01764888534034874
642,114,100.0,114,0,101,13,0,0.0,1.2455664290953667,1.234599442076986,1.5178214495892168,0.9376882384441366,0.43753721508842547,1.124527897727964,9.228070175438596,2.4305875750258568,0.41312529295237677,0.0007064791737349098,0.0016641816864887541,0.0,0.0007064791737349098,0.005941182060485324,0,0,0,13,0,1.0,0.2894736842105263,0.3356209989628311,0.13084734223067956,0.963181935125498,0.5711788938603304,0.0,0.12280701754385964,0.01762349905352784
643,114,100.0,114,0,101,13,0,0.0,1.2666020139232348,1.2554799434412849,1.695150381674221,0.939309336237815,0.4284336805055187,1.0997312854159613,9.228070175438596,2.4305875750258568,0.41726432505092825,0.0006451146278189541,0.0019767554640777825,0.0,0.0006451146278189541,0.002982475494034268,0,0,0,13,0,1.0,0.2894736842105263,0.3473933508842327,0.11875963238072273,0.9720913652869128,0.5788556347123808,0.0,0.15789473684210525,0.01774837807844326
644,114,100.0,114,0,100,14,0,0.0,1.2695231620065055,1.2584058453017,1.682441467380667,0.9409479251156025,0.4270126372133375,1.0882158222776863,9.228070175438596,2.4305875750258568,0.4171199890322148,0.0008013589129343623,0.001738262574482482,0.0,0.0008013589129343623,0.004640088774028225,0,0,0,14,0,1.0,0.2719298245614035,0.34580089596464864,0.11848145522680081,0.9690253395672142,0.5804783716668165,0.0,0.15789473684210525,0.017782897487694245
645,114,100.0,114,0,100,14,0,0.0,1.2707342508628137,1.2597597101868254,1.8001972622932028,0.9425730121530653,0.43131574005022955,1.1129045974537861,9.228070175438596,2.4305875750258568,0.41992931480317375,0.006718379497142941,0.0018062812397905345,0.0,0.006718379497142941,0.006907175239689645,0,0,0,14,0,0.9285714285714286,0.2894736842105263,0.35505868542678704,0.10857771727249628,0.971101177602893,0.584804196459669,0.0,0.15789473684210525,0.01780870251378375
646,114,100.0,114,0,99,15,0,0.0,1.2638193113982943,1.25322557838201,1.718565937332836,0.9440315457902853,0.4442628598364824,1.1805349427711571,9.228070175438596,2.4305875750258568,0.413490769957358,0.002970072529551037,0.0019320602103363046,0.0,0.002970072529551037,0.0034587334332543537,0,0,0,15,0,1.0,0.2894736842105263,0.34488792377512306,0.10960290557270462,0.9775714990205503,0.5725814877334315,0.0,0.12280701754385964,0.017791853285143072
647,114,100.0,114,0,101,13,0,0.0,1.243398584940662,1.2330237725360258,1.4819526511459267,0.9450618104238825,0.4736268399938773,1.197707263140212,9.228070175438596,2.4305875750258568,0.40733674617284343,0.0011648765569616478,0.0018671732253803907,0.0,0.0011648765569616478,0.004565077225564438,0,0,0,13,0,1.0,0.2807017543859649,0.32574164903418895,0.13323006040294122,0.9752749322602923,0.5557143184844088,0.0,0.12280701754385964,0.01770227039494196
648,114,100.0,114,0,102,12,0,0.0,1.2445337465815203,1.2341954138620275,1.4771246566168992,0.9460898157881008,0.4580282620240104,1.179348984939797,9.228070175438596,2.4305875750258568,0.411165432867431,0.0007190708467177016,0.002000035513462935,0.0,0.0007190708467177016,0.00015111371650785668,0,0,0,12,0,1.0,0.2894736842105263,0.32933842786654555,0.13052121181306325,0.9688130413294855,0.5679838477306427,0.0,0.15789473684210525,0.0177204394884729
649,114,100.0,114,0,100,14,0,0.0,1.2430730118752447,1.2327698187674057,1.4493170433906433,0.9470651143118736,0.4618151147065501,1.1817490237734372,9.228070175438596,2.4305875750258568,0.40885663660460847,0.0012590069739338804,0.001838876053438496,0.0,0.0012590069739338804,0.0033893486626698777,0,0,0,14,0,1.0,0.2807017543859649,0.32453011068793447,0.1304018380730003,0.9584036479922928,0.5670976299826453,0.0,0.15789473684210525,0.017724988557310636
650,114,100.0,114,0,99,15,0,0.0,1.230743013257987,1.2208736944579852,1.413602079426124,0.9477853907754088,0.47155124001358817,1.2043114837317102,9.228070175438596,2.4305875750258568,0.4042189068078037,0.00089138077929144,0.0023283414751517012,0.0,0.00089138077929144,0.0004097731375934018,0,0,0,15,0,1.0,0.2982456140350877,0.31874403884087205,0.12345156460385565,0.9662179140822458,0.5610285032512764,0.0,0.15789473684210525,0.01767209203933861
651,114,100.0,114,0,99,15,0,0.0,1.2566279902614204,1.2464286443475887,1.7360524267469464,0.9489850686381721,0.4479397245084981,1.161997328477158,9.228070175438596,2.4305875750258568,0.41570683044486234,0.011150172860761694,0.002058068977828921,0.0,0.011150172860761694,0.0033564107207815735,0,0,0,15,0,0.9333333333333333,0.2894736842105263,0.3473477722091479,0.10149577787793643,0.9673610970984456,0.5795211722733098,0.0,0.19298245614035087,0.017816096534892106
652,114,100.0,114,0,99,15,0,0.0,1.2724356318460046,1.2621102473261583,1.739758309771142,0.9504605113547122,0.4535837774470114,1.168559507942926,9.228070175438596,2.4305875750258568,0.41377697522637025,0.010928512037359006,0.0022869526339752556,0.0,0.010928512037359006,0.0004483004347357267,0,0,0,15,0,0.9333333333333333,0.2719298245614035,0.34288062467292957,0.10921207540589986,0.9700197565244915,0.5739273634583973,0.0,0.19298245614035087,0.01791306570648745
653,114,100.0,114,0,100,14,0,0.0,1.2799771610325148,1.269512852110955,1.735662648882453,0.9520440335776095,0.43089554918391404,1.1207241165137938,9.228070175438596,2.4305875750258568,0.4169228901882658,0.0019231129115068017,0.001756041277173633,0.0,0.0019231129115068017,0.003790380069469571,0,0,0,14,0,1.0,0.2807017543859649,0.34576691006677096,0.11525203480191631,0.9735216606596919,0.5828841777812184,0.0,0.19298245614035087,0.01797001779961876
654,114,100.0,114,0,98,16,0,0.0,1.2747900364320643,1.2642572020302436,1.7424801260436917,0.9534868723638303,0.44270116335601534,1.143854851650722,9.228070175438596,2.4305875750258568,0.41720652121832424,0.0013394704118180308,0.0020961862612349147,0.0,0.0013394704118180308,0.002438431962706298,0,0,0,16,0,1.0,0.2982456140350877,0.34708558038840603,0.11198339162425452,0.9679461504311553,0.5802667078754132,0.0,0.15789473684210525,0.017961616906749276
655,114,100.0,114,0,100,14,0,0.0,1.269854528812164,1.2595277215801162,1.6594429966296624,0.9548026783584387,0.4556605761967615,1.1642213901921517,9.228070175438596,2.4305875750258568,0.4094144206041048,0.0013711302624536774,0.002049987925834235,0.0,0.0013711302624536774,0.004580699632101869,0,0,0,14,0,1.0,0.2894736842105263,0.33408980191316284,0.11423536402530822,0.9495392216265532,0.5670662927638566,0.0,0.19298245614035087,0.017952930277157973
656,114,100.0,114,0,99,15,0,0.0,1.2707406025267152,1.260285967762382,1.7155827432659896,0.9561012464060259,0.4536995536977457,1.2039199749142275,9.228070175438596,2.4305875750258568,0.41311156663728266,0.0012749487103345832,0.0021159722638731246,0.0,0.0012749487103345832,0.003049953328932146,0,0,0,15,0,1.0,0.2894736842105263,0.34183587966904844,0.10979675849406476,0.9670792598261029,0.5702012874828251,0.0,0.12280701754385964,0.017973142062539686
657,114,100.0,114,0,97,17,0,0.0,1.2865217495448438,1.2756997685327445,1.7666577951747988,0.9576679683610859,0.44745721746795203,1.206625382835109,9.228070175438596,2.4305875750258568,0.416596446982312,0.011254982826196877,0.002179381755202884,0.0,0.011254982826196877,0.0039486623648563625,0,0,0,17,0,0.9411764705882353,0.2719298245614035,0.3454198235541159,0.1113565387690922,0.941137123501318,0.5724814684644691,0.0,0.15789473684210525,0.018071088072217772
658,114,100.0,114,0,95,19,0,0.0,1.2995663604989722,1.2883851743138677,1.8196176103399573,0.9594432736843773,0.4408325386928797,1.1699075531621053,9.228070175438596,2.4305875750258568,0.41826039651009483,0.010682536926343855,0.0022504407481228265,0.0,0.010682536926343855,0.0018081528592060762,0,0,0,19,0,0.9473684210526315,0.2719298245614035,0.3485622177450096,0.11030429375517715,0.948138214925841,0.5751589614822238,0.0,0.15789473684210525,0.018157886302291763
659,114,100.0,114,0,95,19,0,0.0,1.293971145564046,1.2829467758834814,1.8413120004317194,0.9610696806278384,0.4490020789052067,1.1920372244637214,9.228070175438596,2.4305875750258568,0.41743174596473653,0.017071538961988746,0.002207678969706823,0.0,0.017071538961988746,0.0070607133498187084,0,0,0,19,0,0.8947368421052632,0.2894736842105263,0.3509702402913801,0.10985062350737371,0.9550932613160126,0.5740734177589532,0.0,0.15789473684210525,0.01814967585016069
660,114,100.0,114,0,94,20,0,0.0,1.321688938179553,1.3104136747310802,2.046673597885177,0.9631906419507202,0.42719230252617735,1.109518254139509,9.228070175438596,2.4305875750258568,0.4218833758830258,0.011358190681906213,0.0021627698331386823,0.0,0.011358190681906213,0.006427587988745267,0,0,0,20,0,0.95,0.2807017543859649,0.3615061886570691,0.09934009386439768,0.9642315699099622,0.5814434337592622,0.0,0.15789473684210525,0.018314040724430762
661,114,100.0,114,0,92,22,0,0.0,1.3312583563542797,1.3199086953547885,2.307062644386585,0.9654446792844377,0.4259301389905917,1.1074072003941664,9.228070175438596,2.4305875750258568,0.42420891106700864,0.011894690978153892,0.001959925584768352,0.0,0.011894690978153892,0.006202030596562794,0,0,0,22,0,0.9545454545454546,0.2719298245614035,0.3743265814163778,0.08815631329178583,0.9696342976123096,0.582785914838246,0.0,0.15789473684210525,0.018389280990989285
662,114,100.0,114,0,93,21,0,0.0,1.3196495592323547,1.3081846618870405,2.107596751229287,0.9674159599461783,0.44436572241999217,1.131695905304726,9.228070175438596,2.4305875750258568,0.419750677256409,0.012048734340569087,0.0021957634454197565,0.0,0.012048734340569087,0.0018380673826248963,0,0,0,21,0,0.9523809523809523,0.2807017543859649,0.36142894958400573,0.10382120948788898,0.952060751908357,0.5720291652993448,0.0,0.15789473684210525,0.018355193856796237
663,113,99.12280701754386,114,1,93,20,0,0.008771929824561403,1.311678023802591,1.3038394577785313,2.0441364961327047,0.9691894803717125,0.4466559368174956,1.131990376233513,9.228070175438596,2.4305875750258568,0.418260676036732,0.010557725598165122,0.002282492097438766,0.0,0.010557725598165122,0.0030335835855897684,0,1,0,20,0,0.9523809523809523,0.2894736842105263,0.3574531547844922,0.107831891338544,0.9576667940802717,0.573295343335971,0.008771929824561403,0.19298245614035087,0.01833688966319921
664,113,99.12280701754386,114,0,94,20,0,0.0,1.3225439712603284,1.3144012026261913,2.195702991210106,0.9711906191369581,0.44303503870527194,1.112027913365135,9.228070175438596,2.4305875750258568,0.4239805577139768,0.01628307160038256,0.00224729925363993,0.0,0.01628307160038256,0.00708193547346884,0,0,0,20,0,0.9,0.2982456140350877,0.36957719980281245,0.1074761885812514,0.952753841757717,0.5770403316057178,0.0,0.22807017543859648,0.018415539115581442
665,113,99.12280701754386,114,0,97,17,0,0.0,1.3267377916872707,1.3186455323969706,2.2350698339152477,0.9732256481936579,0.45027734273574704,1.1171491418709496,9.228070175438596,2.4305875750258568,0.4232980479459636,0.006466387730042281,0.002411847923935171,0.0,0.006466387730042281,0.005536511067798302,0,0,0,17,0,0.9411764705882353,0.2719298245614035,0.3695790722037287,0.10627298514070564,0.9558920404625584,0.5745472447797533,0.0,0.19298245614035087,0.01846123979941631
666,113,99.12280701754386,114,0,96,18,0,0.0,1.3170344976999737,1.3088155271977076,1.9618609119268131,0.9750200725789594,0.4556082399617327,1.1726144807253431,9.228070175438596,2.4305875750258568,0.4204091240661274,0.009627161536041963,0.0024005439487953537,0.0,0.009627161536041963,0.006869350069403575,0,0,0,18,0,0.8888888888888888,0.30701754385964913,0.3541212597502508,0.11786599011139819,0.9452714936987641,0.5733384096805074,0.0,0.15789473684210525,0.018434530857556006
667,113,99.12280701754386,114,0,96,18,0,0.0,1.3227969999244533,1.3146736122084877,2.071771828910917,0.9768847906172337,0.4551695628020696,1.1363187465163378,9.228070175438596,2.4305875750258568,0.4230018181262032,0.009733903159746265,0.0023377713369660547,0.0,0.009733903159746265,0.008226575651285888,0,0,0,18,0,0.9444444444444444,0.30701754385964913,0.36124643554560765,0.11361659022474122,0.9508465335407439,0.5750718433768106,0.0,0.19298245614035087,0.018486005171152186
668,114,100.0,114,0,95,19,0,0.0,1.3337272076673452,1.3253924808117485,2.241566328809849,0.9789126102413236,0.43844991294828156,1.1192308600776095,9.228070175438596,2.4305875750258568,0.42777874804670635,0.010146148167913921,0.0023669076432513204,0.0,0.010146148167913921,0.006731328256218183,0,0,0,19,0,0.9473684210526315,0.2894736842105263,0.37402311277319056,0.10692397616591598,0.9549985372212025,0.5762561065546399,0.0,0.22807017543859648,0.01856530017578018
669,114,100.0,114,0,98,16,0,0.0,1.332199871566142,1.3240769323752515,2.15677959907338,0.9808655614881138,0.4456289920288108,1.1452333571883222,9.228070175438596,2.4305875750258568,0.42571208822963413,0.014819752670985637,0.002427739077204256,0.0,0.014819752670985637,0.00912749069957684,0,0,0,16,0,0.875,0.2982456140350877,0.3664087476522892,0.10884926444209025,0.9500802943727165,0.5769424022418926,0.0,0.19298245614035087,0.01858139759044956
670,113,99.12280701754386,114,1,97,16,0,0.008771929824561403,1.3162770110183057,1.3079551151480386,2.1039000846758973,0.9824606619418349,0.46687348797381834,1.1830913144664423,9.228070175438596,2.4305875750258568,0.4251576120395204,0.011393253487791261,0.002642546934326391,0.0,0.011393253487791261,0.007357636213932353,0,1,0,16,0,0.8823529411764706,0.3157894736842105,0.36649208068580624,0.10928884246733124,0.9627058056886653,0.5731926910942887,0.008771929824561403,0.15789473684210525,0.01852116844442904
671,113,99.12280701754386,114,0,100,14,0,0.0,1.328001680741434,1.319686849089025,2.303988547720123,0.9842420108297265,0.46425551667543036,1.1870888783259053,9.228070175438596,2.4305875750258568,0.4248513697796401,0.016006702593827422,0.0026553539290277957,0.0,0.016006702593827422,0.005925495460696999,0,0,0,14,0,0.8571428571428571,0.32456140350877194,0.3727546279832339,0.09775884681051988,0.9660166788458583,0.5695755194403838,0.0,0.12280701754385964,0.01860144041541316
672,113,99.12280701754386,114,0,99,15,0,0.0,1.319280570099863,1.310906329185131,2.2197141697270624,0.9858093278922355,0.46088076931111754,1.1832470295746516,9.228070175438596,2.4305875750258568,0.4217696751785571,0.02179496114513429,0.0031419480845561428,0.0,0.02179496114513429,0.005753928971323082,0,0,0,15,0,0.8,0.3333333333333333,0.3660010637985226,0.09945930464972312,0.9690664041938518,0.5655847856561835,0.0,0.12280701754385964,0.018576882369096607
673,112,98.24561403508773,114,1,97,16,0,0.008771929824561403,1.3243471866129573,1.3144185431242292,2.329530850185129,0.9874373808126929,0.4663344706933563,1.1646583832154946,9.228070175438596,2.4305875750258568,0.4218366043221209,0.014243725878833739,0.0029479651805847822,0.0,0.014243725878833739,0.0071612218765691755,0,1,0,16,0,0.8823529411764706,0.34210526315789475,0.3703205268541293,0.09447010123861721,0.9671614799280626,0.5631889896269774,0.008771929824561403,0.14035087719298245,0.01862200107766182
674,112,98.24561403508773,114,0,98,16,0,0.0,1.3337150290589506,1.3238363605463894,2.705892197868901,0.9891784521979909,0.4558424103112348,1.1523548931171241,9.228070175438596,2.4305875750258568,0.4259825293928663,0.02022842855144491,0.0025873232743180044,0.0,0.02022842855144491,0.008491027318398653,0,0,1,15,0,0.875,0.3157894736842105,0.3907538920935529,0.08077918422485196,0.9679746437971498,0.5668091909245957,0.0,0.14035087719298245,0.01868999942227348
675,113,99.12280701754386,114,0,101,13,0,0.0,1.3355262993460182,1.325626202523652,2.5789534658763476,0.9909120082598951,0.458379262553313,1.1617571821832215,9.228070175438596,2.4305875750258568,0.4231632501554985,0.004344581100328724,0.0027740437393722938,0.0,0.004344581100328724,0.003338049926819443,0,0,0,13,0,1.0,0.2982456140350877,0.3821634739541098,0.08330445918181885,0.95547812637998,0.5651437658597315,0.0,0.14035087719298245,0.018720123572832193
676,113,99.12280701754386,114,0,101,13,0,0.0,1.335838631104415,1.325631914960523,2.6181501812107317,0.9926035398001773,0.46993981050480005,1.1718935923415108,9.228070175438596,2.4305875750258568,0.4219190020095931,0.011000435167665716,0.0025952464209840253,0.0,0.011000435167665716,0.005430012789565171,0,0,0,13,0,0.9230769230769231,0.2894736842105263,0.3830807285524588,0.08399190580923259,0.9593150642726983,0.5582936225004262,0.0,0.14035087719298245,0.018742242309347047
677,113,99.12280701754386,114,0,101,13,0,0.0,1.3285636079345668,1.3183027407370458,2.499057398647005,0.9941114435865912,0.47734080135962115,1.1796855925491796,9.228070175438596,2.4305875750258568,0.4190041025866167,0.006738309382347669,0.003048626323479533,0.0,0.006738309382347669,0.0021820924235368155,0,0,0,13,0,0.9230769230769231,0.2982456140350877,0.3759684523831623,0.08896173814473338,0.9593150642726983,0.5556316965507997,0.0,0.17543859649122806,0.018724192654535766
678,114,100.0,114,0,99,15,0,0.0,1.350809279639226,1.3401913660596017,2.74543103105117,0.9960083142168765,0.4566388482895181,1.153050284071093,9.228070175438596,2.4305875750258568,0.42633955643564647,0.012055009792471616,0.0030075326410263074,0.0,0.012055009792471616,0.003660165906883443,0,0,0,15,0,0.8666666666666667,0.3157894736842105,0.3913840817310008,0.0880176819784825,0.9556649036931535,0.5645053507432587,0.0,0.14035087719298245,0.018858473563986077
679,114,100.0,114,0,98,16,0,0.0,1.3472233558648852,1.3366887802065808,2.582361495449383,0.9977909730120692,0.4552686271638486,1.1595152833782139,9.228070175438596,2.4305875750258568,0.4230445884141787,0.012422870065031157,0.002688614953898707,0.0,0.012422870065031157,0.0071843986785145,0,0,0,16,0,0.9375,0.30701754385964913,0.3815032159759891,0.09364836708628207,0.9663404955175267,0.5650646999952503,0.0,0.14035087719298245,0.018862208486704904
680,114,100.0,114,0,98,16,0,0.0,1.3420159673347287,1.3315409576196406,2.3974624851485857,0.9994302048551349,0.46193770246469984,1.1626978348034536,9.228070175438596,2.4305875750258568,0.415941757245041,0.010194507748549715,0.0027440593480465092,0.0,0.010194507748549715,0.0012645250170430535,0,0,0,16,0,0.9375,0.2982456140350877,0.3677126775547984,0.09862266198965844,0.9688928684377985,0.5627823885765075,0.0,0.14035087719298245,0.018856093026805833
681,114,100.0,114,0,100,14,0,0.0,1.3433433295987929,1.332904925799531,2.2797935153527047,1.0010561156855833,0.47212754669475626,1.1845519149645916,9.228070175438596,2.4305875750258568,0.41202829255819706,0.011096006438152953,0.002743826985051332,0.0,0.011096006438152953,0.006466144468502125,0,0,0,14,0,0.9285714285714286,0.2807017543859649,0.3579196838894471,0.1061531413930245,0.9634013891115186,0.5552854200095859,0.0,0.14035087719298245,0.01888248943143909
682,114,100.0,114,0,96,18,0,0.0,1.3640983159255935,1.3532520733710418,2.278433628341659,1.0030381515220022,0.451117424529874,1.168545823241124,9.228070175438596,2.4305875750258568,0.4157669329326783,0.010399780769476593,0.0028758765552223346,0.0,0.010399780769476593,0.008020196462611191,0,0,0,18,0,0.9444444444444444,0.2807017543859649,0.35930427093057116,0.10880700018705321,0.9580605017038981,0.5646305706960401,0.0,0.10526315789473684,0.019010351921459372
683,113,99.12280701754386,114,1,96,17,0,0.008771929824561403,1.351445265882409,1.3376654915265036,2.154385709378992,1.0047292502843772,0.47094359271269143,1.1816635397575708,9.228070175438596,2.4305875750258568,0.41089827319884753,0.018150696422208856,0.0029818787500407763,0.0,0.018150696422208856,0.006436306029445439,0,1,0,17,0,0.8888888888888888,0.2543859649122807,0.3513030636864817,0.10874724610477834,0.9600087349686127,0.5588353031241243,0.008771929824561403,0.07017543859649122,0.018967638489443304
684,113,99.12280701754386,114,0,97,17,0,0.0,1.3379629676700746,1.3245794101583743,1.8518952375162707,1.0060644760160429,0.49238060957738955,1.2065939242219554,9.228070175438596,2.4305875750258568,0.4020319123095524,0.022367802239139267,0.0031873868510509835,0.0,0.022367802239139267,0.006715589526059071,0,0,0,17,0,0.8235294117647058,0.2543859649122807,0.32943748123846733,0.1213798718779904,0.9739604229950312,0.5462466580531303,0.0,0.14035087719298245,0.018916453913747838
685,113,99.12280701754386,114,0,97,17,0,0.0,1.3120789438994382,1.2991924256961258,1.5671090864862398,1.0068736056049654,0.5147165908752008,1.2371680286072633,9.228070175438596,2.4305875750258568,0.3942969221082637,0.021894988919089683,0.0035210995101092263,0.0,0.021894988919089683,0.0047686634252047866,0,0,0,17,0,0.8823529411764706,0.2719298245614035,0.309855512045186,0.13377166036109683,0.9646248615849565,0.5384908735742457,0.0,0.10526315789473684,0.01879686709652176
686,113,99.12280701754386,114,0,99,15,0,0.0,1.3159586229611784,1.3028658629393048,1.61863432960013,1.0077344974780014,0.5176472979942559,1.2775027288311647,9.228070175438596,2.4305875750258568,0.3938375821997415,0.03446681407161949,0.0035539475110096734,0.0,0.03446681407161949,0.004803712094919854,0,0,0,15,0,0.7333333333333333,0.2631578947368421,0.31226049311126947,0.1273394837652336,0.9782753242634878,0.5357282085273889,0.0,0.10526315789473684,0.01882672785728067
687,111,97.36842105263158,114,2,95,17,0,0.017543859649122806,1.3153155735930018,1.308012362992028,1.6346722999101087,1.0085670453199491,0.5062511397953628,1.2271518409471198,9.228070175438596,2.4305875750258568,0.3950918848201883,0.028837279387353903,0.0034556477227521685,0.0,0.028837279387353903,0.005488026294826578,0,2,0,17,0,0.8421052631578947,0.2543859649122807,0.3148497742663352,0.12354363502896605,0.9747425506185808,0.538785684727923,0.017543859649122806,0.15789473684210525,0.01883363051264105
688,111,97.36842105263158,114,1,97,16,0,0.008771929824561403,1.2958529955549056,1.2926871168239429,1.4558456951897893,1.0091100139374083,0.5201000709215463,1.2826345967695256,9.228070175438596,2.4305875750258568,0.38943381748588646,0.02381396953567895,0.0034363010517465616,0.0,0.02381396953567895,0.007514936508809248,0,1,1,15,0,0.8235294117647058,0.24561403508771928,0.30013627775755825,0.14177684181281563,0.9654256909665179,0.5268551262340905,0.008771929824561403,0.17543859649122806,0.018742916286326697
689,109,95.6140350877193,114,2,95,17,0,0.017543859649122806,1.2885077210956628,1.285157790919703,1.3893186256965373,1.0095763981269215,0.5390311398635494,1.2999179734778896,9.228070175438596,2.4305875750258568,0.38329057665612876,0.03946369278390034,0.0036267098574792236,0.0,0.03946369278390034,0.0008534406397106273,0,2,0,17,0,0.7368421052631579,0.2543859649122807,0.29122608632453484,0.13752865555263094,0.9458683596943691,0.5135010360720638,0.017543859649122806,0.21052631578947367,0.01871185785211158
690,109,95.6140350877193,114,0,98,16,0,0.0,1.286171260012084,1.2829844801735057,1.295202294368212,1.0099850087253408,0.5319853821634778,1.2938254072230517,9.228070175438596,2.4305875750258568,0.3791042791540735,0.013284792206903043,0.0036948829642560856,0.0,0.013284792206903043,0.0032837853695510087,0,0,0,16,0,0.875,0.2631578947368421,0.28131682688325116,0.1401174628991715,0.9660371648410238,0.5138475888845124,0.0,0.17543859649122806,0.018705141365911396
691,109,95.6140350877193,114,0,98,16,0,0.0,1.2966745337140868,1.2935148283890294,1.308696886495689,1.0105884471535915,0.5196044865211047,1.2839514052783358,9.228070175438596,2.4305875750258568,0.38574063688121707,0.024101923018695036,0.0037529565784210246,0.0,0.024101923018695036,0.0078507017469053,0,0,0,16,0,0.8125,0.2719298245614035,0.2863991001014293,0.15063976796669384,0.9537747580917765,0.5213975609772395,0.0,0.17543859649122806,0.018764991284151405
692,111,97.36842105263158,114,0,99,15,0,0.0,1.2926689411040424,1.289532645606579,1.2138886850930426,1.0110997861304418,0.5387922169186216,1.3035474318319273,9.228070175438596,2.4305875750258568,0.37812996838698565,0.013911658046105165,0.003017998189894616,0.0,0.013911658046105165,0.00459185171732891,0,0,0,15,0,0.8666666666666667,0.23684210526315788,0.2733546242760382,0.15799209659779215,0.9314322589069411,0.5099031492600214,0.0,0.17543859649122806,0.018751177591919976
693,112,98.24561403508773,114,0,98,16,0,0.0,1.2961975202316731,1.2930122892928082,1.2690217093371945,1.0116663571953293,0.5383464039828934,1.3069969968723514,9.228070175438596,2.4305875750258568,0.38143262552287216,0.011205063750984377,0.0031650997126725098,0.0,0.011205063750984377,0.0001191107025648383,0,0,0,16,0,0.9375,0.24561403508771928,0.27983553728785837,0.1581806248047781,0.9398353468756105,0.5136617236886243,0.0,0.21052631578947367,0.018775705990511555
694,114,100.0,114,0,98,16,0,0.0,1.2798998461106066,1.2767206503980277,1.1526348062990057,1.0119023712137138,0.5507244023629744,1.3261775136381817,9.228070175438596,2.4305875750258568,0.3754661876943508,0.015562102853144025,0.003448058034817846,0.0,0.015562102853144025,0.0026158156532126234,0,0,0,16,0,0.8125,0.2543859649122807,0.26901266277422203,0.17826574438185308,0.9540096350157405,0.5032643330071377,0.0,0.17543859649122806,0.018697085883609306
695,114,100.0,114,0,98,16,0,0.0,1.2815048032750402,1.2783726750674815,1.2367632742521713,1.012164771829774,0.5428331614798848,1.3277603110381118,9.228070175438596,2.4305875750258568,0.3806468894668096,0.02587943034129217,0.003671734923549816,0.0,0.02587943034129217,0.005562601313496757,0,0,0,16,0,0.8125,0.2807017543859649,0.27959730470681426,0.15893630055353902,0.9552377445630293,0.5142073547768935,0.0,0.14035087719298245,0.01870829960781685
696,114,100.0,114,0,97,17,0,0.0,1.2699276726363293,1.2668565110396912,1.158111756642058,1.01219686620748,0.5510982948906404,1.3400527773357944,9.228070175438596,2.4305875750258568,0.37708024559399766,0.03401169736961874,0.003614862220074659,0.0,0.03401169736961874,0.004104349617565597,0,0,0,17,0,0.7647058823529411,0.2807017543859649,0.272247520321037,0.16418578221822927,0.94772637918897,0.5102640022855971,0.0,0.17543859649122806,0.0186508039956017
697,114,100.0,114,0,99,15,0,0.0,1.2828028067884598,1.2797554183768227,1.292417905435559,1.0124789958944698,0.5440000755439419,1.3422779798040012,9.228070175438596,2.4305875750258568,0.3825659371353072,0.012185404972418016,0.003705775656742871,0.0,0.012185404972418016,0.007709211362186341,0,0,0,15,0,0.8666666666666667,0.2719298245614035,0.2847582523860582,0.14663054696053687,0.9429847653046324,0.5195469706526112,0.0,0.17543859649122806,0.01871860837092107
698,114,100.0,114,0,98,16,0,0.0,1.2804810778509317,1.2776251976963005,1.1996749919863563,1.012712846668997,0.5369835999927787,1.3305697501330715,9.228070175438596,2.4305875750258568,0.3828886257242836,0.013827512138185309,0.003528236515131699,0.0,0.013827512138185309,0.00286050227913694,0,0,0,16,0,0.875,0.2982456140350877,0.2787242483819997,0.16238206196135466,0.9591408405250689,0.5198128512183454,0.0,0.17543859649122806,0.018709841700168307
699,114,100.0,114,0,99,15,0,0.0,1.2817758163647512,1.279239961139762,1.16980655257464,1.0129724120873527,0.5437787508182322,1.3457994463375398,9.228070175438596,2.4305875750258568,0.37858991803457,0.014893982331791185,0.003729369331198075,0.0,0.014893982331791185,0.004942100898297763,0,0,0,15,0,0.8666666666666667,0.2807017543859649,0.272547106774652,0.16307550271092777,0.9453358978739091,0.5122085711549019,0.0,0.17543859649122806,0.018719469875141212
700,114,100.0,114,0,100,14,0,0.0,1.2776991037661247,1.275374840779061,1.1461822424975299,1.0131505124327032,0.5502702660634712,1.3609335851402375,9.228070175438596,2.4305875750258568,0.3724705866887368,0.014522866516767579,0.00373581157739352,0.0,0.014522866516767579,0.003030369679256426,0,0,0,14,0,0.8571428571428571,0.2719298245614035,0.26536958236082636,0.14954625579622582,0.9647110573095781,0.5057426583297258,0.0,0.17543859649122806,0.018701250754580664
701,114,100.0,114,0,98,16,0,0.0,1.27958656693804,1.2773061501167111,1.2343782608856622,1.0133618376250253,0.5365789053544326,1.3439862036630732,9.228070175438596,2.4305875750258568,0.378004734964305,0.016157449907974065,0.0036873831589609553,0.0,0.016157449907974065,0.003737630902768508,0,0,0,16,0,0.875,0.2719298245614035,0.27719333291907017,0.14688797664141276,0.9586269417377571,0.5120371311238163,0.0,0.21052631578947367,0.01871325629237398
702,113,99.12280701754386,114,1,101,12,0,0.008771929824561403,1.279860735063719,1.2795086532094246,1.2612127006677218,1.0135706529844766,0.5390694002439386,1.3427863951268746,9.228070175438596,2.4305875750258568,0.37881951334041664,0.037328365364890106,0.003506591254207371,0.0,0.037328365364890106,0.007074214418655036,0,1,0,12,0,0.7692307692307693,0.2894736842105263,0.27968192550789006,0.15762446952186865,0.9451021670845061,0.5048194735123556,0.008771929824561403,0.24561403508771928,0.01871716485309316
703,113,99.12280701754386,114,0,100,14,0,0.0,1.2889756493873428,1.2885922632196003,1.3337999383283947,1.0139912213829756,0.5265071333411394,1.3300509444780424,9.228070175438596,2.4305875750258568,0.38226158677346156,0.026230981285634856,0.00333525126843775,0.0,0.026230981285634856,0.005500163644185647,0,0,0,14,0,0.8571428571428571,0.2894736842105263,0.28594931347941693,0.14353306397529236,0.9507214129745093,0.5150378415747483,0.0,0.24561403508771928,0.01876785056633048
704,113,99.12280701754386,114,0,100,14,0,0.0,1.2912018543177843,1.290707591103819,1.454025805986663,1.014442699415616,0.520911172184872,1.3217589121295363,9.228070175438596,2.4305875750258568,0.3863867254582627,0.015369974331680355,0.0031330075373521235,0.0,0.015369974331680355,0.003560944123970031,0,0,0,14,0,0.8571428571428571,0.2719298245614035,0.2973265623052306,0.1349911473290023,0.9587596886674529,0.5188191420064396,0.0,0.21052631578947367,0.018784468375465352
705,113,99.12280701754386,114,0,101,13,0,0.0,1.2921338784391005,1.2917610889237918,1.3082859236843434,1.0149036888289835,0.5340049428103689,1.33184502920177,9.228070175438596,2.4305875750258568,0.3821910241820945,0.020599621686870687,0.003304494950598869,0.0,0.020599621686870687,0.004677351341164123,0,0,0,13,0,0.7692307692307693,0.2543859649122807,0.28408267751100735,0.15903379509881843,0.9734322517888664,0.5067067328958089,0.0,0.21052631578947367,0.018794730871773684
706,113,99.12280701754386,114,0,101,13,0,0.0,1.2959038086677195,1.2956069131552101,1.2882057835509546,1.0154282543916884,0.5190646514652477,1.3062345507081357,9.228070175438596,2.4305875750258568,0.38565870220723,0.031327246940575544,0.003275803713141759,0.0,0.031327246940575544,0.008914142486907113,0,0,0,13,0,0.7692307692307693,0.2543859649122807,0.28501966914780824,0.16803470570246212,0.9476976153287392,0.5135104654976669,0.0,0.2807017543859649,0.018819955535611763
707,114,100.0,114,0,102,12,0,0.0,1.3099933786533162,1.3098482983154631,1.3687539836845604,1.0162169893995767,0.49692213569246757,1.283123648946217,9.228070175438596,2.4305875750258568,0.393278978871638,0.028729680345282903,0.0027063525516960066,0.0,0.028729680345282903,0.011511439633317388,0,0,0,12,0,0.75,0.2543859649122807,0.2967313197440054,0.1736362019167755,0.9648678271490926,0.5240988732915179,0.0,0.24561403508771928,0.01889998883309055
708,113,99.12280701754386,114,1,101,12,0,0.008771929824561403,1.3086154799318974,1.306048086707014,1.3151968003093604,1.0169547603412261,0.5082340057336745,1.3159696897189563,9.228070175438596,2.4305875750258568,0.3943097105520843,0.03575526706881487,0.0032693453638414334,0.0,0.03575526706881487,0.009132533422233375,0,1,0,12,0,0.7692307692307693,0.2719298245614035,0.29483206307825105,0.18897922637784473,0.9502997549416715,0.5134394880488435,0.008771929824561403,0.2982456140350877,0.018902065423903398
709,113,99.12280701754386,114,0,103,11,0,0.0,1.3055139990147757,1.3029164604240366,1.3172075580856928,1.017571604772765,0.509262356572467,1.32534040499963,9.228070175438596,2.4305875750258568,0.3937809908698813,0.02150469640895009,0.0042129457290359,0.0,0.02150469640895009,0.0019857966072963137,0,0,0,11,0,0.7272727272727273,0.2631578947368421,0.2950637720662771,0.18098246846999622,0.9501880195958163,0.5130315092729677,0.0,0.2982456140350877,0.0188940544913729
710,113,99.12280701754386,114,0,105,9,0,0.0,1.304774195141255,1.302221096894821,1.2895011728073063,1.0181599351245596,0.5059886064442666,1.3123619506976765,9.228070175438596,2.4305875750258568,0.39285951720767476,0.00869283511212161,0.0036077886295920233,0.0,0.00869283511212161,0.0014650857652267232,0,0,0,9,0,0.8888888888888888,0.2631578947368421,0.2934199187116602,0.18178555716582034,0.9345595266187082,0.5148305819150594,0.0,0.2982456140350877,0.01889750541422071
711,113,99.12280701754386,114,0,104,10,0,0.0,1.3029198259315742,1.3002438594816312,1.3337227100099927,1.0186955188024085,0.5041091712696799,1.3172130666000488,9.228070175438596,2.4305875750258568,0.3949003463118965,0.013961468220778308,0.0029196214516568762,0.0,0.013961468220778308,0.006560671049444061,0,0,0,10,0,0.9,0.2982456140350877,0.29721594679640057,0.16530200888281413,0.9528335776585737,0.5235161458421274,0.0,0.22807017543859648,0.018894742483336134
712,113,99.12280701754386,114,0,103,11,0,0.0,1.2934853482840332,1.2907870939753563,1.2962058196168855,1.0190342006760138,0.5053282884232012,1.3120465470344491,9.228070175438596,2.4305875750258568,0.39488592407149326,0.015740222677983154,0.0031733229429673146,0.0,0.015740222677983154,0.007258553625220523,0,0,0,11,0,0.8181818181818182,0.2807017543859649,0.29554008090371947,0.17039009489131365,0.9512702500886847,0.5251942768664736,0.0,0.22807017543859648,0.01885168607486779
713,114,100.0,114,0,102,12,0,0.0,1.2764603380370498,1.273971264968545,1.1481734804026595,1.0190376718296987,0.5143329045180122,1.3064984196383163,9.228070175438596,2.4305875750258568,0.3876468874352057,0.00834836315451841,0.0032162450056895677,0.0,0.00834836315451841,0.005118914614536063,0,0,1,11,0,1.0,0.2894736842105263,0.2806911709933441,0.18211761454504502,0.9511851445322341,0.5147303324204422,0.0,0.2631578947368421,0.01876660320834796
714,114,100.0,114,0,102,12,0,0.0,1.2839981843961603,1.2814290777931985,1.193600852081273,1.0191860735514613,0.5037002439379068,1.2782926687195355,9.228070175438596,2.4305875750258568,0.3915407913721143,0.017488429101027835,0.0029583911729481193,0.0,0.017488429101027835,0.007054532702150479,0,0,0,12,0,0.8333333333333334,0.2982456140350877,0.2858809613051051,0.17257583160918022,0.9576130148418103,0.5260905527884518,0.0,0.2631578947368421,0.018806095957048657
715,113,99.12280701754386,114,1,101,12,0,0.008771929824561403,1.2956259184105676,1.291057893551219,1.3469915985631378,1.0195527736966623,0.49668371467785316,1.293534781531561,9.228070175438596,2.4305875750258568,0.3956835730176991,0.007027194747696784,0.0030349621078523017,0.0,0.007027194747696784,0.0040311917478677356,0,1,0,12,0,1.0,0.2719298245614035,0.29991056705118074,0.1566554959585464,0.9453418409024322,0.5272432495761332,0.008771929824561403,0.24561403508771928,0.018868691111204122
716,113,99.12280701754386,114,0,101,13,0,0.0,1.2917813774798668,1.2871331769586094,1.2653858253330326,1.019799569916913,0.5005708926272991,1.3100006403742803,9.228070175438596,2.4305875750258568,0.3923815822686172,0.008723366796758001,0.003986571946874813,0.0,0.008723366796758001,0.004729797300105681,0,0,0,13,0,1.0,0.2631578947368421,0.2908230036930533,0.16630938369346757,0.9456196720841133,0.5219146961692003,0.0,0.24561403508771928,0.018852467705683138
717,113,99.12280701754386,114,0,103,11,0,0.0,1.3039005189188935,1.2991437728618793,1.3857460265340418,1.0202739099802678,0.47469573731976344,1.2733400938249861,9.228070175438596,2.4305875750258568,0.39668729665417146,0.017061975279561898,0.0032477594619273503,0.0,0.017061975279561898,0.006617035661607934,0,0,0,11,0,0.8181818181818182,0.2982456140350877,0.30136033344628976,0.1517937529459574,0.9448125543665933,0.5334638873006523,0.0,0.2807017543859649,0.018918828038199907
718,113,99.12280701754386,114,0,99,15,0,0.0,1.3217374774990711,1.316782885448268,1.5439851088980545,1.0210797080560747,0.4619008646664873,1.2749865713732624,9.228070175438596,2.4305875750258568,0.4044113310481814,0.0063237336993194025,0.0029894059412152504,0.0,0.0063237336993194025,0.0030189249934734525,0,0,0,15,0,1.0,0.2894736842105263,0.31645763459482307,0.14014830121929858,0.9416439892651367,0.5470345009517897,0.0,0.2807017543859649,0.01901780564505598
719,113,99.12280701754386,114,0,100,14,0,0.0,1.3217808313069457,1.3167077986792795,1.5939511441856422,1.0218644604642297,0.4628839257200624,1.2759580000515964,9.228070175438596,2.4305875750258568,0.40717682107069697,0.009910534447886714,0.0035285612471210076,0.0,0.009910534447886714,0.006446718728288844,0,0,0,14,0,1.0,0.2894736842105263,0.3232061779121438,0.14353788626600675,0.9171915193365106,0.5456383629543163,0.0,0.2807017543859649,0.019027559461359016
720,114,100.0,114,0,102,12,0,0.0,1.3241934837573375,1.3188459408169122,1.7548502806055448,1.022671714311564,0.4629453999151262,1.2896355226516356,9.228070175438596,2.4305875750258568,0.4100337106954246,0.007386120194871359,0.0026536845056814294,0.0,0.007386120194871359,0.012370162624653952,0,0,0,12,0,0.9166666666666666,0.2982456140350877,0.3356854804829757,0.13236896881599733,0.9309504546203392,0.5463444234329886,0.0,0.2807017543859649,0.01904943322946709
721,113,99.12280701754386,114,1,102,11,0,0.008771929824561403,1.3320884509328719,1.3257287135679843,1.7875222979820107,1.0236140794298052,0.4581106012734645,1.2943381844976518,9.228070175438596,2.4305875750258568,0.41075684863854733,0.0041721819786439355,0.0036071198561811496,0.0,0.0041721819786439355,0.004542852352794784,0,1,0,11,0,1.0,0.30701754385964913,0.33784742159854025,0.13484726035725966,0.9056360800350389,0.540121117069321,0.008771929824561403,0.3333333333333333,0.019100360570082436
722,113,99.12280701754386,114,0,100,14,0,0.0,1.3413726573690357,1.334798615548347,1.859406932252334,1.0246890022398774,0.44380198056913567,1.2755865706181986,9.228070175438596,2.4305875750258568,0.4145103051953072,0.01076842096260123,0.0029991665380311337,0.0,0.01076842096260123,0.007656582517297573,0,0,0,14,0,0.9285714285714286,0.32456140350877194,0.34372264130672525,0.13466347622573532,0.912452379980384,0.545143309156177,0.0,0.3333333333333333,0.01915984507239462
723,113,99.12280701754386,114,0,100,14,0,0.0,1.355940977656915,1.3495786316789307,1.8487466362415164,1.026025191098212,0.4379877167020396,1.273664721656935,9.228070175438596,2.4305875750258568,0.41610964595701705,0.006893199456273679,0.0030113588802967153,0.0,0.006893199456273679,0.006376224660048553,0,0,0,14,0,1.0,0.2894736842105263,0.34329096496107525,0.14555763609761355,0.9075779870464766,0.5457354517724138,0.0,0.3333333333333333,0.0192489252940188
724,113,99.12280701754386,114,0,101,13,0,0.0,1.357381708288646,1.3511728401431982,1.8633285686921737,1.0273599016224593,0.43663932799235994,1.2592211038009886,9.228070175438596,2.4305875750258568,0.41713294289230185,0.004327128458761787,0.003123999533553306,0.0,0.004327128458761787,0.002355085860548022,0,0,0,13,0,1.0,0.3157894736842105,0.34583079858395915,0.14600197625346883,0.9209936854810372,0.5476651654567615,0.0,0.3333333333333333,0.01927234960125991
725,113,99.12280701754386,114,0,101,13,0,0.0,1.3483179416622284,1.3418960663203061,1.9023882001633656,1.0284817867490195,0.44341185674280365,1.274917456805488,9.228070175438596,2.4305875750258568,0.41634430945727363,0.003138923377947858,0.003304946723080773,0.0,0.003138923377947858,0.002455674674523981,0,0,0,13,0,1.0,0.30701754385964913,0.34749633234625715,0.1352076597565402,0.8977005422530199,0.5475443851058304,0.0,0.3684210526315789,0.01924066496837394
726,114,100.0,114,0,103,11,0,0.0,1.3423594904205256,1.3360385303992313,1.8991971141333825,1.0294625054428472,0.4558733437376148,1.2833627767082298,9.228070175438596,2.4305875750258568,0.41459396841809926,0.0017739591463344006,0.0027995981041670863,0.0,0.0017739591463344006,0.0031369507815936252,0,0,0,11,0,1.0,0.3157894736842105,0.3463263546955948,0.13414014427892926,0.9034817403406953,0.5465148360927835,0.0,0.3684210526315789,0.019222791325524492
727,114,100.0,114,0,102,12,0,0.0,1.355869810251436,1.3493074002686438,2.03110866099099,1.030677396111871,0.4339032526509937,1.277575199857437,9.228070175438596,2.4305875750258568,0.4207566623586445,0.002235547926839421,0.002662919513694633,0.0,0.002235547926839421,0.004988985047944335,0,0,0,12,0,1.0,0.32456140350877194,0.3597328469519908,0.12996305426451008,0.903489283419229,0.5504393806150787,0.0,0.3684210526315789,0.019305107415504764
728,114,100.0,114,0,102,12,0,0.0,1.3375745688774618,1.3315906183647048,1.8066431962172884,1.0315182602795219,0.4402417684076148,1.2627513221732167,9.228070175438596,2.4305875750258568,0.415529101897705,0.004076143031548746,0.002620684182555374,0.0,0.004076143031548746,0.005971452676338046,0,0,0,12,0,1.0,0.3157894736842105,0.3450824538778342,0.14364819234748483,0.9117550562236582,0.5441804343739474,0.0,0.3684210526315789,0.019223850178625778
729,114,100.0,114,0,101,13,0,0.0,1.3204338589748008,1.3146971894820652,1.6479910758965648,1.0320101988404569,0.4556271268520562,1.2834569167446492,9.228070175438596,2.4305875750258568,0.4098599837617871,0.0015630845222487895,0.0026227275365900294,0.0,0.0015630845222487895,0.00676548435745926,0,0,0,13,0,1.0,0.30701754385964913,0.33093383853688485,0.1468483695019558,0.912103626259358,0.541266812822548,0.0,0.3333333333333333,0.019144125127881897
730,114,100.0,114,0,101,13,0,0.0,1.3249306270422632,1.3190962540932245,1.6470269983731052,1.0325757188981384,0.4561418581611937,1.2796544531180931,9.228070175438596,2.4305875750258568,0.40964867829234874,0.0022114208071826852,0.002354257154083555,0.0,0.0022114208071826852,0.008912192541573511,0,0,0,13,0,1.0,0.2982456140350877,0.3293666619652906,0.143652289331473,0.9352183102397338,0.5451366427937355,0.0,0.2982456140350877,0.01917348169834735
731,114,100.0,114,0,101,13,0,0.0,1.322905538598609,1.316614375040388,1.825203175096185,1.033079234100455,0.4612878001968177,1.2809521513832114,9.228070175438596,2.4305875750258568,0.41237031429703075,0.0012739124533751311,0.002949886928216452,0.0,0.0012739124533751311,0.002201849450447627,0,0,0,13,0,1.0,0.3157894736842105,0.34293121619417155,0.12882083317225596,0.9381139099948737,0.5511013814079467,0.0,0.2982456140350877,0.019169475445102016
732,113,99.12280701754386,114,1,98,15,0,0.008771929824561403,1.3405211729093323,1.340772688950227,1.993108166930938,1.0339066975573086,0.443233497450381,1.2864763783291842,9.228070175438596,2.4305875750258568,0.41984916684113327,0.0024995808502956897,0.0031767494984411095,0.0,0.0024995808502956897,0.00651272239888194,0,1,0,15,0,1.0,0.34210526315789475,0.3574704234336034,0.1286343093128876,0.9274960972507909,0.5618147909636411,0.008771929824561403,0.2807017543859649,0.019267609728640715
733,113,99.12280701754386,114,0,91,23,0,0.0,1.3523625739657428,1.3527720270623718,1.9227542510885938,1.0350809368756833,0.44153112794854377,1.2823505159446977,9.228070175438596,2.4305875750258568,0.41764159196464523,0.0879545253112442,0.004430236028587411,0.08695652173913043,0.05681075299838126,0.013298694049960444,0,0,0,23,0,0.782608695652174,0.30701754385964913,0.3498239029768311,0.1361797330782474,0.9408613859883792,0.5594961809087619,0.0,0.2807017543859649,0.01934108719140951
734,111,97.36842105263158,114,2,90,21,1,0.017543859649122806,1.3550493765437908,1.3571028624231591,1.7769459251186326,1.0362815111093866,0.47307421202734434,1.3214375691524678,9.228070175438596,2.4305875750258568,0.41553111711135715,0.08714962937577331,0.004189273044770317,0.08333333333333333,0.05512130904874587,0.017284520918133258,0,3,0,21,0,0.7916666666666666,0.2807017543859649,0.34186800983982185,0.2033694619159833,0.9495906654788149,0.5253418770299766,0.017543859649122806,0.2982456140350877,0.01936911170837643
735,111,97.36842105263158,114,0,102,12,0,0.0,1.3474119760985452,1.3496094848498141,1.7203134793133426,1.0373365338181757,0.4774451674145585,1.3406519165051098,9.228070175438596,2.4305875750258568,0.41311175465336114,0.020037288116725897,0.003175192102579281,0.0,0.020037288116725897,0.011377463889214045,0,0,0,12,0,0.8333333333333334,0.2982456140350877,0.33801384532334044,0.210937545974282,0.9399418887697314,0.5246572110544943,0.0,0.2982456140350877,0.019343746331586965
736,111,97.36842105263158,114,0,103,11,0,0.0,1.3345846878285832,1.3368934630955076,1.5788220832185935,1.038118654040253,0.49636984713875565,1.3586650121258443,9.228070175438596,2.4305875750258568,0.40857164470883833,0.022864621074953493,0.002419519882367309,0.0,0.022864621074953493,0.014093520989462316,0,0,0,11,0,0.8181818181818182,0.2982456140350877,0.32676943388114355,0.22858112773274686,0.9521855556735002,0.5168437739518676,0.0,0.2982456140350877,0.01928911494870694
737,112,98.24561403508773,114,0,103,11,0,0.0,1.3233067781017875,1.3255287360402208,1.5486707877019517,1.0386607804303978,0.49849028489572034,1.3624615224465786,9.228070175438596,2.4305875750258568,0.40608166193925355,0.014004925977080824,0.0032285393323633806,0.0,0.014004925977080824,0.004853329739518322,0,0,0,11,0,0.9090909090909091,0.2719298245614035,0.32390982033868815,0.2332127192046752,0.9521855556735002,0.5160343115969059,0.0,0.2982456140350877,0.01923931382841286
738,112,98.24561403508773,114,0,104,10,0,0.0,1.324326117553322,1.3265190266579505,1.5428788936889555,1.0392089858684315,0.49811737431105835,1.3559285122657072,9.228070175438596,2.4305875750258568,0.4031671608394751,0.015277139593635075,0.0031165762739228725,0.0,0.015277139593635075,0.007853176442065712,0,0,0,10,0,0.9,0.2719298245614035,0.3201631295231093,0.22823718552740804,0.9600387127274003,0.5112911090725367,0.0,0.2631578947368421,0.019251072832301763
739,114,100.0,114,0,104,10,0,0.0,1.3239025757179708,1.3258897064761588,1.6252866066380989,1.0397316297506862,0.5041794905078405,1.3677466770865179,9.228070175438596,2.4305875750258568,0.4029397609116918,0.013908607359500964,0.0036448715035178707,0.0,0.013908607359500964,0.0015866882508313862,0,0,0,10,0,0.9,0.2807017543859649,0.32591817099277265,0.21885394865304536,0.9580558319837004,0.5107804226353532,0.0,0.22807017543859648,0.019255306781756867
740,114,100.0,114,0,103,11,0,0.0,1.3335502762617377,1.335481695099071,1.8195226551450892,1.0404280836626105,0.4864374274135728,1.358314460317686,9.228070175438596,2.4305875750258568,0.4103505138859722,0.02388862002285359,0.0030694492814603166,0.0,0.02388862002285359,0.0111963416327837,0,0,0,11,0,0.8181818181818182,0.2719298245614035,0.3436432799198473,0.200673836588751,0.9483626985524729,0.5245506666659653,0.0,0.15789473684210525,0.01931200924560021
741,113,99.12280701754386,114,1,100,13,0,0.008771929824561403,1.340311023523535,1.3389846531935155,1.878399981641759,1.0412438402899316,0.4837668799276769,1.3398543749141405,9.228070175438596,2.4305875750258568,0.4142370302103895,0.01985265727025447,0.002821462816451563,0.0,0.01985265727025447,0.014485789231363943,0,1,0,13,0,0.8571428571428571,0.2807017543859649,0.3508021260788244,0.19537797093611253,0.9524115729658085,0.5355964703662182,0.008771929824561403,0.22807017543859648,0.01935572682152225
742,113,99.12280701754386,114,0,104,10,0,0.0,1.3344423051196308,1.3328524754680262,1.8330493574665527,1.0418524142118426,0.49231057888910446,1.3385302323673995,9.228070175438596,2.4305875750258568,0.41238721837023595,0.014460748355304429,0.003333666314214762,0.0,0.014460748355304429,0.0025886080038683866,0,0,0,10,0,0.9,0.2807017543859649,0.347305612873279,0.2055333477642503,0.9477946185177888,0.5308632870132456,0.0,0.12280701754385964,0.01933377919056814
743,113,99.12280701754386,114,0,102,12,0,0.0,1.3301100604478449,1.3284815458024348,1.809732628330169,1.042361204792931,0.4939155489609267,1.3697712939708264,9.228070175438596,2.4305875750258568,0.4100700339268961,0.013968853481299318,0.0034911534413431203,0.0,0.013968853481299318,0.005923460552378325,0,0,0,12,0,0.9166666666666666,0.2894736842105263,0.3441753505263989,0.19932643891680668,0.953258716143236,0.5308114824339696,0.0,0.22807017543859648,0.019318301267532628
744,113,99.12280701754386,114,0,100,14,0,0.0,1.3356188317564572,1.333693829530427,1.8264755587425985,1.0429589800699066,0.49746603279186474,1.3602188191882618,9.228070175438596,2.4305875750258568,0.4099883779668423,0.0112715735125126,0.003487938530997163,0.0,0.0112715735125126,0.007465703240736677,0,0,0,14,0,0.9285714285714286,0.30701754385964913,0.3442515950882642,0.20500911010162978,0.9598418532057144,0.5298331662323543,0.0,0.19298245614035087,0.019353109849880062
745,112,98.24561403508773,114,1,97,16,0,0.008771929824561403,1.3523920320756246,1.347358358056353,1.9325130097377232,1.0438631812647323,0.4996791430418159,1.3732019756361855,9.228070175438596,2.4305875750258568,0.4147980123801993,0.013759625988337137,0.003238105323212539,0.0,0.013759625988337137,0.011450149938086131,0,1,0,16,0,0.9411764705882353,0.2631578947368421,0.35261945305522613,0.2210659311053,0.9485923629363359,0.5302780002079687,0.008771929824561403,0.15789473684210525,0.019447964552423234
746,113,99.12280701754386,114,0,100,14,0,0.0,1.3442975315187011,1.3392467408564044,1.828351406662981,1.0445324243863978,0.5117801752848806,1.383150509388886,9.228070175438596,2.4305875750258568,0.4138124437407871,0.009327776149075772,0.004076112913860004,0.0,0.009327776149075772,0.0065593031911068255,0,0,0,14,0,0.9285714285714286,0.24561403508771928,0.3473908066025042,0.2341615142950119,0.9397540680601822,0.5324897943800092,0.0,0.17543859649122806,0.019415625319719576
747,113,99.12280701754386,114,0,99,15,0,0.0,1.3475170269138976,1.3425378260768468,1.743557484994224,1.0452493951346624,0.5153494365904501,1.3797096016265549,9.228070175438596,2.4305875750258568,0.409822621516714,0.009283643855254035,0.004730756563564161,0.0,0.009283643855254035,0.005127842276476295,0,0,0,15,0,0.9333333333333333,0.2543859649122807,0.33720892743320335,0.23807015081560223,0.9480772438170778,0.5310735342459757,0.0,0.21052631578947367,0.019440436097657502
748,113,99.12280701754386,114,0,99,15,0,0.0,1.3596287127742646,1.3547274660118958,1.8994850578733455,1.0461859631799646,0.5114851040740074,1.3844694091091019,9.228070175438596,2.4305875750258568,0.41378696870042453,0.00902695825487643,0.004335390932514633,0.0,0.00902695825487643,0.005656499556840181,0,0,0,15,0,0.9333333333333333,0.2807017543859649,0.3473187130461468,0.22056850032358807,0.937473699728244,0.5398190588170035,0.0,0.21052631578947367,0.019512376580229727
749,113,99.12280701754386,114,0,100,14,0,0.0,1.344533330458053,1.3398219252412051,1.8091467532717156,1.0468099333411558,0.5252865985859215,1.405542164319764,9.228070175438596,2.4305875750258568,0.4095507915505905,0.008951301183063138,0.0035430491143972447,0.0,0.008951301183063138,0.007261087478336441,0,0,0,14,0,0.9285714285714286,0.2631578947368421,0.3399136489236307,0.2222428799797995,0.9369322097506272,0.5313547097130594,0.0,0.24561403508771928,0.019444482739253557
750,114,100.0,114,0,100,14,0,0.0,1.3482658435980284,1.3437139881253284,1.8970324673709018,1.047494417358636,0.5215297308975637,1.396398735763154,9.228070175438596,2.4305875750258568,0.4137518317087927,0.008656826949100716,0.004056928462856493,0.0,0.008656826949100716,0.006000359543062328,0,0,0,14,0,0.9285714285714286,0.2719298245614035,0.34794722675545675,0.21540946156802984,0.9540946315811503,0.5420389307813824,0.0,0.24561403508771928,0.019471463796694392
751,114,100.0,114,0,99,15,0,0.0,1.348576513835684,1.344224690454066,1.8049396126420723,1.0481721948465126,0.5192948951907723,1.4009190957889055,9.228070175438596,2.4305875750258568,0.40982137856853806,0.010745328997627984,0.004119472252507301,0.0,0.010745328997627984,0.007990263669692965,0,0,1,14,0,0.9333333333333333,0.24561403508771928,0.3388861771521508,0.21831383726790032,0.9420543755821551,0.5407530822041315,0.0,0.24561403508771928,0.019481254135585997
752,114,100.0,114,0,97,17,0,0.0,1.365696523141765,1.3610659341466504,1.9412957208525263,1.0491609713003198,0.5134911457191437,1.4058826842180518,9.228070175438596,2.4305875750258568,0.4142809202482167,0.008385234584003406,0.0037390963694677324,0.0,0.008385234584003406,0.011822326130445267,0,0,0,17,0,0.9411764705882353,0.22807017543859648,0.34786595328671555,0.21386273260416275,0.9422290763877421,0.5415315823556366,0.0,0.24561403508771928,0.01957887072093191
753,114,100.0,114,0,102,12,0,0.0,1.3531784712402155,1.348511704946161,1.854802859595478,1.0498816014484262,0.5341497632055782,1.4238242213477388,9.228070175438596,2.4305875750258568,0.4151260311873617,0.011096536722978523,0.0045081614216048995,0.0,0.011096536722978523,0.012481558705166781,0,0,0,12,0,0.9166666666666666,0.23684210526315788,0.3450825794210261,0.22672582740016697,0.9295384945930647,0.5344291474860177,0.0,0.2807017543859649,0.019525038234845048
754,114,100.0,114,0,102,12,0,0.0,1.343389027535666,1.3389406181269217,1.7707969457301989,1.0503986091320725,0.5434040120547432,1.41603486033857,9.228070175438596,2.4305875750258568,0.41159882610088094,0.0104983677639986,0.004557123132291944,0.0,0.0104983677639986,0.012025581440418006,0,0,0,12,0,0.9166666666666666,0.2543859649122807,0.33739399268074144,0.22959748419253437,0.9544927821848582,0.5291055218727262,0.0,0.24561403508771928,0.019482374178582614
755,114,100.0,114,0,103,11,0,0.0,1.3348541742722992,1.3301087823151976,1.7339086457699748,1.0507313180880884,0.5512970548276526,1.4341220581614982,9.228070175438596,2.4305875750258568,0.4098392442420693,0.004619874367162192,0.00497972043596011,0.0,0.004619874367162192,0.011008570162841342,0,0,0,11,0,1.0,0.23684210526315788,0.3362528264144382,0.23254853859698693,0.9577543050153651,0.5270448731116568,0.0,0.24561403508771928,0.019443743303538742
756,114,100.0,114,0,103,11,0,0.0,1.3289300507308353,1.3240275551831453,1.7162565386433668,1.0509376926206941,0.5592285930288281,1.4500853342053592,9.228070175438596,2.4305875750258568,0.40707534750171437,0.004777747081260036,0.005096926976177236,0.0,0.004777747081260036,0.010877228910349934,0,0,0,11,0,1.0,0.24561403508771928,0.33366065513054477,0.23029409617174373,0.9725263550926813,0.5234108999395558,0.0,0.21052631578947367,0.019416630742705186
757,114,100.0,114,0,103,11,0,0.0,1.3353684658467353,1.3303763635552541,1.7718427389515559,1.051262501717516,0.5419465712257313,1.4348149239932682,9.228070175438596,2.4305875750258568,0.4118644002822698,0.0041151638279086225,0.0040014055837375925,0.0,0.0041151638279086225,0.013070515576806213,0,0,0,11,0,1.0,0.2631578947368421,0.34152663539964434,0.22740738705050817,0.9720093619336388,0.5316480780533911,0.0,0.21052631578947367,0.01945277020305964
758,114,100.0,114,0,105,9,0,0.0,1.3290766385084016,1.3240860084482324,1.7169366707479126,1.051457101973063,0.547354056453578,1.4455983442573,9.228070175438596,2.4305875750258568,0.4103087451290188,0.006235704117400211,0.005159860998382252,0.0,0.006235704117400211,0.007298494247714603,0,0,0,9,0,1.0,0.2543859649122807,0.3371963237373896,0.22780993053290083,0.9546627371800147,0.5298511016246855,0.0,0.2807017543859649,0.01942367603118412
759,114,100.0,114,0,105,9,0,0.0,1.3247930840355053,1.3199860600978695,1.7172416789290625,1.0515672500308284,0.5547278408027753,1.46865583070067,9.228070175438596,2.4305875750258568,0.4100434304948466,0.007788988333155688,0.0056080872669939325,0.0,0.007788988333155688,0.008156815299512628,0,0,1,8,0,1.0,0.2631578947368421,0.3376391166172209,0.22180091841968588,0.947819522082775,0.5287079151054968,0.0,0.24561403508771928,0.019403596881322725
760,114,100.0,114,0,108,6,0,0.0,1.3219670000601764,1.317199007432248,1.7077965130667714,1.0516205274389476,0.5551778112386705,1.4688862091055228,9.228070175438596,2.4305875750258568,0.41137998772267115,0.0044612791924711894,0.006133438983201368,0.0,0.0044612791924711894,0.012041200186761266,0,0,0,6,0,1.0,0.2631578947368421,0.33834856605058655,0.21883351434062245,0.9401414293117031,0.532967333416615,0.0,0.2807017543859649,0.019390113938477102
761,114,100.0,114,0,108,6,0,0.0,1.3052442211515431,1.3007396104379645,1.6071313135502854,1.0513524618463912,0.5804351701455276,1.4765340502473558,9.228070175438596,2.4305875750258568,0.4072417352093516,0.002727402082615028,0.006564578966893143,0.0,0.002727402082615028,0.0066646735337599905,0,0,0,6,0,1.0,0.2719298245614035,0.32937491592626233,0.21680855153677198,0.9315543711888199,0.5281320602039562,0.0,0.3508771929824561,0.01930324225944114
762,114,100.0,114,0,108,6,0,0.0,1.2925486108841946,1.2879379230383987,1.5496267913164203,1.0508419868441583,0.5810660566698392,1.4826103245268185,9.228070175438596,2.4305875750258568,0.4068697379269328,0.0028907911928817125,0.006416646085235297,0.0,0.0028907911928817125,0.006441750857129447,0,0,0,6,0,1.0,0.2719298245614035,0.32842003037684814,0.22613874005682177,0.9342844977755411,0.5237892106246405,0.0,0.3157894736842105,0.01923356043711545
763,114,100.0,114,0,109,5,0,0.0,1.2872497216064895,1.282673352677863,1.4580092155698317,1.050241551389454,0.5867397975370187,1.4909514122241467,9.228070175438596,2.4305875750258568,0.4025592471129753,0.0043574450402908,0.007094250527636847,0.0,0.0043574450402908,0.0044718163114934924,0,0,0,5,0,1.0,0.2719298245614035,0.31868200902854726,0.22842008767251026,0.8979686533524515,0.5142905774808932,0.0,0.3508771929824561,0.01919976893594788
764,114,100.0,114,0,111,3,0,0.0,1.2849554379426373,1.2802886486629559,1.3964749779031036,1.0496093401887177,0.5848861088973145,1.487005646482973,9.228070175438596,2.4305875750258568,0.4022834270914948,0.005523512404541463,0.007316403564657774,0.0,0.005523512404541463,-0.005127161510000404,0,0,0,3,0,1.0,0.2807017543859649,0.3140870810202429,0.23648794047571942,0.8925380681401497,0.5157853905370932,0.0,0.3508771929824561,0.01918061429418211
765,114,100.0,114,0,108,6,0,0.0,1.2789722136998036,1.2744098787650158,1.3563570324559084,1.0488781845143116,0.5934876978916563,1.4800834544310852,9.228070175438596,2.4305875750258568,0.39883787488998523,0.011770031080068527,0.006226988344752204,0.0,0.011770031080068527,0.0020633398173388606,0,0,0,6,0,0.8333333333333334,0.2543859649122807,0.3085050388262074,0.24001109870318593,0.9216865704895082,0.5124425578870213,0.0,0.2807017543859649,0.019141812483479837
766,114,100.0,114,0,108,6,0,0.0,1.2983652241296861,1.2936892943770595,1.4707230706830665,1.0485396826832045,0.5756004453542081,1.4709982458216542,9.228070175438596,2.4305875750258568,0.40086966330369234,0.013210704922931213,0.006535430735160313,0.0,0.013210704922931213,0.003439361365186614,0,0,0,6,0,0.8333333333333334,0.24561403508771928,0.3154467175448104,0.22490751731384753,0.9042399003085219,0.5169668427348836,0.0,0.2807017543859649,0.019234663743905187
767,114,100.0,114,0,108,6,0,0.0,1.2915933215844704,1.2869619203303477,1.3690942678674658,1.048078596661382,0.5852922734667173,1.4704695706677116,9.228070175438596,2.4305875750258568,0.39546911887981295,0.010207910190244699,0.005339995076720544,0.0,0.010207910190244699,-0.0035912751971852084,0,0,0,6,0,0.8333333333333334,0.24561403508771928,0.303769164398966,0.23465366624628486,0.9235685341854897,0.507957457000648,0.0,0.2807017543859649,0.019195200681400806
768,114,100.0,114,0,110,4,0,0.0,1.3077560726445547,1.3030503509043871,1.5372880370315953,1.0479415524547553,0.567082872085227,1.4560994738012807,9.228070175438596,2.4305875750258568,0.3997005187607292,0.0020961861121940708,0.003902303265933826,0.0,0.0020961861121940708,0.0024108347052563817,0,0,0,4,0,1.0,0.2719298245614035,0.3164859675121773,0.21435951342622622,0.9266458394028833,0.5179541002887406,0.0,0.2807017543859649,0.01927434894697195
769,114,100.0,114,0,109,5,0,0.0,1.314610343673305,1.3098940472044414,1.5186734471181507,1.0479409128531405,0.5761216444116514,1.4583172816612795,9.228070175438596,2.4305875750258568,0.3978340250387258,0.004618332795999084,0.004898274838878192,0.0,0.004618332795999084,0.002268307074224052,0,0,0,5,0,1.0,0.2631578947368421,0.3118389145353158,0.21370631667118012,0.9217846154139191,0.5147716422479539,0.0,0.2807017543859649,0.019308612529077014
770,114,100.0,114,0,110,4,0,0.0,1.3147330985267742,1.3102819399592707,1.6336683392707163,1.047947831256086,0.5711476747062264,1.4722019355182145,9.228070175438596,2.4305875750258568,0.3978493978031028,0.0019677685431164944,0.004333067284953251,0.0,0.0019677685431164944,0.001032861065563745,0,0,0,4,0,1.0,0.2543859649122807,0.31971087160077866,0.19745229471384818,0.919945844466528,0.5178239624440056,0.0,0.2807017543859649,0.01930931038226555
771,114,100.0,114,0,109,5,0,0.0,1.3294028798935278,1.3249703702611753,1.679165733062309,1.0482401936306964,0.5553117532641563,1.4570595410762595,9.228070175438596,2.4305875750258568,0.4032330935190638,0.0039024732858599144,0.004861261577156488,0.0,0.0039024732858599144,0.007212661852899915,0,0,0,5,0,1.0,0.2543859649122807,0.3245361849349651,0.1932601595710988,0.9210052642614017,0.5315213756737236,0.0,0.24561403508771928,0.019386212350874985
772,114,100.0,114,0,109,5,0,0.0,1.3390910025186977,1.3346191688347937,1.628558795160053,1.0487130678811711,0.5532618030008731,1.4472120162556896,9.228070175438596,2.4305875750258568,0.399708843827312,0.0055253513937299405,0.0052735741987406425,0.0,0.0055253513937299405,0.005126065729124973,0,0,0,5,0,1.0,0.2631578947368421,0.31646453195881014,0.20193244425914736,0.915487516987316,0.5288294203574875,0.0,0.2807017543859649,0.0194403997753896
773,114,100.0,114,0,110,4,0,0.0,1.3520417306394683,1.347446943625218,1.632940237960316,1.049423880749035,0.546263568514584,1.4205429549277169,9.228070175438596,2.4305875750258568,0.40395672716921993,0.010014299632341512,0.00675152748632416,0.0,0.010014299632341512,-0.0016795220346596529,0,0,0,4,0,1.0,0.2631578947368421,0.31993494757972973,0.2148597892860044,0.9192430513620593,0.5353739931031972,0.0,0.2807017543859649,0.019513791880617446
774,114,100.0,114,0,110,4,0,0.0,1.3572635125667134,1.3525874869335588,1.735200514774699,1.050217373013204,0.5259284753003765,1.399361482151583,9.228070175438596,2.4305875750258568,0.40684263520613406,0.017095476294378152,0.0046740180361550965,0.0,0.017095476294378152,0.0040769450189597906,0,0,0,4,0,1.0,0.2719298245614035,0.3277390183194651,0.20121235092030776,0.9142700936064272,0.5408510953960366,0.0,0.3157894736842105,0.019549544052444513
775,114,100.0,114,0,103,11,0,0.0,1.3658333597987176,1.3608920974460532,1.8672717260072789,1.051153059418008,0.5205320227771464,1.3962082325610556,9.228070175438596,2.4305875750258568,0.41134833461851006,0.008001363751411548,0.004597529754405855,0.0,0.008001363751411548,0.009141775806605993,0,0,0,11,0,1.0,0.2631578947368421,0.33918350192166324,0.19648221579531996,0.9149691313684043,0.543880801200476,0.0,0.2807017543859649,0.01960376462735272
776,114,100.0,114,0,102,12,0,0.0,1.3591342224429814,1.3542100432435298,1.81825742547059,1.0519360726019535,0.5264352214190106,1.4031430125315987,9.228070175438596,2.4305875750258568,0.4099947905593633,0.007053473450803877,0.003849181974377832,0.0,0.007053473450803877,0.011607052940755909,0,0,0,12,0,0.9166666666666666,0.2807017543859649,0.33576475117348015,0.2047657969469807,0.9149691313684043,0.5396946286905451,0.0,0.2807017543859649,0.019579784851153935
777,114,100.0,114,0,105,9,0,0.0,1.3713403654857006,1.3662835247752119,1.8128135184474659,1.0529348191983248,0.5322598634471651,1.408615912012405,9.228070175438596,2.4305875750258568,0.4103428790810788,0.008450129666366166,0.0035836714608141838,0.0,0.008450129666366166,0.010122791286242543,0,0,0,9,0,1.0,0.2719298245614035,0.3340640096513861,0.2131778762606018,0.9101268538908738,0.5383175927359,0.0,0.3157894736842105,0.019652953271706228
778,114,100.0,114,0,102,12,0,0.0,1.3839294867923622,1.378943566611868,1.8252407366232022,1.0541554611071184,0.5230664916493897,1.402820838490265,9.228070175438596,2.4305875750258568,0.41423297625069866,0.006793021785460724,0.0037551148302124317,0.0,0.006793021785460724,0.00982991628836684,0,0,0,12,0,1.0,0.2807017543859649,0.33588830919402574,0.2161790782959637,0.9134775166932811,0.5461116189259335,0.0,0.2807017543859649,0.019730733263524886
779,113,99.12280701754386,114,1,103,10,0,0.008771929824561403,1.3947685132027328,1.3876928505780917,1.8439808143499665,1.0555601845396203,0.5118640671565646,1.3831113541437745,9.228070175438596,2.4305875750258568,0.41613175142661296,0.010597905568764039,0.004250295488686954,0.0,0.010597905568764039,0.007012049209975963,0,1,0,10,0,0.9090909090909091,0.2894736842105263,0.33738048263388304,0.21232447534698803,0.9240602519514817,0.5531643241404578,0.008771929824561403,0.2631578947368421,0.01980199991218367
780,113,99.12280701754386,114,0,102,12,0,0.0,1.3868713012770533,1.3798833748705395,1.7590231158357024,1.056735288934841,0.5248230133349183,1.3926184698758874,9.228070175438596,2.4305875750258568,0.41189332004218615,0.012774814578219365,0.004465415006998218,0.0,0.012774814578219365,0.009653663627382743,0,0,0,12,0,0.8333333333333334,0.2631578947368421,0.3290840755316847,0.2112047151229192,0.9186322287607834,0.5534518378408018,0.0,0.2982456140350877,0.019776794823267184
781,113,99.12280701754386,114,0,101,13,0,0.0,1.4003567905760779,1.3933590534582512,1.855230294983935,1.0581438619241603,0.5038473003835104,1.3780691481205447,9.228070175438596,2.4305875750258568,0.41275316857971966,0.018428421536746085,0.004175034215007182,0.0,0.018428421536746085,0.01244636226244923,0,0,0,13,0,0.8461538461538461,0.2719298245614035,0.3326244561155899,0.1911590612927726,0.9109659473144012,0.5604726147489683,0.0,0.2982456140350877,0.01986134056979409
782,113,99.12280701754386,114,0,100,14,0,0.0,1.4106298015782777,1.4036589259143326,2.1106945273176696,1.0597184762495453,0.4781750852517324,1.3774745479613166,9.228070175438596,2.4305875750258568,0.4160201044844227,0.021608643739138265,0.004878099810873867,0.0,0.021608643739138265,0.01217376054595029,0,0,0,14,0,0.7142857142857143,0.2631578947368421,0.348094092517601,0.16071155311088836,0.9186322287607834,0.5753572052230908,0.0,0.2982456140350877,0.01993184181487878
783,113,99.12280701754386,114,0,101,13,0,0.0,1.4038635737528802,1.3971995455406983,2.0253940389000267,1.0611292174773543,0.4873320881028418,1.3710953455443977,9.228070175438596,2.4305875750258568,0.4116099775583961,0.024905251002935558,0.005312145341799591,0.0,0.024905251002935558,0.011888355245339842,0,0,0,13,0,0.7692307692307693,0.2543859649122807,0.34016056815198736,0.1608555584947437,0.9200048135345684,0.5708269018228916,0.0,0.2631578947368421,0.019915155326251238
784,113,99.12280701754386,114,1,100,13,0,0.008771929824561403,1.4154162241763075,1.4074463343759174,2.04859912335098,1.0627285482300088,0.5010680501749192,1.3982838127859434,9.228070175438596,2.4305875750258568,0.4119377560558788,0.02450903072471242,0.004744788438413818,0.0,0.02450903072471242,0.010897969904162499,0,1,0,13,0,0.7142857142857143,0.2543859649122807,0.33902134429419756,0.16408776586302368,0.9322958239496328,0.5620539706528966,0.008771929824561403,0.21052631578947367,0.01999235514564717
785,112,98.24561403508773,114,1,103,10,0,0.008771929824561403,1.424762531312681,1.4179496383639014,2.01094776543725,1.0644456171462708,0.5086113925243586,1.409042858968659,9.228070175438596,2.4305875750258568,0.4086590421817893,0.015165882332951046,0.003745832894456981,0.0,0.015165882332951046,0.012516564152669716,0,1,0,10,0,0.8181818181818182,0.2543859649122807,0.33204154839544014,0.16985262040767743,0.9258758533291086,0.5584015723540685,0.008771929824561403,0.2631578947368421,0.020059954113195687
786,112,98.24561403508773,114,0,106,8,0,0.0,1.4164544805556887,1.4099231732662656,2.027783824236858,1.0659888682064627,0.5180945908328087,1.4320730521952987,9.228070175438596,2.4305875750258568,0.4050033719450572,0.008844759281341348,0.0048562663028941366,0.0,0.008844759281341348,0.006627559379087801,0,0,0,8,0,0.875,0.2543859649122807,0.3303824382361553,0.16615815678122406,0.9354077440463555,0.5524951956734374,0.0,0.2982456140350877,0.02003716889367096
787,112,98.24561403508773,114,0,106,8,0,0.0,1.413962209270613,1.407655731421133,2.034599332491652,1.0674505194703265,0.5138725528474558,1.4241448134596972,9.228070175438596,2.4305875750258568,0.4027282913985628,0.010344776741313922,0.004250205109443017,0.0,0.010344776741313922,0.010099406499227616,0,0,0,8,0,0.875,0.2543859649122807,0.32772173309586,0.1604154428668252,0.9362082162932932,0.5486137853323537,0.0,0.2631578947368421,0.020042470894250427
788,112,98.24561403508773,114,0,105,9,0,0.0,1.4246224316968552,1.418135368968235,2.111277212689824,1.069080417434683,0.509553901477208,1.4217528291356611,9.228070175438596,2.4305875750258568,0.40609000051559274,0.010305227442016264,0.004228239072161048,0.0,0.010305227442016264,0.011868088193695343,0,0,0,9,0,0.8888888888888888,0.2543859649122807,0.33341605813915914,0.1607348671913332,0.9437381394558129,0.5570095469378695,0.0,0.2631578947368421,0.02011558005508526
789,113,99.12280701754386,114,0,102,12,0,0.0,1.4318368051131791,1.4252195488264026,2.1416514394512163,1.0708084490579726,0.4942625897847815,1.404672674449965,9.228070175438596,2.4305875750258568,0.4070303745875412,0.014117065779277599,0.00412331417785994,0.0,0.014117065779277599,0.012098409447792715,0,0,0,12,0,0.8333333333333334,0.2719298245614035,0.3352345410600002,0.15496812277718294,0.9436175663955926,0.5632562571846745,0.0,0.2631578947368421,0.020172652583130977
790,114,100.0,114,0,102,12,0,0.0,1.4410127914924131,1.4342373933798607,2.197056257359618,1.0726698286467349,0.4855864133030358,1.4037819357952366,9.228070175438596,2.4305875750258568,0.4099350176932468,0.00829571267519855,0.0041419498616704605,0.0,0.00829571267519855,0.01292875993579821,0,0,0,12,0,0.9166666666666666,0.2631578947368421,0.33922079330845717,0.15814655886658024,0.9451028707903644,0.562204032315003,0.0,0.2631578947368421,0.02024115374553141
791,114,100.0,114,0,105,9,0,0.0,1.4475215494049725,1.4407341897345238,2.3363718067277186,1.0746122940344653,0.4780528508408265,1.398342272152225,9.228070175438596,2.4305875750258568,0.412659608115463,0.017823345762456637,0.00279365796943974,0.0,0.017823345762456637,0.015011868169939054,0,0,0,9,0,0.8888888888888888,0.2719298245614035,0.3485488951867963,0.1498165669463676,0.9408626704801264,0.5696090192149442,0.0,0.2982456140350877,0.020297304196275883
792,114,100.0,114,0,103,11,0,0.0,1.4545402302279236,1.4475698667750976,2.4142362605684156,1.0766404637932867,0.473634230843717,1.3883938337293087,9.228070175438596,2.4305875750258568,0.41433303470179483,0.01559208145470775,0.0036833797230270636,0.0,0.01559208145470775,0.009892694687653502,0,0,0,11,0,0.8181818181818182,0.2543859649122807,0.35350218313722553,0.145406895524322,0.9408626704801264,0.569854737779374,0.0,0.2982456140350877,0.02035704582146981
793,114,100.0,114,0,108,6,0,0.0,1.4542299664327387,1.4471645200752978,2.362840341716274,1.0786114552647323,0.49353513139257105,1.4008354150074565,9.228070175438596,2.4305875750258568,0.41143395464518706,0.008214147271415029,0.00360830055797356,0.0,0.008214147271415029,0.012624463763395774,0,0,0,6,0,1.0,0.22807017543859648,0.3500334934242589,0.15646654622125283,0.9408626704801264,0.562533055994784,0.0,0.2982456140350877,0.020379447839398775
794,114,100.0,114,0,105,9,0,0.0,1.442165762918912,1.435366038661288,2.135010017995125,1.0803051221237356,0.5215915904445236,1.4161249393152164,9.228070175438596,2.4305875750258568,0.4046590781389088,0.012052628338266874,0.004253468019902637,0.0,0.012052628338266874,0.011270086693353786,0,0,0,9,0,0.8888888888888888,0.23684210526315788,0.3343326279763738,0.16603883152266216,0.9408626704801264,0.5507974424464545,0.0,0.2982456140350877,0.020339709849948272
795,114,100.0,114,0,109,5,0,0.0,1.430365703805028,1.4236499600777583,1.9648824866718981,1.0817298072862367,0.536200141696928,1.4326032912910163,9.228070175438596,2.4305875750258568,0.40401825798711344,0.0009837065126191609,0.003304097937188727,0.0,0.0009837065126191609,0.018744680321552624,0,0,0,5,0,1.0,0.2543859649122807,0.32657209354975214,0.1787838747286358,0.9388369696396701,0.5483571859084062,0.0,0.2982456140350877,0.020298023664650347
796,114,100.0,114,0,109,5,0,0.0,1.436014561395274,1.4291269587119326,1.8791962330551595,1.0832263628268242,0.5429754374944112,1.4126999417063664,9.228070175438596,2.4305875750258568,0.4056687905946772,0.015612940536270622,0.005246520881905619,0.0,0.015612940536270622,0.005062457830035849,0,0,0,5,0,0.8,0.23684210526315788,0.323980812767668,0.20127000580726398,0.9426943248977333,0.5439080892701229,0.0,0.2631578947368421,0.02034445549911302
797,114,100.0,114,0,107,7,0,0.0,1.441444717732043,1.4344308357480546,1.8274115059493292,1.0847896755753763,0.5422451198325625,1.4011150821914324,9.228070175438596,2.4305875750258568,0.40489663298069356,0.011715279695419476,0.003991054842385063,0.0,0.011715279695419476,0.009977416989690704,0,0,0,7,0,0.8571428571428571,0.22807017543859648,0.32062250062981973,0.21553293351514854,0.9366755436061105,0.5434667965005588,0.0,0.2631578947368421,0.020390605123509414
798,114,100.0,114,0,107,7,0,0.0,1.4444412872147125,1.4373860583647398,1.872041849783934,1.0863724540574917,0.54728496990347,1.4153932817559867,9.228070175438596,2.4305875750258568,0.4025101671304605,0.011025027178369128,0.004903614973997772,0.0,0.011025027178369128,0.005993194548150322,0,0,0,7,0,0.8571428571428571,0.24561403508771928,0.32019487774724104,0.20467858664102614,0.9260946126693704,0.5392154532700787,0.0,0.3333333333333333,0.020424823379486
799,114,100.0,114,0,108,6,0,0.0,1.4380845853462996,1.4312102890395733,1.8171784073245008,1.0877966757369768,0.5473989529443356,1.4176719282380121,9.228070175438596,2.4305875750258568,0.40067632549843424,0.0010520161265931878,0.003274427452242719,0.0,0.0010520161265931878,0.012626102142135531,0,0,0,6,0,1.0,0.2543859649122807,0.3154737099062964,0.2082817394519898,0.9279159373341792,0.5353349887441788,0.0,0.2982456140350877,0.02041034834773513
800,114,100.0,114,0,107,7,0,0.0,1.4317253764384277,1.4249929152384513,1.7927196093465765,1.0890653854891972,0.5507174605629529,1.4234307663362116,9.228070175438596,2.4305875750258568,0.39878157675946824,0.01919392556117704,0.0040352689127424205,0.0,0.01919392556117704,0.014427827121857572,0,0,0,7,0,0.7142857142857143,0.24561403508771928,0.31342484261973175,0.2080873581675214,0.9279159373341792,0.5304906143497691,0.0,0.2982456140350877,0.020393970853996076
801,114,100.0,114,0,106,8,0,0.0,1.4417042503687445,1.4346207686966088,1.9281519590794087,1.0904904688677333,0.5520043391087127,1.424513586962269,9.228070175438596,2.4305875750258568,0.4049444532029898,0.0124928238450485,0.0025198151711905755,0.0,0.0124928238450485,0.018854609789473873,0,0,0,8,0,0.875,0.24561403508771928,0.32573401351782605,0.20930284055565468,0.9336619893410275,0.5406693855941191,0.0,0.2631578947368421,0.02046118417341389
802,114,100.0,114,0,105,9,0,0.0,1.4432869959892292,1.4359761173420618,1.986458741993894,1.0919072686953568,0.5502232980611036,1.4136243440179146,9.228070175438596,2.4305875750258568,0.40556202833665167,0.007718206125355263,0.004482217814348825,0.0,0.007718206125355263,0.008211148727086476,0,0,0,9,0,0.8888888888888888,0.2807017543859649,0.32901278167913617,0.20246261214864095,0.9127412451688977,0.5468094106594625,0.0,0.2982456140350877,0.020486316181802917
803,113,99.12280701754386,114,1,106,7,0,0.008771929824561403,1.4377339335398764,1.4267903944058813,1.79742851870402,1.0931854304347637,0.5709912760505753,1.4187157032158428,9.228070175438596,2.4305875750258568,0.4003698770041706,0.011900026675933699,0.0036946583372558135,0.0,0.011900026675933699,0.011672705969193675,0,1,0,7,0,0.875,0.2543859649122807,0.31401403749971357,0.21844769641799894,0.9351336946932032,0.5373154733608124,0.008771929824561403,0.2631578947368421,0.02047408428976953
804,113,99.12280701754386,114,0,105,9,0,0.0,1.4358191970649083,1.4247664632434207,1.8098381858342187,1.0943187584936074,0.5734216699174316,1.4266272772339594,9.228070175438596,2.4305875750258568,0.3997850522576065,0.004224039615139133,0.0038210403916977306,0.0,0.004224039615139133,0.009404156361266482,0,0,0,9,0,1.0,0.24561403508771928,0.31391607615820566,0.21447862302623222,0.9087873065563636,0.5336745854439489,0.0,0.2982456140350877,0.020478283872885958
805,113,99.12280701754386,114,0,106,8,0,0.0,1.437355301200999,1.426155048210174,1.8069850620520078,1.0954515406404048,0.5948542093420098,1.4428190010461448,9.228070175438596,2.4305875750258568,0.39853778966554754,0.001768795449486875,0.0036671142207429213,0.0,0.001768795449486875,0.011168438208396053,0,0,0,8,0,1.0,0.24561403508771928,0.3120603835186955,0.2251252194373837,0.8987951206084932,0.5259304386839466,0.0,0.2982456140350877,0.020499731024622495
806,113,99.12280701754386,114,0,104,10,0,0.0,1.431606053440396,1.4207853600307863,1.678042148562704,1.0964523775461257,0.610798116237347,1.462163209831566,9.228070175438596,2.4305875750258568,0.3902730729191204,0.001052027412939234,0.00418868172213631,0.0,0.001052027412939234,0.004160221643853079,0,0,0,10,0,1.0,0.23684210526315788,0.297948683879738,0.2325015683302732,0.9024032978956292,0.5169154363252177,0.0,0.2982456140350877,0.020483147894557845
807,113,99.12280701754386,114,0,109,5,0,0.0,1.4341154688183455,1.4233083755016644,1.640112689745906,1.0974779475148106,0.608210037003747,1.4477126506692228,9.228070175438596,2.4305875750258568,0.38848018028585773,0.0012362713318652702,0.004742354414911063,0.0,0.0012362713318652702,0.005414450629404021,0,0,0,5,0,1.0,0.24561403508771928,0.2932750867018008,0.23289012199414927,0.9140448618603392,0.5175415207883193,0.0,0.2982456140350877,0.020508158659563618
808,114,100.0,114,0,105,9,0,0.0,1.4419322329320499,1.4312205522886385,1.6056273243064976,1.0986324400159821,0.6073362088057602,1.4475571345679568,9.228070175438596,2.4305875750258568,0.389844198485066,0.0013293490416153668,0.003881182526183331,0.0,0.0013293490416153668,0.007122176304694571,0,0,0,9,0,1.0,0.24561403508771928,0.2913459538714093,0.24024108594853316,0.9223103206357086,0.5181755520702648,0.0,0.2982456140350877,0.02056127295577618
809,114,100.0,114,0,106,8,0,0.0,1.4416111899903434,1.43092541466256,1.6551551007490186,1.0997531327030905,0.6127424947719203,1.4461017196865071,9.228070175438596,2.4305875750258568,0.3907811338923062,0.017750777169288457,0.003914991053802192,0.0,0.017750777169288457,0.011145889113659144,0,0,1,7,0,0.875,0.23684210526315788,0.2952494029443979,0.24685123741474516,0.943402249214684,0.5186616880443402,0.0,0.2631578947368421,0.02057328744967119
810,114,100.0,114,0,103,11,0,0.0,1.4328510143690905,1.42238946065543,1.7230564886755275,1.1006806069029862,0.6090489090201082,1.4928050565473077,9.228070175438596,2.4305875750258568,0.38824347762420475,0.012843610062548659,0.004267368252204861,0.0,0.012843610062548659,0.00772934408606605,0,0,0,11,0,0.9090909090909091,0.23684210526315788,0.29736266108586373,0.2198936113655299,0.9384239376359762,0.5232202014451656,0.0,0.2982456140350877,0.02054075810789704
811,114,100.0,114,0,101,13,0,0.0,1.4212417621932802,1.410796480143389,1.6466104150445575,1.1013601159950968,0.6178504058815303,1.5217315679616092,9.228070175438596,2.4305875750258568,0.38557399307124096,0.013899016750083799,0.003846110794402532,0.0,0.013899016750083799,0.01153554334061404,0,0,0,13,0,0.9230769230769231,0.24561403508771928,0.292380292260119,0.22696295975824876,0.9415109493222011,0.5165846968202232,0.0,0.2631578947368421,0.020490969878799996
812,114,100.0,114,0,102,12,0,0.0,1.4203444303339763,1.4098685466050698,1.6606524631633617,1.1020050656338138,0.6163924625144441,1.5211678456216418,9.228070175438596,2.4305875750258568,0.386967782859891,0.01528886248128581,0.003976635728856357,0.0,0.01528886248128581,0.011287944560737515,0,0,0,12,0,0.9166666666666666,0.2631578947368421,0.2952911487949403,0.22852105607952117,0.9389676210513725,0.521414739916476,0.0,0.2982456140350877,0.020494321252395392
813,114,100.0,114,0,102,12,0,0.0,1.4250285566396312,1.4145897430890173,1.6648530782085527,1.1027261414588525,0.6065836344746622,1.4669809874739295,9.228070175438596,2.4305875750258568,0.3847386420924708,0.021659388191059236,0.003235579110209773,0.0,0.021659388191059236,0.011562733433628092,0,0,0,12,0,0.8333333333333334,0.2631578947368421,0.29332563845304543,0.22063921465105527,0.9449304628172592,0.5209211352884546,0.0,0.2631578947368421,0.020526505073628618
814,114,100.0,114,0,102,12,0,0.0,1.424083288773157,1.4136425323451371,1.7177392621710355,1.1034112726751613,0.5997811290107474,1.5077143038505874,9.228070175438596,2.4305875750258568,0.385120283767203,0.0069141255231033065,0.0036014938616077837,0.0,0.0069141255231033065,0.008452285908240875,0,0,0,12,0,0.9166666666666666,0.2543859649122807,0.29743318322054607,0.21893707069096924,0.9521161775229308,0.5264330007504674,0.0,0.22807017543859648,0.020530105091404356
815,114,100.0,114,0,99,15,0,0.0,1.4322897262214374,1.4216815022382392,1.8708243485315947,1.1042360665399589,0.5951266790602501,1.5075176490415358,9.228070175438596,2.4305875750258568,0.38782763080379734,0.005977130348378202,0.003587080470964352,0.0,0.005977130348378202,0.0048641696709464865,0,0,0,15,0,0.9333333333333333,0.2543859649122807,0.3070598803269291,0.20710886073316617,0.9543926913260112,0.5291566998624152,0.0,0.22807017543859648,0.020581160947244433
816,114,100.0,114,0,102,12,0,0.0,1.4482990787475123,1.4372912591576106,2.156545282792072,1.1053443401172982,0.5891558747859333,1.5114032000905249,9.228070175438596,2.4305875750258568,0.39131060178312826,0.006736719904612204,0.0038123765026392004,0.0,0.006736719904612204,0.005175065323011124,0,0,0,12,0,0.9166666666666666,0.23684210526315788,0.3240999827882639,0.19161606328671718,0.9543926913260112,0.5375320782258147,0.0,0.22807017543859648,0.02067467648980886
817,114,100.0,114,0,101,13,0,0.0,1.4552695189337141,1.444149599954333,2.3157155308444217,1.1065590345181762,0.5734302530334614,1.5042390139355504,9.228070175438596,2.4305875750258568,0.3939865840109953,0.011630861401458616,0.003669424470817816,0.0,0.011630861401458616,0.009992913793773999,0,0,0,13,0,0.9230769230769231,0.24561403508771928,0.33439432098890326,0.17783155621913585,0.9511456616049407,0.5454663884892799,0.0,0.22807017543859648,0.020724290796331007
818,114,100.0,114,0,102,12,0,0.0,1.4457674653570864,1.43498730984548,2.066204499333705,1.1075660467198931,0.5865903968768162,1.5090466870126222,9.228070175438596,2.4305875750258568,0.38915502061269946,0.009311180241559242,0.003193353529929699,0.0,0.009311180241559242,0.008624246666297367,0,0,0,12,0,0.9166666666666666,0.2543859649122807,0.31771819238750804,0.1835525028272874,0.935438681864466,0.5448246077759304,0.0,0.2631578947368421,0.02068901868517483
819,114,100.0,114,0,100,14,0,0.0,1.4474509754923945,1.4367148656165147,1.9988293269334179,1.1085821744128939,0.5718939960718876,1.5038145518403467,9.228070175438596,2.4305875750258568,0.39102780297155815,0.008387214618366565,0.0038956085446847093,0.0,0.008387214618366565,0.005767649897922377,0,0,0,14,0,0.9285714285714286,0.22807017543859648,0.31557644082864567,0.18729025470925123,0.941925197147258,0.5472181098513023,0.0,0.2982456140350877,0.020709785172577606
820,113,99.12280701754386,114,1,101,12,0,0.008771929824561403,1.4480306815041497,1.4374944486182002,1.9448625144395715,1.1095877383505817,0.5817607109074825,1.5105930410297685,9.228070175438596,2.4305875750258568,0.3904809807152616,0.007732228452081153,0.003724420090459414,0.0,0.007732228452081153,0.006505245048446994,0,1,0,12,0,0.9230769230769231,0.22807017543859648,0.3114332481848572,0.1937837222157192,0.9280061062817573,0.5378951029836907,0.008771929824561403,0.3157894736842105,0.020724904258700577
821,113,99.12280701754386,114,0,102,12,0,0.0,1.456298563574512,1.445391247211617,1.9808765932280317,1.1107234367004113,0.5842095981877568,1.5125520898514218,9.228070175438596,2.4305875750258568,0.39334978740548254,0.010729070797711565,0.002956319814169863,0.0,0.010729070797711565,0.007730483535697673,0,0,1,11,0,0.8333333333333334,0.23684210526315788,0.31527283550630975,0.19890491043833608,0.9238637429112992,0.5378763345514698,0.0,0.2807017543859649,0.020780045740542753
822,113,99.12280701754386,114,0,103,11,0,0.0,1.450888200244532,1.4401138543750562,2.0162020047663853,1.1117289135836037,0.5943659198106027,1.5282847244385596,9.228070175438596,2.4305875750258568,0.3909739514369235,0.0074284150493667735,0.004393750858010571,0.0,0.0074284150493667735,0.00228495203775905,0,0,0,11,0,0.9090909090909091,0.2631578947368421,0.31564764974274906,0.19150468637556564,0.9127177569151292,0.5350449396720238,0.0,0.24561403508771928,0.020765213421989167
823,113,99.12280701754386,114,0,102,12,0,0.0,1.4496447356121602,1.4392450000345471,1.8403278145199489,1.1126930568580873,0.5931800865158945,1.5258685531262446,9.228070175438596,2.4305875750258568,0.3860078999835632,0.015677602240162007,0.0037869456052967514,0.0,0.015677602240162007,0.0070706778882018125,0,0,0,12,0,0.8333333333333334,0.22807017543859648,0.3010619462124654,0.20036600036768543,0.9208353493994834,0.5288536884584117,0.0,0.24561403508771928,0.02077071327214483
824,113,99.12280701754386,114,0,102,12,0,0.0,1.468942591473265,1.4580698556921476,1.9843841969776568,1.11399980946804,0.580749064215543,1.5199424096071912,9.228070175438596,2.4305875750258568,0.389342075278293,0.013640026130029211,0.003890429331834711,0.0,0.013640026130029211,0.010949051394582668,0,0,0,12,0,0.8333333333333334,0.24561403508771928,0.30912115820752356,0.1987551951837201,0.9127976491292539,0.5316643260639796,0.0,0.21052631578947367,0.02088308343473727
825,114,100.0,114,0,103,11,0,0.0,1.4616271329744948,1.4507550398105233,1.9269038289175264,1.1151325659066547,0.5771874102134427,1.5132351104581034,9.228070175438596,2.4305875750258568,0.38945226725721516,0.012901610557299846,0.003025319298509245,0.0,0.012901610557299846,0.018176947042426318,0,0,0,11,0,0.9090909090909091,0.23684210526315788,0.30680422259293516,0.20096318940639565,0.8833247956513156,0.5353923425245547,0.0,0.21052631578947367,0.02086027246086956
826,114,100.0,114,0,104,10,0,0.0,1.4547238487586291,1.4441674458120757,1.8954480954453958,1.1161096959150418,0.5828345366148028,1.5134714790432346,9.228070175438596,2.4305875750258568,0.3866358984225404,0.014140451448558055,0.003596751845950562,0.0,0.014140451448558055,0.0053059002331008,0,0,0,10,0,0.9,0.23684210526315788,0.30353064674426755,0.1963293607764395,0.9096891854052553,0.5330104292085014,0.0,0.24561403508771928,0.020837631040078086
827,114,100.0,114,0,105,9,0,0.0,1.45682959471989,1.446222394548021,1.89519215127811,1.1171030337857726,0.5935081614891078,1.5113375033566647,9.228070175438596,2.4305875750258568,0.3882697323839981,0.03915862069050082,0.004439638392958068,0.0,0.03915862069050082,0.006137715508434061,0,0,0,9,0,0.7777777777777778,0.2543859649122807,0.30451537409605733,0.20148914131180454,0.9014125792676947,0.5387653232532198,0.0,0.21052631578947367,0.020860231743316394
828,113,99.12280701754386,114,1,102,11,0,0.008771929824561403,1.4621575589860918,1.4561879867081364,1.9163003511262608,1.1181745995942085,0.5917760090185993,1.5187545173032118,9.228070175438596,2.4305875750258568,0.38752101256857596,0.028155606102088237,0.003342302002136959,0.0,0.028155606102088237,0.011477350498153535,0,1,0,11,0,0.9166666666666666,0.22807017543859648,0.3035349446657964,0.20247243345765012,0.9090981184932895,0.533103581657989,0.008771929824561403,0.22807017543859648,0.020899894237346436
829,111,97.36842105263158,114,2,106,6,0,0.017543859649122806,1.4597537526118978,1.453181231641605,1.8087046077050737,1.1192640368246216,0.5998795847625693,1.5251720563048605,9.228070175438596,2.4305875750258568,0.38483050521765594,0.04521521076988736,0.005307023114694236,0.0,0.04521521076988736,0.013129042618394541,0,2,1,5,0,0.625,0.23684210526315788,0.29490862227042375,0.20813336846272815,0.9087753678070474,0.5319998660941649,0.017543859649122806,0.22807017543859648,0.02090111506845553
830,111,97.36842105263158,114,0,105,9,0,0.0,1.461094661168949,1.4543690437279573,1.9550841256479352,1.1203391148313289,0.605286411245934,1.5368428264678067,9.228070175438596,2.4305875750258568,0.39140265877843494,0.02450789154874385,0.003132354481654569,0.0,0.02450789154874385,0.021331012194667088,0,0,0,9,0,0.6666666666666666,0.2543859649122807,0.30835230960761095,0.20037645571521875,0.9239347236064415,0.5380199830652755,0.0,0.22807017543859648,0.020920884967467218
831,111,97.36842105263158,114,0,108,6,0,0.0,1.456494039437219,1.4493643900628517,1.7913349179740048,1.1212907481334577,0.6131981190268152,1.5416506192698447,9.228070175438596,2.4305875750258568,0.3908489742622385,0.003352739417401187,0.0051945272500179334,0.0,0.003352739417401187,0.0019068685420411309,0,0,0,6,0,1.0,0.23684210526315788,0.29962084883776907,0.2187035970828737,0.9087390397087374,0.5343764525258298,0.0,0.2631578947368421,0.020909446999209245
832,111,97.36842105263158,114,0,107,7,0,0.0,1.4518438207947673,1.4446818375955355,1.7111282699216295,1.122128200324013,0.6214970222867289,1.5403706844767104,9.228070175438596,2.4305875750258568,0.388672797468264,0.019162687533821308,0.005729108682718113,0.0,0.019162687533821308,0.003582440031614715,0,0,0,7,0,0.8571428571428571,0.2631578947368421,0.2935354357741683,0.2313567531973608,0.9157655997054317,0.5316609700863825,0.0,0.2982456140350877,0.020896373410442193
833,112,98.24561403508773,114,0,104,10,0,0.0,1.4461374394699111,1.4392035750186705,1.7003780324940387,1.1228387743300619,0.6223744857680281,1.5362907735255797,9.228070175438596,2.4305875750258568,0.386728686022767,0.002266220296624192,0.003461357901776288,0.0,0.002266220296624192,0.005674021610278116,0,0,0,10,0,1.0,0.2543859649122807,0.2917534198660153,0.22069665548291037,0.9110095520857755,0.5350260720224326,0.0,0.2982456140350877,0.020876477065569107
834,114,100.0,114,0,106,8,0,0.0,1.4344248757780405,1.4273760113427822,1.563681218113119,1.1233020937781004,0.6351823299990226,1.5472739294236737,9.228070175438596,2.4305875750258568,0.3842578833098349,0.004359892722248945,0.0038945740123770413,0.0,0.004359892722248945,0.011439667461267948,0,0,0,8,0,1.0,0.2543859649122807,0.28297165901486615,0.23834516695756353,0.9063388616302914,0.5229581973654861,0.0,0.2982456140350877,0.020823544939578106
835,114,100.0,114,0,103,11,0,0.0,1.4397143594844444,1.4325356985856894,1.588070453954691,1.1238544804148316,0.6405892544929216,1.5512254316396592,9.228070175438596,2.4305875750258568,0.386094489420191,0.008199698083702007,0.003942988231847088,0.0,0.008199698083702007,0.007313115478005849,0,0,0,11,0,0.9090909090909091,0.23684210526315788,0.2844830651570888,0.23356133561767112,0.913835033793916,0.5272631744942887,0.0,0.22807017543859648,0.020856705478589373
836,114,100.0,114,0,103,11,0,0.0,1.4479062150778927,1.4403397035290415,1.6966714325090475,1.1245451873502104,0.6337466699235781,1.5398472856933423,9.228070175438596,2.4305875750258568,0.38937174697825805,0.011564939228055399,0.004299605783534611,0.0,0.011564939228055399,0.00969229844577056,0,0,0,11,0,0.9090909090909091,0.2631578947368421,0.293034617555154,0.2305983459710023,0.9153128960719967,0.5300180501878264,0.0,0.22807017543859648,0.02090605887503219
837,114,100.0,114,0,103,11,0,0.0,1.4552551632307917,1.4473426399856788,1.7869050379913474,1.1253552760513594,0.6296813424769083,1.535093802235922,9.228070175438596,2.4305875750258568,0.3905719597871755,0.006744683383881289,0.004451328145515036,0.0,0.006744683383881289,0.007113998842747851,0,0,0,11,0,1.0,0.2719298245614035,0.2988005362724267,0.22660962015626518,0.9166745607333093,0.5265101739315345,0.0,0.22807017543859648,0.020952648573455097
838,114,100.0,114,0,104,10,0,0.0,1.4317980701038724,1.4243002183946942,1.632073394281027,1.1256976218482513,0.6504316719838834,1.5027529200541425,9.228070175438596,2.4305875750258568,0.3848439400971042,0.0052425712797419905,0.004602610902509705,0.0,0.0052425712797419905,0.008805764162549013,0,0,0,10,0,1.0,0.2631578947368421,0.28839734361465547,0.23713477880574707,0.9100014242059503,0.5173518954179367,0.0,0.22807017543859648,0.02083952361502194
839,114,100.0,114,0,108,6,0,0.0,1.435109777984063,1.4272433077021396,1.762955591306854,1.126088874121163,0.6538456522106102,1.5031613769984606,9.228070175438596,2.4305875750258568,0.3885412453986834,0.002579618616005201,0.006036763744066218,0.0,0.002579618616005201,-0.002772961117961492,0,0,0,6,0,1.0,0.2631578947368421,0.2983407199300906,0.23116538174097484,0.9132387789750009,0.5180593559179284,0.0,0.2982456140350877,0.020860837018989088
840,114,100.0,114,0,107,7,0,0.0,1.4222255558516703,1.414677945916064,1.6779298998251004,1.1262262869670787,0.6680167759163148,1.5129387718913618,9.228070175438596,2.4305875750258568,0.38202952768445164,0.003065042721960453,0.0052245777199483616,0.0,0.003065042721960453,0.003136359341669472,0,0,1,6,0,1.0,0.2543859649122807,0.2888136012206029,0.23237241891640725,0.91623217967698,0.5051443123017679,0.0,0.2982456140350877,0.020798085878106786
841,114,100.0,114,0,110,4,0,0.0,1.406372906675398,1.3990315472339345,1.4884512193615582,1.1260561203355899,0.6793385505570608,1.5330787466589504,9.228070175438596,2.4305875750258568,0.37851109323721355,0.005480044385853889,0.003337085927371219,0.0,0.005480044385853889,0.008149683203894878,0,0,1,3,0,1.0,0.2543859649122807,0.27704502166802175,0.2475217629990987,0.9194341128875635,0.5008928328474839,0.0,0.2982456140350877,0.02071675460772452
842,114,100.0,114,0,107,7,0,0.0,1.4176449175585268,1.4102845258518224,1.5759075323706184,1.1261089005531884,0.6609291943847556,1.5154829210623313,9.228070175438596,2.4305875750258568,0.38542438962932213,0.0013008611151980696,0.0035178146887980934,0.0,0.0013008611151980696,0.01127144141490312,0,0,0,7,0,1.0,0.2807017543859649,0.2867581845475464,0.2425293744313009,0.9135282791097343,0.5144671703750212,0.0,0.2631578947368421,0.020773756096845675
843,114,100.0,114,0,108,6,0,0.0,1.4226829544893944,1.4150476197403987,1.7388241389294905,1.1262530148359697,0.6646614511120053,1.5620184216257575,9.228070175438596,2.4305875750258568,0.38866969529174145,0.001384412969992194,0.005805271967955329,0.0,0.001384412969992194,0.0035011413453901927,0,0,0,6,0,1.0,0.30701754385964913,0.29748171692728215,0.2283237967155468,0.9210218742794257,0.5154113038246011,0.0,0.2982456140350877,0.020800697693425574
844,114,100.0,114,0,107,7,0,0.0,1.4089556314752885,1.4014265413782707,1.7040513171613616,1.1261287685042964,0.6710189264756066,1.5093969810663994,9.228070175438596,2.4305875750258568,0.3861659891988598,0.0017186417663895177,0.005891447253096543,0.0,0.0017186417663895177,0.0036776233176223677,0,0,0,7,0,1.0,0.2982456140350877,0.29536752353581486,0.22792510585473347,0.9206185139190874,0.5163288658602309,0.0,0.3333333333333333,0.020730551120405005
845,114,100.0,114,0,108,6,0,0.0,1.4115827068859381,1.4039674552980814,1.5482944831201242,1.1260569493989447,0.6638859333203451,1.5176280589329794,9.228070175438596,2.4305875750258568,0.38504394374271445,0.001575794365388925,0.004703348646968052,0.0,0.001575794365388925,0.003389296372081546,0,0,0,6,0,1.0,0.2982456140350877,0.2861377958848518,0.24856578633862328,0.9220289653073688,0.5167313078108514,0.0,0.2982456140350877,0.020742813684332666
846,114,100.0,114,0,106,8,0,0.0,1.408320119303953,1.4004811925209142,1.5638040146041028,1.1259190865839288,0.6649323948913852,1.5465255732628496,9.228070175438596,2.4305875750258568,0.38657484859002356,0.005263955703637817,0.00463716121379275,0.0,0.005263955703637817,0.002531320846870279,0,0,0,8,0,1.0,0.2982456140350877,0.2885633470881956,0.2510737394366518,0.9220289653073688,0.519259982869013,0.0,0.2982456140350877,0.02072482530819656
847,114,100.0,114,0,106,8,0,0.0,1.4119226939759641,1.4042722584750336,1.6214058138658562,1.1258582907877983,0.6636730108841556,1.5525803367625135,9.228070175438596,2.4305875750258568,0.386807767664473,0.0022168546174742886,0.0053969247887165565,0.0,0.0022168546174742886,0.001180286650984061,0,0,0,8,0,1.0,0.2807017543859649,0.29175717771412013,0.2395925455550074,0.8909663110173444,0.5183162951101741,0.0,0.2982456140350877,0.020742099334023174
848,114,100.0,114,0,108,6,0,0.0,1.424785996178146,1.4172851943683966,1.6672979539194739,1.126052005329111,0.6519398928204465,1.5360326119686742,9.228070175438596,2.4305875750258568,0.3925548304777373,0.002373039638579367,0.00588389087807461,0.0,0.002373039638579367,0.0007031663320403725,0,0,0,6,0,1.0,0.2982456140350877,0.29799133129086486,0.24652044494693748,0.8934769820987101,0.5256078091236036,0.0,0.2982456140350877,0.020808770045820164
849,114,100.0,114,0,107,7,0,0.0,1.417016799813943,1.4099036740503075,1.5414912790835922,1.1260974800162924,0.6522027128399029,1.5208864365361403,9.228070175438596,2.4305875750258568,0.39150144657311303,0.0016331407625853787,0.004987081785285883,0.0,0.0016331407625853787,-0.0013054518112303498,0,0,0,7,0,1.0,0.2894736842105263,0.2905142757440174,0.2580984435439908,0.9033049871564802,0.5221426587106566,0.0,0.3333333333333333,0.020770476715047358
850,114,100.0,114,0,107,7,0,0.0,1.409077448170598,1.4023385054652593,1.4623284967397379,1.1259947469632503,0.6600381496091449,1.511980307708049,9.228070175438596,2.4305875750258568,0.38778277107406534,0.002338433208197342,0.004670943931210726,0.0,0.002338433208197342,0.003163249386644973,0,0,0,7,0,1.0,0.2894736842105263,0.2837504364468941,0.2594275349726211,0.8700326862985817,0.5192154885729982,0.0,0.3684210526315789,0.02072953144841929
851,114,100.0,114,0,107,7,0,0.0,1.4109490333501151,1.404144744761799,1.6295407592228912,1.1259296327093649,0.6572315100735707,1.5082912641562403,9.228070175438596,2.4305875750258568,0.3902328430926896,0.0021940949748421377,0.005475624494588833,0.0,0.0021940949748421377,0.0025410886489309814,0,0,1,6,0,1.0,0.30701754385964913,0.29493273278111926,0.23055999848623682,0.883352534890258,0.5240481219603166,0.0,0.3684210526315789,0.02073809804483462
852,114,100.0,114,0,108,6,0,0.0,1.4011990008514672,1.3944793559762045,1.5291978973568199,1.1256781605233233,0.6525546045895353,1.4776927737737822,9.228070175438596,2.4305875750258568,0.38881222403776694,0.03749696713169596,0.004094993984436049,0.0,0.03749696713169596,0.00018742079163970118,0,0,0,6,0,0.8333333333333334,0.2982456140350877,0.28961777252021464,0.24392350688846381,0.8837190293317703,0.522060242141425,0.0,0.3333333333333333,0.020686291756487094
853,114,100.0,114,0,107,7,0,0.0,1.3914563227155008,1.384905011791917,1.4327096424549062,1.1252466303328834,0.6701446433608281,1.5248571451675759,9.228070175438596,2.4305875750258568,0.38479134998726683,0.03185698560720807,0.004287590142938787,0.0,0.03185698560720807,0.0024071279672196228,0,0,0,7,0,0.8571428571428571,0.3157894736842105,0.2812435930754289,0.25825068180861205,0.8837190293317703,0.5119589859130155,0.0,0.3333333333333333,0.020632334006211603
854,113,99.12280701754386,114,1,107,6,0,0.008771929824561403,1.3888757945235608,1.3810099670173843,1.4074014092159328,1.1247721445338124,0.6679616722446998,1.5333333010264107,9.228070175438596,2.4305875750258568,0.383736551022537,0.03428974177354958,0.0038743719308731023,0.0,0.03428974177354958,0.0037259419309400655,0,1,0,6,0,0.8571428571428571,0.30701754385964913,0.27937114776018324,0.2556661827821484,0.9112674114792967,0.5070805320519943,0.008771929824561403,0.2982456140350877,0.020613664968813162
855,113,99.12280701754386,114,0,108,6,0,0.0,1.3990865072483802,1.3909061150525044,1.4416723508080893,1.1244793255116143,0.6666520735265568,1.5540415902849767,9.228070175438596,2.4305875750258568,0.3862090119745025,0.0014465014330912473,0.0031735984644179678,0.0,0.0014465014330912473,0.003118400240287663,0,0,0,6,0,1.0,0.2894736842105263,0.2823420950101261,0.2564670535949655,0.9007992011532451,0.5060419625021131,0.0,0.3333333333333333,0.02066115992105183
856,113,99.12280701754386,114,0,108,6,0,0.0,1.3947855877626891,1.386746307503495,1.374848051032501,1.1241127374998423,0.6664551842163107,1.5265318414079283,9.228070175438596,2.4305875750258568,0.3849622282921463,0.0014232188571651466,0.002962347664269903,0.0,0.0014232188571651466,0.00043867409855821715,0,0,0,6,0,1.0,0.2894736842105263,0.277563670594077,0.27092787159957227,0.8859367490737093,0.5033867362987638,0.0,0.2982456140350877,0.02063520020229054
857,113,99.12280701754386,114,0,109,5,0,0.0,1.385539829301964,1.3774272720885896,1.3775304714402261,1.1235738538772106,0.67051451034108,1.5543841339590339,9.228070175438596,2.4305875750258568,0.38444760611750994,0.0032143589009009975,0.0035280872130084213,0.0,0.0032143589009009975,-0.003212256164157834,0,0,0,5,0,1.0,0.2894736842105263,0.27834375522364424,0.2707010050507048,0.9024575807356137,0.49624254529674894,0.0,0.3333333333333333,0.02058242239079915
858,113,99.12280701754386,114,0,109,5,0,0.0,1.3819294200918797,1.3736483058599855,1.3561652579446017,1.1229745874260606,0.660012087226278,1.5491734325369104,9.228070175438596,2.4305875750258568,0.3842295290173665,0.0018837051390159,0.0036816953979389305,0.0,0.0018837051390159,-0.0070840940403803735,0,0,0,5,0,1.0,0.2719298245614035,0.277347275833903,0.2760886818397979,0.9032647658578639,0.5006042272225927,0.0,0.3333333333333333,0.02055708749679725
859,114,100.0,114,0,107,7,0,0.0,1.3908970489265857,1.3826267766025087,1.4455513020034971,1.12256447034625,0.646466635899557,1.5405308445716472,9.228070175438596,2.4305875750258568,0.38585062702973216,0.000902356866761138,0.0036827041822345935,0.0,0.000902356866761138,-0.003271157640044645,0,0,0,7,0,1.0,0.2807017543859649,0.28318809029671665,0.26137520695101174,0.894423948943241,0.504399445649061,0.0,0.3333333333333333,0.020596941513578312
860,114,100.0,114,0,106,8,0,0.0,1.393792483294334,1.3856053773477905,1.4925639826034334,1.1222222395209236,0.6400598608274963,1.55334088664528,9.228070175438596,2.4305875750258568,0.3859145947952012,0.004133161388468545,0.0035923621810455874,0.0,0.004133161388468545,-0.0004214899692127419,0,0,0,8,0,1.0,0.2807017543859649,0.28565372044634824,0.25435494042156126,0.8951296330098816,0.5022393877495677,0.0,0.3333333333333333,0.02060725957545791
861,114,100.0,114,0,105,9,0,0.0,1.4209518843577278,1.4121818685605207,1.8726829487831993,1.122405098830151,0.6225858755729723,1.5404629423301623,9.228070175438596,2.4305875750258568,0.3930643697852705,0.007944719320225002,0.003158372041690247,0.0,0.007944719320225002,0.004164559246456883,0,0,0,9,0,1.0,0.2894736842105263,0.3090561950868359,0.21617602783779782,0.8925302138026947,0.5113316621568379,0.0,0.3333333333333333,0.020745278858599808
862,114,100.0,114,0,106,8,0,0.0,1.4440514574848988,1.4348245020549206,2.1685228917879393,1.1230237928128277,0.5974718666306034,1.5138740159046429,9.228070175438596,2.4305875750258568,0.39958982870184356,0.008062482152829502,0.004503175507283156,0.0,0.008062482152829502,-0.0033656021356787066,0,0,0,8,0,1.0,0.2807017543859649,0.32698326400418176,0.20476242281822982,0.8929306416480709,0.5209657766677651,0.0,0.2631578947368421,0.02086829567377085
863,114,100.0,114,0,108,6,0,0.0,1.4368764209554372,1.4281529237479496,1.9357769451788718,1.123497722053724,0.6141687809857875,1.493315179225997,9.228070175438596,2.4305875750258568,0.39564961660365516,0.003997379467952824,0.004844790605314825,0.0,0.003997379467952824,-0.008463438522788996,0,0,0,6,0,1.0,0.2894736842105263,0.3122270361085652,0.21859291140790577,0.9221475710820768,0.5146457401898467,0.0,0.2982456140350877,0.02083818012374536
864,114,100.0,114,0,105,9,0,0.0,1.4277964182901535,1.4194958125434187,1.8629443784599853,1.1237917970939417,0.6038262895061361,1.5130195786502558,9.228070175438596,2.4305875750258568,0.3921453653795606,0.005206855287914282,0.0023311960471076123,0.0,0.005206855287914282,0.008899173353534675,0,0,0,9,0,1.0,0.2807017543859649,0.3062126174276844,0.20789488104671558,0.926329815865144,0.520477698471736,0.0,0.3333333333333333,0.020796353986113333
865,114,100.0,114,0,107,7,0,0.0,1.4240234170721444,1.4157969592699995,1.771211952107023,1.1240068012883049,0.6147613486306972,1.4740485639659444,9.228070175438596,2.4305875750258568,0.38888782232536645,0.004023529965533522,0.0035044661476548544,0.0,0.004023529965533522,-0.0056098842406689066,0,0,0,7,0,1.0,0.30701754385964913,0.29786034603692313,0.2102889536195677,0.8935394052455489,0.5202435279049518,0.0,0.3333333333333333,0.020780101912640278
866,113,99.12280701754386,114,1,106,7,0,0.008771929824561403,1.43126758182819,1.4202758190920943,1.8133917002869213,1.1243562985616289,0.6200759075187301,1.487539649946111,9.228070175438596,2.4305875750258568,0.3893904575329419,0.02811698864527404,0.00463781310260801,0.0,0.02811698864527404,0.00016528582094704064,0,1,0,7,0,0.875,0.2982456140350877,0.2995545103798468,0.19972228734818448,0.8906626843813161,0.5270940001481744,0.008771929824561403,0.3508771929824561,0.020820570155070738
867,113,99.12280701754386,114,0,107,7,0,0.0,1.4328771857297729,1.4215876943582102,1.9332002650610516,1.124670181163503,0.6189068158684524,1.5065565768483349,9.228070175438596,2.4305875750258568,0.3893744556439185,0.002792812360321306,0.0020190996227914984,0.0,0.002792812360321306,0.0038995587292666722,0,0,0,7,0,1.0,0.30701754385964913,0.3052467760612031,0.18776091275529602,0.886841432082255,0.5293215099950692,0.0,0.3157894736842105,0.02083243277033931
868,113,99.12280701754386,114,0,103,11,0,0.0,1.4457034963824484,1.4343200371305929,1.929354150972566,1.125224011167004,0.6032513765419593,1.4863609813722263,9.228070175438596,2.4305875750258568,0.3911534464415136,0.00830675724770869,0.002718753057706143,0.0,0.00830675724770869,0.005964853319510024,0,0,0,11,0,0.9090909090909091,0.2894736842105263,0.3052395304993583,0.1935072805180067,0.8915737390572493,0.5329010472676867,0.0,0.3157894736842105,0.02090329498522862
869,113,99.12280701754386,114,0,103,11,0,0.0,1.4498163703936624,1.4386505821039548,1.850272789148399,1.125848585997696,0.6055650771837581,1.4912777497876684,9.228070175438596,2.4305875750258568,0.3904934743146833,0.005437374547180637,0.0028064022036094153,0.0,0.005437374547180637,0.01473595091050432,0,0,0,11,0,1.0,0.2631578947368421,0.2992346100527142,0.1935424422899779,0.8762553598457102,0.5342333650781362,0.0,0.3508771929824561,0.02093144977440046
870,113,99.12280701754386,114,0,106,8,0,0.0,1.4572883008846862,1.4456499440678297,1.9548756860792837,1.1265940804879364,0.5859268899829799,1.4505464994222936,9.228070175438596,2.4305875750258568,0.39528568699094957,0.013727542878845722,0.0026280052535558626,0.0,0.013727542878845722,0.010864865639392388,0,0,0,8,0,0.75,0.32456140350877194,0.30726050618560447,0.18663459405913274,0.89511673635131,0.5435199974818474,0.0,0.3508771929824561,0.020977869375081722
871,114,100.0,114,0,105,9,0,0.0,1.4541755126456497,1.442471086061667,1.8680404683273295,1.127259643139544,0.5902093407959509,1.4643525031660525,9.228070175438596,2.4305875750258568,0.39547288054142515,0.01089741335010472,0.0016554045107834015,0.0,0.01089741335010472,0.014334929286966046,0,0,0,9,0,0.8888888888888888,0.3157894736842105,0.30349213732708896,0.19429463201241498,0.8859560607817053,0.5432574676902835,0.0,0.3157894736842105,0.020970393975443535
872,114,100.0,114,0,108,6,0,0.0,1.4348928994206367,1.423510355199454,1.6355387681302282,1.1275403429732613,0.6011899059318458,1.448526346695286,9.228070175438596,2.4305875750258568,0.39262796898750096,0.019352047428623505,0.002871635011374453,0.0,0.019352047428623505,0.015161892346934871,0,0,0,6,0,0.8333333333333334,0.32456140350877194,0.2907747730935703,0.21046722277484747,0.8927134206999554,0.5435247525635404,0.0,0.3157894736842105,0.020877392236959193
873,114,100.0,114,0,105,9,0,0.0,1.4373736454680668,1.425690342995935,1.6552550532746728,1.1278566093617113,0.601546119365008,1.4447668960011564,9.228070175438596,2.4305875750258568,0.3923137721469421,0.01125895597786816,0.002838540454056024,0.0,0.01125895597786816,0.006192606949751243,0,0,0,9,0,0.8888888888888888,0.3333333333333333,0.29091263996962513,0.20869334141597762,0.8960667281614578,0.5416864900242411,0.0,0.3157894736842105,0.02089363953296717
874,114,100.0,114,0,108,6,0,0.0,1.4142383203481557,1.4030134579496254,1.5106134016129484,1.127724243378349,0.6076201975774334,1.4615036504055225,9.228070175438596,2.4305875750258568,0.3889005603209035,0.0214439428266245,0.002994175391799827,0.0,0.0214439428266245,0.0077491178679659585,0,0,0,6,0,0.8333333333333334,0.3333333333333333,0.2824899392049516,0.2092008023119877,0.9018720523561984,0.5410792257523619,0.0,0.3157894736842105,0.02077635427179503
875,114,100.0,114,0,107,7,0,0.0,1.4111113116306864,1.399797839946837,1.5546757048146116,1.1275325679368233,0.6075491763855487,1.4280080281140606,9.228070175438596,2.4305875750258568,0.39281642355942936,0.01288358991449085,0.0024044592615244517,0.0,0.01288358991449085,0.005902602345848654,0,0,0,7,0,1.0,0.32456140350877194,0.28903754583558183,0.19714433291531014,0.9018720523561984,0.5472156459219599,0.0,0.3157894736842105,0.020758389808474633
876,113,99.12280701754386,114,1,106,7,0,0.008771929824561403,1.4079362753794251,1.398251289063282,1.5278458205245404,1.1272863710178542,0.6055554718308351,1.4603174809759574,9.228070175438596,2.4305875750258568,0.3917785643949374,0.01859644603290826,0.002262201816417866,0.0,0.01859644603290826,0.012080004727535919,0,1,0,7,0,0.875,0.3157894736842105,0.28710371414904917,0.1941027091989751,0.8889877366513074,0.5499836296782952,0.008771929824561403,0.2982456140350877,0.020739522611357048
877,112,98.24561403508773,114,1,107,6,0,0.008771929824561403,1.401234802787066,1.394421828163479,1.4670381918875706,1.1269482635377843,0.6105999438411737,1.4675765143738522,9.228070175438596,2.4305875750258568,0.38856319922884985,0.014289566679069844,0.00356404381822234,0.0,0.014289566679069844,0.010167987036316337,0,1,0,6,0,0.8571428571428571,0.32456140350877194,0.28126021084784897,0.1947310977958918,0.8874056539469497,0.5521229767817476,0.008771929824561403,0.3333333333333333,0.020701906249194848
878,112,98.24561403508773,114,0,108,6,0,0.0,1.3989636048133924,1.391799857943938,1.4761339633958868,1.1266199306003954,0.6073346177116505,1.4636890525379849,9.228070175438596,2.4305875750258568,0.390175479810839,0.011249898352317836,0.00420102863410545,0.0,0.011249898352317836,0.0043162241941835195,0,0,0,6,0,0.8333333333333334,0.3333333333333333,0.28345084921319247,0.1929114199587419,0.8888305238392127,0.5524724583927783,0.0,0.3333333333333333,0.020686560049536035
879,112,98.24561403508773,114,0,108,6,0,0.0,1.3966788287103777,1.3896248837522813,1.4284279081603328,1.1262572863606177,0.6154042313961179,1.4293675875016922,9.228070175438596,2.4305875750258568,0.38855948583727584,0.0026572263942909445,0.003889632054424115,0.0,0.0026572263942909445,0.01019727973971385,0,0,0,6,0,1.0,0.3333333333333333,0.2790483498726562,0.19938973274242563,0.8951963202089503,0.5479629162037453,0.0,0.3333333333333333,0.02067072897610417
880,112,98.24561403508773,114,0,108,6,0,0.0,1.3990785727734907,1.3919388759673175,1.3552793414028481,1.1259484513924862,0.617168730934457,1.4253823297401842,9.228070175438596,2.4305875750258568,0.38497136103004337,0.002626677078820484,0.0037173280408654553,0.0,0.002626677078820484,0.008247588208883022,0,0,0,6,0,1.0,0.32456140350877194,0.27163089966907056,0.21617052094725964,0.9039131846621261,0.5378230278474669,0.0,0.2982456140350877,0.020678974444238364
881,113,99.12280701754386,114,0,108,6,0,0.0,1.3914967432578695,1.3848268897312452,1.2604835647396029,1.125508832485684,0.6223573764017212,1.470178982042061,9.228070175438596,2.4305875750258568,0.3816815674390146,0.016123726361641336,0.004750889953167387,0.0,0.016123726361641336,0.0115253673455597,0,0,0,6,0,0.8333333333333334,0.34210526315789475,0.26381687748865934,0.2243221175739278,0.896905255965201,0.5360884794289061,0.0,0.3333333333333333,0.020635722635397154
882,114,100.0,114,0,105,9,0,0.0,1.3970587095296991,1.3902314583075392,1.3185964647439357,1.1251849891192476,0.6013034265035374,1.4399923673094503,9.228070175438596,2.4305875750258568,0.38573783780778736,0.004598263030536743,0.003708769848539315,0.0,0.004598263030536743,0.012018400577745761,0,0,0,9,0,1.0,0.3333333333333333,0.27036042718467385,0.21901037514059032,0.895973092426831,0.5414317708040943,0.0,0.2982456140350877,0.020659596818442733
883,114,100.0,114,0,107,7,0,0.0,1.4177361600011709,1.4106737432783505,1.4800547757281666,1.1252665111602795,0.5932110112018477,1.3922549623091012,9.228070175438596,2.4305875750258568,0.3895309932808233,0.002510431751881656,0.0038488689357571684,0.0,0.002510431751881656,0.01077446983041132,0,0,0,7,0,1.0,0.3333333333333333,0.28083539656060036,0.20149228914573744,0.8951963202089503,0.5491026324769507,0.0,0.3333333333333333,0.020763974803100205
884,114,100.0,114,0,106,8,0,0.0,1.4134613972599503,1.4062388304913154,1.4870797074163322,1.1252598161853797,0.6059682183637988,1.414853993527202,9.228070175438596,2.4305875750258568,0.3868705553724405,0.0027149608671489254,0.00393875069720287,0.0,0.0027149608671489254,0.014603294293966597,0,0,0,8,0,1.0,0.3157894736842105,0.2790604801885643,0.19132986015422193,0.8875398754065313,0.5465406990130708,0.0,0.2982456140350877,0.020742519625780068
885,114,100.0,114,0,104,10,0,0.0,1.420752880883447,1.4133412852821274,1.5358575511936556,1.1253913890446416,0.5995818293953361,1.397874841608064,9.228070175438596,2.4305875750258568,0.3894045359918179,0.0026228667499254123,0.0036388446675872264,0.0,0.0026228667499254123,0.011246404302721969,0,0,0,10,0,1.0,0.3333333333333333,0.28290265887959437,0.18636547014504534,0.8890501701120092,0.5519648403211665,0.0,0.368421052631579,0.020780576040682217
886,114,100.0,114,0,105,9,0,0.0,1.4132183456624134,1.406042166161611,1.4780529736037127,1.1253778347243903,0.6116545929598474,1.4186031874078076,9.228070175438596,2.4305875750258568,0.38286453034883894,0.00474431873233341,0.0034514022241320212,0.0,0.00474431873233341,0.014104521407216285,0,0,0,9,0,1.0,0.32456140350877194,0.27426608158208965,0.18695524442090672,0.8973550903474895,0.5456314941701295,0.0,0.3333333333333333,0.020742738639765092
887,114,100.0,114,0,103,11,0,0.0,1.4256969309194476,1.418466463931281,1.496238230552929,1.125606196604062,0.6000764212867287,1.412466546239409,9.228070175438596,2.4305875750258568,0.3838649224861055,0.0024966732709464498,0.003552177718450962,0.0,0.0024966732709464498,0.015082152312342001,0,0,0,11,0,1.0,0.32456140350877194,0.2747710041094308,0.1847192350416253,0.8973550903474895,0.5513879319965992,0.0,0.3333333333333333,0.020807906833786964
888,114,100.0,114,0,102,12,0,0.0,1.426347426970899,1.4192222426174932,1.6657173305728918,1.1258437038385338,0.5988235892558282,1.4008027384023953,9.228070175438596,2.4305875750258568,0.385190714631481,0.005623008856204019,0.004224827926631745,0.0,0.005623008856204019,0.01392205782394039,0,0,0,12,0,1.0,0.32456140350877194,0.2849855686672694,0.16546233475967737,0.9040580423843914,0.5589974263410721,0.0,0.2982456140350877,0.02081404572470965
889,114,100.0,114,0,103,11,0,0.0,1.4289477320820592,1.4218181598742246,1.632588989162517,1.126125915085515,0.6048897768578112,1.4009022960864728,9.228070175438596,2.4305875750258568,0.38355838606508064,0.005518476169933618,0.004570477690679416,0.0,0.005518476169933618,0.005786074764280325,0,0,0,11,0,1.0,0.32456140350877194,0.28132027354044364,0.1708947205186602,0.9001752111293695,0.5569039816316061,0.0,0.2631578947368421,0.020830476946017674
890,114,100.0,114,0,103,11,0,0.0,1.4281379623270363,1.420908770166776,1.6599201497419607,1.1263835841304013,0.6057622882570723,1.4089044338815737,9.228070175438596,2.4305875750258568,0.3818645084870804,0.0065312430639516,0.0032397899543904914,0.0,0.0065312430639516,0.009695269902774034,0,0,0,11,0,1.0,0.32456140350877194,0.28138990522985746,0.16971812436566347,0.8985246767233848,0.5565869557573275,0.0,0.2982456140350877,0.020829559533137407
891,114,100.0,114,0,103,11,0,0.0,1.4278031850734463,1.420401493471562,1.7349879846747545,1.1266251264600382,0.6008597307027578,1.422176127133265,9.228070175438596,2.4305875750258568,0.3839065624432567,0.006836201242674097,0.003688630969415546,0.0,0.006836201242674097,0.008503609841334208,0,0,0,11,0,1.0,0.3157894736842105,0.2873988356188497,0.1701732176634473,0.8875418175210477,0.5576287897981795,0.0,0.2631578947368421,0.02083082109579575
892,114,100.0,114,0,103,11,0,0.0,1.4408200320278228,1.4330980314875026,1.9072422246075704,1.1271076782722014,0.5998816463327422,1.4013793855481382,9.228070175438596,2.4305875750258568,0.3874813516781499,0.006773136855967214,0.004182468344147557,0.0,0.006773136855967214,0.004647966233566569,0,0,0,11,0,1.0,0.30701754385964913,0.2976607919114374,0.16394391408719172,0.8912095182350642,0.5584897266240979,0.0,0.3333333333333333,0.02090176975276238
893,114,100.0,114,0,102,12,0,0.0,1.4544793217047478,1.446725646101118,1.90631015453905,1.1278434861260316,0.5802646744912312,1.3854707832836475,9.228070175438596,2.4305875750258568,0.39136103867182204,0.00588719278463428,0.003133741876449364,0.0,0.00588719278463428,0.008574876093378772,0,0,1,11,0,1.0,0.3157894736842105,0.29899879340194846,0.1664421286061783,0.8891517940377798,0.5668434585588463,0.0,0.3684210526315789,0.02097900842828264
894,114,100.0,114,0,104,10,0,0.0,1.456809916385782,1.4486710038077615,2.0129577966007055,1.1285992364237571,0.5790056296190048,1.393611480325243,9.228070175438596,2.4305875750258568,0.395073597985357,0.00506085752721361,0.0037354065254877568,0.0,0.00506085752721361,0.0067863809964143875,0,0,0,10,0,1.0,0.32456140350877194,0.30682847854641404,0.16275508043640213,0.8713149373395619,0.5700864006568649,0.0,0.3684210526315789,0.020999845988105177
895,114,100.0,114,0,103,11,0,0.0,1.4560148303997893,1.4481727959959916,1.81089083793019,1.1293269300469109,0.5749737430416393,1.3425158199395593,9.228070175438596,2.4305875750258568,0.39324585710164395,0.005487174122114479,0.00365689040247946,0.0,0.005487174122114479,0.007329013826100673,0,0,0,11,0,1.0,0.32456140350877194,0.29581991121249596,0.17467391906611038,0.8943063919389546,0.5699593501320026,0.0,0.3157894736842105,0.021004714173569528
896,114,100.0,114,0,100,14,0,0.0,1.4573753976874095,1.4494236879821174,1.6921294608339446,1.13006125965943,0.5724261167355251,1.3055007842421504,9.228070175438596,2.4305875750258568,0.3910042270771501,0.01007579786943435,0.003783199523001564,0.0,0.01007579786943435,0.009506368289009581,0,0,0,14,0,1.0,0.30701754385964913,0.28764795794440856,0.18571663809895542,0.9014972393516199,0.5683304869746032,0.0,0.2982456140350877,0.02102044127216844
897,113,99.12280701754386,114,1,101,12,0,0.008771929824561403,1.4455692469650534,1.4343665618052421,1.5009302070125363,1.130553135385772,0.5822344244599501,1.3199625914814608,9.228070175438596,2.4305875750258568,0.3847848924796804,0.01161607783640012,0.003627293054310957,0.0,0.01161607783640012,0.005745261950252532,0,1,0,12,0,0.9230769230769231,0.32456140350877194,0.27392823583378706,0.1918253691590149,0.8860015457979529,0.5641562758647529,0.008771929824561403,0.2982456140350877,0.02096738825370118
898,113,99.12280701754386,114,0,103,11,0,0.0,1.4340538765383326,1.4228443311920282,1.4202417350622623,1.130740833368751,0.5981005398969127,1.3459558150677404,9.228070175438596,2.4305875750258568,0.38360966623560655,0.011093879030765957,0.003937805153701655,0.0,0.011093879030765957,0.010351715116008593,0,0,0,11,0,0.9090909090909091,0.3157894736842105,0.2700755767280907,0.2054520034470746,0.8828153742805661,0.557970518561409,0.0,0.3157894736842105,0.02091209248349401
899,113,99.12280701754386,114,0,102,12,0,0.0,1.457799516460142,1.446013563592801,1.5075798034756196,1.1313744879750465,0.5906472464976261,1.321588150237692,9.228070175438596,2.4305875750258568,0.38818578529909287,0.00976694035602404,0.003303838729750474,0.0,0.00976694035602404,0.014023406097688268,0,0,0,12,0,1.0,0.32456140350877194,0.2768830196735038,0.21091972811826068,0.8945821070171572,0.562581885934376,0.0,0.2982456140350877,0.021038521448167653
900,113,99.12280701754386,114,0,100,14,0,0.0,1.4555893198459535,1.4433862346574353,1.6146892129493886,1.1319416534266862,0.5983488749361697,1.3536212114131272,9.228070175438596,2.4305875750258568,0.3866059812316818,0.012222439555198642,0.004155625155667049,0.0,0.012222439555198642,0.007567032176824104,0,0,0,14,0,1.0,0.3157894736842105,0.2819858521467511,0.19878343318458322,0.8945821070171572,0.5566960742493446,0.0,0.2982456140350877,0.021034363191595407
901,113,99.12280701754386,114,0,101,13,0,0.0,1.4534570554629889,1.4413081258490223,1.6201764212295802,1.1324546252217345,0.6091795951268031,1.3795043540830394,9.228070175438596,2.4305875750258568,0.3839299993327814,0.009143053352617064,0.0036526270129399385,0.0,0.009143053352617064,0.004938275533176185,0,0,0,13,0,0.9230769230769231,0.32456140350877194,0.2801273595341205,0.19203680811648002,0.8872970592813991,0.5487585236872966,0.0,0.3157894736842105,0.0210299359840375
902,114,100.0,114,0,99,15,0,0.0,1.4576401624416893,1.4453406676677667,1.5738758913388844,1.133033540356392,0.608118586584307,1.368990063034416,9.228070175438596,2.4305875750258568,0.3847044724144044,0.008700412717386438,0.0032993281907864828,0.0,0.008700412717386438,0.009025710644476605,0,0,0,15,0,0.9333333333333333,0.34210526315789475,0.27880821749071905,0.20507983531758658,0.8722346968435576,0.548387557975554,0.0,0.3508771929824561,0.021057887038597466
903,114,100.0,114,0,102,12,0,0.0,1.4493771686903376,1.4369382297766626,1.6346379811560872,1.1334350015626127,0.6118140278284016,1.3748233241488141,9.228070175438596,2.4305875750258568,0.38521643945977946,0.007663781778937328,0.003584264670327141,0.0,0.007663781778937328,0.005695114493900225,0,0,0,12,0,0.9166666666666666,0.3333333333333333,0.2834201157309963,0.1997061435227882,0.8735871173323411,0.5450501359505247,0.0,0.3508771929824561,0.021021451002939184
904,113,99.12280701754386,114,1,99,14,0,0.008771929824561403,1.4681407392054335,1.4597235656452758,1.7607114767155303,1.134191151110765,0.6025546988086773,1.3575103190495958,9.228070175438596,2.4305875750258568,0.38858122834671205,0.005666345369788929,0.0034316441430571865,0.0,0.005666345369788929,0.0030906923232798793,0,1,0,14,0,1.0,0.3333333333333333,0.29007177668935324,0.19461158255454686,0.8738955255317886,0.549640379947214,0.008771929824561403,0.3508771929824561,0.021124458293997665
905,112,98.24561403508773,114,1,93,20,0,0.008771929824561403,1.460595840795503,1.4500249782882384,1.6814242791686296,1.1348659224687354,0.6054385815139128,1.3724140745791902,9.228070175438596,2.4305875750258568,0.38791360742326386,0.023749923668733235,0.004937057743185978,0.0,0.023749923668733235,-0.007817585814819969,0,1,0,20,0,0.9047619047619048,0.3157894736842105,0.2875231214744156,0.19208340503050444,0.8668309162154217,0.5529717859597703,0.008771929824561403,0.3508771929824561,0.021094934256341343
906,112,98.24561403508773,114,0,98,16,0,0.0,1.476670199725594,1.4655289179160294,1.9108537487808055,1.1357787833938302,0.5967076570910153,1.3950060413456375,9.228070175438596,2.4305875750258568,0.39669289914544104,0.008934954391708425,0.003955658653879025,0.0,0.008934954391708425,0.005714002332864253,0,0,0,16,0,1.0,0.3157894736842105,0.30502453153192294,0.18583011088095805,0.8716091752154448,0.5613687576916763,0.0,0.3508771929824561,0.02118639999310311
907,112,98.24561403508773,114,0,100,14,0,0.0,1.4730319706757626,1.4623859879550023,1.749531043469749,1.1366083431026028,0.6011935006928077,1.3942350314208571,9.228070175438596,2.4305875750258568,0.3920132867548791,0.007562361077686693,0.00335346273935697,0.0,0.007562361077686693,0.003561879519362091,0,0,0,14,0,1.0,0.32456140350877194,0.2939576809966582,0.21088366631653177,0.885394415298805,0.5542629534005794,0.0,0.3157894736842105,0.021178290435458377
908,112,98.24561403508773,114,0,100,14,0,0.0,1.465189465370809,1.4542710912094425,1.7335001611489786,1.1372599478985472,0.6035036948283974,1.3700822174418035,9.228070175438596,2.4305875750258568,0.3941225863593798,0.007045463260702075,0.004718835766011765,0.0,0.007045463260702075,0.003088567465614724,0,0,1,13,0,1.0,0.3333333333333333,0.29595832952906215,0.21318819959977375,0.8759217485880452,0.555617706251945,0.0,0.3508771929824561,0.021146996821537856
909,113,99.12280701754386,114,0,100,14,0,0.0,1.48071916835069,1.469623882847412,1.8335391649165198,1.1381942453060607,0.6047511194766226,1.3660743028125895,9.228070175438596,2.4305875750258568,0.39205583292616764,0.009408597083899715,0.004087751540928742,0.0,0.009408597083899715,0.005065422844014312,0,0,0,14,0,0.9285714285714286,0.32456140350877194,0.2960949249181797,0.19008283639389445,0.8904255226053314,0.5565359672743132,0.0,0.3157894736842105,0.021235999794787668
910,114,100.0,114,0,99,15,0,0.0,1.502867105978966,1.491588190402738,2.099569058926093,1.1395329231811782,0.5947859233810916,1.343024922953563,9.228070175438596,2.4305875750258568,0.3966100009491429,0.006236544806432118,0.004057955353632717,0.0,0.006236544806432118,0.003577037940420676,0,0,0,15,0,0.9333333333333333,0.2982456140350877,0.3102530819183031,0.17045946626566627,0.8988820514400807,0.5646795982074917,0.0,0.2807017543859649,0.02136300835198016
911,114,100.0,114,0,100,14,0,0.0,1.517963913638173,1.5061898549044874,2.2796154959600736,1.1411229883126943,0.5917824646526292,1.3095931515921824,9.228070175438596,2.4305875750258568,0.400529394681975,0.008198758395432956,0.004299506835582325,0.0,0.008198758395432956,0.003797098423131342,0,0,0,14,0,1.0,0.2982456140350877,0.31964417507682436,0.16117716463276435,0.9074307058501098,0.5699272193730923,0.0,0.2807017543859649,0.02145781635303692
912,114,100.0,114,0,101,13,0,0.0,1.5164765125907111,1.5052687923119445,2.1722927350461907,1.1426564957323426,0.5898398666996599,1.2630570442881441,9.228070175438596,2.4305875750258568,0.3987475463547434,0.006917629117150414,0.004474870752778728,0.0,0.006917629117150414,0.005012257571950314,0,0,0,13,0,0.9230769230769231,0.2982456140350877,0.3141053377398954,0.15956647694765738,0.9003271802093893,0.5723561659295116,0.0,0.3157894736842105,0.021469015968201645
913,114,100.0,114,0,98,16,0,0.0,1.528008322985767,1.5172338872290363,2.2186224814541116,1.1443853875995031,0.5650267192699845,1.2270820936076021,9.228070175438596,2.4305875750258568,0.40278709045506433,0.008942140470471795,0.0036715662014431523,0.0,0.008942140470471795,0.009267209647860836,0,0,0,16,0,0.9375,0.30701754385964913,0.31829080273809945,0.1568302121507323,0.9058156410046743,0.5825089202464125,0.0,0.2807017543859649,0.021547686135631343
914,114,100.0,114,0,97,17,0,0.0,1.5356562086323267,1.5246513179697871,2.3422435817410685,1.1462164869557316,0.5531768929130065,1.1606415732521749,9.228070175438596,2.4305875750258568,0.40512970506197243,0.012600449154463027,0.003914358370048232,0.0,0.012600449154463027,0.009034225998978077,0,0,0,17,0,0.8823529411764706,0.2982456140350877,0.32477977459397744,0.1443999324436675,0.9014063160713938,0.5876967771952136,0.0,0.2807017543859649,0.021608178800583574
915,114,100.0,114,0,97,17,0,0.0,1.5333364687971036,1.5225025449242842,2.32635460493264,1.1479612975899935,0.5478500771195668,1.1424513943739987,9.228070175438596,2.4305875750258568,0.40569997385054,0.008529316964308382,0.0035496093778582794,0.0,0.008529316964308382,0.009012201061594782,0,0,0,17,0,0.9411764705882353,0.2982456140350877,0.3249749888626523,0.1395681107900835,0.914727367867975,0.5952362804690311,0.0,0.2807017543859649,0.021617784676649508
916,114,100.0,114,0,98,16,0,0.0,1.5219270672018572,1.5117722236561866,2.2111552344920633,1.1494550511893689,0.5544373641956711,1.1513860142434438,9.228070175438596,2.4305875750258568,0.40571873495213273,0.010284545903207053,0.003439650134941583,0.0,0.010284545903207053,0.00666648203916546,0,0,0,16,0,0.9375,0.30701754385964913,0.3226324399638369,0.14204408553681866,0.9063123034418404,0.5988060601119567,0.0,0.2807017543859649,0.02157889116336724
917,114,100.0,114,0,96,18,0,0.0,1.5156329976781726,1.5055548149599123,2.2155326769514807,1.1507916021487483,0.5620475698854193,1.2369079903218902,9.228070175438596,2.4305875750258568,0.40340463173652386,0.010846177735134084,0.0041500795381922495,0.0,0.010846177735134084,0.005253386731274552,0,0,0,18,0,0.9444444444444444,0.30701754385964913,0.32090234597396883,0.1303864657823111,0.8933595732683842,0.596091004493213,0.0,0.3157894736842105,0.021563663836525096
918,113,99.12280701754386,114,1,98,15,0,0.008771929824561403,1.5334018231513036,1.5199986197942612,2.431044423582979,1.152433321488222,0.562570300376342,1.1906301007376483,9.228070175438596,2.4305875750258568,0.409314176285831,0.01742313016522866,0.0038704659608775863,0.0,0.01742313016522866,0.007865136860070305,0,1,0,15,0,0.9375,0.30701754385964913,0.3341321932708345,0.12400681592404343,0.8913725305449721,0.5976906158482909,0.008771929824561403,0.3157894736842105,0.021672459677031776
919,113,99.12280701754386,114,0,96,18,0,0.0,1.5315103740469675,1.518007519527475,2.306270307600811,1.1539396220917457,0.5658616186073463,1.2400014544561262,9.228070175438596,2.4305875750258568,0.40530186986474437,0.013128273318619658,0.004125986815713282,0.0,0.013128273318619658,0.0060711961486066834,0,0,0,18,0,0.8888888888888888,0.30701754385964913,0.32559141755140525,0.13075821109410488,0.8841161483091659,0.5899009403847287,0.0,0.3157894736842105,0.02168130840916599
920,113,99.12280701754386,114,0,96,18,0,0.0,1.5350954412677857,1.5214379303039158,2.1689917922775774,1.1554760140504419,0.565893296879493,1.2360654301841274,9.228070175438596,2.4305875750258568,0.40367436509548904,0.012413413607020873,0.0039555861927972075,0.0,0.012413413607020873,0.007122463747404887,0,0,0,18,0,0.8888888888888888,0.2894736842105263,0.3184591873906097,0.1487648717464716,0.8992836186405677,0.5900260593097224,0.0,0.2982456140350877,0.02171790542129596
921,113,99.12280701754386,114,0,92,22,0,0.0,1.5485552780206409,1.5348722673751778,2.0681739420949525,1.1572362893191983,0.556873016959479,1.2207332467832663,9.228070175438596,2.4305875750258568,0.40218779812998595,0.010423603152298807,0.0036924424344106626,0.0,0.010423603152298807,0.007737019694598582,0,0,0,22,0,0.9090909090909091,0.2807017543859649,0.311252688864658,0.16092466713043857,0.8892696603300145,0.5903456127736154,0.0,0.3157894736842105,0.02180659712104456
922,113,99.12280701754386,114,0,96,18,0,0.0,1.5401483477634899,1.5265759880599887,2.027192854373513,1.158792460888607,0.5656587023192633,1.2269422977675424,9.228070175438596,2.4305875750258568,0.40042520549693883,0.013887653548501667,0.004140322921860774,0.0,0.013887653548501667,0.005418921041481222,0,0,1,17,0,0.8888888888888888,0.2807017543859649,0.30752568712648715,0.15766935025951373,0.896935967066493,0.5892608483116902,0.0,0.3157894736842105,0.021783474526164873
923,114,100.0,114,0,98,16,0,0.0,1.5431182714675724,1.5296069509376224,2.198186041626739,1.1603697445108896,0.560785623229363,1.2238056627902305,9.228070175438596,2.4305875750258568,0.4030481753971722,0.018420066797437195,0.0036184690358704733,0.0,0.018420066797437195,0.008322714025117015,0,0,0,16,0,0.875,0.2807017543859649,0.3172907832921499,0.14555171353958862,0.8928691184628903,0.5907909438457267,0.0,0.3157894736842105,0.021817492774558342
924,114,100.0,114,0,97,17,0,0.0,1.5372608452733174,1.5237943159368417,1.999075749407523,1.1617956659261377,0.5582457978336879,1.2213373396535323,9.228070175438596,2.4305875750258568,0.4009206064172499,0.008845237130052471,0.003891051100088701,0.0,0.008845237130052471,0.005866304232983194,0,0,0,17,0,0.9411764705882353,0.2631578947368421,0.306706619620824,0.16073867449168103,0.8649433058692192,0.5907231019185264,0.0,0.3684210526315789,0.021805534777961395
925,114,100.0,114,0,101,13,0,0.0,1.5479336895468787,1.5344747190604515,2.1113197161630364,1.1633946063136649,0.5473088787467381,1.2001155519325495,9.228070175438596,2.4305875750258568,0.4049266030058416,0.012612270329680956,0.0038877436800818224,0.0,0.012612270329680956,0.006191955989647353,0,0,0,13,0,0.9230769230769231,0.30701754385964913,0.3141324024545087,0.15635296365133822,0.8645749578251154,0.600547476702311,0.0,0.3684210526315789,0.021878330822524855
926,114,100.0,114,0,101,13,0,0.0,1.5563459344986492,1.542995513623036,2.1791905455897536,1.1651203673539465,0.5414402009544864,1.1898058457233684,9.228070175438596,2.4305875750258568,0.4058746881112163,0.013087540718172795,0.003754809946860187,0.0,0.013087540718172795,0.006841549465667998,0,0,0,13,0,0.9230769230769231,0.2982456140350877,0.31658688286366055,0.1426142548207356,0.8543140966713852,0.6035077060446365,0.0,0.3684210526315789,0.02194136511399357
927,114,100.0,114,0,100,14,0,0.0,1.5676886117561664,1.5543400424321838,2.36740463417039,1.1670247732269525,0.5336486353802133,1.1784916800374874,9.228070175438596,2.4305875750258568,0.41147933256688973,0.005502244810029995,0.004040125072997431,0.0,0.005502244810029995,0.005884480749854275,0,0,0,14,0,1.0,0.2982456140350877,0.327392584548947,0.12592243218784022,0.8820988313238134,0.6122977938606976,0.0,0.3333333333333333,0.022021222626544826
928,114,100.0,114,0,103,11,0,0.0,1.5779815063975908,1.5645946942197657,2.4645513624984763,1.1690822894812,0.5263665507129109,1.168292032644618,9.228070175438596,2.4305875750258568,0.4141398573270303,0.014896682502551812,0.002917859513886334,0.0,0.014896682502551812,0.00745644759521873,0,0,0,11,0,0.8181818181818182,0.2894736842105263,0.33228978286796446,0.1253037272034912,0.8902170921856044,0.6136562064886011,0.0,0.3157894736842105,0.022097691966966888
929,114,100.0,114,0,101,13,0,0.0,1.5671722046221688,1.5535011865024433,2.4529276382917677,1.170874086064848,0.5334159365512048,1.1810599805156705,9.228070175438596,2.4305875750258568,0.4128856609099598,0.01066231237878664,0.0038405514365676833,0.0,0.01066231237878664,0.005051051073947723,0,0,0,13,0,0.9230769230769231,0.2894736842105263,0.3327264288638255,0.12425066413571721,0.8820268350925126,0.6122856650197571,0.0,0.3333333333333333,0.022065421050655724
930,114,100.0,114,0,102,12,0,0.0,1.5707143389897658,1.5565732902792144,2.527562627906803,1.1726820676015168,0.5320046664292525,1.1755890321542555,9.228070175438596,2.4305875750258568,0.4142177956823023,0.015523965519312385,0.003867468948498815,0.0,0.015523965519312385,0.006166869926226175,0,0,0,12,0,0.8333333333333334,0.2894736842105263,0.33634883375023406,0.119181939210838,0.8865548188411455,0.6159541288715875,0.0,0.3333333333333333,0.022105104009788223
931,113,99.12280701754386,114,1,98,15,0,0.008771929824561403,1.5829357680670135,1.5706179121125392,2.5878177331143353,1.1746838432517965,0.5294948939176092,1.2165578535778727,9.228070175438596,2.4305875750258568,0.41661204463573065,0.013430885786004314,0.003551226651806877,0.0,0.013430885786004314,0.006476130183264275,0,1,0,15,0,0.875,0.30701754385964913,0.3388801771041486,0.12135061359889796,0.8929471617178588,0.6187778659988282,0.008771929824561403,0.3333333333333333,0.022190538610292257
932,113,99.12280701754386,114,0,97,17,0,0.0,1.5726116276186701,1.5603323002991836,2.6096627169141042,1.1764723181280317,0.5262642994185693,1.2132708229453388,9.228070175438596,2.4305875750258568,0.4189105112924938,0.010421877463083777,0.0034936477124234947,0.0,0.010421877463083777,0.007942452237689624,0,0,1,16,0,0.9411764705882353,0.30701754385964913,0.34386884746716356,0.12336370969187614,0.886177080219927,0.6209441448028323,0.0,0.3508771929824561,0.022160653132112657
933,113,99.12280701754386,114,0,100,14,0,0.0,1.5756968734444703,1.563287670595936,2.558612994661041,1.178274788846726,0.5265416835912333,1.21666025575535,9.228070175438596,2.4305875750258568,0.4213029969864919,0.01746641096036119,0.0037811218242915358,0.0,0.01746641096036119,0.009229506692489068,0,0,0,14,0,0.7857142857142857,0.3333333333333333,0.34434126009084726,0.12759938970059595,0.8950229997535377,0.6278759196465945,0.0,0.3333333333333333,0.022197984675907688
934,113,99.12280701754386,114,0,101,13,0,0.0,1.5997582414002636,1.5863461123486007,3.183346771773016,1.1804818134322759,0.5152124516858821,1.2091246604695693,9.228070175438596,2.4305875750258568,0.4301264045862516,0.012103727942827745,0.0034150796949371795,0.0,0.012103727942827745,0.010285105559679165,0,0,0,13,0,0.9230769230769231,0.3333333333333333,0.3737217887597596,0.1062871808674027,0.8929471617178588,0.6359611713792686,0.0,0.3333333333333333,0.022345113348363727
935,112,98.24561403508773,114,1,96,17,0,0.008771929824561403,1.6016363614457836,1.5871437679245277,3.029504906528531,1.1826747284010832,0.52854492246512,1.219607903478829,9.228070175438596,2.4305875750258568,0.4294758235163241,0.015371898797925908,0.003129299312904595,0.0,0.015371898797925908,0.010372966077801362,0,1,0,17,0,0.9444444444444444,0.35964912280701755,0.368085587210978,0.10915200424285994,0.8946567185718216,0.6335034683875359,0.008771929824561403,0.3333333333333333,0.022381154307972682
936,113,99.12280701754386,114,0,103,11,0,0.0,1.6085079373335884,1.5941079846837245,2.995531759406896,1.1849257358861702,0.5244362946889557,1.2155253819742617,9.228070175438596,2.4305875750258568,0.4286093111941325,0.019053678388331146,0.002413271856848615,0.0,0.019053678388331146,0.011742436306221892,0,0,0,11,0,0.9090909090909091,0.32456140350877194,0.3648258126924547,0.11328458936767015,0.8870249956050954,0.6298498821630844,0.0,0.3333333333333333,0.02244286854153442
937,112,98.24561403508773,114,1,102,11,0,0.008771929824561403,1.6140768453346497,1.6120654362183136,3.041834105671721,1.1872322149831291,0.5276642446764407,1.2264889202562803,9.228070175438596,2.4305875750258568,0.4264545309746772,0.015919221628262852,0.0029869667752060567,0.0,0.015919221628262852,0.012934853865549321,0,1,0,11,0,0.8333333333333334,0.3157894736842105,0.36153649334628735,0.12492956342215626,0.86455936996433,0.6140012424208154,0.008771929824561403,0.40350877192982454,0.022498743578715348
938,111,97.36842105263158,114,1,98,12,3,0.008771929824561403,1.6284879007153064,1.620520874248705,3.3086805057451176,1.1900004975388645,0.5373700446581785,1.2381869063325772,9.228070175438596,2.4305875750258568,0.4291039113802779,0.18526391599640588,0.008616813728314382,0.1875,0.09987002632027324,0.006671977396476601,0,4,0,12,0,0.625,0.30701754385964913,0.3736695030533151,0.15559170767913047,0.9007862985972833,0.6156036323334654,0.008771929824561403,0.3333333333333333,0.02260444162153929
939,110,96.49122807017544,114,1,95,18,0,0.008771929824561403,1.646167695939371,1.636400682208674,3.447416014069721,1.1929297647664965,0.5391348821846058,1.250518545808406,9.228070175438596,2.4305875750258568,0.4302298375820417,0.0901530529932996,0.004001084862419854,0.05263157894736842,0.05551649716777632,0.013093437415551148,0,1,0,18,0,0.631578947368421,0.30701754385964913,0.3790371293095506,0.15451779224405102,0.8773964123161255,0.6187767576809072,0.008771929824561403,0.3333333333333333,0.022728439800296676
940,111,97.36842105263158,114,0,97,17,0,0.0,1.6762265173186008,1.6661213100661911,3.771290738758546,1.1963317921631584,0.5190910624956939,1.2262882973575273,9.228070175438596,2.4305875750258568,0.43717691028109384,0.028706346522645244,0.006175910515326907,0.0,0.028706346522645244,0.004141244331605045,0,0,0,17,0,0.7647058823529411,0.3333333333333333,0.3931889480666176,0.15247801888606438,0.8806612009267641,0.627998865038163,0.0,0.3684210526315789,0.02292007853479395
941,110,96.49122807017544,114,1,97,16,0,0.008771929824561403,1.6609064836909557,1.6512278116568284,3.527032433987889,1.1993547513857257,0.5323922607888585,1.2444925127748834,9.228070175438596,2.4305875750258568,0.4362298409027934,0.020617097576131664,0.005739467639179002,0.0,0.020617097576131664,0.004213065639630115,0,1,0,16,0,0.8235294117647058,0.3333333333333333,0.38603923708522037,0.15794315253128252,0.8910500288439567,0.6208380130626353,0.008771929824561403,0.3333333333333333,0.02288021620228663
942,111,97.36842105263158,114,0,101,13,0,0.0,1.6641103290857222,1.654348750259396,3.6107907287289445,1.2023716999551823,0.5348635129453001,1.2495437402797551,9.228070175438596,2.4305875750258568,0.43434023986393444,0.005322507171840703,0.00433080508924124,0.0,0.005322507171840703,0.01425244307136663,0,0,0,13,0,1.0,0.3157894736842105,0.3869652620182718,0.1486224356872397,0.8945873038606532,0.6167968251009325,0.0,0.3333333333333333,0.02293290021779753
943,112,98.24561403508773,114,0,101,13,0,0.0,1.6759662874596086,1.666290734766503,3.7188322154333946,1.2055475272608782,0.5210690427065519,1.2473630406914054,9.228070175438596,2.4305875750258568,0.4361098401315977,0.005592909571500788,0.002865535712571708,0.0,0.005592909571500788,0.019549070600944515,0,0,0,13,0,1.0,0.3157894736842105,0.39164058123763845,0.14521661606270422,0.8827236280697004,0.617975282184449,0.0,0.3333333333333333,0.023030775641615223
944,113,99.12280701754386,114,0,100,14,0,0.0,1.6753668040183056,1.6655081633281528,3.9167460432883487,1.2086309464353597,0.5244645773555314,1.253950984642758,9.228070175438596,2.4305875750258568,0.43599902367787835,0.0049646309265072575,0.003853280415505463,0.0,0.0049646309265072575,0.015129516177344149,0,0,0,14,0,1.0,0.3157894736842105,0.39850680269696714,0.14099199942511634,0.8703139148848765,0.6135687957201815,0.0,0.3684210526315789,0.023065250826079166
945,113,99.12280701754386,114,0,99,15,0,0.0,1.696119142878719,1.686084499123506,4.327342329368798,1.2120395210954908,0.5049021351277866,1.2292104445305214,9.228070175438596,2.4305875750258568,0.43910860775525506,0.01725766292136033,0.0033265021738994077,0.0,0.01725766292136033,0.0157336339157064,0,0,0,15,0,0.9333333333333333,0.32456140350877194,0.41198262490085114,0.13728685968179366,0.8800042203463866,0.6166747502341655,0.0,0.3333333333333333,0.023210436716468545
946,113,99.12280701754386,114,1,97,16,0,0.008771929824561403,1.7114063746645234,1.709478223373505,4.469456677751968,1.2156546462135416,0.4989939378768171,1.2286737769275846,9.228070175438596,2.4305875750258568,0.44281284075965677,0.028266526787108923,0.0034124541909938562,0.0,0.028266526787108923,0.016810862100725833,0,1,0,16,0,0.8823529411764706,0.30701754385964913,0.41596847189517244,0.14625404960636287,0.8841858349412292,0.6168223465851966,0.008771929824561403,0.3508771929824561,0.023330807266368055
947,111,97.36842105263158,114,2,95,17,0,0.017543859649122806,1.7295439784613953,1.7157655960409324,4.980116307944189,1.2196924160320914,0.5230950400288275,1.2373666866739912,9.228070175438596,2.4305875750258568,0.4512505700404901,0.1401251988275315,0.005684054737860722,0.10526315789473684,0.08556437556986161,0.004036130035530535,0,2,0,17,0,0.6842105263157895,0.30701754385964913,0.44314247690876285,0.14767421490186877,0.8841643898760828,0.6049790475880134,0.017543859649122806,0.3333333333333333,0.023470566051111325
948,110,96.49122807017544,114,1,103,10,0,0.008771929824561403,1.7417710965363777,1.7255745037877732,5.1321230065968555,1.2236427363818376,0.5153106807330013,1.2312588942808769,9.228070175438596,2.4305875750258568,0.45581367290098873,0.03635563514780686,0.004598163927704568,0.0,0.03635563514780686,0.0057846747923092435,0,1,0,10,0,0.8181818181818182,0.32456140350877194,0.45112670955347256,0.14453046622070478,0.8711020364809444,0.6120079434523088,0.008771929824561403,0.3508771929824561,0.02357970963928356
949,110,96.49122807017544,114,0,104,10,0,0.0,1.7506009093802368,1.7344470313284643,4.802013082326901,1.2276268312997338,0.5024624078353848,1.1961012840952465,9.228070175438596,2.4305875750258568,0.45686239769152426,0.003065551952742519,0.0047713022310870755,0.0,0.003065551952742519,0.0005120557319411079,0,0,0,10,0,1.0,0.32456140350877194,0.4441568927484605,0.16318557097503741,0.8704004068105035,0.61331865360565,0.0,0.3508771929824561,0.023672277161528667
950,110,96.49122807017544,114,0,103,11,0,0.0,1.7695671100254642,1.7530502930881735,5.374389247339886,1.2318758241566836,0.48832638845218623,1.2038480475495317,9.228070175438596,2.4305875750258568,0.45970251606896295,0.0020106937230959564,0.004631417930496151,0.0,0.0020106937230959564,-0.003255654400249502,0,0,0,11,0,1.0,0.34210526315789475,0.45864473685502155,0.14118929108376324,0.8584684981615163,0.6226599703343337,0.0,0.38596491228070173,0.023818745910977185
951,111,97.36842105263158,114,0,103,11,0,0.0,1.7670889705317592,1.7508941963064169,5.092842149597401,1.2359796168648014,0.47923741919949997,1.1792607493367406,9.228070175438596,2.4305875750258568,0.45987981605674744,0.0014374603458960577,0.004623627428553944,0.0,0.0014374603458960577,0.0018701020768080293,0,0,0,11,0,1.0,0.3508771929824561,0.4538883250560108,0.14070305485904122,0.8684040159867055,0.6202962420628736,0.0,0.38596491228070173,0.023856228351342823
952,113,99.12280701754386,114,0,101,13,0,0.0,1.7906982827655162,1.7736316185240266,5.95916702353087,1.2404257856646934,0.47095497884381643,1.1619019764907732,9.228070175438596,2.4305875750258568,0.46758768922369387,0.002440194122017637,0.004466687336110684,0.0,0.002440194122017637,-0.0005804476619600946,0,0,0,13,0,1.0,0.35964912280701755,0.4809159118875516,0.12280803337212845,0.8666106377288649,0.6276860668339439,0.0,0.38596491228070173,0.024028308925719034
953,114,100.0,114,0,101,13,0,0.0,1.7653970346838308,1.749252390291215,5.160719059511566,1.2442898396443198,0.4908168559442404,1.184805098458631,9.228070175438596,2.4305875750258568,0.46203910512634216,0.004868015931423348,0.0041789660603199505,0.0,0.004868015931423348,0.0026692441087790694,0,0,0,13,0,1.0,0.34210526315789475,0.457583563256048,0.140963545812028,0.8832009940104406,0.6225058160831015,0.0,0.3508771929824561,0.023948762293271152
954,114,100.0,114,0,101,13,0,0.0,1.7874533188994515,1.7710420220429415,5.532973982903523,1.2484836672736255,0.48846733501162826,1.1832068046246131,9.228070175438596,2.4305875750258568,0.4639910094373101,0.0039302911569607055,0.004441876901575744,0.0,0.0039302911569607055,0.004003957350183918,0,0,0,13,0,1.0,0.34210526315789475,0.4660131002780912,0.12912836262440675,0.8587444912647025,0.6235656216671969,0.0,0.3508771929824561,0.024110011040987207
955,114,100.0,114,0,101,13,0,0.0,1.7982284005113127,1.7812991226427022,5.952779624223879,1.2527750064998442,0.4893751391120593,1.18567813014822,9.228070175438596,2.4305875750258568,0.46605705794397356,0.010277663956319147,0.004526926791110875,0.0,0.010277663956319147,0.007301000867697732,0,0,0,13,0,0.9230769230769231,0.34210526315789475,0.4778788003916994,0.11897650976315813,0.8676924111692464,0.6235474938472958,0.0,0.3508771929824561,0.024216038828063856
956,114,100.0,114,0,102,12,0,0.0,1.7896636476251637,1.7731706317691112,5.851651371290094,1.2568039848966597,0.49487623272141945,1.188649657057026,9.228070175438596,2.4305875750258568,0.4643682552166928,0.002994544325595833,0.004600167144884625,0.0,0.002994544325595833,-5.7556198710136584e-05,0,0,0,12,0,1.0,0.3333333333333333,0.47241684281745877,0.11632303326806503,0.8588025627176211,0.6268626652114752,0.0,0.3508771929824561,0.024222178987789847
957,114,100.0,114,0,101,13,0,0.0,1.7879667640628651,1.7718306079580661,5.8341006915112334,1.2607089790833585,0.49092080571317437,1.2177301738930268,9.228070175438596,2.4305875750258568,0.46327893896305916,0.0073300276845112144,0.004817759878709915,0.0,0.0073300276845112144,-0.0009393247753596204,0,0,0,13,0,0.9230769230769231,0.34210526315789475,0.46888742626887675,0.11072564318211216,0.8675156392061928,0.6309597289408359,0.0,0.3508771929824561,0.024261151721732047
958,113,99.12280701754386,114,1,101,12,0,0.008771929824561403,1.7828929015864012,1.772062946075756,5.431327215402724,1.2644330509228014,0.4765932770412289,1.1708225960232546,9.228070175438596,2.4305875750258568,0.46365297044380926,0.015595086156664412,0.004448655063300709,0.0,0.015595086156664412,0.0028231133210280942,0,1,0,12,0,0.8461538461538461,0.34210526315789475,0.457427969500703,0.11479139878172649,0.8841718596295235,0.6403459913876726,0.008771929824561403,0.3508771929824561,0.024281040823056994
959,112,98.24561403508773,114,1,94,18,1,0.008771929824561403,1.7928415457030409,1.77806907201947,5.369678788419673,1.268356822617015,0.49925187665867826,1.2183779746608965,9.228070175438596,2.4305875750258568,0.4627580991540692,0.08144878366398942,0.004664443922124164,0.0,0.08144878366398942,0.012671128142277426,0,2,1,17,0,0.65,0.3333333333333333,0.45323139531696244,0.11304488496288569,0.8569810098589368,0.6383156161101744,0.008771929824561403,0.3508771929824561,0.024378469397276163
960,112,98.24561403508773,114,0,105,9,0,0.0,1.7809433853023893,1.7668866428494299,4.891799708800196,1.271884881044205,0.49974234359217734,1.2149160567301844,9.228070175438596,2.4305875750258568,0.45914155353440056,0.0039276520119825254,0.0038252013708172106,0.0,0.0039276520119825254,0.0015983866391927244,0,0,0,9,0,1.0,0.34210526315789475,0.4391168212971543,0.11699098597711774,0.8680466692682716,0.6378544870440688,0.0,0.3508771929824561,0.02436185487015837
961,112,98.24561403508773,114,0,104,10,0,0.0,1.784022674724316,1.7694666487037665,4.623605332835532,1.2753773543630085,0.5154655866980508,1.2546066658007424,9.228070175438596,2.4305875750258568,0.45862240918554154,0.0012355771189438594,0.004422574218458331,0.0,0.0012355771189438594,-0.0006980783968328463,0,0,0,10,0,1.0,0.32456140350877194,0.4337741893996616,0.13575365169889841,0.8674723190623366,0.6317439974498054,0.0,0.3684210526315789,0.024419695128541967
962,112,98.24561403508773,114,0,103,11,0,0.0,1.7691502530886576,1.7551970847216323,4.527610108641506,1.2785074726599355,0.5144341692663563,1.2618743476981975,9.228070175438596,2.4305875750258568,0.45420938904316777,0.005350626916577918,0.0042442324540812315,0.0,0.005350626916577918,0.002814956464738823,0,0,0,11,0,1.0,0.3333333333333333,0.4304403389169889,0.13276399358043084,0.8792848095275806,0.6261374761015767,0.0,0.3508771929824561,0.024383373153568033
963,113,99.12280701754386,114,0,103,11,0,0.0,1.7716720031372646,1.758199221799978,4.164847009195338,1.2816198863471033,0.4997094034001726,1.231927586728148,9.228070175438596,2.4305875750258568,0.4542996980188865,0.0033052992733423217,0.003454876306493498,0.0,0.0033052992733423217,0.006160352345563765,0,0,0,11,0,1.0,0.32456140350877194,0.4193792192048899,0.14558846169002093,0.8796518163473205,0.6305278885146709,0.0,0.3684210526315789,0.024433806873992922
964,114,100.0,114,0,103,11,0,0.0,1.7862020741998241,1.7725228784524718,4.313168194666715,1.2849351693090152,0.49659421946858207,1.2221722399209674,9.228070175438596,2.4305875750258568,0.45441224499417143,0.004198651412620497,0.0033451901985295297,0.0,0.004198651412620497,0.006709744313182205,0,0,0,11,0,1.0,0.32456140350877194,0.42152216094217837,0.14087479461587224,0.8864390987735986,0.632924655609071,0.0,0.3684210526315789,0.02454674765718031
965,114,100.0,114,0,103,11,0,0.0,1.7706700626917402,1.7578922020034324,3.5368984092537072,1.287885382292048,0.5252446528977615,1.2494786038025902,9.228070175438596,2.4305875750258568,0.4431940846112903,0.0007665227974076851,0.003730898589876122,0.0,0.0007665227974076851,0.0022727040359728904,0,0,0,11,0,1.0,0.3333333333333333,0.3870493641261217,0.16753226102755472,0.8949682757216162,0.6202755705647224,0.0,0.3684210526315789,0.024504941354741086
966,114,100.0,114,0,104,10,0,0.0,1.7785739711750719,1.7656295918862877,3.520251578072083,1.2909143389945774,0.5279280450129366,1.250377539564441,9.228070175438596,2.4305875750258568,0.4425618235181228,0.0006163658002182367,0.004240555834019037,0.0,0.0006163658002182367,-0.002856329113445266,0,0,0,10,0,1.0,0.32456140350877194,0.3853594522388737,0.16705277275161248,0.8881592639820709,0.6208109019970072,0.0,0.3333333333333333,0.02458127161979004
967,114,100.0,114,0,104,10,0,0.0,1.7569510186449049,1.7447709269724585,3.172763715379652,1.293464083757673,0.5391564377201957,1.260249794942805,9.228070175438596,2.4305875750258568,0.4371848593949814,0.0032687696867710865,0.004425957395999985,0.0,0.0032687696867710865,-0.001960836897026569,0,0,0,10,0,1.0,0.32456140350877194,0.37046087347639417,0.17306536739078723,0.8919032217262,0.6173602240464774,0.0,0.3333333333333333,0.024504143746842545
968,114,100.0,114,0,105,9,0,0.0,1.7560132104360613,1.743986668631043,3.0459236106679337,1.29593660507272,0.5381132207300232,1.2620715911711675,9.228070175438596,2.4305875750258568,0.4373413502012269,0.0019017509473853872,0.0035330589976073534,0.0,0.0019017509473853872,0.008002581382728961,0,0,0,9,0,1.0,0.32456140350877194,0.36668869763092604,0.1837009630408513,0.9106099207644818,0.6095709749117959,0.0,0.2982456140350877,0.02452950310373503
969,114,100.0,114,0,105,9,0,0.0,1.7684782678310198,1.7566620550739724,3.1763951001343718,1.2985954986862678,0.5417798554979373,1.2645380172303478,9.228070175438596,2.4305875750258568,0.4392459762321761,0.0015850054145069236,0.004012817793226488,0.0,0.0015850054145069236,0.004052106237119268,0,0,0,9,0,1.0,0.32456140350877194,0.37101819410769,0.17074228763448288,0.8752948749001618,0.6167675967346445,0.0,0.3508771929824561,0.02462414175961184
970,114,100.0,114,0,105,9,0,0.0,1.7685566297745332,1.7563194019270967,3.3657179810433315,1.301183102774161,0.5574406183537232,1.2787617611505968,9.228070175438596,2.4305875750258568,0.44016399151606,0.0018380005571790553,0.004766957007249318,0.0,0.0018380005571790553,0.003838162808461757,0,0,0,9,0,1.0,0.3333333333333333,0.37739499893613676,0.15752502934629065,0.8920755329822306,0.6155109796829759,0.0,0.3157894736842105,0.02465598056105501
971,114,100.0,114,0,107,7,0,0.0,1.7749488062573213,1.7626545537625875,3.3897071801898915,1.303830998009301,0.5765507691584765,1.3056526308381131,9.228070175438596,2.4305875750258568,0.4400255880176671,0.0028773906142493676,0.004259878638836575,0.0,0.0028773906142493676,-0.0012726395489934816,0,0,0,7,0,1.0,0.32456140350877194,0.37649621016721807,0.15373642640840246,0.8728887520216665,0.6178745825360725,0.0,0.3157894736842105,0.024720121149761458
972,114,100.0,114,0,107,7,0,0.0,1.7575647791878866,1.7454297335038755,3.307203302188458,1.306079602359033,0.5986185812349746,1.327773537435828,9.228070175438596,2.4305875750258568,0.43763033653990435,0.0013163398892210233,0.004353241358594472,0.0,0.0013163398892210233,-0.0015965187347581344,0,0,0,7,0,1.0,0.34210526315789475,0.37256985847599433,0.14429152547436808,0.9068943970176055,0.6179306261292614,0.0,0.3157894736842105,0.024660528163382323
973,114,100.0,114,0,107,7,0,0.0,1.7415580182390291,1.7301421306233755,2.90861153453577,1.3079762895499227,0.6117081653176586,1.3513224559280765,9.228070175438596,2.4305875750258568,0.43148725893702555,0.0055351892430978225,0.004358468197559937,0.0,0.0055351892430978225,0.0021500758908745937,0,0,0,7,0,1.0,0.34210526315789475,0.35476094841617584,0.1590893888434829,0.8918589683955224,0.611815603434911,0.0,0.3157894736842105,0.02460354468023747
974,114,100.0,114,0,107,7,0,0.0,1.7501070600559345,1.738440269580283,3.00847062728853,1.3099882309251698,0.6175711976834877,1.3623383682305084,9.228070175438596,2.4305875750258568,0.4336391271279052,0.00456210710110433,0.004991066568680219,0.0,0.00456210710110433,-0.007314397865887287,0,0,0,7,0,1.0,0.32456140350877194,0.35929960334812083,0.1609181960123485,0.8980704367235411,0.6137821898990086,0.0,0.3157894736842105,0.024670740887863776
975,114,100.0,114,0,107,7,0,0.0,1.7517757538644292,1.7396854352609978,3.259048305381108,1.3119754821771923,0.6263690778940901,1.374583885536972,9.228070175438596,2.4305875750258568,0.4370030826163809,0.004279624638558932,0.005573864433425877,0.0,0.004279624638558932,-0.00993253339937288,0,0,0,7,0,1.0,0.3333333333333333,0.3713851776650484,0.16118565957864656,0.9077751907863423,0.6091282172207001,0.0,0.2807017543859649,0.02470323529791435
976,114,100.0,114,0,107,7,0,0.0,1.7401780595881393,1.7288026424916856,2.968991674531698,1.3137028189001048,0.6403139577248185,1.392199259763823,9.228070175438596,2.4305875750258568,0.43264606333731237,0.0019166183789257555,0.003586184562717263,0.0,0.0019166183789257555,-0.003083633562406921,0,0,0,7,0,1.0,0.3333333333333333,0.35696171204590477,0.1682792615364213,0.8980704367235411,0.6146717537721758,0.0,0.3157894736842105,0.02466623904241589
977,114,100.0,114,0,106,8,0,0.0,1.745794234855664,1.7344695598591258,3.13477971526501,1.315498362702788,0.6365362088952233,1.3895872074789075,9.228070175438596,2.4305875750258568,0.4342153983478194,0.01456065881292216,0.004688081835369008,0.0,0.01456065881292216,0.004102684621597963,0,0,0,8,0,0.875,0.32456140350877194,0.3637971837832804,0.15495933637680567,0.8640043159279284,0.6218036888349212,0.0,0.2982456140350877,0.024716141051039593
978,114,100.0,114,0,106,8,0,0.0,1.7682264098569398,1.7562648423541638,3.6768872620953825,1.3176740669835116,0.6238055077877354,1.3921597528698526,9.228070175438596,2.4305875750258568,0.44084678482705386,0.006913834082897282,0.0037586295637176935,0.0,0.006913834082897282,0.0005328543442007991,0,0,0,8,0,1.0,0.32456140350877194,0.38510289030919626,0.13150888132201563,0.8909097675818044,0.6318807589997407,0.0,0.2807017543859649,0.02485474312500426
979,114,100.0,114,0,106,8,0,0.0,1.7654124050009767,1.7535147830412567,3.822512756641686,1.3197434147863465,0.6266352913829321,1.3697983011434176,9.228070175438596,2.4305875750258568,0.4419058546139336,0.003372364061247483,0.004557166636885574,0.0,0.003372364061247483,0.000365326166855251,0,0,0,8,0,1.0,0.32456140350877194,0.38868072510166884,0.11912928214762167,0.8665975642012262,0.638476010790904,0.0,0.2982456140350877,0.02486582175601433
980,114,100.0,114,0,104,10,0,0.0,1.7637660983284436,1.7519159839457665,3.9088154746435753,1.32173137710887,0.6132075575919876,1.348707352842723,9.228070175438596,2.4305875750258568,0.4462262077435586,0.022418610537643963,0.004328387346657028,0.0,0.022418610537643963,0.00011119911499148372,0,0,0,10,0,0.9,0.34210526315789475,0.3955400913153284,0.11136181612578448,0.8737416115409179,0.6508430143927613,0.0,0.2982456140350877,0.024881749805255392
981,114,100.0,114,0,106,8,0,0.0,1.7530650431458146,1.7416408750862613,3.602299364467918,1.3234712238507778,0.6152385935529444,1.3288839416143334,9.228070175438596,2.4305875750258568,0.44263323410338296,0.0034766004136304123,0.0031207934549195293,0.0,0.0034766004136304123,0.0045156697870696386,0,0,0,8,0,1.0,0.34210526315789475,0.383677951188074,0.11276652701848015,0.8896737867578931,0.6515802205026225,0.0,0.2982456140350877,0.024849388778708896
982,114,100.0,114,0,106,8,0,0.0,1.7580763915756088,1.7467100819821104,3.4988107882165256,1.3252673513043234,0.6173602208523321,1.3008596449099574,9.228070175438596,2.4305875750258568,0.4431308785135111,0.0045317405673627,0.00367356100508828,0.0,0.0045317405673627,0.005603175219365868,0,0,0,8,0,1.0,0.3508771929824561,0.38033838428787053,0.11717929316841978,0.8972175997118748,0.6523956786667586,0.0,0.2982456140350877,0.024896273746216623
983,114,100.0,114,0,105,9,0,0.0,1.7442894939364975,1.7333573326905443,3.2321718869528,1.326760182094987,0.62212897931947,1.3379208620121876,9.228070175438596,2.4305875750258568,0.4381532931093921,0.0023510266007398177,0.0037632204236684374,0.0,0.0023510266007398177,0.0031744743404666497,0,0,0,9,0,1.0,0.35964912280701755,0.3687669512747252,0.1211448421083909,0.8972175997118748,0.6482213123768321,0.0,0.2982456140350877,0.02484548153787808
984,114,100.0,114,0,103,11,0,0.0,1.7413645654256737,1.7301181428690733,3.3611350125583592,1.3281537432496706,0.6212042959606013,1.3494114996136322,9.228070175438596,2.4305875750258568,0.439350963891014,0.022807399380397,0.0041061112531129325,0.0,0.022807399380397,-0.004744398230197688,0,0,0,11,0,0.9090909090909091,0.3508771929824561,0.37392349887812076,0.12301984290509932,0.8731747597116487,0.647009429976602,0.0,0.2982456140350877,0.024847792757462024
985,113,99.12280701754386,114,1,105,8,0,0.008771929824561403,1.7230699126328095,1.713333901897442,2.8954004556791797,1.3291724304052694,0.6462079452103988,1.3770007033237717,9.228070175438596,2.4305875750258568,0.4331046593976293,0.002253508849658131,0.004166620284831315,0.0,0.002253508849658131,0.0028357719123903603,0,1,0,8,0,1.0,0.34210526315789475,0.352836720165799,0.13931191669271104,0.8813234058980288,0.6390787808516764,0.008771929824561403,0.2982456140350877,0.02476869953521389
986,112,98.24561403508773,114,1,107,6,0,0.008771929824561403,1.7068603444457882,1.6954125621633134,2.6813938961750106,1.3298696597103798,0.6733143685079007,1.4033760886138529,9.228070175438596,2.4305875750258568,0.4298575885801077,0.020599623664812033,0.00503882613625306,0.0,0.020599623664812033,0.002046957358529714,0,1,0,6,0,0.8571428571428571,0.3333333333333333,0.34365608058630503,0.14546987378518814,0.8602408690185723,0.6328450468791343,0.008771929824561403,0.3333333333333333,0.024696125078708508
987,112,98.24561403508773,114,0,106,8,0,0.0,1.7107076774741679,1.699013796831338,2.780658609740069,1.3305828275924267,0.6730807188036048,1.3999273962149137,9.228070175438596,2.4305875750258568,0.43265397039053344,0.0007893710946058793,0.004730396427130497,0.0,0.0007893710946058793,-0.0019110392219048866,0,0,0,8,0,1.0,0.3333333333333333,0.3505772182681237,0.14367951644688,0.8641531408982743,0.6374921308601078,0.0,0.3333333333333333,0.02472402882881546
988,112,98.24561403508773,114,0,105,9,0,0.0,1.6997190832457454,1.6880757736031617,2.552296647251981,1.3310659747177138,0.7018879969903865,1.4318074753973504,9.228070175438596,2.4305875750258568,0.42585837603648313,0.0035071004580032217,0.004632904770228323,0.0,0.0035071004580032217,-0.0059095356460946435,0,0,0,9,0,1.0,0.32456140350877194,0.33699388935865354,0.1616432556768572,0.860108163618243,0.6211513026978801,0.0,0.3157894736842105,0.02467495751467151
989,112,98.24561403508773,114,0,105,9,0,0.0,1.705752430618002,1.6940348547372592,2.7047183650031377,1.3316532510775088,0.6890952716240101,1.418661031232592,9.228070175438596,2.4305875750258568,0.43089580418609175,0.003544154556136727,0.004682904578186171,0.0,0.003544154556136727,-0.004898585077702861,0,0,0,9,0,1.0,0.3333333333333333,0.3461393581685764,0.150865748430253,0.8862555728510382,0.6307089318797723,0.0,0.3684210526315789,0.02471226138464891
990,113,99.12280701754386,114,0,106,8,0,0.0,1.7005291739631072,1.6887055225304255,2.6684519032586924,1.3321226259019114,0.6869201837111867,1.415325112336699,9.228070175438596,2.4305875750258568,0.4302066619452509,0.00297962924643043,0.0042879067705614525,0.0,0.00297962924643043,-0.005398379269262829,0,0,0,8,0,1.0,0.34210526315789475,0.3454281190442899,0.15402161351763383,0.8859205240461254,0.6251701503988503,0.0,0.3684210526315789,0.024691849384455553
991,114,100.0,114,0,106,8,0,0.0,1.7142631075111303,1.7022567869557095,2.9150834493180433,1.332844092439655,0.6689576555541048,1.3925291675044498,9.228070175438596,2.4305875750258568,0.43448401466078224,0.0035696067996886923,0.004975834980530141,0.0,0.0035696067996886923,-0.008811318270995974,0,0,0,8,0,1.0,0.3333333333333333,0.3571287116450272,0.14047321419347533,0.8921446926750746,0.6357187702574223,0.0,0.3333333333333333,0.02476928699020785
992,114,100.0,114,0,104,10,0,0.0,1.7406112786803858,1.7284801984980345,3.0836066180266952,1.3340579294875312,0.6620657118259978,1.3934114001366364,9.228070175438596,2.4305875750258568,0.435939572117227,0.003158391637605608,0.004014571787293386,0.0,0.003158391637605608,-0.00113610175748462,0,0,0,10,0,1.0,0.3333333333333333,0.36164398964566913,0.1364268164870048,0.8704001255280306,0.6348012371992664,0.0,0.40350877192982454,0.0249157795322875
993,114,100.0,114,0,105,9,0,0.0,1.7521819791833515,1.740123146059257,3.02202913384746,1.3354686567923724,0.652410614226095,1.358997372654627,9.228070175438596,2.4305875750258568,0.4349223110061473,0.003475220023171014,0.004280537362969691,0.0,0.003475220023171014,-0.003812942949813325,0,0,0,9,0,1.0,0.3157894736842105,0.35806608307946,0.14340819212307576,0.8689734230346593,0.6294335057277772,0.0,0.40350877192982454,0.02499077751609681
994,114,100.0,114,0,106,8,0,0.0,1.7521332179597413,1.7400844155153186,3.1422302981220565,1.3368443420307936,0.6729293931545602,1.39556434289476,9.228070175438596,2.4305875750258568,0.4336796716558573,0.0032974418351920877,0.004684994241920381,0.0,0.0032974418351920877,-0.009255067991817814,0,0,0,8,0,1.0,0.3157894736842105,0.359270359201562,0.138532200079213,0.858877579499433,0.6263254992147299,0.0,0.4385964912280702,0.025007252327217025
995,114,100.0,114,0,106,8,0,0.0,1.7806247469420522,1.7676455390241783,3.5537963107529222,1.3387225078295732,0.6729972274412379,1.4414533410656598,9.228070175438596,2.4305875750258568,0.43837257532272966,0.0030500708038951945,0.005629294160602412,0.0,0.0030500708038951945,-0.007715194343899709,0,0,0,8,0,1.0,0.3157894736842105,0.3741705495643845,0.13807449485288256,0.8628846719260322,0.6270757875620202,0.0,0.43859649122807015,0.02517253520440034
996,114,100.0,114,0,106,8,0,0.0,1.8049484988201983,1.791679851587886,3.9995719493347033,1.3410223631757425,0.668393710408086,1.4493682922845867,9.228070175438596,2.4305875750258568,0.44293566277436813,0.0030031789196368146,0.004562094757568743,0.0,0.0030031789196368146,-0.0075903990656200765,0,0,0,8,0,1.0,0.30701754385964913,0.3891123808867243,0.1253698673594343,0.8494487632316969,0.6300937405206968,0.0,0.47368421052631576,0.025322103962934852
997,114,100.0,114,0,105,9,0,0.0,1.7927506889156788,1.7797390852943202,3.8933012414818657,1.3430341338981089,0.6808088215850248,1.465318141121954,9.228070175438596,2.4305875750258568,0.4400087291386434,0.006553147286895701,0.005487465326889183,0.0,0.006553147286895701,-0.005493167437190823,0,0,0,9,0,1.0,0.30701754385964913,0.383944523854472,0.1253124551802068,0.8729685202370671,0.6257814883298948,0.0,0.43859649122807015,0.025285563838020178
998,114,100.0,114,0,106,8,0,0.0,1.7821513809594876,1.7696978290872072,3.5092402670137646,1.3448017575506621,0.6847704266851625,1.4696456693313937,9.228070175438596,2.4305875750258568,0.4346509497512987,0.006482201734654086,0.005281222292030633,0.0,0.006482201734654086,-0.010725359503934898,0,0,0,8,0,1.0,0.30701754385964913,0.36702174470146376,0.12730128900944662,0.8800534535192199,0.6262331938576741,0.0,0.40350877192982454,0.025254049118675306
999,114,100.0,114,0,106,8,0,0.0,1.7796571861074595,1.7674507825930699,3.0104708288220463,1.34648272441603,0.6774687950243246,1.4567430731105304,9.228070175438596,2.4305875750258568,0.43073700074363575,0.002135848250813134,0.0053061791557193995,0.0,0.002135848250813134,-0.0033767062733493225,0,0,0,8,0,1.0,0.3157894736842105,0.34792123295572996,0.15514946803066007,0.8680231166354151,0.6192374634400734,0.0,0.43859649122807015,0.02526200683030013
1000,114,100.0,114,0,106,8,0,0.0,1.7795096560322223,1.7678227500015822,3.0815262311950837,1.348130066704519,0.6892726047187318,1.4653062082940447,9.228070175438596,2.4305875750258568,0.42711358103853625,0.007592831448069985,0.005016002525625746,0.0,0.007592831448069985,-0.006683011167263969,0,0,0,8,0,1.0,0.32456140350877194,0.3456828058486515,0.13913904175518294,0.8714967944168255,0.6193374583605306,0.0,0.43859649122807015,0.02528128922841503
1001,114,100.0,114,0,107,7,0,0.0,1.7988716830189422,1.7868907031059302,3.337141337737012,1.3501081395351993,0.6767790110077646,1.4512115470003017,9.228070175438596,2.4305875750258568,0.43066778667339145,0.0009019870169714374,0.0048548094079049,0.0,0.0009019870169714374,-0.001176779750005392,0,0,0,7,0,1.0,0.3157894736842105,0.3560510693367583,0.1307765845071992,0.8596855544848605,0.6221916603256442,0.0,0.43859649122807015,0.025402138759572368
1002,114,100.0,114,0,105,9,0,0.0,1.8143137394930473,1.8022234178895522,3.4183199854425386,1.3523362736217879,0.6647404035111947,1.4337888510209655,9.228070175438596,2.4305875750258568,0.4328716708269871,0.02424516009137038,0.005322113439461464,0.0,0.02424516009137038,0.006418539980259997,0,0,0,9,0,0.8888888888888888,0.30701754385964913,0.3597155810740651,0.1341547477913587,0.8709037781662294,0.6245217794994019,0.0,0.40350877192982454,0.02550642741707466
1003,113,99.12280701754386,114,1,106,7,0,0.008771929824561403,1.820449650213736,1.810611916207263,3.656871295982525,1.3546248427639347,0.6516093005208322,1.4162038568505328,9.228070175438596,2.4305875750258568,0.43891550750915975,0.025797587857592685,0.005162889004786309,0.0,0.025797587857592685,0.004517892303594881,0,1,0,7,0,0.875,0.2894736842105263,0.37256288302759377,0.12952966647546346,0.8677222915469107,0.6241844182733921,0.008771929824561403,0.42105263157894735,0.025564919809285554
1004,112,98.24561403508773,114,1,106,7,0,0.008771929824561403,1.8180229846575633,1.8060298241697177,3.3867365624528025,1.356857359826312,0.669599405433853,1.4471587578468212,9.228070175438596,2.4305875750258568,0.43577104707363046,0.012316484192665521,0.005000329617668097,0.0,0.012316484192665521,9.990178758065293e-07,0,1,0,7,0,0.875,0.30701754385964913,0.3621537095702474,0.14928791929810034,0.8707412727281831,0.6108401737654268,0.008771929824561403,0.42105263157894735,0.025579918122668924
1005,112,98.24561403508773,114,0,106,8,0,0.0,1.7995256798272992,1.7875229616278319,3.0884731477122007,1.358635602232398,0.6704172714563373,1.441685283761303,9.228070175438596,2.4305875750258568,0.4328520811074099,0.0044480191161652746,0.004506221161107207,0.0,0.0044480191161652746,0.0015386778167120196,0,0,0,8,0,1.0,0.3157894736842105,0.35166806142320556,0.16380351411058772,0.8762738083536863,0.6039854790230007,0.0,0.38596491228070173,0.02550904246800569
1006,112,98.24561403508773,114,0,106,8,0,0.0,1.797890419641055,1.7863009204576885,3.2031262022761444,1.3603468606748332,0.6800865582489584,1.4628531773880742,9.228070175438596,2.4305875750258568,0.43299439678881035,0.0047432015607993296,0.004022694080974755,0.0,0.0047432015607993296,0.004714641600095361,0,0,0,8,0,1.0,0.3333333333333333,0.3557620596122991,0.14996499561469573,0.8762738083536863,0.6054674447198135,0.0,0.38596491228070173,0.025521662984613676
1007,111,97.36842105263158,114,1,107,6,0,0.008771929824561403,1.795047538703559,1.7906406538153121,2.9623910456856244,1.3619590107208088,0.691923263561437,1.4612550987533037,9.228070175438596,2.4305875750258568,0.42806208593162287,0.006985668552990082,0.005062597712643586,0.0,0.006985668552990082,0.002947312719516347,0,1,0,6,0,1.0,0.3157894736842105,0.3429068993764358,0.16927202034543373,0.8464602622221878,0.5905147394340333,0.008771929824561403,0.42105263157894735,0.02552704093928032
1008,112,98.24561403508773,114,0,99,15,0,0.0,1.8190744888937909,1.8144428766926306,3.2311429301479615,1.3641367027227502,0.6784368615948909,1.3875506565616966,9.228070175438596,2.4305875750258568,0.4304235826206766,0.024462413777299536,0.005637631919531481,0.0,0.024462413777299536,0.0022968608731811944,0,0,0,15,0,0.8,0.32456140350877194,0.35127556269645593,0.15778438044197415,0.868771899365303,0.5949856694799588,0.0,0.42105263157894735,0.025673641045842244
1009,113,99.12280701754386,114,0,100,14,0,0.0,1.8103857352166979,1.8058829494575939,3.0281260391887685,1.3660950187912249,0.6798008541224577,1.412317622150291,9.228070175438596,2.4305875750258568,0.428502582129489,0.09822674068992605,0.007299067366102793,0.07142857142857142,0.046282552938723735,0.006050272950325655,0,0,0,14,0,0.6428571428571429,0.30701754385964913,0.34460044529254685,0.17357629933364388,0.8527621958877727,0.5886625371825441,0.0,0.3508771929824561,0.02565399657097682
1010,113,99.12280701754386,114,0,100,14,0,0.0,1.7873293874519687,1.7833260431993103,2.6967381472216223,1.3675671239840004,0.6905533903268547,1.3962491563132864,9.228070175438596,2.4305875750258568,0.42275200992069517,0.02579371097741422,0.005830308943753535,0.0,0.02579371097741422,0.0009437972659839811,0,0,0,14,0,0.8571428571428571,0.30701754385964913,0.3303014099281158,0.1806671713930043,0.8700761821168999,0.5836357073822637,0.0,0.3508771929824561,0.025556605235106625
1011,112,98.24561403508773,114,1,101,12,0,0.008771929824561403,1.7849266124206526,1.7763076467860601,2.782829939839864,1.368964897530929,0.7054811956037041,1.4500546069763836,9.228070175438596,2.4305875750258568,0.42238512365816816,0.03947447819384299,0.0058080351378234935,0.0,0.03947447819384299,0.0005255246238556205,0,1,0,12,0,0.7692307692307693,0.30701754385964913,0.33426567251517075,0.17320056704356313,0.8929384921079316,0.581628119263564,0.008771929824561403,0.3333333333333333,0.025561578415029367
1012,113,99.12280701754386,114,0,108,6,0,0.0,1.7748648440718522,1.7657899211831085,2.7440063408698467,1.370026263165345,0.7126619387540182,1.5285822009453325,9.228070175438596,2.4305875750258568,0.4217412859987757,0.002219813888284497,0.0051114216925105364,0.0,0.002219813888284497,0.004044616847131144,0,0,0,6,0,1.0,0.30701754385964913,0.33238667476142475,0.16862658741078454,0.891267308776663,0.580746538640533,0.0,0.3684210526315789,0.025524168283903224
1013,113,99.12280701754386,114,0,107,7,0,0.0,1.7745115218638556,1.7654823981075267,2.721196807907418,1.3710558516843931,0.7137149368684316,1.465159466976181,9.228070175438596,2.4305875750258568,0.4185525963623349,0.003128774230804568,0.004650489422865746,0.0,0.003128774230804568,0.007700834009289352,0,0,0,7,0,1.0,0.2894736842105263,0.328923615530085,0.16861950788606747,0.874795658982736,0.5846209177725539,0.0,0.3684210526315789,0.02553491419817218
1014,113,99.12280701754386,114,0,107,7,0,0.0,1.7941048287851376,1.7843939113092282,3.0800156331234216,1.3724281438649273,0.7059599988036036,1.4890648171674128,9.228070175438596,2.4305875750258568,0.4266778754447098,0.0023658373216017127,0.005875499749698159,0.0,0.0023658373216017127,0.0012737588586951049,0,0,0,7,0,1.0,0.30701754385964913,0.3474499696269903,0.15954427153470122,0.8529854422415851,0.5902864434889801,0.0,0.3333333333333333,0.025649558114395146
1015,113,99.12280701754386,114,0,107,7,0,0.0,1.7845418958460002,1.7751534740755999,2.810961852114335,1.3735874037468054,0.7183063282866065,1.4799038053575209,9.228070175438596,2.4305875750258568,0.4217526759029995,0.0029317402677443874,0.0056285826729602,0.0,0.0029317402677443874,0.006660440419212369,0,0,0,7,0,1.0,0.3157894736842105,0.3342698111916474,0.17615040827490763,0.8930618252715914,0.5803068358258916,0.0,0.3333333333333333,0.025615831863025053
1016,114,100.0,114,0,107,7,0,0.0,1.7710457467023701,1.7618104842076592,2.6846727718797934,1.374459036358939,0.7272465852700635,1.475543326814769,9.228070175438596,2.4305875750258568,0.41857909618926437,0.0030329972513411523,0.005825607889309568,0.0,0.0030329972513411523,0.006363471007230924,0,0,0,7,0,1.0,0.30701754385964913,0.3284159827099143,0.18490748608161725,0.8923491217106249,0.5734620669666574,0.0,0.3684210526315789,0.0255589440142921
1017,114,100.0,114,0,107,7,0,0.0,1.7747357314454082,1.7657179507197884,2.6881848323894255,1.3753854626935356,0.7162936195881963,1.4755677010669757,9.228070175438596,2.4305875750258568,0.42085958187538175,0.0017178857011955326,0.004739277305696724,0.0,0.0017178857011955326,0.007587064249407059,0,0,0,7,0,1.0,0.32456140350877194,0.32992035472124703,0.18372230471978582,0.8715187350621669,0.5764174680947438,0.0,0.40350877192982454,0.025588652739697522
1018,114,100.0,114,0,106,8,0,0.0,1.7730901407372668,1.7640088027350784,2.609023814595197,1.3762561375539075,0.7190761070006908,1.4685498067470608,9.228070175438596,2.4305875750258568,0.4198021042683977,0.00234170041635132,0.0050011847259580616,0.0,0.00234170041635132,0.00631105691957741,0,0,0,8,0,1.0,0.2807017543859649,0.3253505269828438,0.1848410308986381,0.9041346637693677,0.5724975880459526,0.0,0.3684210526315789,0.02559100604364435
1019,114,100.0,114,0,107,7,0,0.0,1.76486910171931,1.7559264946782704,2.356453499167143,1.376948491838981,0.7124737067534099,1.4616707734759187,9.228070175438596,2.4305875750258568,0.4188089013042049,0.0018858719390671835,0.006280994131758228,0.0,0.0018858719390671835,-0.0008247669710677665,0,0,0,7,0,1.0,0.3157894736842105,0.31723327333647844,0.20968196363852326,0.8993798445724067,0.5628643676120005,0.0,0.3333333333333333,0.025558314987168648
1020,114,100.0,114,0,108,6,0,0.0,1.7670513099796237,1.757984263476428,2.5146319252685245,1.3776640305450112,0.7053064166415376,1.4602370148649841,9.228070175438596,2.4305875750258568,0.4225900225431789,0.003038335304724168,0.005914403247420304,0.0,0.003038335304724168,0.001004570527208463,0,0,0,6,0,1.0,0.2807017543859649,0.32668253255635793,0.19913297244502284,0.886423922561726,0.5662059180052023,0.0,0.3333333333333333,0.02557792192591185
1021,114,100.0,114,0,109,5,0,0.0,1.7817059999716072,1.7726420295567151,2.7112602542050923,1.3786471933290572,0.7096095987474007,1.4552691971315574,9.228070175438596,2.4305875750258568,0.42223782869993554,0.002672214779657155,0.00594110043968286,0.0,0.002672214779657155,-0.0009381575884351623,0,0,0,5,0,1.0,0.2894736842105263,0.3308950722456362,0.18662060740848116,0.8710967050314825,0.5639111774373579,0.0,0.3684210526315789,0.02566314369210742
1022,114,100.0,114,0,107,7,0,0.0,1.8030486314618608,1.7934836951206006,2.7710005954486197,1.3800117194275312,0.7030988744964926,1.4531547215726872,9.228070175438596,2.4305875750258568,0.4246540615283161,0.001923657206524229,0.005137429182906752,0.0,0.001923657206524229,0.003445206718082461,0,0,0,7,0,1.0,0.2982456140350877,0.3334560711060747,0.1954502676818251,0.8796183464603446,0.5647133328725943,0.0,0.3684210526315789,0.025786439850462434
1023,114,100.0,114,0,110,4,0,0.0,1.7996727051919585,1.7894817013546525,2.764036913216643,1.3812652619536148,0.6977014213504692,1.4421644640829088,9.228070175438596,2.4305875750258568,0.42730213271569695,0.0033073370299163862,0.0062171335299870435,0.0,0.0033073370299163862,-0.009135641891198976,0,0,0,4,0,1.0,0.3157894736842105,0.33639656837750115,0.20633219749135945,0.8541610551819114,0.5639392059310588,0.0,0.40350877192982454,0.025784794443556254
1024,114,100.0,114,0,109,5,0,0.0,1.8010073788228027,1.7911399748431713,2.812489980032067,1.3825205806623093,0.6878487377100221,1.4338811599163763,9.228070175438596,2.4305875750258568,0.4274769444703621,0.006709139477404572,0.005384826102737116,0.0,0.006709139477404572,0.0005161828146592829,0,0,0,5,0,1.0,0.2982456140350877,0.3384019355734533,0.20140688277605318,0.8582330097549904,0.5655362253803315,0.0,0.40350877192982454,0.025806723621990723
1025,114,100.0,114,0,107,7,0,0.0,1.793664951713924,1.7838653457183726,2.745411103564567,1.3836039347651343,0.6864010050368387,1.4253741302886143,9.228070175438596,2.4305875750258568,0.42638378130664645,0.020949867167882247,0.005261506334400804,0.0,0.020949867167882247,0.005342875627809948,0,0,0,7,0,0.8571428571428571,0.2982456140350877,0.33653975504603967,0.20044651530923854,0.8859541336755629,0.5637036506850658,0.0,0.3684210526315789,0.02578317742155473
1026,114,100.0,114,0,109,5,0,0.0,1.8078714576353327,1.7982821728336287,2.846295623071169,1.3849412878846035,0.6807120008882507,1.4047923630096433,9.228070175438596,2.4305875750258568,0.42975129764009634,0.027636420500435688,0.0066755416745217875,0.0,0.027636420500435688,-0.004660699997897177,0,0,0,5,0,0.8,0.3157894736842105,0.3413152656514594,0.1979765398027988,0.8475073333112113,0.572335351929927,0.0,0.40350877192982454,0.02587046272053979
1027,113,99.12280701754386,114,1,108,5,0,0.008771929824561403,1.8059373382848418,1.8022484448541984,2.554221273204609,1.386207785262798,0.6885814992732828,1.4032382043319307,9.228070175438596,2.4305875750258568,0.4264693157994843,0.029946822940545213,0.005998751056336779,0.0,0.029946822940545213,0.0004261530425485975,0,1,0,5,0,0.8333333333333334,0.32456140350877194,0.3283078268144589,0.23370693783883967,0.8540157105390191,0.5640267568590368,0.008771929824561403,0.42105263157894735,0.025876183787743548
1028,112,98.24561403508773,114,1,99,13,1,0.008771929824561403,1.82098609760174,1.8164320517390389,2.7197781591330377,1.3878472688682895,0.694868808913448,1.4209940926579103,9.228070175438596,2.4305875750258568,0.42879363591697284,0.08864381425694917,0.008555378136513239,0.0,0.08864381425694917,-0.0050528056957984385,0,2,0,13,0,0.6666666666666666,0.3157894736842105,0.3348366400602803,0.22310148261318377,0.8591595564916042,0.5605305902568368,0.008771929824561403,0.40350877192982454,0.02597135212673287
1029,112,98.24561403508773,114,0,105,9,0,0.0,1.8368859490236806,1.8322292404020089,2.744459239127893,1.3897415746014024,0.6806122690865022,1.4080763381016137,9.228070175438596,2.4305875750258568,0.42861984465744163,0.011168001281414607,0.004657360888043045,0.0,0.011168001281414607,-0.005100223396226832,0,0,0,9,0,1.0,0.2982456140350877,0.3341497373315338,0.23202851584966974,0.880813082944731,0.5575271270380395,0.0,0.40350877192982454,0.026073872763733595
1030,112,98.24561403508773,114,0,105,9,0,0.0,1.8394643010764797,1.8345440056407543,2.7332275376224535,1.391634847491761,0.6653376508528404,1.3836728604643396,9.228070175438596,2.4305875750258568,0.43332542191129697,0.014920993146391816,0.004870597739269112,0.0,0.014920993146391816,-0.004419150962370567,0,0,0,9,0,1.0,0.3157894736842105,0.3390014467780784,0.2432168009788049,0.8446849583087576,0.5593454708842029,0.0,0.40350877192982454,0.02610977335181479
1031,112,98.24561403508773,114,0,106,8,0,0.0,1.827122824585364,1.8221699850193567,2.6236855903029572,1.3932414936002806,0.6761137994840691,1.385222400459911,9.228070175438596,2.4305875750258568,0.43061091825266695,0.012827673143083017,0.004469541561680274,0.0,0.012827673143083017,0.003977329691846734,0,0,0,8,0,1.0,0.2894736842105263,0.3337127915337575,0.24825224756498146,0.8549628520081927,0.5557764000636151,0.0,0.43859649122807015,0.026067591439703365
1032,112,98.24561403508773,114,1,105,8,0,0.008771929824561403,1.8415270217698234,1.8332484631798371,2.918797731581477,1.3950886420759119,0.6701254083491347,1.375391615250742,9.228070175438596,2.4305875750258568,0.435784388225394,0.011564918060134478,0.005041895729723755,0.0,0.011564918060134478,-0.003279797747484498,0,1,0,8,0,1.0,0.30701754385964913,0.3472880610445517,0.23546183348134217,0.840907077395917,0.5593454269483868,0.008771929824561403,0.45614035087719296,0.026162060706296147
1033,113,99.12280701754386,114,0,105,9,0,0.0,1.8433649277755872,1.83479073748363,2.9427557210831248,1.3968567474354194,0.6691493777084243,1.395610952819931,9.228070175438596,2.4305875750258568,0.43835120048316045,0.0021871073704461067,0.00465057036665758,0.0,0.0021871073704461067,-0.003209882967977794,0,0,0,9,0,1.0,0.32456140350877194,0.3513814587047674,0.2331901692417607,0.8429470444907897,0.564461451722659,0.0,0.45614035087719296,0.026192737910915746
1034,113,99.12280701754386,114,0,105,9,0,0.0,1.8360759254570225,1.827937159817843,2.819015745844318,1.3984486116799946,0.68756999607803,1.42168963922418,9.228070175438596,2.4305875750258568,0.4342779142624884,0.003189461738699041,0.004206755122659717,0.0,0.003189461738699041,0.0009444232906768866,0,0,0,9,0,1.0,0.30701754385964913,0.3440317771326583,0.24392898945988548,0.8356561503392002,0.5563320594043514,0.0,0.42105263157894735,0.026175638726592884
1035,113,99.12280701754386,114,0,105,9,0,0.0,1.8207101369876622,1.812324497181972,2.637376000223054,1.3996982007195031,0.702011206091269,1.4352452547450856,9.228070175438596,2.4305875750258568,0.4330768926788322,0.00830666932470767,0.004137344193879467,0.0,0.00830666932470767,0.003057129390467502,0,0,0,9,0,0.8888888888888888,0.32456140350877194,0.3383043959916735,0.2634333605823702,0.8449566190257061,0.5530467823025981,0.0,0.45614035087719296,0.02611399596221267
1036,113,99.12280701754386,114,0,106,8,0,0.0,1.8282935653689865,1.8202017891487459,2.5676646686093356,1.4010705889869126,0.7028943144250365,1.4342008000200204,9.228070175438596,2.4305875750258568,0.43254541771176647,0.004457628663427967,0.004501785976435798,0.0,0.004457628663427967,-0.0014373638232528033,0,0,0,8,0,1.0,0.30701754385964913,0.33517878519525224,0.2786196201380869,0.8339883489217269,0.5471954659961897,0.0,0.42105263157894735,0.026168591653473676
1037,114,100.0,114,0,105,9,0,0.0,1.8403256775007348,1.8321861043639018,2.5237417571733314,1.4026426515768704,0.7073016893052506,1.4261842512918015,9.228070175438596,2.4305875750258568,0.4307118236261187,0.003829175480929236,0.004232320745518532,0.0,0.003829175480929236,0.007188768769147671,0,0,0,9,0,1.0,0.30701754385964913,0.3307606924547897,0.28999476351987585,0.831547045794127,0.5419512100434936,0.0,0.42105263157894735,0.02624785739312399
1038,114,100.0,114,0,105,9,0,0.0,1.8312998624728825,1.8237992170808837,2.4952161453177997,1.4040134232966592,0.7131402993950637,1.4393709635585172,9.228070175438596,2.4305875750258568,0.42875572353364966,0.010545930242250137,0.004138427668322679,0.0,0.010545930242250137,0.009795034329554888,0,0,0,9,0,0.8888888888888888,0.3157894736842105,0.32796995381822497,0.27969351953759747,0.8459631811931484,0.5414828170710717,0.0,0.42105263157894735,0.026219387221536307
1039,114,100.0,114,0,105,9,0,0.0,1.8266954597648053,1.8194979992492424,2.6105820520129694,1.4052672413163922,0.7208021683214044,1.4576776552249433,9.228070175438596,2.4305875750258568,0.43014134245284263,0.005041574704633585,0.004146222880952993,0.0,0.005041574704633585,0.005696195585224939,0,0,0,9,0,1.0,0.30701754385964913,0.33393238054232094,0.2642047051849661,0.8374648416560271,0.5438252999480229,0.0,0.38596491228070173,0.026211602780496453
1040,114,100.0,114,0,104,10,0,0.0,1.8241962516508339,1.8172267592984515,2.3309847524979435,1.4064464206102902,0.7303645905466253,1.4599304152711974,9.228070175438596,2.4305875750258568,0.424723234784266,0.00925817333300405,0.0046928593985058695,0.0,0.00925817333300405,0.010770613193346512,0,0,0,10,0,0.9,0.30701754385964913,0.31912361714055015,0.2889937690950421,0.8553805227620036,0.534336999685409,0.0,0.38596491228070173,0.026213437232628978
1041,114,100.0,114,0,105,9,0,0.0,1.824983224586848,1.817920058283379,2.329576414114725,1.4076104199099715,0.7232950528160741,1.4464936523268237,9.228070175438596,2.4305875750258568,0.428354728043125,0.005354864498203758,0.0034826608513982265,0.0,0.005354864498203758,0.012871715056265276,0,0,0,9,0,1.0,0.34210526315789475,0.3225051331307024,0.2860705876640447,0.832615809768068,0.5428446749900051,0.0,0.42105263157894735,0.026231518108484772
1042,114,100.0,114,0,104,10,0,0.0,1.8227806476795874,1.8159177912951214,2.3435655317365827,1.408707193705193,0.7263395072312563,1.4416793780863024,9.228070175438596,2.4305875750258568,0.4299790302432238,0.07709639110491198,0.004392585762308075,0.1,0.035906330044214424,0.011086560518165794,0,0,0,10,0,0.9,0.3508771929824561,0.3252252029815438,0.28626765046940084,0.8595973183600643,0.5471698095206726,0.0,0.38596491228070173,0.02623383424774486
1043,114,100.0,114,0,104,10,0,0.0,1.816883542348303,1.8098716615930541,2.3938468514518494,1.4096597442709746,0.7338773363114748,1.4944604993393547,9.228070175438596,2.4305875750258568,0.4308466054704587,0.06766454760209445,0.0051060387082030164,0.1,0.0509510509571006,0.012704625106382983,0,0,0,10,0,0.8,0.3508771929824561,0.3275565736051213,0.27171433858315325,0.8743389053718988,0.5540021048946039,0.0,0.3508771929824561,0.026215925008937303
1044,113,99.12280701754386,114,1,105,8,0,0.008771929824561403,1.8289158551899531,1.8165353250598395,2.5231820852969022,1.410817588397262,0.7327185125776818,1.5042347938180816,9.228070175438596,2.4305875750258568,0.4345007263441114,0.06571252807752367,0.004512085225916943,0.1111111111111111,0.05533724340042792,0.010225133731107795,0,1,0,8,0,0.8888888888888888,0.3508771929824561,0.3354977919039065,0.26313593169998595,0.8827915749722122,0.5457584639175045,0.008771929824561403,0.3333333333333333,0.02629015778088141
1045,113,99.12280701754386,114,0,111,3,0,0.0,1.8195399685364047,1.8072257457758725,2.439727759086282,1.4116673949309964,0.737689580480785,1.5135449938539713,9.228070175438596,2.4305875750258568,0.4342686027604632,0.012201542481985113,0.00497545617123676,0.0,0.012201542481985113,0.016755296338593257,0,0,0,3,0,1.0,0.3508771929824561,0.3335752728087491,0.27801454153070615,0.8701505093391297,0.5431389074759118,0.0,0.38596491228070173,0.026253605993624016
1046,113,99.12280701754386,114,0,111,3,0,0.0,1.8114276914991523,1.799388075759193,2.3178842582747405,1.412344145025832,0.7367440339060278,1.51184964113885,9.228070175438596,2.4305875750258568,0.43060595596567297,0.011978641663746204,0.005013886245189344,0.0,0.011978641663746204,0.017359135398086905,0,0,0,3,0,1.0,0.3684210526315789,0.32606646669193995,0.2829193471965378,0.8701505093391297,0.5409294084125131,0.0,0.38596491228070173,0.026221269110297284
1047,113,99.12280701754386,114,0,112,2,0,0.0,1.7985943858917681,1.7865217337949766,2.2625696595924754,1.4127542639496347,0.7519520420922117,1.5618531540584373,9.228070175438596,2.4305875750258568,0.43084287730713244,0.004635860374508566,0.005432314403721123,0.0,0.004635860374508566,0.008611482222148636,0,0,0,2,0,1.0,0.3684210526315789,0.32552616449508975,0.2898456802137,0.8789197555208259,0.5398325232208265,0.0,0.3508771929824561,0.026162086732062752
1048,113,99.12280701754386,114,0,113,1,0,0.0,1.7896691803519158,1.777655486697325,2.2864928802538023,1.4129820130535715,0.7674102341399394,1.5774643738624712,9.228070175438596,2.4305875750258568,0.429386524507682,0.008771172467402742,0.004297900233470233,0.0,0.008771172467402742,0.011795816348787458,0,0,0,1,0,1.0,0.35964912280701755,0.3263797367081823,0.2839163048476245,0.8714328536972811,0.5368708352804055,0.0,0.3508771929824561,0.02612022852507475
1049,114,100.0,114,0,113,1,0,0.0,1.7953040240219407,1.7829188617739127,2.3334533166993854,1.4133065712685966,0.760762931906307,1.5553018926692326,9.228070175438596,2.4305875750258568,0.43156760527874494,0.01079972645310594,0.004645209041538579,0.0,0.01079972645310594,0.017982840992044502,0,0,0,1,0,1.0,0.35964912280701755,0.33119775865110257,0.29517603639246576,0.8681492996972862,0.5338698358572648,0.0,0.38596491228070173,0.026152347079248933
1050,114,100.0,114,0,112,2,0,0.0,1.8288247948303047,1.8161028730436832,2.534912399498315,1.4142684939758279,0.744395929133339,1.4759710830200001,9.228070175438596,2.4305875750258568,0.43711118404469684,0.003432416053067733,0.003776429074211946,0.0,0.003432416053067733,0.01667082843327805,0,0,0,2,0,1.0,0.34210526315789475,0.3416070861723941,0.28445528780033974,0.8771343195542053,0.5446446276868417,0.0,0.3508771929824561,0.026331641120192414
1051,114,100.0,114,0,113,1,0,0.0,1.8258901083001167,1.8130534805527119,2.4787458248627585,1.4151477417852565,0.7478584054905613,1.4708027664693915,9.228070175438596,2.4305875750258568,0.4356318488129256,0.006429777406496672,0.004896976079197538,0.0,0.006429777406496672,0.0016375375179518148,0,0,0,1,0,1.0,0.34210526315789475,0.3388893713012843,0.29349329391027057,0.8868627435782549,0.53875087528646,0.0,0.3508771929824561,0.0263276531315463
1052,114,100.0,114,0,111,3,0,0.0,1.8422537028337833,1.8293949280818311,2.6181980306820503,1.4163233732612532,0.7561939083009416,1.4987273317994017,9.228070175438596,2.4305875750258568,0.43472076972499796,0.008595008702110747,0.004716036235755721,0.0,0.008595008702110747,0.008770781059319721,0,0,0,3,0,1.0,0.3157894736842105,0.34134059447172416,0.27583019380428303,0.8970482068195917,0.5398772473755487,0.0,0.3157894736842105,0.026423758480506473
1053,114,100.0,114,0,112,2,0,0.0,1.809500886330419,1.7974010965841873,2.3815055927996567,1.4168483195101413,0.7743353337965938,1.5381457057533625,9.228070175438596,2.4305875750258568,0.4271316163351506,0.002812965726648965,0.004856088156690849,0.0,0.002812965726648965,0.0053955431283206345,0,0,0,2,0,1.0,0.3333333333333333,0.3277929899920332,0.2827430519687969,0.899601462005389,0.5332804732513627,0.0,0.3157894736842105,0.026266374037140168
1054,113,99.12280701754386,114,1,110,3,0,0.008771929824561403,1.821274112937599,1.8133881519241455,2.4478740534306143,1.4175874762014502,0.7775624384830666,1.546487466558931,9.228070175438596,2.4305875750258568,0.4285687946895249,0.0015186528349870124,0.004740584005739305,0.0,0.0015186528349870124,0.005859660397501437,0,1,0,3,0,1.0,0.30701754385964913,0.3304318300659359,0.28480738149561924,0.8795417738918425,0.5353712592006892,0.008771929824561403,0.3157894736842105,0.02633422309552553
1055,113,99.12280701754386,114,0,111,3,0,0.0,1.8458889167168933,1.8376891791922172,2.7213341198912584,1.418865087025408,0.7609263161970339,1.5337338074714537,9.228070175438596,2.4305875750258568,0.43454063377460583,0.003212143251986521,0.005204235730157816,0.0,0.003212143251986521,-0.005976308275457513,0,0,0,3,0,1.0,0.3157894736842105,0.343602892188143,0.266873926689328,0.8749829277284389,0.542380906558922,0.0,0.3157894736842105,0.026472823839394158
1056,113,99.12280701754386,114,0,110,4,0,0.0,1.8399772313402654,1.8322241525581655,2.7143171682822183,1.4200053785927496,0.7599308451621521,1.5402038622804741,9.228070175438596,2.4305875750258568,0.4346816645696716,0.001133054668532009,0.004255067132345873,0.0,0.001133054668532009,0.0008647174818223191,0,0,0,4,0,1.0,0.3157894736842105,0.3429585674524059,0.2654858656407249,0.8717308266730942,0.5405721353493613,0.0,0.3508771929824561,0.02645712330508845
1057,113,99.12280701754386,114,0,110,4,0,0.0,1.844797479267744,1.8367695062664517,2.7624323160340247,1.4212063374169164,0.7425415311056636,1.4346458892701508,9.228070175438596,2.4305875750258568,0.43963195703793123,0.0012755933706128505,0.003895066761302091,0.0,0.0012755933706128505,-0.003295902587414995,0,0,0,4,0,1.0,0.32456140350877194,0.3496439074626929,0.2707243959148843,0.8872792379153186,0.5452751251744904,0.0,0.2807017543859649,0.02649581972270653
1058,113,99.12280701754386,114,0,110,4,0,0.0,1.8438786143877743,1.8359709334426029,2.9978360058939,1.4223625778756543,0.7311667289202282,1.4213280345563861,9.228070175438596,2.4305875750258568,0.4415317604943645,0.0024167763340703086,0.0033366214125480293,0.0,0.0024167763340703086,-0.005506812403837602,0,0,0,4,0,1.0,0.34210526315789475,0.3592817924134666,0.24534560237866493,0.8889921907432036,0.549166638488146,0.0,0.2807017543859649,0.02650527711677044
1059,114,100.0,114,0,110,4,0,0.0,1.8334835053204288,1.826074379256176,2.931615818009079,1.4232982793643363,0.74149168090316,1.4558681331956127,9.228070175438596,2.4305875750258568,0.4390840341184965,0.0025597470707148023,0.004192592896237494,0.0,0.0025597470707148023,-0.0008630917542116756,0,0,0,4,0,1.0,0.34210526315789475,0.35578307458828295,0.24801368200510804,0.8924203167816795,0.5445564258477276,0.0,0.24561403508771928,0.026464673093495327
1060,114,100.0,114,0,108,6,0,0.0,1.8785992564589675,1.870788715013592,3.2398795754823544,1.425080694680235,0.717682255123248,1.4366119865419023,9.228070175438596,2.4305875750258568,0.44436413988715917,0.003062711641577412,0.004039400168856113,0.0,0.003062711641577412,0.0030338804955056995,0,0,0,6,0,1.0,0.3333333333333333,0.36596143733279224,0.2383399762230319,0.8808207524816131,0.552528737004801,0.0,0.3157894736842105,0.026711913431789816
1061,114,100.0,114,0,108,6,0,0.0,1.8766119778135415,1.8687069527199405,3.081744653319525,1.426779307586409,0.7228891519940192,1.4577856451327578,9.228070175438596,2.4305875750258568,0.44438064116014764,0.004378570230926376,0.004562592043826814,0.0,0.004378570230926376,-0.0004741588508497078,0,0,0,6,0,1.0,0.34210526315789475,0.3619252078124451,0.2630507162901681,0.8864759689701402,0.5481421503597533,0.0,0.3157894736842105,0.026722620175685313
1062,114,100.0,114,0,108,6,0,0.0,1.8923989181450738,1.8840892059875511,3.266836630139448,1.4287357375276835,0.7234254057329459,1.4703969705633926,9.228070175438596,2.4305875750258568,0.4459748684835636,0.0047717671904814185,0.004585773507511566,0.0,0.0047717671904814185,0.0052454468508398855,0,0,0,6,0,1.0,0.3684210526315789,0.3679673742924259,0.2553972321337866,0.8818526097178044,0.5527197357411101,0.0,0.3157894736842105,0.026825331248876327
1063,114,100.0,114,0,109,5,0,0.0,1.8823089633687353,1.8741238420080764,3.2429087245100363,1.4304508412069377,0.7287310071633483,1.4626808426602529,9.228070175438596,2.4305875750258568,0.4442705932953568,0.0025226782287250614,0.004342067486458742,0.0,0.0025226782287250614,0.006708018108182978,0,0,0,5,0,1.0,0.3684210526315789,0.3665492605772737,0.25127797082043357,0.8925898467352039,0.5513513619249809,0.0,0.3157894736842105,0.026795725023458016
1064,114,100.0,114,0,108,6,0,0.0,1.9079834288278552,1.8999434171627345,3.371823744713297,1.4326263116977724,0.7096571387895013,1.4549420065017395,9.228070175438596,2.4305875750258568,0.4451687865825289,0.001629405422494723,0.0049185953767978295,0.0,0.001629405422494723,0.0050235280595120795,0,0,0,6,0,1.0,0.32456140350877194,0.3683471899278828,0.24232770721809077,0.8849729664360967,0.5566030204187105,0.0,0.3157894736842105,0.026950535708477906
1065,114,100.0,114,0,108,6,0,0.0,1.9050484633930047,1.897318285554048,3.134366836652711,1.4346978605749916,0.7374435526174564,1.4899053154840913,9.228070175438596,2.4305875750258568,0.4416964203036142,0.003399288482535882,0.005093991938296946,0.0,0.003399288482535882,0.009362371375557696,0,0,0,6,0,1.0,0.34210526315789475,0.35844129361152105,0.2663087857003463,0.8831958294908081,0.5498101647832093,0.0,0.3157894736842105,0.026961036286113793
1066,114,100.0,114,0,106,8,0,0.0,1.914813203631789,1.907061100079837,3.265985696544607,1.4369085047540473,0.7479533108538527,1.5392796350602787,9.228070175438596,2.4305875750258568,0.44259891923429673,0.003413479738977872,0.0056599873425933235,0.0,0.003413479738977872,0.00286101488363652,0,0,0,8,0,1.0,0.34210526315789475,0.3619931321726551,0.2612298123225485,0.8880804758953682,0.5511062485309964,0.0,0.2807017543859649,0.027036725808679794
1067,114,100.0,114,0,107,7,0,0.0,1.8916756993251247,1.884405417976813,2.9870098410247583,1.4386248843349725,0.7640884873779523,1.530050890164871,9.228070175438596,2.4305875750258568,0.4386269359242463,0.003881619183694339,0.005509996950740096,0.0,0.003881619183694339,0.0018373741682303768,0,0,0,7,0,1.0,0.3333333333333333,0.3506034962126664,0.2718614790508634,0.8864654110499326,0.5479081980629551,0.0,0.3157894736842105,0.026941897341563596
1068,114,100.0,114,0,107,7,0,0.0,1.8724715822767815,1.8659966893810682,2.8826798623946366,1.4399415935910886,0.7848793711659453,1.544453739756098,9.228070175438596,2.4305875750258568,0.43326007691172386,0.004094384920767357,0.005305480963123857,0.0,0.004094384920767357,0.009251939450812232,0,0,0,7,0,1.0,0.35964912280701755,0.34306666041966877,0.27298418439873456,0.8874912366325832,0.5382381643747817,0.0,0.3157894736842105,0.026861878642111068
1069,114,100.0,114,0,107,7,0,0.0,1.8975126176602968,1.890799458158624,3.251766434584428,1.441708581488562,0.7702917729613623,1.5316850286492858,9.228070175438596,2.4305875750258568,0.43806344817683573,0.0035472887037410364,0.004828369011776917,0.0,0.0035472887037410364,0.005291786884846645,0,0,0,7,0,1.0,0.34210526315789475,0.3579776883637973,0.2591619151532038,0.8913671113536844,0.5455393732308619,0.0,0.3157894736842105,0.02700855791317274
1070,114,100.0,114,0,109,5,0,0.0,1.9003443353424228,1.8935300163290554,3.339252225398266,1.4434857160838428,0.7768246039949703,1.5437188592715627,9.228070175438596,2.4305875750258568,0.4413073918999846,0.0028823795654574166,0.0045447210200495105,0.0,0.0028823795654574166,0.00881134506950192,0,0,0,5,0,1.0,0.3508771929824561,0.36428215361884303,0.2534785851544881,0.8900676341294412,0.5461874551474993,0.0,0.3508771929824561,0.027044313907915563
1071,114,100.0,114,0,109,5,0,0.0,1.8987170592374274,1.8918237722205622,3.377822222412115,1.4451864784606185,0.7651918297981903,1.5278700790507471,9.228070175438596,2.4305875750258568,0.4430652390722236,0.006001881183681971,0.005026906586376489,0.0,0.006001881183681971,0.010643001467539336,0,0,0,5,0,1.0,0.32456140350877194,0.3679806131906424,0.24688511590830753,0.8908276288359441,0.5518933474956604,0.0,0.3157894736842105,0.027056846786895898
1072,114,100.0,114,0,107,7,0,0.0,1.8974243248682832,1.889948145241495,3.4545536060587176,1.4468094313133384,0.7644771290900909,1.5282702287207026,9.228070175438596,2.4305875750258568,0.4432730131526559,0.003910522829169762,0.004950779400473692,0.0,0.003910522829169762,0.011630169366491718,0,0,0,7,0,1.0,0.3333333333333333,0.37117882532688223,0.24650606585239515,0.8897520465082489,0.5491081669355741,0.0,0.3157894736842105,0.02707010676024355
1073,114,100.0,114,0,107,7,0,0.0,1.9050462530475973,1.897932558174694,3.605335380823104,1.4485481913946257,0.7699904000160259,1.5363882313949748,9.228070175438596,2.4305875750258568,0.4432455934110573,0.003825931943818987,0.005148875937079649,0.0,0.003825931943818987,0.006223857702349059,0,0,0,7,0,1.0,0.32456140350877194,0.37392460988895865,0.2343632421887876,0.890417917332887,0.5507803413456753,0.0,0.3508771929824561,0.027129347444387757
1074,114,100.0,114,0,108,6,0,0.0,1.9127220906661246,1.9055589225902956,3.7079533003075777,1.450392981762147,0.7751123306550377,1.5683465996294637,9.228070175438596,2.4305875750258568,0.4439579493631296,0.007513810736540596,0.005591515402903283,0.0,0.007513810736540596,0.003189592994052415,0,0,0,6,0,1.0,0.3333333333333333,0.37703046076098173,0.23498691408185102,0.8768757772999036,0.5490179114062007,0.0,0.3157894736842105,0.02719014625520952
1075,114,100.0,114,0,106,8,0,0.0,1.8883412381557065,1.8814042428992515,3.228576404339087,1.4517232523695243,0.7879416681624183,1.5607045311644105,9.228070175438596,2.4305875750258568,0.43733818581627726,0.004898114800761312,0.0055636737842355705,0.0,0.004898114800761312,0.008029316676362391,0,0,0,8,0,1.0,0.2982456140350877,0.35815267608139933,0.2545248156208986,0.8768757772999036,0.5395023623047964,0.0,0.3157894736842105,0.027084408688705992
1076,114,100.0,114,0,106,8,0,0.0,1.8912590475887323,1.8848182790182195,3.24820044976699,1.4530875744949756,0.7778202369855921,1.5863110536224228,9.228070175438596,2.4305875750258568,0.43550381896071344,0.027539123196105277,0.004907333565595411,0.0,0.027539123196105277,0.009182287414342016,0,0,0,8,0,0.875,0.2982456140350877,0.35601566428183623,0.24225803174264687,0.8819577416333422,0.5421461790071574,0.0,0.3157894736842105,0.027115578257903394
1077,114,100.0,114,0,107,7,0,0.0,1.8879098438604671,1.8813548361518566,3.2073936336233295,1.4543513899667802,0.78429652809709,1.5679649703893281,9.228070175438596,2.4305875750258568,0.43499281295033954,0.03309348078997757,0.005044727718293007,0.0,0.03309348078997757,0.0077211410882411,0,0,0,7,0,0.8571428571428571,0.2982456140350877,0.35479063769516933,0.24504064019400082,0.8888191671312146,0.536937945104405,0.0,0.3508771929824561,0.027114191310176537
1078,113,99.12280701754386,114,1,107,6,0,0.008771929824561403,1.916284324016413,1.9075590571339043,3.188518966216402,1.4561318132438439,0.7702375237602292,1.5178823368803758,9.228070175438596,2.4305875750258568,0.43437419452999104,0.03342744384594273,0.0054876544959979266,0.0,0.03342744384594273,0.00904855485507223,0,1,0,6,0,0.8571428571428571,0.2982456140350877,0.3504772417021366,0.24697233320036252,0.8833208277349149,0.5390264908455848,0.008771929824561403,0.3684210526315789,0.027277701084433857
1079,113,99.12280701754386,114,0,107,7,0,0.0,1.9436446229613749,1.934444067730441,3.453829490175698,1.4583539400400047,0.7558937928993243,1.5004978199287327,9.228070175438596,2.4305875750258568,0.44275524807435285,0.008058913735166687,0.004546922955929192,0.0,0.008058913735166687,0.003731260858367883,0,0,0,7,0,1.0,0.32456140350877194,0.3645277906568728,0.24907504505731304,0.8987403663479934,0.5492166700396509,0.0,0.2982456140350877,0.02744150794806307
1080,113,99.12280701754386,114,0,107,7,0,0.0,1.9335431747027927,1.9244900572482373,3.177204570407482,1.4603285033447593,0.7616989727738954,1.5516031229143208,9.228070175438596,2.4305875750258568,0.4372575191600261,0.007809625375655258,0.004662801909040229,0.0,0.007809625375655258,0.002522925324602378,0,0,0,7,0,1.0,0.3333333333333333,0.35174775350820087,0.25748702076478874,0.8726069413206157,0.5472993490271201,0.0,0.3333333333333333,0.02741499745194335
1081,113,99.12280701754386,114,0,106,8,0,0.0,1.9546796817608465,1.9448392429103813,3.553632639785126,1.4626507569818263,0.7531311844990032,1.5335294698300983,9.228070175438596,2.4305875750258568,0.4425855950256996,0.00915413282332314,0.004619647872101516,0.0,0.00915413282332314,0.010140875023663093,0,0,0,8,0,1.0,0.3333333333333333,0.36723927375762283,0.251085405439658,0.8597743782644721,0.5522165451097043,0.0,0.3684210526315789,0.02754890219141519
1082,113,99.12280701754386,114,0,105,9,0,0.0,1.9581066337681796,1.9485831739947546,3.53130692186021,1.4649893658295328,0.7502471930327066,1.5409130516293317,9.228070175438596,2.4305875750258568,0.4439826843882744,0.006621109347277348,0.004774344693825309,0.0,0.006621109347277348,0.011925550344324274,0,0,0,9,0,1.0,0.32456140350877194,0.3671597192133145,0.248368614046972,0.877519641083635,0.5537305607500728,0.0,0.3333333333333333,0.027594457919492256
1083,114,100.0,114,0,104,10,0,0.0,1.9685158865537882,1.9594142846294467,3.4022678159502964,1.4674817404446183,0.7464939465053957,1.5291361528934453,9.228070175438596,2.4305875750258568,0.4403328318254136,0.00538390507633532,0.004090830129440284,0.0,0.00538390507633532,0.012502927424262728,0,0,0,10,0,1.0,0.3157894736842105,0.35741389244330246,0.2544284691571539,0.8908542303403777,0.5474989067156024,0.0,0.3333333333333333,0.027676793857278982
1084,114,100.0,114,0,104,10,0,0.0,1.97297102036244,1.964134358536205,3.342439660305907,1.4700053161359141,0.756235619991533,1.5431931951169273,9.228070175438596,2.4305875750258568,0.4396154109588175,0.002363381835697664,0.004277745732444683,0.0,0.002363381835697664,0.015066823888677755,0,0,0,10,0,1.0,0.2982456140350877,0.3549038599395195,0.2709141617574674,0.8822290255416282,0.5396073251422049,0.0,0.3684210526315789,0.027729738384921748
1085,114,100.0,114,0,106,8,0,0.0,1.967024796818941,1.9585578338802296,3.3896149541971825,1.4723591202576853,0.7665891911604407,1.5408132391439822,9.228070175438596,2.4305875750258568,0.43947477269341984,0.009404361868920467,0.004626809552952055,0.0,0.009404361868920467,0.017316539144251075,0,0,0,8,0,0.875,0.2982456140350877,0.35634284353368945,0.2648773365342095,0.8922564066515255,0.5394953014804651,0.0,0.3333333333333333,0.02772861290246636
1086,114,100.0,114,0,105,9,0,0.0,1.9493920050959481,1.941178246183537,3.1396065666554844,1.474317772229616,0.7728487234654181,1.561898236862113,9.228070175438596,2.4305875750258568,0.4360377697885629,0.006480424823244204,0.004444009225051777,0.0,0.006480424823244204,0.016069681562852933,0,0,0,9,0,1.0,0.30701754385964913,0.34582724555521605,0.26959946722669337,0.913787005214322,0.5370216476739728,0.0,0.2982456140350877,0.027664252319585268
1087,114,100.0,114,0,104,10,0,0.0,1.9537767151509449,1.9453485257698684,3.1918002881338503,1.4763099072880537,0.7632035800799295,1.5857501966050038,9.228070175438596,2.4305875750258568,0.4398653516421893,0.008726078963419686,0.004793120389530716,0.0,0.008726078963419686,0.01749079610743868,0,0,0,10,0,0.9,0.30701754385964913,0.35145463035671876,0.2794354181531381,0.8792806349953809,0.5403750332861891,0.0,0.3333333333333333,0.027710386163464315
1088,114,100.0,114,0,105,9,0,0.0,1.972041527663094,1.9636514095706163,3.2614020295264914,1.4786095158549093,0.7479047846341687,1.5777232228050333,9.228070175438596,2.4305875750258568,0.4428232427448786,0.011362423172325595,0.003995303506673505,0.0,0.011362423172325595,0.014608658281955338,0,0,0,9,0,0.8888888888888888,0.2982456140350877,0.35488058550065255,0.28004669637668067,0.8519558360203252,0.5462666502174955,0.0,0.3684210526315789,0.027829657226075173
1089,114,100.0,114,0,105,9,0,0.0,1.9750707497277749,1.966247303002807,3.327895967766768,1.4809037067922437,0.755308578645345,1.5440405231605658,9.228070175438596,2.4305875750258568,0.4441656338725104,0.005838770912654901,0.004429551740290539,0.0,0.005838770912654901,0.012569412746138117,0,0,0,9,0,1.0,0.3157894736842105,0.35849338539049314,0.28305981800552116,0.8535876811046282,0.541233530475317,0.0,0.3684210526315789,0.027872684496333684
1090,114,100.0,114,0,104,10,0,0.0,1.984311141289459,1.9752482892656027,3.239281639266782,1.4833171568926946,0.7555767329632896,1.538419224998819,9.228070175438596,2.4305875750258568,0.44416000702378855,0.0022889603578224726,0.0046616228863291444,0.0,0.0022889603578224726,0.013283498142174143,0,0,0,10,0,1.0,0.30701754385964913,0.35607243566677677,0.30227477133210257,0.8660797821928944,0.5411523309939482,0.0,0.3333333333333333,0.02794821696327761
1091,114,100.0,114,0,103,11,0,0.0,1.9852803244397177,1.976284729765682,3.096287007098679,1.4856920992500882,0.742029370994752,1.570757962148802,9.228070175438596,2.4305875750258568,0.4448573926798072,0.008933763958217891,0.005209128306741655,0.0,0.008933763958217891,0.012488705574368647,0,0,0,11,0,0.9090909090909091,0.3157894736842105,0.35300161174344263,0.31667697877549655,0.8339201354947506,0.5389899418445494,0.0,0.368421052631579,0.027981925405955323
1092,114,100.0,114,0,105,9,0,0.0,1.9738702367327425,1.9650120708941792,3.0237210984828953,1.4877901230769044,0.7644936192905131,1.6017336939833617,9.228070175438596,2.4305875750258568,0.44321206532251933,0.01101125632194525,0.005146174212388341,0.0,0.01101125632194525,0.008318214422970007,0,0,0,9,0,0.8888888888888888,0.3157894736842105,0.34971101388604764,0.3241241844792046,0.8412431788716512,0.5370837040451188,0.0,0.3333333333333333,0.027950372120648284
1093,114,100.0,114,0,105,9,0,0.0,1.961389840511917,1.952730170699803,2.9510890933096143,1.4895983347251838,0.7715472533080395,1.5933234178753097,9.228070175438596,2.4305875750258568,0.44208747868403386,0.015134183043086157,0.006276809699723251,0.0,0.015134183043086157,0.010031540150540494,0,0,0,9,0,0.7777777777777778,0.34210526315789475,0.3470948629725427,0.3213019573743648,0.8446475814837318,0.5396160359774655,0.0,0.3333333333333333,0.027909945223370782
1094,113,99.12280701754386,114,1,105,8,0,0.008771929824561403,1.9752615482237295,1.9753199676347515,3.136604860905251,1.4916347896606217,0.7984216837882502,1.6321713334512287,9.228070175438596,2.4305875750258568,0.44489187305483546,0.012572549583777848,0.005823323213690463,0.0,0.012572549583777848,0.0114268284362758,0,1,0,8,0,0.8888888888888888,0.3157894736842105,0.35411993769843825,0.3217746739332985,0.8575628519619203,0.5313557792982534,0.008771929824561403,0.3157894736842105,0.02800405267224572
1095,112,98.24561403508773,114,1,102,9,2,0.008771929824561403,1.954572026307015,1.9523288550525446,2.866784640956157,1.4933874817277821,0.8396313566118428,1.6925163083367547,9.228070175438596,2.4305875750258568,0.4427065736624305,0.23430466841303188,0.013679005711369895,0.25,0.0702279058038769,0.01009055306510942,1,2,0,9,0,0.6666666666666666,0.32456140350877194,0.34588627612136114,0.34890346014143464,0.857197548556297,0.5238764984055632,0.008771929824561403,0.3333333333333333,0.02792190542046858
1096,111,97.36842105263158,114,1,107,6,0,0.008771929824561403,1.947876355028973,1.9425761124961662,2.6917971206506834,1.494928255500502,0.8441553286110439,1.6769086697131466,9.228070175438596,2.4305875750258568,0.4387171037603672,0.018527733503149405,0.007117459656258507,0.0,0.018527733503149405,0.0005713395926460871,0,1,0,6,0,0.8571428571428571,0.32456140350877194,0.33702209503904856,0.36454462227461965,0.8561755040936652,0.5121812839009501,0.008771929824561403,0.3157894736842105,0.027907151992017862
1097,111,97.36842105263158,114,0,106,8,0,0.0,1.971322969226235,1.9658068809730997,2.8333600367375062,1.4968172413051044,0.8193020114582982,1.6617432650253452,9.228070175438596,2.4305875750258568,0.44186831438334684,0.003180860480640269,0.004792100276808767,0.0,0.003180860480640269,0.021401806958108505,0,0,0,8,0,1.0,0.2982456140350877,0.34298800794069667,0.36016909060876034,0.8720689984379733,0.518484161788431,0.0,0.3157894736842105,0.028047341790134506
1098,111,97.36842105263158,114,0,103,11,0,0.0,2.006225953940165,2.000655845640252,3.134984800350745,1.499337941339626,0.7845467247447214,1.5783974966204803,9.228070175438596,2.4305875750258568,0.44724198508627366,0.005280934437854053,0.005596165573658963,0.0,0.005280934437854053,0.02265179182272001,0,0,0,11,0,1.0,0.30701754385964913,0.35430698869972826,0.33751655584483387,0.8769901537636984,0.5314471096809371,0.0,0.2807017543859649,0.028252490624625533
1099,112,98.24561403508773,114,0,105,9,0,0.0,2.0012575789994567,1.9961415480550566,3.037156608532599,1.5017095943873406,0.7917727407784412,1.5840150967316755,9.228070175438596,2.4305875750258568,0.44497976932845695,0.009675642215455756,0.004893486614864191,0.0,0.009675642215455756,0.02273947923134012,0,0,0,9,0,0.8888888888888888,0.3157894736842105,0.3487173543568694,0.33952256088301747,0.8815667232143056,0.5270983816983166,0.0,0.2631578947368421,0.02825647130207223
1100,113,99.12280701754386,114,0,104,10,0,0.0,1.9729761586017247,1.9681598376123663,2.832061493301553,1.5034795063489153,0.7953334790530011,1.5708595759106183,9.228070175438596,2.4305875750258568,0.4393725955047878,0.025219756243540004,0.005293796060509476,0.0,0.025219756243540004,0.023953430379084324,0,0,0,10,0,0.9,0.30701754385964913,0.3385120630259085,0.33840588642986175,0.8917296205236283,0.5249132012285664,0.0,0.2631578947368421,0.028136573830197034
1101,114,100.0,114,0,103,11,0,0.0,2.0054204963193607,2.0005935747470365,2.937900339187487,1.5058370633581923,0.7832234118334073,1.597662670403311,9.228070175438596,2.4305875750258568,0.44044648711589507,0.030585312531484596,0.005559340258360941,0.0,0.030585312531484596,0.027216954154163146,0,0,1,10,0,0.9090909090909091,0.2894736842105263,0.3399763156919915,0.34145315655622616,0.905650427485081,0.5228155744009007,0.0,0.2631578947368421,0.028327446762656035
1102,114,100.0,114,0,104,10,0,0.0,2.017522038779687,2.0128276928956015,3.037384237829543,1.5083752066442337,0.7853159704760962,1.609908986310559,9.228070175438596,2.4305875750258568,0.4418857494358617,0.006374182622310817,0.004881098289852814,0.0,0.006374182622310817,0.018269651995556017,0,0,0,10,0,1.0,0.2982456140350877,0.342980985443136,0.34309507156668334,0.912131339218493,0.5239004065152144,0.0,0.2631578947368421,0.028418800372631104
1103,114,100.0,114,0,106,8,0,0.0,2.0174397394729016,2.012902036205628,3.2835528437937938,1.5108531037183335,0.7859559960607982,1.6290327576992518,9.228070175438596,2.4305875750258568,0.4442154583357003,0.030670142322502234,0.004714974872717319,0.0,0.030670142322502234,0.019923133828623055,0,0,0,8,0,0.875,0.2719298245614035,0.35177664247598817,0.3194165517885171,0.8914338999626923,0.5242773534675961,0.0,0.2807017543859649,0.028448502605299675
1104,113,99.12280701754386,114,1,104,9,0,0.008771929824561403,2.0064721445897336,1.9973385848902092,3.312414937591445,1.5130625056071791,0.7895865727680648,1.6635453424779132,9.228070175438596,2.4305875750258568,0.4429661516827066,0.02652109342207195,0.003385815914757083,0.0,0.02652109342207195,0.028436943238509156,0,1,1,8,0,0.9,0.2719298245614035,0.35238922931311234,0.30461696596353127,0.891807435996973,0.5252547412929339,0.008771929824561403,0.2982456140350877,0.02842051535478017
1105,112,98.24561403508773,114,1,100,13,0,0.008771929824561403,2.0131329288588358,2.009629314825541,3.4978279743668184,1.5152508831125007,0.7955570837147078,1.6708226333331377,9.228070175438596,2.4305875750258568,0.44369429672664973,0.008912246543475886,0.004446510395748551,0.0,0.008912246543475886,0.02201178151860589,0,1,0,13,0,0.9285714285714286,0.2719298245614035,0.35719010882255775,0.28263634245132263,0.8836979885400021,0.5312153334131904,0.008771929824561403,0.2807017543859649,0.028480414491995183
1106,111,97.36842105263158,114,1,100,12,1,0.008771929824561403,2.013129351223522,2.0042492832444165,3.4326402745943865,1.5174921883249624,0.8174006109836836,1.675696243441864,9.228070175438596,2.4305875750258568,0.4447328154793928,0.09449291941316393,0.006269160917492045,0.07142857142857142,0.02861779358425045,0.023245457198866972,0,2,0,12,0,0.9285714285714286,0.2982456140350877,0.3579066596630383,0.31963096939110053,0.913532603312327,0.5273617387539994,0.008771929824561403,0.2807017543859649,0.028507635046824867
1107,109,95.6140350877193,114,2,104,8,0,0.017543859649122806,2.0042048722139243,1.9898964525254252,3.261902587282153,1.5194125923020645,0.8397407068950424,1.7030476285424896,9.228070175438596,2.4305875750258568,0.4424611792116069,0.08264924274919017,0.007974171220221721,0.1,0.02775884238929665,0.014390423169168476,0,2,0,8,0,0.9,0.2894736842105263,0.3522391828261876,0.3273595588651908,0.9022590568361035,0.5226220098593671,0.017543859649122806,0.2807017543859649,0.028486351202005752
1108,109,95.6140350877193,114,0,108,6,0,0.0,2.027543549500481,2.0130444592964727,3.414085356115737,1.521624985426118,0.8257446797896301,1.6866742738875575,9.228070175438596,2.4305875750258568,0.4475206181691511,0.001852998943258408,0.009093014393144376,0.0,0.001852998943258408,-0.0010119801155787922,0,0,0,6,0,1.0,0.2894736842105263,0.360347826237392,0.3322396426673302,0.9019077860578169,0.527820523002812,0.0,0.3157894736842105,0.02862993166463052
1109,110,96.49122807017544,114,0,108,6,0,0.0,2.026239505082905,2.0117969504440807,3.302313752373639,1.523759346961656,0.8291599704509632,1.7089869355819671,9.228070175438596,2.4305875750258568,0.44446257926050703,0.0015466973869012173,0.009903255184531794,0.0,0.0015466973869012173,0.0041049403466247485,0,0,0,6,0,1.0,0.2719298245614035,0.35385817204165293,0.3360931508417997,0.9019077860578169,0.5213998752146889,0.0,0.3157894736842105,0.0286493502056871
1110,111,97.36842105263158,114,0,108,6,0,0.0,2.017196925338793,2.003069827162681,3.1756393549368815,1.5256721346715971,0.846234890008007,1.7305875865625877,9.228070175438596,2.4305875750258568,0.44142673231595064,0.0007067127694634505,0.00943991544876503,0.0,0.0007067127694634505,0.005699892248818598,0,0,0,6,0,1.0,0.2631578947368421,0.34744412323058155,0.33974653514920283,0.9062178147138189,0.5171765740073435,0.0,0.2807017543859649,0.028627383297173764
1111,112,98.24561403508773,114,0,107,7,0,0.0,2.0321580246155007,2.017771066663517,3.3341190712583084,1.5278242916016695,0.8196079515287178,1.6975518326108432,9.228070175438596,2.4305875750258568,0.44578660754082367,0.0008278256147721202,0.009514191377358252,0.0,0.0008278256147721202,0.009608393602092948,0,0,0,7,0,1.0,0.2894736842105263,0.3556015721297797,0.3354708235301953,0.9204919804576683,0.5225523479538843,0.0,0.3157894736842105,0.028728343823026005
1112,114,100.0,114,0,106,8,0,0.0,2.020178512891754,2.006279962398645,3.127352170661708,1.5297006973908085,0.8380420012141709,1.7232620806376595,9.228070175438596,2.4305875750258568,0.4380507191426233,0.009384953849344754,0.00954034566373103,0.0,0.009384953849344754,0.006320946396778743,0,0,0,8,0,0.875,0.2982456140350877,0.3414973588651016,0.33607205950554414,0.9210597895380453,0.5151594077785732,0.0,0.2807017543859649,0.02869125010739121
1113,114,100.0,114,0,106,8,0,0.0,2.0439639759351635,2.029409826796823,3.3584254965234424,1.5319812487821256,0.8145435532971892,1.6949032051467643,9.228070175438596,2.4305875750258568,0.44087193644250755,0.0013512267139382187,0.00968063831536323,0.0,0.0013512267139382187,0.009085673829464111,0,0,0,8,0,1.0,0.2982456140350877,0.3490419217143218,0.33093352627134276,0.8995738333242016,0.5153917349315594,0.0,0.3157894736842105,0.028837892821987968
1114,114,100.0,114,0,110,4,0,0.0,2.0310863203358958,2.016499014559947,3.2513347797039116,1.5339553224962317,0.8351540270332467,1.7235740320015467,9.228070175438596,2.4305875750258568,0.43817778233648164,0.0002957760836842499,0.01127109853059647,0.0,0.0002957760836842499,0.00738890212036547,0,0,0,4,0,1.0,0.2982456140350877,0.3442064616875168,0.33872291692979295,0.914627609110158,0.5124465588672584,0.0,0.3157894736842105,0.02879749533920009
1115,114,100.0,114,0,108,6,0,0.0,2.025470120289137,2.0107268134034757,3.1350577214911293,1.535769175896629,0.8419383835920707,1.724616085287284,9.228070175438596,2.4305875750258568,0.43442474218136184,0.011427770428866134,0.009285800587752982,0.0,0.011427770428866134,0.005878984184211844,0,0,0,6,0,0.8333333333333334,0.2807017543859649,0.33733721843186887,0.34585614946864945,0.920503240446291,0.5081208206114881,0.0,0.3157894736842105,0.028791457986655916
1116,114,100.0,114,0,107,7,0,0.0,2.031153935398634,2.0166016941306975,3.0110590825697074,1.5376531772984499,0.8311247524908218,1.6966405421948754,9.228070175438596,2.4305875750258568,0.4340869814174757,0.009560046056050224,0.008528175230204679,0.0,0.009560046056050224,0.009623131645485847,0,0,0,7,0,0.8571428571428571,0.2719298245614035,0.3329611546922746,0.35049601728950364,0.9235619053079835,0.5104099875394992,0.0,0.3157894736842105,0.028842773214196385
1117,114,100.0,114,0,106,8,0,0.0,2.038690522639362,2.024170567995199,2.94282673860354,1.5396385608824608,0.8401908288814169,1.689293048772622,9.228070175438596,2.4305875750258568,0.43470500147244695,0.00857933070012152,0.007897161425507063,0.0,0.00857933070012152,0.006719514964262527,0,0,0,8,0,0.875,0.2807017543859649,0.33112635709048055,0.3584941537947082,0.9082304111248873,0.5140064746473132,0.0,0.3157894736842105,0.02890458439375481
1118,114,100.0,114,0,107,7,0,0.0,2.0439728103877384,2.029673517765006,2.9054307780128426,1.541682691190454,0.8244541520501526,1.6709450988781624,9.228070175438596,2.4305875750258568,0.43605581577074615,0.009531699761089094,0.008285963736252597,0.0,0.009531699761089094,0.009320702329962167,0,0,0,7,0,0.8571428571428571,0.2982456140350877,0.3311658234679584,0.36280583617310835,0.922588491031882,0.5141098665531808,0.0,0.3157894736842105,0.028955838021138405
1119,114,100.0,114,0,108,6,0,0.0,2.0374778973463834,2.0238194756549244,2.8736984833789103,1.5435633070250319,0.8206245165989273,1.6172562788705824,9.228070175438596,2.4305875750258568,0.4377019831346265,0.010330721475668396,0.009210888648959602,0.0,0.010330721475668396,0.01259844791609229,0,0,0,6,0,0.8333333333333334,0.3333333333333333,0.33204291915122114,0.36805685461038234,0.9025221282225057,0.5180031962586602,0.0,0.3157894736842105,0.028946218463336237
1120,113,99.12280701754386,114,1,106,7,0,0.008771929824561403,2.040697938606669,2.0256650476737916,2.8767513406131946,1.545462333848245,0.8236661394200738,1.6263123398253787,9.228070175438596,2.4305875750258568,0.4355884580730167,0.007847578303771061,0.008187755153311332,0.0,0.007847578303771061,0.012572085476793796,0,1,0,7,0,0.875,0.30701754385964913,0.32952186100469566,0.3716211007244507,0.9199994022384309,0.5104852524876189,0.008771929824561403,0.3157894736842105,0.02898539742464338
1121,113,99.12280701754386,114,0,104,10,0,0.0,2.0223605468715644,2.007801051408073,2.7409428328820056,1.5469396086944356,0.8603538698964613,1.6682791042759813,9.228070175438596,2.4305875750258568,0.42955829962836556,0.026905208467377116,0.0068710281181411665,0.0,0.026905208467377116,0.006579093298668048,0,0,2,8,0,0.9,0.2894736842105263,0.3206061314533024,0.36510812475133797,0.9150218446475616,0.5111775729672275,0.0,0.3157894736842105,0.028911663695398104
1122,113,99.12280701754386,114,0,106,8,0,0.0,2.042674800574124,2.0275481279823637,2.9165844615185232,1.5487649530734824,0.8370205373740145,1.6477641633735227,9.228070175438596,2.4305875750258568,0.43332467742027414,0.03435682676261275,0.007521700998575458,0.0,0.03435682676261275,0.007447404028979671,0,0,0,8,0,0.875,0.30701754385964913,0.3283038358119252,0.35815576596281784,0.928470572411138,0.514705205351817,0.0,0.3157894736842105,0.029035418260750175
1123,113,99.12280701754386,114,0,104,10,0,0.0,2.0332617462520326,2.0187874206710017,2.833636135583453,1.5503755815281344,0.8489594450549047,1.6486207752986966,9.228070175438596,2.4305875750258568,0.43170795093677694,0.032881586715569726,0.00628169388911703,0.0,0.032881586715569726,0.004754444285242731,0,0,0,10,0,0.9,0.2982456140350877,0.32472793364204106,0.35317311510457633,0.921103997221683,0.5154653606924029,0.0,0.3157894736842105,0.029007926856689015
1124,112,98.24561403508773,114,1,104,9,0,0.008771929824561403,2.043424516904898,2.0303765438078285,2.9762661438586218,1.5521403985263762,0.8316797864270656,1.6352480921354877,9.228070175438596,2.4305875750258568,0.43543380284959454,0.03543779850958592,0.006180089612982817,0.0,0.03543779850958592,0.008348801205374502,0,1,0,9,0,0.8,0.30701754385964913,0.332349146320181,0.3473497504904201,0.9174069546626253,0.5196609125704826,0.008771929824561403,0.3157894736842105,0.029080188421293948
1125,113,99.12280701754386,114,0,106,8,0,0.0,2.047416153176254,2.034047146886581,2.937515475149678,1.553965704630752,0.826561718274176,1.581105736803557,9.228070175438596,2.4305875750258568,0.43200029769052417,0.0016582590617517693,0.005986046693306065,0.0,0.0016582590617517693,0.011605493552060503,0,0,0,8,0,1.0,0.2982456140350877,0.3275863976344153,0.35085038690471554,0.9350442389325789,0.5139880995622523,0.0,0.24561403508771928,0.029122329434340302
1126,113,99.12280701754386,114,0,105,9,0,0.0,2.029975165266641,2.0172087107878127,2.6367220863211687,1.5554192267232325,0.8578256749354701,1.5975478817876014,9.228070175438596,2.4305875750258568,0.42576449516536985,0.004832192715981863,0.006536982602505015,0.0,0.004832192715981863,0.011973770013703268,0,0,0,9,0,1.0,0.30701754385964913,0.31301860452507224,0.37391873750962046,0.9190761607405716,0.507330311290796,0.0,0.2807017543859649,0.02905278905848228
1127,113,99.12280701754386,114,0,104,10,0,0.0,2.041953173684523,2.0295224986241287,2.688968919024534,1.557076857606064,0.8523059222183459,1.5960613331350924,9.228070175438596,2.4305875750258568,0.4232543251739389,0.004306066431188027,0.006331970766712042,0.0,0.004306066431188027,0.01069188836047399,0,0,0,10,0,1.0,0.2894736842105263,0.31081707713690626,0.3561036672492024,0.9118531297618591,0.5072050610602147,0.0,0.3157894736842105,0.029132824185710636
1128,113,99.12280701754386,114,0,102,12,0,0.0,2.0500070979512315,2.0374976410892516,2.7982173600784366,1.5588492725760963,0.8266793180196651,1.567606538258566,9.228070175438596,2.4305875750258568,0.42465568186003577,0.004647253372574528,0.006252978287015469,0.0,0.004647253372574528,0.01244878228819161,0,0,0,12,0,1.0,0.2719298245614035,0.31550773129271314,0.34642667311928,0.9146620158470854,0.5119078282960821,0.0,0.2807017543859649,0.02919463385606393
1129,114,100.0,114,0,101,13,0,0.0,2.072654241489871,2.059741648745675,2.9404061718053334,1.5610111355171168,0.8111726918365075,1.593952879442241,9.228070175438596,2.4305875750258568,0.4270195396984209,0.004703624148598822,0.006632643234422105,0.0,0.004703624148598822,0.01169116386777367,0,0,0,13,0,1.0,0.2719298245614035,0.32048085672812376,0.3343133620352285,0.9205075405419423,0.514690884497156,0.0,0.2807017543859649,0.029334142559773898
1130,114,100.0,114,0,104,10,0,0.0,2.076444992000612,2.0630535932663725,3.1253497902922343,1.563184852255713,0.8118610149642619,1.6087023605539965,9.228070175438596,2.4305875750258568,0.4336161027348444,0.006276189902242718,0.0068179472382223025,0.0,0.006276189902242718,0.011387922324139932,0,0,0,10,0,1.0,0.2894736842105263,0.33310823018453356,0.3366060261497743,0.9170870006685686,0.5172613732681351,0.0,0.3157894736842105,0.029379513356809887
1131,114,100.0,114,0,105,9,0,0.0,2.0862705459686732,2.072990885339866,3.3257760843140036,1.5654989625744913,0.80517354721399,1.6000616056605215,9.228070175438596,2.4305875750258568,0.4362632027207296,0.005087175728267343,0.006387383710410876,0.0,0.005087175728267343,0.010627677739075136,0,0,0,9,0,1.0,0.2982456140350877,0.3403549451445152,0.3186280997589977,0.9124160270750933,0.5267307556072813,0.0,0.3157894736842105,0.029456764365590506
1132,114,100.0,114,0,109,5,0,0.0,2.0767370985649327,2.0635370838907257,3.1953605532225278,1.5675730000766759,0.8204419125993402,1.5771183922404401,9.228070175438596,2.4305875750258568,0.4337018794109493,0.003372115392426533,0.008043963459040914,0.0,0.003372115392426533,0.014136366654193955,0,0,0,5,0,1.0,0.34210526315789475,0.33424847848636025,0.32264109949667624,0.9210023693171647,0.5216392066020294,0.0,0.3157894736842105,0.029434302777486536
1133,114,100.0,114,0,105,9,0,0.0,2.098810247811659,2.0850562730123183,3.4303641249970225,1.5700150604706598,0.8149165913346863,1.5801969468983794,9.228070175438596,2.4305875750258568,0.43651385587179004,0.008907525752620703,0.007421500405933977,0.0,0.008907525752620703,0.014072817774218526,0,0,0,9,0,1.0,0.30701754385964913,0.3425882891076882,0.3183211874006338,0.9113248020885039,0.5209661600281406,0.0,0.3157894736842105,0.02957434673197557
1134,114,100.0,114,0,105,9,0,0.0,2.1088935318208253,2.095520147923433,3.357330406459722,1.5726012313628976,0.8222562129012377,1.5852906805826645,9.228070175438596,2.4305875750258568,0.43578901978619955,0.018562825414175383,0.005511151660427608,0.0,0.018562825414175383,0.012978813050311776,0,0,0,9,0,0.8888888888888888,0.3157894736842105,0.33790249270086603,0.3159816988830073,0.9083833458112206,0.526676833206639,0.0,0.3157894736842105,0.029656192726209236
1135,113,99.12280701754386,114,1,104,9,0,0.008771929824561403,2.1271492235421956,2.1113430497793115,3.2616288984988717,1.5754873331622412,0.8289099670343787,1.58342437424177,9.228070175438596,2.4305875750258568,0.4356965089755249,0.057999025464631225,0.0070734067358631135,0.0,0.057999025464631225,0.013772501643906875,0,1,0,9,0,0.7,0.2807017543859649,0.3339094026059902,0.323114131062672,0.9217076262379462,0.5321299223831076,0.008771929824561403,0.2982456140350877,0.029782545800684807
1136,113,99.12280701754386,114,0,106,8,0,0.0,2.1255679880945815,2.109588766500648,3.1280002026930185,1.5782140557504583,0.849532968582243,1.6026321613279997,9.228070175438596,2.4305875750258568,0.43327111471466395,0.024349556514125115,0.007275224427859109,0.0,0.024349556514125115,0.012435816511614184,0,0,1,7,0,0.875,0.2719298245614035,0.32832185625265087,0.3411285406450944,0.9302673632467748,0.525347808891354,0.0,0.2982456140350877,0.02980777731366405
1137,112,98.24561403508773,114,1,107,6,0,0.008771929824561403,2.122576298738335,2.104710717714501,3.127449948882148,1.5808214476168794,0.8637614361940992,1.6165104192914952,9.228070175438596,2.4305875750258568,0.4314115849796294,0.010398031833875722,0.007403144782517882,0.0,0.010398031833875722,0.006995268752108208,0,1,0,6,0,0.8571428571428571,0.2631578947368421,0.3263643344607105,0.3324774256998589,0.9350740089089755,0.5236669362794689,0.008771929824561403,0.2807017543859649,0.029824506338251552
1138,112,98.24561403508773,114,0,110,4,0,0.0,2.112645261038047,2.0951130542666574,2.9893565619983624,1.5831370439915595,0.8824881689755761,1.632313616326188,9.228070175438596,2.4305875750258568,0.4266656712786421,0.0010061127789010214,0.0070810348620427115,0.0,0.0010061127789010214,0.0034305860004085753,0,0,0,4,0,1.0,0.2719298245614035,0.3182694486886086,0.3368951172902043,0.9250286337656606,0.5179450923378269,0.0,0.2982456140350877,0.029802992448635476
1139,112,98.24561403508773,114,0,108,6,0,0.0,2.1385398434001295,2.1206478293619817,3.1286070265237638,1.5858928738250913,0.8750529108190445,1.6057204310279405,9.228070175438596,2.4305875750258568,0.427143420513181,0.002322989724790462,0.006099411117510718,0.0,0.002322989724790462,0.009293414652799611,0,0,0,6,0,1.0,0.2719298245614035,0.3214374430307579,0.33042511305139555,0.9188161082059475,0.5186703076374481,0.0,0.2982456140350877,0.02996595678920723
1140,113,99.12280701754386,114,0,107,7,0,0.0,2.121701430825244,2.1037121887791783,3.013047109871435,1.588252412340495,0.8737660862831761,1.6344873519732488,9.228070175438596,2.4305875750258568,0.4264148322453458,0.0018390233748495038,0.006934819803216763,0.0,0.0018390233748495038,0.009939992070047967,0,0,0,7,0,1.0,0.2719298245614035,0.3187527469119823,0.34249471421594535,0.9285355806940114,0.5160615033666563,0.0,0.2807017543859649,0.02991044005132448
1141,113,99.12280701754386,114,0,109,5,0,0.0,2.1446947687891584,2.1266549161069075,2.9854263567398966,1.5910007146697553,0.8746838645043197,1.629290311868491,9.228070175438596,2.4305875750258568,0.4248432995110738,0.0013259494172708527,0.009484489191998211,0.0,0.0013259494172708527,0.002936775865807073,0,0,0,5,0,1.0,0.2719298245614035,0.31448990862589005,0.3575794760451154,0.9285355806940114,0.5121565352611672,0.0,0.2807017543859649,0.03005880668861362
1142,114,100.0,114,0,106,8,0,0.0,2.140942553087279,2.1229743465584954,2.879062391921438,1.5936106495311695,0.8844104005255767,1.6342968036023136,9.228070175438596,2.4305875750258568,0.4215408491452466,0.001985575373484069,0.007037641108364762,0.0,0.001985575373484069,0.00789052593879623,0,0,0,8,0,1.0,0.2543859649122807,0.3082614947628601,0.3655899368675646,0.9065842564059644,0.505959911914668,0.0,0.3157894736842105,0.03007176398633312
1143,114,100.0,114,0,105,9,0,0.0,2.146092737000138,2.1282172265718464,2.8501988258751547,1.5962590938722685,0.9045615771771223,1.668444948531437,9.228070175438596,2.4305875750258568,0.41978425553511567,0.0028271081638189585,0.007845365514044389,0.0,0.0028271081638189585,0.009693924649915746,0,0,0,9,0,1.0,0.2631578947368421,0.30461421704154273,0.3645776733571451,0.9230977912031515,0.5080361246696371,0.0,0.2807017543859649,0.030129701285440534
1144,114,100.0,114,0,108,6,0,0.0,2.1543971754304647,2.1359109366460434,2.875956327606694,1.5989927673431785,0.8808383885793737,1.6393039898325317,9.228070175438596,2.4305875750258568,0.4207214782581874,0.0009033439011220916,0.008642091640892033,0.0,0.0009033439011220916,0.003812642093025805,0,0,0,6,0,1.0,0.2631578947368421,0.3058406123065118,0.3607957027786747,0.9338446225846697,0.5113404746138626,0.0,0.2807017543859649,0.030204445641455024
1145,114,100.0,114,0,105,9,0,0.0,2.1438094934485754,2.125290717827177,2.912618139837312,1.601453489511121,0.8651658572249554,1.626917204235282,9.228070175438596,2.4305875750258568,0.4216730448022876,0.0032186758309456823,0.008361668237593085,0.0,0.0032186758309456823,0.00877072815349516,0,0,0,9,0,1.0,0.2807017543859649,0.30810176497011016,0.3468765895385979,0.9296608688200718,0.5174845251552873,0.0,0.2807017543859649,0.03018141223518054
1146,114,100.0,114,0,101,13,0,0.0,2.153543302491483,2.13504968419228,2.8117789436072678,1.604044161850931,0.8670916223821887,1.628421578009031,9.228070175438596,2.4305875750258568,0.4191193218260236,0.010775085050625473,0.007232037749551324,0.0,0.010775085050625473,0.009745303634099756,0,0,0,13,0,0.9230769230769231,0.2719298245614035,0.3018130902558441,0.363810166767451,0.912510655592792,0.5125389517025416,0.0,0.3157894736842105,0.030261565560395602
1147,113,99.12280701754386,114,1,103,10,0,0.008771929824561403,2.1741336691362787,2.1548346630254565,2.9871010580217305,1.606961456619063,0.8532561374931671,1.6132229710785155,9.228070175438596,2.4305875750258568,0.4214418577944581,0.014212584379144052,0.008269950579440306,0.0,0.014212584379144052,0.009740733196592603,0,1,0,10,0,0.9090909090909091,0.2719298245614035,0.3072982992936599,0.35643057038569725,0.929335461689327,0.5191982729630977,0.008771929824561403,0.2807017543859649,0.03039997109570013
1148,113,99.12280701754386,114,0,102,12,0,0.0,2.195059108561461,2.175375152979096,3.1477676697393555,1.6102023696618333,0.8389551898436237,1.5373102386413267,9.228070175438596,2.4305875750258568,0.4247569894450096,0.019443195231702015,0.00785602335652664,0.0,0.019443195231702015,0.0031162833796459324,0,0,0,12,0,0.9166666666666666,0.2807017543859649,0.31366505141353335,0.3548736365515661,0.9245702890373868,0.5232702353240498,0.0,0.2807017543859649,0.03054398490769352
1149,113,99.12280701754386,114,0,103,11,0,0.0,2.174484959670455,2.155072717412527,3.0205337838945328,1.6129697346938214,0.8735499747026542,1.6159849081309687,9.228070175438596,2.4305875750258568,0.4184515558093833,0.018558491293246503,0.009148669898490594,0.0,0.018558491293246503,0.0021900348779246345,0,0,0,11,0,0.9090909090909091,0.2719298245614035,0.3047354215333164,0.3487014056547234,0.9266969704844105,0.5150046317792656,0.0,0.2807017543859649,0.030474745778550055
1150,113,99.12280701754386,114,0,104,10,0,0.0,2.1521794456934957,2.133175145109812,2.812794156619448,1.615244044757889,0.8965073912765952,1.5999546042930064,9.228070175438596,2.4305875750258568,0.41773681719036393,0.021381291734155032,0.00858205563602157,0.0,0.021381291734155032,0.0021774660799636523,0,0,0,10,0,0.9,0.2719298245614035,0.2996182242181613,0.3645502436425467,0.9153883601822865,0.5113398922335791,0.0,0.3157894736842105,0.03039085775758265
1151,113,99.12280701754386,114,0,104,10,0,0.0,2.178224324719673,2.1584636802418355,2.962877197038095,1.6179548037183817,0.8613933396314994,1.6121413339064197,9.228070175438596,2.4305875750258568,0.42350261420015767,0.0020870529717820106,0.007862756396932999,0.0,0.0020870529717820106,0.006476442372650859,0,0,1,9,0,1.0,0.2807017543859649,0.30843598957973023,0.3644144383128616,0.9307034248713221,0.521164427208355,0.0,0.2807017543859649,0.030554025837954857
1152,113,99.12280701754386,114,1,104,9,0,0.008771929824561403,2.200302693650478,2.182048083980343,3.0753084259833745,1.621012799679297,0.8530236362588953,1.5523199450878435,9.228070175438596,2.4305875750258568,0.4257930769578382,0.023820648632072974,0.007768303267834125,0.0,0.023820648632072974,0.004387239219985195,0,1,0,9,0,0.9,0.2894736842105263,0.312144586204523,0.3697455300100247,0.9296616414599461,0.5226914057907905,0.008771929824561403,0.2982456140350877,0.030701581317544274
1153,113,99.12280701754386,114,0,106,8,0,0.0,2.1817755931448857,2.1639347642881033,2.976316727590003,1.6236897275906745,0.8636310326862666,1.6040406750781402,9.228070175438596,2.4305875750258568,0.42523867121732684,0.00421812630232895,0.008423729487690398,0.0,0.00421812630232895,-0.002358284995497978,0,0,0,8,0,1.0,0.30701754385964913,0.30968896730582196,0.37671765648965005,0.9400389731721012,0.5250301370203188,0.0,0.2631578947368421,0.030641478353619488
1154,112,98.24561403508773,114,1,105,8,0,0.008771929824561403,2.2108143125526647,2.1970614412049465,3.279180402556578,1.626852052555124,0.8414499752024487,1.5900967076785668,9.228070175438596,2.4305875750258568,0.4295829410156258,0.0024872005444807055,0.008416562825868161,0.0,0.0024872005444807055,0.0011592867273739265,0,1,0,8,0,1.0,0.2894736842105263,0.3201929555606766,0.3641466462654314,0.9454814116927399,0.5343117872750054,0.008771929824561403,0.2631578947368421,0.030825103489492307
1155,111,97.36842105263158,114,1,104,9,0,0.008771929824561403,2.218583559334226,2.201746730565749,3.413909342746371,1.6301821752290777,0.8674518335696098,1.6088779560347746,9.228070175438596,2.4305875750258568,0.4285638480043008,0.005369466052049547,0.007528135645297726,0.0,0.005369466052049547,0.011631705092079026,0,1,0,9,0,1.0,0.32456140350877194,0.3217607773163398,0.3375419036437463,0.9444807140180076,0.5367361807154816,0.008771929824561403,0.2631578947368421,0.03090442049737323
1156,111,97.36842105263158,114,0,105,9,0,0.0,2.2150421737091275,2.1979761624378287,3.378263579027091,1.633298158232669,0.8675310808641504,1.6117156397685117,9.228070175438596,2.4305875750258568,0.4273514109953611,0.0011956581136643208,0.006978583775354917,0.0,0.0011956581136643208,0.01174815908250705,0,0,0,9,0,1.0,0.3157894736842105,0.3207245866674607,0.34755523091993984,0.9450201716659395,0.5307957204983567,0.0,0.22807017543859648,0.030924581917110346
1157,112,98.24561403508773,114,0,104,10,0,0.0,2.2182297631910406,2.201304380005681,3.376692780907354,1.636403120734674,0.8639637358578788,1.6075132109874424,9.228070175438596,2.4305875750258568,0.42692158841075356,0.0015181682598288395,0.00772383146829485,0.0,0.0015181682598288395,0.010841589019397312,0,0,0,10,0,1.0,0.3157894736842105,0.31913378306349827,0.34163174169610827,0.9452878991402578,0.5313616977188952,0.0,0.2631578947368421,0.03097825428091138
1158,112,98.24561403508773,114,0,105,9,0,0.0,2.2163056279281763,2.1996918060051662,3.1735273846427856,1.6394012583852606,0.8717527132635737,1.614478273977804,9.228070175438596,2.4305875750258568,0.4232030825219477,0.004643191306852076,0.0050978580450756214,0.0,0.004643191306852076,0.01670309759756498,0,0,0,9,0,1.0,0.2894736842105263,0.3103835922576046,0.3611512112241484,0.9348916610213613,0.5223866000950419,0.0,0.2631578947368421,0.031005069785205727
1159,113,99.12280701754386,114,0,106,8,0,0.0,2.2258704071069024,2.2088860397284757,3.1613707127627944,1.6425053027966277,0.8684827037339969,1.6050700282037937,9.228070175438596,2.4305875750258568,0.4236760482227411,0.02239160529816825,0.008125190127188492,0.0,0.02239160529816825,0.002947225185047614,0,0,0,8,0,0.875,0.2982456140350877,0.3092398239764037,0.36569230763024474,0.9347364430541039,0.5250471235060356,0.0,0.2631578947368421,0.031090616939992342
1160,114,100.0,114,0,107,7,0,0.0,2.2336392453251475,2.216542393375059,3.511112526480976,1.6456827761945558,0.8704916417376066,1.6027745476011759,9.228070175438596,2.4305875750258568,0.4256149979081414,0.016560643717816043,0.008128433410332548,0.0,0.016560643717816043,0.00044489494159557656,0,0,1,6,0,0.8571428571428571,0.2982456140350877,0.31847550956602877,0.330957697512547,0.9341909733563812,0.5329243583616377,0.0,0.2982456140350877,0.031168076767888464
1161,114,100.0,114,0,106,8,0,0.0,2.2306024249147725,2.2132634207826896,3.496065228472116,1.6487192596785396,0.8841257741196207,1.6226606867743947,9.228070175438596,2.4305875750258568,0.42355650221370045,0.013080835349782398,0.007380735752150435,0.0,0.013080835349782398,0.007022202942634906,0,0,0,8,0,0.875,0.3157894736842105,0.31698955655324373,0.3357170134588028,0.9395031564271383,0.5251168106805845,0.0,0.2631578947368421,0.0311897948609763
1162,114,100.0,114,0,106,8,0,0.0,2.245756871496755,2.2281149616707268,3.4830576109225153,1.651970722538263,0.886013592755618,1.6206254276365464,9.228070175438596,2.4305875750258568,0.42439689598524244,0.013189933330869125,0.007742609317700868,0.0,0.013189933330869125,0.0027670269532820285,0,0,0,8,0,0.875,0.2807017543859649,0.31669740903469934,0.3485193943087668,0.9329726288158312,0.5226413497244362,0.0,0.2631578947368421,0.03130508192002372
1163,114,100.0,114,0,106,8,0,0.0,2.2623484238932714,2.2437924135164296,3.832666930355357,1.6554479991030258,0.8944742536263812,1.6373748337698508,9.228070175438596,2.4305875750258568,0.4279532464745788,0.015559615317136948,0.0078333126469175,0.0,0.015559615317136948,0.006242062053216077,0,0,0,8,0,0.875,0.2894736842105263,0.32780165098230407,0.3432267154802268,0.9371116741607013,0.5203652661174913,0.0,0.2982456140350877,0.03143029880807251
1164,113,99.12280701754386,114,1,105,8,0,0.008771929824561403,2.2785884847858977,2.267882138486399,3.9677184374737466,1.6591541091222803,0.9094137146369398,1.666790950629419,9.228070175438596,2.4305875750258568,0.4288563444473674,0.036404787206375105,0.009231175000178381,0.0,0.036404787206375105,0.005016642049669623,0,1,0,8,0,0.8888888888888888,0.30701754385964913,0.33018877236053,0.3427945780733351,0.9216222878532768,0.5183836868832125,0.008771929824561403,0.3157894736842105,0.03155653923735803
1165,112,98.24561403508773,114,1,99,14,0,0.008771929824561403,2.2866126419609403,2.280089383355778,3.891442168202461,1.663087508111244,0.9333085748705477,1.6830084489615589,9.228070175438596,2.4305875750258568,0.4246642987113147,0.025808124294596682,0.010327926415624541,0.0,0.025808124294596682,0.014445041235383349,0,1,0,14,0,0.8,0.2894736842105263,0.32280598059558163,0.3448721307312806,0.9308579599277035,0.52042671695277,0.008771929824561403,0.3157894736842105,0.03164446237678422
1166,111,97.36842105263158,114,1,102,11,0,0.008771929824561403,2.2808451633694817,2.2652743714821484,4.04621055482721,1.666882226114871,0.9446867995103453,1.6983259033272338,9.228070175438596,2.4305875750258568,0.4302393417112982,0.16178830343782402,0.013083183931867049,0.08333333333333333,0.07855868412937535,0.009098363907806098,0,1,0,11,0,0.8333333333333334,0.2982456140350877,0.3342400646520053,0.3448229627202261,0.9351497358865944,0.5233324946394045,0.008771929824561403,0.2982456140350877,0.03166174195597864
1167,111,97.36842105263158,114,0,105,9,0,0.0,2.271733605280767,2.2564012548378067,3.881747887890255,1.6702422406708606,0.9534062520059613,1.7092814265488294,9.228070175438596,2.4305875750258568,0.4272938738623062,0.0050762701893660375,0.010470489646094035,0.0,0.0050762701893660375,0.0003481376255233753,0,0,0,9,0,1.0,0.2894736842105263,0.3284057306105794,0.3476553009378475,0.9405558394616511,0.5192536160107452,0.0,0.2631578947368421,0.031657018213693544
1168,111,97.36842105263158,114,0,104,10,0,0.0,2.279211166892383,2.263538998489591,4.091184362528701,1.6736593784188034,0.9466552308348801,1.743519006819982,9.228070175438596,2.4305875750258568,0.4289458857563917,0.004726894020086714,0.010759775035281591,0.0,0.004726894020086714,0.005656849285273513,0,0,0,10,0,1.0,0.2982456140350877,0.3341064517718389,0.33097694773101477,0.9337079297084959,0.5213284961892138,0.0,0.2982456140350877,0.03173593428451313
1169,112,98.24561403508773,114,0,103,11,0,0.0,2.2746898297522637,2.2597122117678943,4.39246422454247,1.676919048919159,0.9543625687111582,1.7564501854042267,9.228070175438596,2.4305875750258568,0.4276426936682969,0.006398684343763459,0.009445996590210089,0.0,0.006398684343763459,0.009561206783170436,0,0,1,10,0,1.0,0.2982456140350877,0.339471534965512,0.29794129094054367,0.9314477319579593,0.5270155235671596,0.0,0.2982456140350877,0.03175294217189674
1170,113,99.12280701754386,114,0,101,13,0,0.0,2.2737029553654806,2.2586899034972387,4.16303273038009,1.680079611795102,0.9523978065032274,1.7550496582958046,9.228070175438596,2.4305875750258568,0.4237215216696444,0.0045576080498140785,0.01023349676260151,0.0,0.0045576080498140785,0.0072880197844651644,0,0,0,13,0,1.0,0.2807017543859649,0.33118219330899856,0.3039982793832111,0.9462970630840626,0.5217529719247451,0.0,0.2631578947368421,0.0317864179242446
1171,114,100.0,114,0,101,13,0,0.0,2.2878449218616934,2.272050450025206,4.280114224473787,1.683423146249573,0.955732255047387,1.7597844690724538,9.228070175438596,2.4305875750258568,0.4273856263512259,0.003898230217073309,0.009561184648159918,0.0,0.003898230217073309,0.007925288301037883,0,0,0,13,0,1.0,0.2894736842105263,0.3367535315778433,0.31118455111414595,0.9452249102358714,0.522177667156413,0.0,0.2631578947368421,0.03189776152323421
1172,114,100.0,114,0,100,14,0,0.0,2.254449105726538,2.239645382704124,3.6909555989535257,1.686055306339039,0.9763988412444796,1.777350210345961,9.228070175438596,2.4305875750258568,0.41673367126750427,0.00547282635772424,0.009787400672877247,0.0,0.00547282635772424,0.008255950222148731,0,0,0,14,0,1.0,0.2982456140350877,0.3146577981099561,0.326632490623422,0.9408055486231262,0.5112465316940902,0.0,0.2631578947368421,0.0317627709206031
1173,114,100.0,114,0,102,12,0,0.0,2.279250055468902,2.263721183038473,3.961777652547349,1.6890916362016273,0.9533515818084672,1.756894022297988,9.228070175438596,2.4305875750258568,0.4199169621723662,0.008561383395790047,0.011530300420906268,0.0,0.008561383395790047,0.004736254158357128,0,0,2,10,0,1.0,0.2982456140350877,0.3221407926355375,0.30935170009708046,0.9432987680496155,0.517754251595612,0.0,0.22807017543859648,0.03192367599750336
1174,114,100.0,114,0,103,11,0,0.0,2.2851367966006477,2.269635185870625,3.9117166577499116,1.6921691614222587,0.9636134616219275,1.764540707940308,9.228070175438596,2.4305875750258568,0.42234696532311466,0.00639532574498282,0.011145869851345693,0.0,0.00639532574498282,0.0008321402946678168,0,0,0,11,0,1.0,0.2631578947368421,0.32345636531789823,0.32300472018581255,0.939932095800492,0.5217838253148601,0.0,0.19298245614035087,0.031990510675977565
1175,114,100.0,114,0,104,10,0,0.0,2.3009231821290315,2.2853247821072906,4.109029490868721,1.6954769641986194,0.961683910134079,1.7256248034778647,9.228070175438596,2.4305875750258568,0.42315359228481686,0.007541963366526567,0.011639951305250446,0.0,0.007541963366526567,0.0009013342247088718,0,0,0,10,0,1.0,0.2543859649122807,0.32816799640323874,0.3150132062704127,0.9405614296086579,0.5247742980195552,0.0,0.22807017543859648,0.03210964212526378
1176,114,100.0,114,0,102,12,0,0.0,2.323692625948073,2.308102787022508,4.117401581616752,1.6991472794175377,0.9591864721733444,1.7516197731685226,9.228070175438596,2.4305875750258568,0.4229740203056427,0.009291636045375107,0.011205794722250223,0.0,0.009291636045375107,0.0037063229403688593,0,0,0,12,0,1.0,0.2807017543859649,0.3268023093239676,0.3248431157579175,0.9416306865068822,0.5228258472666598,0.0,0.21052631578947367,0.03226809445719664
1177,114,100.0,114,0,102,12,0,0.0,2.3161838902713745,2.3011323902180765,3.8992472089359365,1.702592847131854,0.9789095924857448,1.734764721812778,9.228070175438596,2.4305875750258568,0.42222685065036325,0.00848002540955412,0.010683156706961516,0.0,0.00848002540955412,0.008178318060689332,0,0,0,12,0,1.0,0.2807017543859649,0.3220323102866817,0.3424210315348528,0.9436323874698582,0.5190231813488454,0.0,0.21052631578947367,0.032272424549189785
1178,114,100.0,114,0,105,9,0,0.0,2.3115623417188855,2.2956992753950662,3.9402894568451377,1.705849022014357,0.9784231636357142,1.7124209453841397,9.228070175438596,2.4305875750258568,0.42368204947157384,0.013870126883086645,0.01130943643116625,0.0,0.013870126883086645,0.0010803530711822977,0,0,0,9,0,0.8888888888888888,0.2807017543859649,0.32496166647034225,0.3447453637273456,0.9333172832585547,0.52082682431552,0.0,0.21052631578947367,0.03228888889748495
1179,114,100.0,114,0,105,9,0,0.0,2.3462208994349996,2.330547692138721,4.316272786754908,1.7097036697447165,0.949532864267448,1.7214706674293212,9.228070175438596,2.4305875750258568,0.42659116352451676,0.016072500608745783,0.00920275845836866,0.0,0.016072500608745783,0.004372658575392917,0,0,0,9,0,0.8888888888888888,0.2807017543859649,0.33282617740294496,0.31817795501244983,0.9297849497294789,0.5318144905609232,0.0,0.22807017543859648,0.032509026980463096
1180,114,100.0,114,0,103,11,0,0.0,2.353413244454537,2.337290745717915,4.698073355068041,1.7135957435442595,0.9410844670985467,1.643386840334071,9.228070175438596,2.4305875750258568,0.4307263494633895,0.01743006710083591,0.011050861230267937,0.0,0.01743006710083591,0.0035109869323488685,0,0,0,11,0,0.9090909090909091,0.2894736842105263,0.3440351847892746,0.29442936772123723,0.92864682038091,0.5362873324626205,0.0,0.21052631578947367,0.03259228883665204
1181,114,100.0,114,0,103,11,0,0.0,2.3400884123872907,2.323902728009185,4.347573546771179,1.7171328910856432,0.9573052726488809,1.6504067613728663,9.228070175438596,2.4305875750258568,0.4288381445741214,0.009660415223831565,0.012231407386271192,0.0,0.009660415223831565,0.0050667811767213244,0,0,0,11,0,1.0,0.2807017543859649,0.3359746663294655,0.3187611356237393,0.909686693986236,0.5287393323932488,0.0,0.19298245614035087,0.032568651410641414
1182,114,100.0,114,0,104,10,0,0.0,2.3452909879047255,2.3286716687274853,4.449097058378716,1.7206767957828233,0.9634551100870301,1.6608969619623857,9.228070175438596,2.4305875750258568,0.4303868884492015,0.011369648528152943,0.011173808064689908,0.0,0.011369648528152943,0.008572345324046615,0,0,0,10,0,1.0,0.2807017543859649,0.3395708892067076,0.3123365457827377,0.9164662039029737,0.5330003535593937,0.0,0.22807017543859648,0.0326377331418488
1183,114,100.0,114,0,104,10,0,0.0,2.3501991122958774,2.333943647944784,4.287171422795804,1.724237074830214,0.9690106785210967,1.6929963420987941,9.228070175438596,2.4305875750258568,0.4290861588940018,0.00650665129090511,0.00965000134473976,0.0,0.00650665129090511,0.006955459758661286,0,0,0,10,0,1.0,0.2719298245614035,0.3343031016292665,0.3202209904948009,0.9282429924671503,0.5347720121865465,0.0,0.19298245614035087,0.03270554161388562
1184,114,100.0,114,0,103,11,0,0.0,2.386215282325231,2.3689796015213194,4.730482231741065,1.728392081804981,0.9706052803410925,1.7380961013129639,9.228070175438596,2.4305875750258568,0.43271939546350024,0.012055396236039441,0.009848168912180702,0.0,0.012055396236039441,0.004784842801249265,0,0,0,11,0,0.9090909090909091,0.2543859649122807,0.3441861182476102,0.3120764952507382,0.933608123139642,0.540758600424605,0.0,0.24561403508771928,0.03293611800566746
1185,114,100.0,114,0,103,11,0,0.0,2.4004651935120846,2.383124552461515,4.656226231689482,1.7327211420325141,0.9652677498606129,1.6519056887731274,9.228070175438596,2.4305875750258568,0.4303422396070815,0.03736710024857745,0.009881974273961645,0.0,0.03736710024857745,0.008491194793607472,0,0,0,11,0,0.7272727272727273,0.2631578947368421,0.33914583018270084,0.31623156908451405,0.9400872127182738,0.5374197238714856,0.0,0.19298245614035087,0.03305997836160463
1186,114,100.0,114,0,103,11,0,0.0,2.4299028001397374,2.412711388789546,4.864755103752897,1.7375202878341478,0.9607882484094973,1.6784037230186617,9.228070175438596,2.4305875750258568,0.4334540368065174,0.025216859870574867,0.01116934869043011,0.0,0.025216859870574867,0.0009547203679276931,0,0,0,11,0,0.8181818181818182,0.24561403508771928,0.34359789645493916,0.31221023139471116,0.9348863438612287,0.5439152546380028,0.0,0.21052631578947367,0.033265490115523835
1187,114,100.0,114,0,101,13,0,0.0,2.42405299506669,2.4079335099878274,4.66112559814958,1.742109881771416,0.9704842979768713,1.6972108972562991,9.228070175438596,2.4305875750258568,0.4327540843948754,0.020103452858063604,0.010933638378382035,0.0,0.020103452858063604,0.00024065370856571558,0,0,0,13,0,0.8461538461538461,0.2543859649122807,0.3396295418823498,0.31862541531165073,0.9470416123923411,0.5414077460949802,0.0,0.21052631578947367,0.033292018140150294
1188,114,100.0,114,0,102,12,0,0.0,2.436192571854316,2.4203645207947675,4.760481457039494,1.7468296388919997,0.9733128412715738,1.6596141847924206,9.228070175438596,2.4305875750258568,0.4343136961233822,0.026968036674846128,0.011069039925105944,0.0,0.026968036674846128,-0.0016594822381062007,0,0,0,12,0,0.75,0.24561403508771928,0.3423965064839298,0.31466622589567855,0.936700990943228,0.5489497558214027,0.0,0.21052631578947367,0.033410074939160574
1189,114,100.0,114,0,100,14,0,0.0,2.461645420588265,2.445621177360905,5.01988485904812,1.7519257863075302,0.9655811461742914,1.68581658859381,9.228070175438596,2.4305875750258568,0.43590706029090165,0.01491107439610408,0.010296347782126226,0.0,0.01491107439610408,-0.004332013319631551,0,0,0,14,0,0.9285714285714286,0.24561403508771928,0.3471290816287906,0.3034878531339459,0.9267612294875747,0.55541063682819,0.0,0.21052631578947367,0.03359927234577376
1190,114,100.0,114,0,101,13,0,0.0,2.4771761927867564,2.4610020429393553,4.887418713003759,1.7571971437233185,0.9512590639079602,1.6411546303016413,9.228070175438596,2.4305875750258568,0.43786624217235204,0.04271419711185279,0.01034151118052786,0.0,0.04271419711185279,-0.0008572003100952766,0,0,0,13,0,0.8461538461538461,0.2631578947368421,0.3453545261392901,0.32021574749512455,0.9365231562901757,0.5552885552186232,0.0,0.17543859649122806,0.033740988685957894
1191,114,100.0,114,0,100,14,0,0.0,2.490238460962474,2.4737176960006124,5.046818076512069,1.7625876282474355,0.90886788800688,1.6367722468466896,9.228070175438596,2.4305875750258568,0.4419458760153334,0.04799215686947238,0.01053694257180426,0.0,0.04799215686947238,0.0010304154591940467,0,0,0,14,0,0.7142857142857143,0.23684210526315788,0.352060456469259,0.31889489712174035,0.9501724229422563,0.5673992293810192,0.0,0.21052631578947367,0.033871810250374924
1192,113,99.12280701754386,114,1,102,11,0,0.008771929824561403,2.497801402734834,2.4771573148990758,5.022242360258221,1.7679845948263473,0.9020696071062224,1.6014978840656062,9.228070175438596,2.4305875750258568,0.44383109339002647,0.0754099131781976,0.011837819189365351,0.08333333333333333,0.019903495991251553,0.001885735491497555,0,1,0,11,0,0.9166666666666666,0.24561403508771928,0.35313681051684026,0.32030650387671245,0.9525403694014694,0.5678850211480762,0.008771929824561403,0.17543859649122806,0.03397521395878439
1193,113,99.12280701754386,114,0,102,12,0,0.0,2.511722161989331,2.490984295832465,5.128829922830329,1.7734486247684065,0.9173733242809533,1.603984180145385,9.228070175438596,2.4305875750258568,0.44256120411320654,0.008497182490625069,0.008633026662583053,0.0,0.008497182490625069,-0.004604193322323961,0,0,0,12,0,1.0,0.24561403508771928,0.35269051697440856,0.31439369398085,0.9292975617776396,0.5662400065902817,0.0,0.17543859649122806,0.03411122177149056
1194,113,99.12280701754386,114,0,102,12,0,0.0,2.5319739060137425,2.5106118273336624,5.449305885339757,1.7791614981511596,0.891335278404076,1.525629895280868,9.228070175438596,2.4305875750258568,0.4467965386350685,0.013429166218937713,0.007648893380328627,0.0,0.013429166218937713,-0.0033794392231491686,0,0,0,12,0,0.9166666666666666,0.23684210526315788,0.3616039367495362,0.2983762366368648,0.9422980869088415,0.5784076306305617,0.0,0.19298245614035087,0.0342819086869217
1195,113,99.12280701754386,114,0,103,11,0,0.0,2.556513967829382,2.534578065092527,5.802210607752276,1.7852015314610294,0.891719908226943,1.5734963247579328,9.228070175438596,2.4305875750258568,0.44948221074705086,0.01151521222001131,0.008081326724893763,0.0,0.01151521222001131,0.00332111187420074,0,0,0,11,0,0.9090909090909091,0.23684210526315788,0.3691079860564735,0.29224075454824755,0.9316812663537675,0.5818975280875215,0.0,0.19298245614035087,0.034478013145578454
1196,113,99.12280701754386,114,0,102,12,0,0.0,2.5516485698615092,2.529777169194863,5.575049645531382,1.7910014044883995,0.9068229116655884,1.579538168896825,9.228070175438596,2.4305875750258568,0.448504885616841,0.014101808437374163,0.008457565945422116,0.0,0.014101808437374163,0.008661005964709007,0,0,0,12,0,0.8333333333333334,0.22807017543859648,0.3648338725550815,0.30994033630522155,0.9459836242414041,0.5809256873098707,0.0,0.21052631578947367,0.03452417165232436
1197,113,99.12280701754386,114,1,101,12,0,0.008771929824561403,2.57364830443708,2.544716713688322,5.740570991874713,1.7970778798995117,0.9141312533305901,1.6094669314930485,9.228070175438596,2.4305875750258568,0.45305896515185573,0.016301610091503587,0.007252751934387623,0.0,0.016301610091503587,0.00834804048910124,0,1,0,12,0,0.9230769230769231,0.24561403508771928,0.37120559325567215,0.31830920771217686,0.9488397763393237,0.5810087143880258,0.008771929824561403,0.19298245614035087,0.03470801735337321
1198,112,98.24561403508773,114,1,102,11,0,0.008771929824561403,2.5895311608684963,2.566160161588523,5.881896453001866,1.8031881560763865,0.9101852440659279,1.6071290154478355,9.228070175438596,2.4305875750258568,0.4529708126568366,0.03225433724715835,0.0074002406076109535,0.0,0.03225433724715835,0.010497919303607198,0,1,0,11,0,0.9166666666666666,0.24561403508771928,0.3719954816036129,0.3111841423497368,0.9563562998951752,0.5790379923098092,0.008771929824561403,0.17543859649122806,0.03486168944230773
1199,112,98.24561403508773,114,0,104,10,0,0.0,2.544677983702147,2.522429152769473,5.1282463083215415,1.808407968461292,0.9435994145115334,1.6334009572233819,9.228070175438596,2.4305875750258568,0.4455860653590771,0.018032600332813536,0.008481878616625863,0.0,0.018032600332813536,0.008699176340505498,0,0,0,10,0,0.8,0.2719298245614035,0.353171667796053,0.32452664291569866,0.9436211764157016,0.5739694038578379,0.0,0.21052631578947367,0.03470085961210957
1200,112,98.24561403508773,114,0,104,10,0,0.0,2.548596245553801,2.5267246960333902,5.126432748268761,1.8135844342876122,0.9361210563181472,1.627765873142209,9.228070175438596,2.4305875750258568,0.44468188170611844,0.012427070077185087,0.00799426732434744,0.0,0.012427070077185087,0.009717883515491488,0,0,1,9,0,0.9,0.23684210526315788,0.3519347275358526,0.3224199561897487,0.9495314656754488,0.5757816981380312,0.0,0.17543859649122806,0.03478336018896784
1201,112,98.24561403508773,114,0,103,11,0,0.0,2.5579214278791698,2.5358094172100025,5.332458141714801,1.8188117312620478,0.9426756554245597,1.6302998840373222,9.228070175438596,2.4305875750258568,0.444920757099881,0.0250046964832595,0.008082369408224477,0.0,0.0250046964832595,0.007218251738109749,0,0,0,11,0,0.7272727272727273,0.2543859649122807,0.3552498904825857,0.31711207313830747,0.9501708076555604,0.5762376257177869,0.0,0.22807017543859648,0.03489351311597985
1202,113,99.12280701754386,114,0,103,11,0,0.0,2.578739548541339,2.5563124112639364,5.6550118004002305,1.8243106487865,0.9214735465130486,1.6079920223165023,9.228070175438596,2.4305875750258568,0.4498101199438844,0.029875394577109447,0.007941055288532043,0.0,0.029875394577109447,0.00797007424803878,0,0,0,11,0,0.8181818181818182,0.2631578947368421,0.36415875412449955,0.3078597785982405,0.9514641424672877,0.5853694205926354,0.0,0.19298245614035087,0.03506443172234583
1203,113,99.12280701754386,114,1,103,10,0,0.008771929824561403,2.584452099287884,2.559640711395171,5.818209869457018,1.8297945704281433,0.9336814312016652,1.624924779969463,9.228070175438596,2.4305875750258568,0.44744370041135095,0.029363278812656414,0.00864968190257006,0.0,0.029363278812656414,0.006588767540448782,0,1,0,10,0,0.7272727272727273,0.23684210526315788,0.3641324456497174,0.29143340765106646,0.9514641424672878,0.5851866026726931,0.008771929824561403,0.22807017543859648,0.03515964023510152
1204,113,99.12280701754386,114,0,101,13,0,0.0,2.6132980663753202,2.587714930068419,6.117026019782052,1.835637153004685,0.9156653292989299,1.603394433467261,9.228070175438596,2.4305875750258568,0.4501588259772431,0.020794686067686776,0.0070305248877007695,0.0,0.020794686067686776,0.012323320661785063,0,0,0,13,0,0.9230769230769231,0.23684210526315788,0.3698960578825545,0.294877086984941,0.9389013107118254,0.5854164844189388,0.0,0.15789473684210525,0.03537487461362173
1205,113,99.12280701754386,114,0,99,15,0,0.0,2.6251739567463668,2.598777043156136,6.39150569882255,1.8415528259720564,0.8955724451292473,1.5914712501292343,9.228070175438596,2.4305875750258568,0.45409953971813155,0.02533462996218888,0.006303370556095907,0.0,0.02533462996218888,0.012651452588795142,0,0,0,15,0,0.9333333333333333,0.21929824561403508,0.3777640230337543,0.28922538602455755,0.9255179253877429,0.5891757135437101,0.0,0.15789473684210525,0.03550614687153901
1206,112,98.24561403508773,114,1,97,16,0,0.008771929824561403,2.64903832658228,2.6201098572883437,6.999997428727921,1.847768903050259,0.8781423902270997,1.5889319187462325,9.228070175438596,2.4305875750258568,0.46076834663270083,0.023623074127690408,0.007046058348655952,0.0,0.023623074127690408,0.015041338329709112,0,1,1,15,0,0.8823529411764706,0.2631578947368421,0.393166106883956,0.27924892386587563,0.9323700582651009,0.5915030184548137,0.008771929824561403,0.17543859649122806,0.035701012319276984
1207,112,98.24561403508773,114,2,98,14,0,0.017543859649122806,2.6305240396013434,2.6006610050836607,6.917141023410729,1.8534578284881877,0.9198957707544294,1.640147261692387,9.228070175438596,2.4305875750258568,0.4568826317907584,0.015405545290822305,0.006754992381079154,0.0,0.015405545290822305,0.011832682140687542,0,2,0,14,0,0.875,0.2631578947368421,0.38861354243496155,0.2725163258705815,0.9190914160207531,0.5826006814513438,0.017543859649122806,0.21052631578947367,0.03567757804179569
1208,111,97.36842105263158,114,1,99,14,0,0.008771929824561403,2.6314803378107903,2.6087968853978936,7.260188320117453,1.8589966793143637,0.9412423498218802,1.6736006808400394,9.228070175438596,2.4305875750258568,0.45890568356810646,0.008113797792263464,0.006986867946364637,0.0,0.008113797792263464,0.010248011851065171,0,1,0,14,0,0.9333333333333333,0.2631578947368421,0.3964688498582955,0.2622455031254125,0.9274394902804488,0.5912371756340881,0.008771929824561403,0.21052631578947367,0.03574967284283305
1209,110,96.49122807017544,114,1,97,15,1,0.008771929824561403,2.637593429669427,2.604086003206264,6.882867293842686,1.864635304536698,0.9746318500091581,1.689509591616221,9.228070175438596,2.4305875750258568,0.45682261637314014,0.06876619707063787,0.010572310391856281,0.0,0.06876619707063787,0.008012229655726703,1,1,0,15,0,0.7647058823529411,0.2719298245614035,0.38948966808021934,0.28443354933698095,0.9281739859561833,0.5695512199039509,0.008771929824561403,0.19298245614035087,0.0358487641641544
1210,110,96.49122807017544,114,0,100,14,0,0.0,2.6543089052735387,2.620976591608914,6.769975569197543,1.8702778156090696,0.9878693776746622,1.7036674698126453,9.228070175438596,2.4305875750258568,0.4562551051502175,0.00620524166122075,0.008685090316316016,0.0,0.00620524166122075,0.003983237573476017,0,0,0,14,0,1.0,0.2543859649122807,0.38533065097461455,0.29145063245997277,0.9266299073485165,0.5700590051527996,0.0,0.15789473684210525,0.03600091462869722
1211,110,96.49122807017544,114,0,100,14,0,0.0,2.667927298903876,2.634557534268163,7.30113235670783,1.876047257872274,0.9815787620706103,1.7374486312787931,9.228070175438596,2.4305875750258568,0.4587768668542622,0.004157064985685739,0.009603354226600042,0.0,0.004157064985685739,0.0036204179706675887,0,0,0,14,0,1.0,0.24561403508771928,0.3946784860385989,0.27014678505379003,0.9343761995246957,0.5765879869474797,0.0,0.19298245614035087,0.03613912227024777
1212,112,98.24561403508773,114,0,101,13,0,0.0,2.679205262768354,2.6455899678584465,7.503870792038891,1.8818909911567354,0.9812265252436465,1.739983337469617,9.228070175438596,2.4305875750258568,0.4596468824700539,0.0046553924573310475,0.008826158905895621,0.0,0.0046553924573310475,0.004755781526265306,0,0,0,13,0,1.0,0.24561403508771928,0.3978844202289592,0.2697697822510157,0.9300968683984283,0.5777506102672223,0.0,0.19298245614035087,0.03626653061713505
1213,113,99.12280701754386,114,0,101,13,0,0.0,2.6923948043497536,2.6586708620550183,7.626288718118826,1.8878470414573028,0.9827614064557114,1.7420436895983888,9.228070175438596,2.4305875750258568,0.4591712803279877,0.008183029369527433,0.009270537434588878,0.0,0.008183029369527433,0.0040856442269507996,0,0,0,13,0,1.0,0.2543859649122807,0.3983728926609064,0.2597151041667465,0.9381214654242083,0.5778373810263164,0.0,0.19298245614035087,0.03640486183432599
1214,114,100.0,114,0,102,12,0,0.0,2.7170315363587374,2.6828940789563362,8.099436305317022,1.894129337939522,0.9849062000457922,1.7277114775509308,9.228070175438596,2.4305875750258568,0.46310649567794626,0.00794612716436059,0.008093722049030956,0.0,0.00794612716436059,0.0062420169497697615,0,0,0,12,0,1.0,0.2543859649122807,0.40856461654697657,0.26082845438293106,0.9359463040406164,0.5790647909747846,0.0,0.22807017543859648,0.03660439385323246
1215,114,100.0,114,0,103,11,0,0.0,2.739981692863532,2.705629974677501,7.6273186777902415,1.9007010303891936,0.9736794259058512,1.7047906840361364,9.228070175438596,2.4305875750258568,0.46287504915950684,0.009877293506350705,0.007271297630418284,0.0,0.009877293506350705,0.007382776501226116,0,0,0,11,0,1.0,0.24561403508771928,0.39954696050014593,0.286035726594531,0.9192571201046316,0.5766290825286363,0.0,0.19298245614035087,0.036799010005831745
1216,114,100.0,114,0,102,12,0,0.0,2.765305826624025,2.7309382573116654,7.762601234072248,1.9076051040772413,0.9743459102124341,1.701293950268329,9.228070175438596,2.4305875750258568,0.46198320617025335,0.006166745996974285,0.00866259903381659,0.0,0.006166745996974285,0.0025484436025282886,0,0,0,12,0,1.0,0.2719298245614035,0.3980334043058759,0.2850754566677757,0.9278823417403532,0.5781262203873575,0.0,0.19298245614035087,0.03700953545325037
1217,113,99.12280701754386,114,1,100,13,0,0.008771929824561403,2.778796801216671,2.749843689569458,7.641486903476305,1.9146181730327674,0.985709209871644,1.714887016516696,9.228070175438596,2.4305875750258568,0.46279392898776384,0.007988164363279288,0.00906068194421655,0.0,0.007988164363279288,0.002657669730616398,0,1,0,13,0,1.0,0.2543859649122807,0.3959505334167185,0.2842381290378544,0.9244783584961602,0.5858001776424977,0.008771929824561403,0.17543859649122806,0.03716221971754411
1218,113,99.12280701754386,114,0,100,14,0,0.0,2.7783066179103266,2.7496160628704076,8.086700788323272,1.9215471627178806,0.9727929518764867,1.731617695792486,9.228070175438596,2.4305875750258568,0.46469721565185806,0.007818992853090054,0.009061143598153144,0.0,0.007818992853090054,0.008308162122324927,0,0,0,14,0,1.0,0.2543859649122807,0.4037761675019669,0.2584339079909731,0.9192378412838067,0.593201065097167,0.0,0.24561403508771928,0.03724397638219298
1219,113,99.12280701754386,114,0,99,15,0,0.0,2.8276667524016488,2.797966353082562,8.839718946787638,1.929247894157741,0.9313600856632437,1.6875821503357722,9.228070175438596,2.4305875750258568,0.47043536639758976,0.008785533717567368,0.008275500657470285,0.0,0.008785533717567368,0.009955629606209548,0,0,0,15,0,1.0,0.2543859649122807,0.41652145823903386,0.2510383788812379,0.9192378412838067,0.5966049363393306,0.0,0.24561403508771928,0.03758436356543127
1220,113,99.12280701754386,114,0,101,13,0,0.0,2.8509681109709364,2.8204585257078763,9.11251497601471,1.9371988061385856,0.9399358014308291,1.6846296911209306,9.228070175438596,2.4305875750258568,0.47544078941483425,0.007588147764980709,0.00885252474960117,0.0,0.007588147764980709,0.011573101335151001,0,0,0,13,0,1.0,0.2543859649122807,0.4240219144263557,0.25322867160800844,0.9267532815162454,0.5999414151452516,0.0,0.24561403508771928,0.03779749729763153
1221,113,99.12280701754386,114,0,102,12,0,0.0,2.8212112827852343,2.792277945102977,8.392164751421591,1.94440850128812,0.9630246318927587,1.7034840776773783,9.228070175438596,2.4305875750258568,0.470871707588169,0.005230288504019524,0.009030597739024001,0.0,0.005230288504019524,0.008605071741831958,0,0,0,12,0,1.0,0.2631578947368421,0.4122587066145606,0.2651789010896629,0.9160212685515547,0.5941608217636581,0.0,0.24561403508771928,0.037736332133953936
1222,114,100.0,114,0,100,14,0,0.0,2.801567766897509,2.774481121531895,7.510780480413152,1.951096904577178,0.9896625641739955,1.7198290559293958,9.228070175438596,2.4305875750258568,0.46381232773537406,0.009852786791783882,0.008906144087785449,0.0,0.009852786791783882,0.009544570831547186,0,0,0,14,0,0.9285714285714286,0.24561403508771928,0.39290130140085583,0.2800965871973941,0.9238699732890185,0.5834369695668519,0.0,0.21052631578947367,0.03771939830417104
1223,114,100.0,114,0,102,12,0,0.0,2.8107937955538445,2.7835471862782004,7.975819611912817,1.957799027281539,1.0008777357360146,1.7317452127600421,9.228070175438596,2.4305875750258568,0.46411302223314754,0.005326170775436384,0.008082754421941953,0.0,0.005326170775436384,0.014908369340428143,0,0,0,12,0,1.0,0.2543859649122807,0.39969581198983034,0.2720394862315633,0.9202769731770082,0.5813980290738627,0.0,0.21052631578947367,0.03784697892831031
1224,114,100.0,114,0,106,8,0,0.0,2.799772284848865,2.7727914441112382,7.546643028174984,1.964129106838015,0.9963259530050896,1.72218693481692,9.228070175438596,2.4305875750258568,0.45880416190114515,0.0015581265062417872,0.009057616298165714,0.0,0.0015581265062417872,0.01321311259646718,0,0,0,8,0,1.0,0.23684210526315788,0.3875765571649088,0.280185038158737,0.9270226543981984,0.5745246389482427,0.0,0.17543859649122806,0.03786880043837989
1225,113,99.12280701754386,114,1,101,12,0,0.008771929824561403,2.8079364333208674,2.7844723642443054,7.5919328343238535,1.9704711911324184,0.9664207322932605,1.6922992818244975,9.228070175438596,2.4305875750258568,0.4620755018932261,0.008330367616706255,0.009303657252448461,0.0,0.008330367616706255,0.014067601115480777,0,1,0,12,0,1.0,0.2631578947368421,0.3912344561190096,0.2844817352016495,0.9295370331962657,0.5804747318326111,0.008771929824561403,0.21052631578947367,0.03798669613716862
1226,113,99.12280701754386,114,0,103,11,0,0.0,2.8423915461257008,2.8175412128105948,8.011924327717288,1.9773634085031353,0.9536640492293494,1.6766537119279574,9.228070175438596,2.4305875750258568,0.4651050382125419,0.0094119559075759,0.007978493471972178,0.0,0.0094119559075759,0.019696428228021354,0,0,0,11,0,1.0,0.2631578947368421,0.3978914986726251,0.2802107959107485,0.9320274367556888,0.5837091219405354,0.0,0.21052631578947367,0.038242732390721
1227,113,99.12280701754386,114,0,100,14,0,0.0,2.8968166500814365,2.869466944333439,9.164559359112078,1.9850977847977047,0.9235561738229561,1.6647574685091966,9.228070175438596,2.4305875750258568,0.46958634488026196,0.013365268586378763,0.008144360323913118,0.0,0.013365268586378763,0.020092247319917628,0,0,0,14,0,1.0,0.24561403508771928,0.4139902257344689,0.2599857029326935,0.9234495118372489,0.5886633930166052,0.0,0.24561403508771928,0.03860885330511045
1228,113,99.12280701754386,114,0,100,14,0,0.0,2.9183933751079634,2.890350274070439,9.868241322445298,1.9930502403973238,0.9224024006178546,1.6666047671358037,9.228070175438596,2.4305875750258568,0.4726611470071209,0.012880083331272895,0.008506066765906243,0.0,0.012880083331272895,0.02043660492223753,0,0,0,14,0,0.9285714285714286,0.2543859649122807,0.4254776417412525,0.24065009071460308,0.9190506864290643,0.596076734965503,0.0,0.21052631578947367,0.03881338262909998
1229,113,99.12280701754386,114,0,102,12,0,0.0,2.9315579827685663,2.9038850618972103,9.850249045013523,2.001072584496208,0.9343881802955195,1.7145377713371053,9.228070175438596,2.4305875750258568,0.4750381461332873,0.01843894056955232,0.010376996852171775,0.0,0.01843894056955232,0.015241862187498276,0,0,0,12,0,0.8333333333333334,0.2807017543859649,0.4272734731674598,0.2468492537283554,0.9234741230343989,0.6007453689769613,0.0,0.24561403508771928,0.038976700716849645
1230,114,100.0,114,0,102,12,0,0.0,2.94158826018662,2.9127208456976166,10.093132104749447,2.009071747666766,0.9395500230024401,1.679455169917562,9.228070175438596,2.4305875750258568,0.4771076542343604,0.008904983913730027,0.009176061986344786,0.0,0.008904983913730027,0.01812495427485489,0,0,0,12,0,1.0,0.2807017543859649,0.4320010256828421,0.24882985914687256,0.9422675027580057,0.6056059449825937,0.0,0.24561403508771928,0.039124065437004724
1231,113,99.12280701754386,114,1,101,12,0,0.008771929824561403,2.9754198747218585,2.9507299151148,10.029822851212746,2.0175291488139964,0.9494696768334111,1.726772583331005,9.228070175438596,2.4305875750258568,0.4774839067404888,0.01120149942634363,0.007260632081662151,0.0,0.01120149942634363,0.023941741584064275,0,1,0,12,0,1.0,0.2894736842105263,0.42952921124312216,0.2651314763571421,0.9408753349142516,0.6044000361366141,0.008771929824561403,0.22807017543859648,0.03939600578040826
1232,112,98.24561403508773,114,1,106,7,0,0.008771929824561403,2.99596277833046,2.9796547208730257,10.6847544335798,2.026255769502312,0.954421388897834,1.7318397061718818,9.228070175438596,2.4305875750258568,0.4821712344520146,0.015379453018224411,0.010327143051571742,0.0,0.015379453018224411,0.019899956965786683,0,1,0,7,0,0.875,0.2807017543859649,0.44143577964386327,0.26388046796602843,0.9422090864388455,0.6097493977340455,0.008771929824561403,0.22807017543859648,0.03960477437753618
1233,111,97.36842105263158,114,1,105,7,1,0.008771929824561403,3.0185465657952473,2.9912318295396596,10.863355496848165,2.035372714322009,0.9474997831375827,1.6220605054223303,9.228070175438596,2.4305875750258568,0.4854771117364509,0.11707590202672506,0.011942611749209183,0.1111111111111111,0.06496144889759135,0.029966479225376073,0,2,0,7,0,0.7777777777777778,0.2807017543859649,0.44783741259228654,0.27367585952604223,0.9266753484523852,0.594261539209213,0.008771929824561403,0.2807017543859649,0.03982849097886487
1234,111,97.36842105263158,114,0,107,7,0,0.0,3.007305007825047,2.9802146445122695,10.352157489111235,2.0438505795091246,0.9903259520751987,1.6755577204787842,9.228070175438596,2.4305875750258568,0.4801784250316181,0.008896946469745936,0.013096465126970191,0.0,0.008896946469745936,0.010377661628640575,0,0,0,7,0,0.8571428571428571,0.2631578947368421,0.43674071187615726,0.2842963285285395,0.9266753484523852,0.5843573035844145,0.0,0.2807017543859649,0.03987531415794661
1235,111,97.36842105263158,114,0,109,5,0,0.0,3.0124598377301193,2.9854491623303043,10.175423435889103,2.0522241663901326,1.0097043732253523,1.6868734844967088,9.228070175438596,2.4305875750258568,0.4759561147057796,0.005477383510973996,0.010668990554704712,0.0,0.005477383510973996,0.019761608937083362,0,0,0,5,0,1.0,0.2719298245614035,0.42849357373978875,0.2809118401690579,0.9199539042890764,0.5807035001587796,0.0,0.3157894736842105,0.040002851988628865
1236,112,98.24561403508773,114,0,106,8,0,0.0,3.011627263031892,2.9839784854518134,10.14011116469286,2.0603656290372454,1.0030083948251294,1.706895204308463,9.228070175438596,2.4305875750258568,0.47578762645907813,0.008010496238084718,0.00986007512199771,0.0,0.008010496238084718,0.015570147870974826,0,0,0,8,0,1.0,0.2894736842105263,0.427236876326617,0.2815923328979584,0.9239263893884655,0.5807397118760498,0.0,0.2807017543859649,0.04009763180490077
1237,113,99.12280701754386,114,0,106,8,0,0.0,3.058331161807579,3.029583000563856,10.944442975793033,2.0691959724472033,0.9913789327392901,1.705556055916442,9.228070175438596,2.4305875750258568,0.48085723729505125,0.015356404297504038,0.011191936256270855,0.0,0.015356404297504038,0.014402135642054198,0,0,0,8,0,1.0,0.2807017543859649,0.4395664401376467,0.27191481785173105,0.9242205458095165,0.5905894713440234,0.0,0.2807017543859649,0.040438465913656484
1238,114,100.0,114,0,102,12,0,0.0,3.075571240060917,3.047277413539795,10.983416404092678,2.07815574919002,0.9906594063601328,1.6998294579167343,9.228070175438596,2.4305875750258568,0.48040102813313657,0.013009944706644535,0.00994204562559709,0.0,0.013009944706644535,0.015159540606414593,0,0,0,12,0,1.0,0.2894736842105263,0.43741723773292684,0.2699048918757765,0.9258246366952618,0.5922721975339129,0.0,0.2807017543859649,0.040633553915053654
1239,114,100.0,114,0,101,13,0,0.0,3.070764179431645,3.0429441616640385,10.67847689875037,2.0868134919272268,1.0057458641461705,1.6698678317139048,9.228070175438596,2.4305875750258568,0.47990238535493823,0.0273589192611694,0.009337981439046763,0.0,0.0273589192611694,0.013854359079025777,0,0,0,13,0,0.7692307692307693,0.2894736842105263,0.43412276645363324,0.2805494512656501,0.9233408372943855,0.5895635779149508,0.0,0.3157894736842105,0.04071473562153142
1240,114,100.0,114,0,103,11,0,0.0,3.0810611113702233,3.0538476455689993,10.608791536092134,2.095472815625216,0.988347870333016,1.6139410816006317,9.228070175438596,2.4305875750258568,0.4766118386431504,0.02759147881979157,0.009110147799171785,0.0,0.02759147881979157,0.011110100147705486,0,0,0,11,0,0.8181818181818182,0.2894736842105263,0.4276442759629819,0.26901400755567245,0.9307495625721462,0.5898416356649635,0.0,0.2807017543859649,0.040871456504166605
1241,113,99.12280701754386,114,1,102,11,0,0.008771929824561403,3.083349605753736,3.060335980380666,10.422745594689028,2.103962901903253,1.0286522513143184,1.6849755992888678,9.228070175438596,2.4305875750258568,0.4747884112822147,0.03257669027022378,0.009354553309282221,0.0,0.03257669027022378,0.011885039420440807,0,1,0,11,0,0.8333333333333334,0.2807017543859649,0.42343111557123425,0.28094737459537106,0.928057323281817,0.5854155729428449,0.008771929824561403,0.2807017543859649,0.04098607846717564
1242,113,99.12280701754386,114,0,106,8,0,0.0,3.0952596595183497,3.072101254831114,10.69263627734833,2.1125603301401497,1.0091543784220312,1.7173351239430918,9.228070175438596,2.4305875750258568,0.4787421760968833,0.022737956675182934,0.011078408166094206,0.0,0.022737956675182934,0.013449062046919022,0,0,0,8,0,0.875,0.2807017543859649,0.4309958929655159,0.28431149159504354,0.9209988739064445,0.5935883973922397,0.0,0.2807017543859649,0.0411501127472476
1243,113,99.12280701754386,114,0,104,10,0,0.0,3.110323479686758,3.0866331844595996,11.078282959188257,2.1212313593753183,1.0002775552953576,1.6796510142035204,9.228070175438596,2.4305875750258568,0.48258887657197724,0.010063263178832263,0.010438322707545484,0.0,0.010063263178832263,0.013414010443959212,0,0,0,10,0,1.0,0.2982456140350877,0.4398718996933949,0.28111366882611766,0.9209988739064445,0.6018069477360859,0.0,0.2807017543859649,0.04133081032769807
1244,111,97.36842105263158,114,2,105,7,0,0.017543859649122806,3.124181040197476,3.1184052327741822,11.18496125131558,2.1299651657108623,1.0165436825541816,1.7019284075821102,9.228070175438596,2.4305875750258568,0.48149215021972247,0.03112709387848,0.011281985291634511,0.0,0.03112709387848,0.012179428424647068,0,2,0,7,0,0.7777777777777778,0.2982456140350877,0.4374052755888703,0.2833582328527568,0.9087178304673333,0.5944198708833032,0.017543859649122806,0.3157894736842105,0.04150623953606094
1245,110,96.49122807017544,114,1,99,11,3,0.008771929824561403,3.1094110001939996,3.0999228704440336,10.385253099958467,2.1385467515604026,1.0703999328120812,1.7382731917919372,9.228070175438596,2.4305875750258568,0.4774591522976601,0.20328875136762398,0.015141912721117834,0.2,0.06477520846103982,0.04355494027082895,1,3,0,11,0,0.7333333333333333,0.2982456140350877,0.42539938234834146,0.32250488741449423,0.9105044161678475,0.5829290114844339,0.008771929824561403,0.3157894736842105,0.04153668081574311
1246,109,95.6140350877193,114,2,100,11,1,0.017543859649122806,3.1361299179751314,3.116031032359861,10.799382091529983,2.147355058500605,1.0586148158746524,1.7448287648410978,9.228070175438596,2.4305875750258568,0.4780230914057917,0.14018858183707147,0.012289161041983396,0.14285714285714285,0.06451119015122399,0.029428263736143163,0,3,0,11,0,0.6428571428571429,0.2982456140350877,0.43144251100849546,0.331910496159956,0.9129432560176023,0.582299012823062,0.017543859649122806,0.3508771929824561,0.04177732221167812
1247,108,94.73684210526316,114,1,103,10,0,0.008771929824561403,3.1549540015233637,3.129465428937171,11.083101956777268,2.1561143186316283,1.0700797810452363,1.7536149898967426,9.228070175438596,2.4305875750258568,0.4794947282228681,0.09070272469762494,0.01678556011349943,0.0,0.09070272469762494,0.01459099855352819,0,1,0,10,0,0.5454545454545454,0.2807017543859649,0.43577415798298946,0.3249037485126031,0.9205197347132315,0.585581531457876,0.008771929824561403,0.3333333333333333,0.041977893373623704
1248,108,94.73684210526316,114,1,105,8,0,0.008771929824561403,3.1562472548815816,3.1281311500978335,11.147972733512335,2.164596551461436,1.0693584996250642,1.7529463421536056,9.228070175438596,2.4305875750258568,0.47878239533457423,0.02676660218600811,0.01310929064438382,0.0,0.02676660218600811,0.004596956736626634,0,1,0,8,0,0.7777777777777778,0.2894736842105263,0.43592034079506164,0.31464447591039035,0.934087906114742,0.5861359281172545,0.008771929824561403,0.2982456140350877,0.04208744368903783
1249,109,95.6140350877193,114,0,105,9,0,0.0,3.147975974953802,3.1203711531871683,10.623118432779975,2.172658819467423,1.0780435884144295,1.7542066698225585,9.228070175438596,2.4305875750258568,0.4759334753848732,0.01855418886626375,0.009945749978404105,0.0,0.01855418886626375,0.00892044376752236,0,0,0,9,0,0.8888888888888888,0.2982456140350877,0.4265825185045275,0.31942330783855705,0.9238914518548943,0.5886696404783986,0.0,0.2982456140350877,0.042144067531608334
1250,110,96.49122807017544,114,0,106,8,0,0.0,3.1508243041191597,3.1230435508594763,10.818440342572238,2.180577090961614,1.08900814448048,1.7665531464726942,9.228070175438596,2.4305875750258568,0.4753130596717505,0.018918825565389274,0.011677704481199081,0.0,0.018918825565389274,0.0038634602748550545,0,0,0,8,0,0.75,0.2982456140350877,0.4276187823249683,0.3100253806899789,0.9275311431099695,0.5911264186804721,0.0,0.2982456140350877,0.04225453943898243
1251,112,98.24561403508773,114,0,107,7,0,0.0,3.1570599318912977,3.1296015639861534,11.240706817177786,2.18843042053449,1.073455758062714,1.80011511540474,9.228070175438596,2.4305875750258568,0.47618659069313085,0.0064790892274378,0.013142995111423623,0.0,0.0064790892274378,-0.0010610502861786125,0,0,0,7,0,1.0,0.2894736842105263,0.4327487649412913,0.2947954502425718,0.9285605229897571,0.5999549129591476,0.0,0.2982456140350877,0.042381158604255204
1252,113,99.12280701754386,114,0,108,6,0,0.0,3.143973655162167,3.115548630886255,11.848435548232496,2.1958196129778607,1.077934891753893,1.823090211799707,9.228070175438596,2.4305875750258568,0.4773523740791594,0.005644361597096388,0.013338181429236401,0.0,0.005644361597096388,-0.0008612751710581253,0,0,0,6,0,1.0,0.2807017543859649,0.44196488955747815,0.27565772934528376,0.9350663174035397,0.5978207409462203,0.0,0.2982456140350877,0.042405527617321206
1253,114,100.0,114,0,106,8,0,0.0,3.1462446134328523,3.117559661824318,12.134086598268109,2.2030683085222957,1.0684588612155288,1.817492454184635,9.228070175438596,2.4305875750258568,0.47725519821331486,0.007692954729824075,0.01357643888599169,0.0,0.007692954729824075,0.0020658294325818505,0,0,1,7,0,0.875,0.2807017543859649,0.44440030847267575,0.26889967553733846,0.9360956972833274,0.6009469241451942,0.0,0.2982456140350877,0.04250497535530188
1254,114,100.0,114,0,103,11,0,0.0,3.136037772633552,3.108463849881963,11.092024850882492,2.2099639528335415,1.1202843264987599,1.8440429299224577,9.228070175438596,2.4305875750258568,0.47389971968263644,0.012434099988544117,0.01088133572306138,0.0,0.012434099988544117,0.006206097536956526,0,0,0,11,0,0.9090909090909091,0.2807017543859649,0.4288077904649537,0.2824378761416601,0.9275311431099695,0.5975217557840131,0.0,0.2982456140350877,0.04253774348822893
1255,113,99.12280701754386,114,1,107,6,0,0.008771929824561403,3.1599419983755004,3.135463418539712,11.555945689341511,2.217156272687752,1.1128440014162508,1.8478277902162028,9.228070175438596,2.4305875750258568,0.4760660888193651,0.016218639414983946,0.012573069033011213,0.0,0.016218639414983946,0.007555122517393971,0,1,0,6,0,0.8571428571428571,0.2807017543859649,0.43579224075308576,0.282929666341476,0.935630813185742,0.5950771153351451,0.008771929824561403,0.2982456140350877,0.04274467243330496
1256,113,99.12280701754386,114,0,104,10,0,0.0,3.162938051921043,3.138194849349298,11.455814807156866,2.224287607075606,1.1152973928315737,1.8411559442025043,9.228070175438596,2.4305875750258568,0.475021467072664,0.013487912216970094,0.012085215409575318,0.0,0.013487912216970094,0.009751649894413328,0,0,0,10,0,1.0,0.2982456140350877,0.432946052779131,0.2810600286690699,0.935630813185742,0.5940223285689534,0.0,0.2982456140350877,0.04284631936481503
1257,112,98.24561403508773,114,1,105,8,0,0.008771929824561403,3.153001558104384,3.124677890396982,11.15805510969172,2.231054737754132,1.1508105272386824,1.8836474361377915,9.228070175438596,2.4305875750258568,0.47437335596814245,0.017824916349266206,0.015567160209972104,0.0,0.017824916349266206,0.006090389623028016,0,1,0,8,0,0.8888888888888888,0.30701754385964913,0.42980810112072293,0.28735323877552843,0.9405147104710556,0.5910792645315763,0.008771929824561403,0.2631578947368421,0.04287887741446074
1258,112,98.24561403508773,114,0,105,9,0,0.0,3.155288644515549,3.1274687113517206,10.975266462792586,2.2376396912350023,1.1573951154239042,1.8707858071253953,9.228070175438596,2.4305875750258568,0.47403526594113266,0.009914527939749755,0.011859073060879495,0.0,0.009914527939749755,0.009157090186627186,0,0,0,9,0,1.0,0.3157894736842105,0.4252642384477627,0.2801386575002337,0.9358579304324139,0.5974170918287687,0.0,0.2982456140350877,0.0429703393770802
1259,112,98.24561403508773,114,0,106,8,0,0.0,3.2068825413196898,3.1783396113116775,12.144151555183669,2.2450537610737316,1.1335593436781106,1.841369210292705,9.228070175438596,2.4305875750258568,0.47914462898853194,0.01134514659106799,0.01161661135630963,0.0,0.01134514659106799,0.006860226445702916,0,0,0,8,0,1.0,0.3333333333333333,0.4402919506837731,0.26777360629590585,0.9401878006691182,0.6015116239763653,0.0,0.2631578947368421,0.04331841159125285
1260,113,99.12280701754386,114,0,107,7,0,0.0,3.205569370428968,3.1768910173288427,12.347306140529385,2.2522594579758684,1.1358095567139401,1.8506848180268824,9.228070175438596,2.4305875750258568,0.4811858230591295,0.017262256346811857,0.01249446103368645,0.0,0.017262256346811857,0.004726160367774591,0,0,0,7,0,0.8571428571428571,0.32456140350877194,0.44502393689887815,0.27389831608485865,0.9417715809209823,0.6030600344102931,0.0,0.2631578947368421,0.04339941612359792
1261,113,99.12280701754386,114,0,103,11,0,0.0,3.2300120139352524,3.201542069451077,12.346905854730117,2.2597693464324053,1.1333743719226954,1.7949931814652795,9.228070175438596,2.4305875750258568,0.48103935009524323,0.0069715945632558675,0.012770652825615016,0.0,0.0069715945632558675,0.0023810597036490718,0,0,0,11,0,1.0,0.30701754385964913,0.4423707123590262,0.2722578312690446,0.9333450010432721,0.6060097874242454,0.0,0.2631578947368421,0.04361289654899079
1262,113,99.12280701754386,114,1,104,9,0,0.008771929824561403,3.2120171363331487,3.1866538522022787,12.036135188473096,2.2667502971178815,1.1629595039937375,1.8266412927891296,9.228070175438596,2.4305875750258568,0.47838539439290373,0.04232547198333951,0.016070273529909765,0.0,0.04232547198333951,-0.0004896683371476862,0,1,1,8,0,0.9,0.2982456140350877,0.4360542312603602,0.27487122592285634,0.9277520123007839,0.6039020637940117,0.008771929824561403,0.2982456140350877,0.0436077612209702
1263,113,99.12280701754386,114,0,102,12,0,0.0,3.2294037409912013,3.204072420762698,12.130785753069105,2.2739571749623826,1.150838741007247,1.8078436700911202,9.228070175438596,2.4305875750258568,0.4778350843928314,0.0297318623439619,0.010624845496218319,0.0,0.0297318623439619,0.01936040349451808,0,0,0,12,0,0.8333333333333334,0.2982456140350877,0.4350185802385366,0.2766418184753043,0.9225068850275672,0.6035424130367947,0.0,0.3333333333333333,0.04378227898297833
1264,112,98.24561403508773,114,1,106,7,0,0.008771929824561403,3.2608985930714987,3.2240522927420363,13.40813314219654,2.281589055264969,1.1371383676277058,1.8085365602020012,9.228070175438596,2.4305875750258568,0.48445332775147776,0.08573325869225813,0.009819736017440933,0.0,0.08573325869225813,0.0312965213724784,0,1,0,7,0,0.5,0.30701754385964913,0.45346156188813536,0.2685015350405505,0.922792988973295,0.6002157769245197,0.008771929824561403,0.3333333333333333,0.044032503010567575
1265,112,98.24561403508773,114,0,109,5,0,0.0,3.273137255927522,3.235942586814801,13.888415792460016,2.2890549699346208,1.1535990704078039,1.8167486673952895,9.228070175438596,2.4305875750258568,0.4851793224175194,0.017316740039136327,0.011386909459855692,0.0,0.017316740039136327,-0.005588747893327817,0,0,0,5,0,1.0,0.3157894736842105,0.4568919020041975,0.25627020889083113,0.9164933183405214,0.6011247568445259,0.0,0.3333333333333333,0.044184429122008984
1266,112,98.24561403508773,114,0,110,4,0,0.0,3.2788102434985937,3.241158325462384,14.059863419412686,2.2964408374863625,1.1522034618524137,1.817030917156692,9.228070175438596,2.4305875750258568,0.486092896909607,0.048819134836107184,0.013736990434325202,0.0,0.048819134836107184,-0.007254308081499794,0,0,0,4,0,0.75,0.30701754385964913,0.4581284455279031,0.2552534715732675,0.923834260180994,0.5987139936585363,0.0,0.3333333333333333,0.044302554049374596
1267,113,99.12280701754386,114,0,109,5,0,0.0,3.312608791100491,3.274329402644525,14.378175029739564,2.304292186723476,1.1422465400160824,1.8094547492451354,9.228070175438596,2.4305875750258568,0.49011720081388743,0.05289852799291815,0.01228164856095094,0.0,0.05289852799291815,-0.004207429941519969,0,0,0,5,0,0.4,0.2982456140350877,0.46358449719063816,0.2589634915454372,0.9278408372059697,0.6052641805494181,0.0,0.2982456140350877,0.04456696374689867
1268,113,99.12280701754386,114,0,108,6,0,0.0,3.310778414689265,3.2728327578382714,13.763033966137588,2.3119236002313985,1.164714148649142,1.8195149362124199,9.228070175438596,2.4305875750258568,0.48665427996165245,0.05469194009071197,0.011921543878138869,0.0,0.05469194009071197,0.017252642127190704,0,0,0,6,0,0.6666666666666666,0.30701754385964913,0.4531727600992328,0.2659152672885967,0.9354033226156032,0.5992770619563058,0.0,0.2982456140350877,0.04465055595910374
1269,113,99.12280701754386,114,1,109,4,0,0.008771929824561403,3.3040485697287822,3.2786445317116155,13.909406799136704,2.3192479500259435,1.1665994911996478,1.8604937721984016,9.228070175438596,2.4305875750258568,0.488046754387788,0.04885810539660141,0.011305890215040203,0.0,0.04885810539660141,0.01809802906183171,0,1,0,4,0,0.6,0.2894736842105263,0.4566661118613891,0.2764874379179713,0.9432423636003968,0.6012094272987293,0.008771929824561403,0.2982456140350877,0.044705919102330155
1270,112,98.24561403508773,114,1,103,9,1,0.008771929824561403,3.2964713568421993,3.2640016005478567,13.570505870552505,2.326483195822828,1.1932982385796367,1.8849806721844466,9.228070175438596,2.4305875750258568,0.4864740999477297,0.23818188318692204,0.014292826383013746,0.18181818181818182,0.05850650487058074,0.04300153983211355,1,1,0,9,0,0.5454545454545454,0.2807017543859649,0.45304222525652343,0.2728764589913549,0.940806680075587,0.5958204450630427,0.008771929824561403,0.2982456140350877,0.044755962530578064
1271,111,97.36842105263158,114,1,104,9,0,0.008771929824561403,3.270261030410829,3.250190263172845,13.600658038070385,2.332893620365255,1.1960537024125684,1.8834247024826267,9.228070175438596,2.4305875750258568,0.48510903139969996,0.026357605342825923,0.010763381831361387,0.0,0.026357605342825923,0.005218432155890495,0,1,1,8,0,0.9,0.2894736842105263,0.4527586752596599,0.2649635427172495,0.9486078461841875,0.6011939944547701,0.008771929824561403,0.2807017543859649,0.044702816389638536
1272,111,97.36842105263158,114,0,104,10,0,0.0,3.3085161156510394,3.287654201716258,14.687369079944801,2.340118049519471,1.1577271916212,1.8477383090482615,9.228070175438596,2.4305875750258568,0.49012839936477826,0.029355058416581852,0.012737358570235103,0.0,0.029355058416581852,0.010294109420254683,0,0,0,10,0,0.8,0.2982456140350877,0.46741041320398297,0.2576641299601714,0.9466591797393784,0.6138289137492623,0.0,0.2807017543859649,0.044981889854534045
1273,110,96.49122807017544,114,1,107,6,0,0.008771929824561403,3.309523982493155,3.2959699377854608,15.091961801766077,2.347178015018195,1.1654845196299324,1.8721451057777345,9.228070175438596,2.4305875750258568,0.4920591407171704,0.022382184284168553,0.012423658081745812,0.0,0.022382184284168553,-0.0004142742002571444,0,1,1,5,0,0.8571428571428571,0.2894736842105263,0.4734242184873296,0.26002367239586266,0.9384312102723025,0.6056549122968804,0.008771929824561403,0.24561403508771928,0.04507272851085117
1274,110,96.49122807017544,114,1,106,7,0,0.008771929824561403,3.3032481755438305,3.288282126210534,15.355675041977003,2.3541053000688086,1.1994627805122782,1.8967448240337028,9.228070175438596,2.4305875750258568,0.4930515433291014,0.013000698459985747,0.013082206604574072,0.0,0.013000698459985747,0.0029818885799290096,0,1,0,7,0,0.875,0.2982456140350877,0.47859050257373714,0.2583266287185246,0.9423495567708369,0.6069597669931853,0.008771929824561403,0.2807017543859649,0.04512553634096796
1275,111,97.36842105263158,114,0,108,6,0,0.0,3.2459526688900033,3.231932035968549,13.706410646590822,2.3597306599419365,1.2515359069851322,1.9341963372478694,9.228070175438596,2.4305875750258568,0.4894669438764605,0.011305672025953643,0.012857310038248923,0.0,0.011305672025953643,-0.0019041589303793554,0,0,0,6,0,1.0,0.2982456140350877,0.4630549341231734,0.28335417455105133,0.9439084126563756,0.6002176753905385,0.0,0.24561403508771928,0.0449074234567622
1276,112,98.24561403508773,114,0,108,6,0,0.0,3.3080203264361336,3.2917544648221755,15.54113015788478,2.366382519735173,1.1981885608468559,1.8887356900759047,9.228070175438596,2.4305875750258568,0.4960138880185232,0.048823289374813776,0.015479008309899324,0.0,0.048823289374813776,-0.008062627597640907,0,0,0,6,0,0.5,0.2894736842105263,0.4823857472252401,0.2671511254867134,0.926228291986104,0.6089580202326914,0.0,0.24561403508771928,0.045298601383314124
1277,112,98.24561403508773,114,1,108,5,0,0.008771929824561403,3.280914004413557,3.2628879038297516,14.715040861513021,2.3723683500778217,1.2374823962758341,1.9399997309484853,9.228070175438596,2.4305875750258568,0.49388685538368193,0.0635599327265518,0.0162592141846758,0.0,0.0635599327265518,-0.008204577918935104,0,1,0,5,0,0.5,0.30701754385964913,0.47399932800870154,0.26589360041744603,0.9391861282708555,0.6105237639646841,0.008771929824561403,0.24561403508771928,0.04523581519748651
1278,111,97.36842105263158,114,1,107,6,0,0.008771929824561403,3.286129838778408,3.260271357492906,15.869118592925997,2.3782239794467888,1.2403226641054008,1.9335872457629664,9.228070175438596,2.4305875750258568,0.49787542539035434,0.03521996989772759,0.014319027505450598,0.0,0.03521996989772759,-0.00846080429469298,0,1,0,6,0,0.8571428571428571,0.32456140350877194,0.489032380440463,0.26766933355081735,0.9462237688367235,0.5943496274638694,0.008771929824561403,0.24561403508771928,0.045333057469251606
1279,111,97.36842105263158,114,1,108,5,0,0.008771929824561403,3.303635917378777,3.2691405095760118,15.601940169433824,2.384151101935582,1.2668699482499515,1.9468025880216147,9.228070175438596,2.4305875750258568,0.49569271657689096,0.09394634326161472,0.015443269398074779,0.16666666666666666,0.07954095864124378,0.0131678021703631,0,1,0,5,0,0.8333333333333334,0.30701754385964913,0.48346968652233574,0.27468020761314843,0.9450694800823245,0.5945382230876765,0.008771929824561403,0.2982456140350877,0.04549261981363804
1280,111,97.36842105263158,114,0,109,5,0,0.0,3.3276616089667,3.2933000488338573,15.894988354926765,2.390239454918315,1.2324992740833023,1.879169744650125,9.228070175438596,2.4305875750258568,0.4979634991267643,0.05321095169745647,0.01455929471171378,0.0,0.05321095169745647,0.010284846001495974,0,0,0,5,0,0.8,0.32456140350877194,0.4874402998390107,0.2716430199688144,0.9471163439068911,0.6046966501582947,0.0,0.2631578947368421,0.045686739647138666
1281,111,97.36842105263158,114,0,109,5,0,0.0,3.371992900610466,3.33797487774904,16.144648448121163,2.397048513822547,1.2243965954878768,1.9093135228196878,9.228070175438596,2.4305875750258568,0.49757612282147257,0.040760090431478845,0.013358942538434355,0.0,0.040760090431478845,0.001370083598548444,0,0,0,5,0,0.8,0.3333333333333333,0.48544145384352594,0.26948866781362096,0.9441013186582341,0.6064653946217756,0.0,0.2982456140350877,0.04599114617520872
1282,112,98.24561403508773,114,0,110,4,0,0.0,3.4079029518241475,3.3728911084298727,17.017938281787025,2.404371008238753,1.1952936678460053,1.8239547588287939,9.228070175438596,2.4305875750258568,0.49975280287693824,0.0672014914225132,0.012100687416824456,0.0,0.0672014914225132,0.006125961349927933,0,0,0,4,0,0.5,0.3333333333333333,0.49251926325567563,0.2652708376960296,0.9482775928108758,0.6103652271201314,0.0,0.2982456140350877,0.046259686251008264
1283,113,99.12280701754386,114,0,109,5,0,0.0,3.468391724280073,3.4320870575238045,19.25418643197477,2.4126665705223727,1.1865568466122405,1.8636471182551846,9.228070175438596,2.4305875750258568,0.5057800773095142,0.07709208170277486,0.01738292875951885,0.0,0.07709208170277486,-0.012821374705309996,0,0,0,5,0,0.6,0.3333333333333333,0.5130402072153533,0.24497741749605614,0.9505989495900949,0.6180160086660242,0.0,0.2982456140350877,0.046662945566359984
1284,114,100.0,114,0,108,6,0,0.0,3.44403942446183,3.4077871875265133,18.831317264741703,2.4202879982031273,1.221112483263665,1.8552233789989991,9.228070175438596,2.4305875750258568,0.5041075031726314,0.039644459597103894,0.01543487299474664,0.0,0.039644459597103894,-0.0071578563220747,0,0,0,6,0,0.6666666666666666,0.34210526315789475,0.5070597256316264,0.2461592502482877,0.9505989495900949,0.6124828700901213,0.0,0.2982456140350877,0.046633806804392774
1285,113,99.12280701754386,114,1,110,3,0,0.008771929824561403,3.4428379315388797,3.4042453317961967,18.1691402556201,2.4277085482615735,1.2713254890197814,1.8931722403796276,9.228070175438596,2.4305875750258568,0.502229972303994,0.10924125656407165,0.01932743311866828,0.0,0.10924125656407165,-0.014665954507269097,0,1,0,3,0,0.5,0.32456140350877194,0.5000224889690394,0.2541251742794479,0.9358046839036818,0.6131895725295219,0.008771929824561403,0.2982456140350877,0.04671798082363761
1286,112,98.24561403508773,114,1,112,1,0,0.008771929824561403,3.427635917910018,3.396814744305111,18.00852461557518,2.434605440156051,1.2833729192849663,1.9559113956505163,9.228070175438596,2.4305875750258568,0.5038141132456568,0.23535656435310814,0.024339725509249326,0.0,0.23535656435310814,-0.025226533835054576,0,1,0,1,0,0.5,0.34210526315789475,0.5019591244822763,0.25585728973347716,0.9422858029464518,0.6157243400612561,0.008771929824561403,0.2631578947368421,0.046725788254218366
1287,112,98.24561403508773,114,0,110,4,0,0.0,3.4198426799170747,3.388986844204977,18.408978355103113,2.44132805735032,1.2644439238476322,1.9481724768775195,9.228070175438596,2.4305875750258568,0.5049059484050953,0.061072338812460276,0.013032387258874394,0.0,0.061072338812460276,0.013928399294457994,0,0,0,4,0,0.5,0.3333333333333333,0.5070593950571743,0.2508265305650911,0.9469544117798298,0.6178374894452453,0.0,0.2631578947368421,0.04676852161337387
1288,111,97.36842105263158,114,1,108,5,0,0.008771929824561403,3.4055241642662466,3.37308940941616,17.771131094375583,2.4476199310574174,1.2887169913624839,1.9691623259670736,9.228070175438596,2.4305875750258568,0.5022490807397799,0.18742250383904188,0.01997780346391582,0.16666666666666666,0.03848282663117084,0.024962215195295068,0,1,1,4,0,0.6666666666666666,0.3684210526315789,0.5017695098770877,0.24968980787629882,0.9475083361147361,0.6150757554918915,0.008771929824561403,0.2807017543859649,0.04677339378540025
1289,111,97.36842105263158,114,0,111,3,0,0.0,3.391886644281645,3.360901085735845,16.87785152823906,2.453480100488323,1.3072397733895107,2.0059087260532706,9.228070175438596,2.4305875750258568,0.4979973786516301,0.014629776479809252,0.015411414116503201,0.0,0.014629776479809252,0.007823995289556388,0,0,0,3,0,1.0,0.3684210526315789,0.4904491671385497,0.25091162547784557,0.9503401033315946,0.6110277317879056,0.0,0.2807017543859649,0.04677642446050877
1290,112,98.24561403508773,114,0,111,3,0,0.0,3.370916658114823,3.339722138223798,16.70788088008355,2.4587860150757663,1.3188604941105937,2.0047025168117742,9.228070175438596,2.4305875750258568,0.49844374660692026,0.014579736859509534,0.011828504617505209,0.0,0.014579736859509534,0.011921766784788845,0,0,1,2,0,1.0,0.3684210526315789,0.4921959164371799,0.2459128844172292,0.936279328122106,0.6119936260514611,0.0,0.2807017543859649,0.0467360569800266
1291,112,98.24561403508773,114,1,112,1,0,0.008771929824561403,3.3739896890152012,3.3390810057994016,16.7477206494478,2.4640092080662304,1.327085435047168,2.0135441248541284,9.228070175438596,2.4305875750258568,0.499339313923004,0.02549758453864676,0.012849097514586329,0.0,0.02549758453864676,0.0067126829907805385,0,1,0,1,0,0.5,0.35964912280701755,0.4940319275429649,0.25134256219110174,0.9399787769623765,0.6083633688254518,0.008771929824561403,0.2807017543859649,0.04681489927445141
1292,112,98.24561403508773,114,0,113,1,0,0.0,3.375141020681748,3.3399919382829903,17.045891256684488,2.4690644496544967,1.3385046917999277,2.0171375918489534,9.228070175438596,2.4305875750258568,0.4996255574767918,0.005574323892066796,0.012280708265166106,0.0,0.005574323892066796,0.013946181167729277,0,0,0,1,0,1.0,0.35964912280701755,0.4981048090351676,0.24836225054040958,0.9343555081008132,0.6120599744801684,0.0,0.2807017543859649,0.046882091969750114
1293,113,99.12280701754386,114,0,113,1,0,0.0,3.3731930486961192,3.338850985166776,16.42276664158664,2.4739746336770883,1.32435863320623,2.005501665584179,9.228070175438596,2.4305875750258568,0.49867513978380296,0.00021254139131242158,0.009748751945686602,0.0,0.00021254139131242158,-0.010213546310239074,0,0,0,1,0,1.0,0.35964912280701755,0.49166416059854673,0.25531358350113614,0.9345713405195462,0.6132036780790142,0.0,0.2807017543859649,0.04693202527120398
1294,113,99.12280701754386,114,0,111,3,0,0.0,3.390819689049254,3.3565926511051107,16.872559864407773,2.4791104527592354,1.316234033050674,2.005867386017256,9.228070175438596,2.4305875750258568,0.5012728623600111,0.002260721803632639,0.015213947709558575,0.0,0.002260721803632639,-0.006795400110671294,0,0,0,3,0,1.0,0.34210526315789475,0.4971783374814598,0.2536331615239683,0.9312673591300649,0.6162162068369995,0.0,0.2807017543859649,0.04708257376321289
1295,113,99.12280701754386,114,0,111,3,0,0.0,3.414991944205217,3.3800561236869786,17.521900350490487,2.4845776814602907,1.2829263607971257,1.9647634119757158,9.228070175438596,2.4305875750258568,0.5054332957802312,0.000677382672074674,0.014701102592977827,0.0,0.000677382672074674,-0.008895774027168088,0,0,0,3,0,1.0,0.34210526315789475,0.5062898210747818,0.25292003035990385,0.9484860166101585,0.6221074011781524,0.0,0.24561403508771928,0.047269877929745754
1296,114,100.0,114,0,111,3,0,0.0,3.4399647981209354,3.404610972649428,17.627293327472614,2.4903894860661984,1.284521813867329,1.9587691684434365,9.228070175438596,2.4305875750258568,0.5066430735333358,0.000654935580968033,0.014758381869293444,0.0,0.000654935580968033,-0.009276102568059367,0,0,0,3,0,1.0,0.34210526315789475,0.5070797393348839,0.2529036630515813,0.9486532922746084,0.6277321980047931,0.0,0.24561403508771928,0.047465372699642336
1297,114,100.0,114,0,108,6,0,0.0,3.4584664161653924,3.423422473946692,16.851978652131006,2.496425813682036,1.3057783116254662,1.9629954489714023,9.228070175438596,2.4305875750258568,0.5056050217758645,0.004201913049960718,0.014074054906686404,0.0,0.004201913049960718,0.0003409723008406436,0,0,1,5,0,1.0,0.32456140350877194,0.49678730102711927,0.26706075730059425,0.9456153956325029,0.6278592494350681,0.0,0.24561403508771928,0.04763123990437382
1298,114,100.0,114,0,110,4,0,0.0,3.4538787576429395,3.4202498471398743,16.68594142830083,2.5022537322904803,1.3007212469200926,1.9798923591355146,9.228070175438596,2.4305875750258568,0.502846608246057,0.005280349343902203,0.009345008171752066,0.0,0.005280349343902203,0.0071996985362151045,0,0,0,4,0,1.0,0.34210526315789475,0.49229822229565057,0.25453571966147703,0.9429336391559211,0.6306511424383006,0.0,0.24561403508771928,0.047679127944551286
1299,113,99.12280701754386,114,1,110,3,0,0.008771929824561403,3.4601614982763382,3.421560265703953,17.43609349601325,2.508047433506443,1.3437572873809254,2.0290519658135606,9.228070175438596,2.4305875750258568,0.5031072108865746,0.0565331055516017,0.01748881806222027,0.0,0.0565331055516017,-2.9185119090391343e-05,0,1,0,3,0,0.75,0.3333333333333333,0.4990296102900072,0.2428450341162596,0.9346493058344034,0.6262535747161749,0.008771929824561403,0.2631578947368421,0.04778095213866294
1300,112,98.24561403508773,114,1,110,3,0,0.008771929824561403,3.4780310430968306,3.431720120377558,17.567208551042047,2.513948538179726,1.3343999092747485,2.0347601117532874,9.228070175438596,2.4305875750258568,0.5053063400557736,0.09511091821379793,0.014197881679044878,0.0,0.09511091821379793,0.005253537493977389,0,1,0,3,0,0.75,0.3333333333333333,0.5013338313832764,0.24514002645061106,0.937149683312507,0.6264107443756018,0.008771929824561403,0.2631578947368421,0.04794201562125444
1301,112,98.24561403508773,114,0,108,6,0,0.0,3.5255204996094065,3.476959775356695,19.7160849438236,2.5204532591989586,1.2845743727361338,1.9963465773932665,9.228070175438596,2.4305875750258568,0.5112490888951866,0.02750288048047268,0.0123852558281986,0.0,0.02750288048047268,-0.0005336144329532444,0,0,0,6,0,0.6666666666666666,0.34210526315789475,0.5232423508457407,0.22963989973745252,0.936258277728367,0.63535375853085,0.0,0.24561403508771928,0.048258514374259105
1302,112,98.24561403508773,114,0,108,6,0,0.0,3.521972271981419,3.4731814273685764,19.114354728405903,2.5267264084319154,1.2691029364405995,1.9789183409717392,9.228070175438596,2.4305875750258568,0.5114806399162211,0.028845303252582073,0.009459821847574526,0.0,0.028845303252582073,0.003892013870933612,0,0,0,6,0,0.8333333333333334,0.3333333333333333,0.5178768114370245,0.23436555720167707,0.9272660899119809,0.6388501687620973,0.0,0.2631578947368421,0.04831701042902871
1303,112,98.24561403508773,114,0,105,9,0,0.0,3.515179034909094,3.466733966284984,18.221935391466562,2.532721714328652,1.2723938151991698,1.962467353393338,9.228070175438596,2.4305875750258568,0.5079414303602017,0.03345248441608626,0.009545969750170174,0.0,0.03345248441608626,0.00018804570674753793,0,0,0,9,0,0.6666666666666666,0.34210526315789475,0.5055512957549606,0.23593835286821768,0.9416203730440511,0.639412899758213,0.0,0.21052631578947367,0.048355904823772514
1304,112,98.24561403508773,114,1,104,9,0,0.008771929824561403,3.529213419286231,3.5017772646241836,18.458248051353497,2.538833161653614,1.2706199964150546,1.960621220075879,9.228070175438596,2.4305875750258568,0.5096047208980754,0.038810498029598225,0.010693544255087856,0.0,0.038810498029598225,0.003149311253464837,0,1,0,9,0,0.7,0.34210526315789475,0.5067906153314757,0.24405472216802307,0.9449501053618443,0.6371316488231192,0.008771929824561403,0.22807017543859648,0.04850034878532559
1305,113,99.12280701754386,114,0,106,8,0,0.0,3.486918259025595,3.460848791851924,16.347647438198816,2.544419766855973,1.3108720204471112,2.0199215644887905,9.228070175438596,2.4305875750258568,0.504415003387159,0.019899335502231906,0.012306504278496118,0.0,0.019899335502231906,0.01599789284604912,0,0,0,8,0,0.875,0.3508771929824561,0.4851572751161339,0.26422301289262723,0.9440884132971756,0.6281065430322237,0.0,0.2631578947368421,0.04835676664997955
1306,112,98.24561403508773,114,1,105,8,0,0.008771929824561403,3.492744636862812,3.466240019233081,15.766981416227802,2.5499962024915,1.352179356830429,2.0528375715572063,9.228070175438596,2.4305875750258568,0.502572848263946,0.01207990761675392,0.012011018614511176,0.0,0.01207990761675392,0.01239188702119303,0,1,0,8,0,1.0,0.3333333333333333,0.47690639833323756,0.2764400402933507,0.942196130296234,0.6261724076702849,0.008771929824561403,0.19298245614035087,0.048453668615008855
1307,112,98.24561403508773,114,0,108,6,0,0.0,3.512182933499892,3.485246108617536,16.115170851619574,2.5557858787302146,1.325114641815488,1.9993330650715309,9.228070175438596,2.4305875750258568,0.5033265577679029,0.007739598045880637,0.012908470130356857,0.0,0.007739598045880637,0.008711084753946515,0,0,0,6,0,1.0,0.3157894736842105,0.48046676607536143,0.278410819974586,0.941399919133674,0.6292471403348521,0.0,0.19298245614035087,0.04862122167384046
1308,112,98.24561403508773,114,0,108,6,0,0.0,3.5071134155209736,3.480289293307903,16.26937200954399,2.561338448028011,1.3316899107170723,2.0028883363563166,9.228070175438596,2.4305875750258568,0.5046192804568321,0.006138094869004852,0.011608740093758597,0.0,0.006138094869004852,0.0037696506077020686,0,0,0,6,0,1.0,0.3333333333333333,0.48323243810798716,0.27342422069042205,0.9462086250698588,0.6317937817713547,0.0,0.19298245614035087,0.048663354113669344
1309,113,99.12280701754386,114,0,107,7,0,0.0,3.510869530989863,3.484935206171275,15.925296790614361,2.5668463956510026,1.3446757994576652,1.9998118775823213,9.228070175438596,2.4305875750258568,0.5012847155616662,0.006551380679788068,0.014821784772141484,0.0,0.006551380679788068,0.002559856170560521,0,0,0,7,0,1.0,0.3333333333333333,0.4755588292300257,0.2745330120588333,0.9433568117169455,0.6292962688728161,0.0,0.19298245614035087,0.048749072436295476
1310,113,99.12280701754386,114,0,102,12,0,0.0,3.5451519767294473,3.519875167535428,15.713891366960953,2.572899864871139,1.3429754741823057,1.9919078466384197,9.228070175438596,2.4305875750258568,0.5012631958664171,0.012352759927771581,0.012744377666251146,0.0,0.012352759927771581,0.011013984130722743,0,0,0,12,0,0.9166666666666666,0.32456140350877194,0.4718493143038741,0.2759557206487035,0.9384663946125902,0.6314744903554659,0.0,0.22807017543859648,0.04899405210035472
1311,114,100.0,114,0,104,10,0,0.0,3.557340147432629,3.531227026096806,16.288128889495066,2.5790269327115354,1.329514502853338,1.9835783219398972,9.228070175438596,2.4305875750258568,0.5022968281037548,0.017198885515620585,0.012103839136466236,0.0,0.017198885515620585,0.012554612632175522,0,0,1,9,0,0.9,0.32456140350877194,0.4776885407510722,0.2646025708680826,0.9479814857665505,0.6357413353449467,0.0,0.19298245614035087,0.04912945482869167
1312,114,100.0,114,0,103,11,0,0.0,3.5705705086957797,3.543594809909348,16.766095021045576,2.585245564655613,1.2968581061529925,1.9617196422985326,9.228070175438596,2.4305875750258568,0.5051745087674013,0.023863761626062897,0.013228332370242417,0.0,0.023863761626062897,0.012206481126518192,0,0,0,11,0,0.8181818181818182,0.32456140350877194,0.48311034104357414,0.26089679422027023,0.9605178665958393,0.6391530472301361,0.0,0.15789473684210525,0.04927118128269209
1313,113,99.12280701754386,114,1,105,8,0,0.008771929824561403,3.573300931145858,3.551361744336417,17.04497162221852,2.5913744012939266,1.2926470470197498,1.960845452203356,9.228070175438596,2.4305875750258568,0.5068893945293593,0.027545159618707255,0.01098400229230175,0.0,0.027545159618707255,0.009162673591743855,0,1,0,8,0,0.7777777777777778,0.32456140350877194,0.48697871580919444,0.26289240224981275,0.9516767082592791,0.6419238804582179,0.008771929824561403,0.21052631578947367,0.04935931676585472
1314,113,99.12280701754386,114,0,104,10,0,0.0,3.5743200496857197,3.55331435725659,17.002111248168205,2.5974819108889466,1.2916969052882097,1.9557594989169438,9.228070175438596,2.4305875750258568,0.5089377763786029,0.04863475869961686,0.012964254518704702,0.0,0.04863475869961686,0.005234489322721447,0,0,1,9,0,0.7,0.34210526315789475,0.48942290912605413,0.2600263396621197,0.9619719413377886,0.6459717367746923,0.0,0.21052631578947367,0.04943863654323406
1315,112,98.24561403508773,114,1,103,10,0,0.008771929824561403,3.5484536768931094,3.523010734224671,16.041907458613903,2.6029502878040898,1.2975290748142057,1.956919221075479,9.228070175438596,2.4305875750258568,0.5049041595154238,0.029794862195172623,0.012408359072396137,0.0,0.029794862195172623,0.006023109571663137,0,1,0,10,0,0.8181818181818182,0.34210526315789475,0.4787297487853532,0.2674945402487327,0.9582215610617705,0.6462720622135438,0.008771929824561403,0.19298245614035087,0.04937576152419854
1316,112,98.24561403508773,114,0,106,8,0,0.0,3.527567665749432,3.502969965400107,14.727468705202284,2.607797503713346,1.3372832098705663,1.9807488088723104,9.228070175438596,2.4305875750258568,0.5001303210310619,0.04385580618908812,0.01130140201900599,0.0,0.04385580618908812,0.01264722249878529,0,0,0,8,0,0.875,0.3333333333333333,0.463490232364764,0.28245269385456756,0.962429418805312,0.6393458490856175,0.0,0.21052631578947367,0.04933023938229268
1317,110,96.49122807017544,114,2,105,7,0,0.017543859649122806,3.5341711376499507,3.497226747530714,14.531852070426014,2.6126414166104586,1.3529738092649062,1.9966011005963953,9.228070175438596,2.4305875750258568,0.49975699085004566,0.04649629444519603,0.013163723448714242,0.0,0.04649629444519603,0.01351349413365536,0,2,0,7,0,0.7777777777777778,0.3157894736842105,0.46158610672537637,0.28417797171085063,0.9651894833213366,0.634977042286702,0.017543859649122806,0.21052631578947367,0.04942212451430642
1318,111,97.36842105263158,114,0,108,6,0,0.0,3.479431453493265,3.4444360766161513,13.324247830016892,2.6161149072046976,1.377765061431608,2.014502291181775,9.228070175438596,2.4305875750258568,0.49568904154515625,0.009874499911541589,0.011430927958078803,0.0,0.009874499911541589,0.010822343632938491,0,0,0,6,0,1.0,0.3508771929824561,0.4505102019320148,0.2987014614042242,0.9461777528327668,0.6279734650506621,0.0,0.21052631578947367,0.049190639208924636
1319,111,97.36842105263158,114,0,109,5,0,0.0,3.476226114448705,3.4406015242042094,13.73521748586657,2.6194294098445474,1.3950587451694079,2.0359869631229977,9.228070175438596,2.4305875750258568,0.49606074967342306,0.015324124008611925,0.010438702688365348,0.0,0.015324124008611925,0.010846993524084202,0,0,1,4,0,1.0,0.3333333333333333,0.4545149445595025,0.3024775651054969,0.9575147356523226,0.6210219305529429,0.0,0.21052631578947367,0.04921489345837087
1320,111,97.36842105263158,114,1,107,6,0,0.008771929824561403,3.487297982391652,3.4492336543085296,14.200906589086227,2.6228901404017306,1.3898384250862947,2.031073026863669,9.228070175438596,2.4305875750258568,0.49765589203330873,0.08879377768217277,0.014719309926655547,0.0,0.08879377768217277,0.016848911102885982,1,0,0,6,0,0.5714285714285714,0.3684210526315789,0.46039015709689457,0.2920154656038611,0.9506654148289739,0.6232338783153736,0.008771929824561403,0.19298245614035087,0.04931231084154961
1321,111,97.36842105263158,114,0,108,6,0,0.0,3.446720038679621,3.410214219982466,12.68770318056546,2.6254490930326746,1.4220409971996486,2.047488753450408,9.228070175438596,2.4305875750258568,0.489759093269559,0.07162756455428856,0.015306919206716861,0.0,0.07162756455428856,0.01584073056838396,0,0,0,6,0,0.6666666666666666,0.35964912280701755,0.43983137722667937,0.30165431419455097,0.9496681812427304,0.6156158629969577,0.0,0.2631578947368421,0.04914051991533872
1322,113,99.12280701754386,114,0,108,6,0,0.0,3.4666137087337012,3.430369501560042,13.29390267925341,2.6283377614947097,1.4011817385259293,2.0343743693197074,9.228070175438596,2.4305875750258568,0.4917756646739688,0.007224075430620088,0.012647976377158823,0.0,0.007224075430620088,0.005255451080272163,0,0,0,6,0,1.0,0.35964912280701755,0.44552620062791204,0.28541965444582046,0.9606041741818416,0.6247413195857083,0.0,0.22807017543859648,0.04927509407397008
1323,113,99.12280701754386,114,0,110,4,0,0.0,3.456087124447355,3.4196032573980912,12.726177825251975,2.6309468719457043,1.418475488791709,2.039236845617031,9.228070175438596,2.4305875750258568,0.48976829925899135,0.02205349180680117,0.013043751279632086,0.0,0.02205349180680117,0.00018542426904910592,0,0,0,4,0,0.75,0.3684210526315789,0.43771289801697694,0.2914119622616739,0.9616474663758741,0.6213360499305649,0.0,0.22807017543859648,0.04925416950975864
1324,113,99.12280701754386,114,0,109,5,0,0.0,3.4136389041036224,3.37865287483074,12.047547810157955,2.6326962977537725,1.4459495156127244,2.0573281017754854,9.228070175438596,2.4305875750258568,0.48286887441181614,0.10042751737256539,0.020009520446556028,0.0,0.10042751737256539,-0.001144802134759626,0,0,0,5,0,0.8,0.35964912280701755,0.42513491340366,0.30105030492782403,0.9496345626370915,0.6155229527756285,0.0,0.22807017543859648,0.04906318907120258
1325,113,99.12280701754386,114,1,107,6,0,0.008771929824561403,3.3695158373126346,3.3351702428336263,10.999775496254685,2.6335871363253154,1.465036291809798,2.093735464148745,9.228070175438596,2.4305875750258568,0.4783198371279396,0.01687014962328306,0.0170215271375067,0.0,0.01687014962328306,-0.011538974899508456,0,1,0,6,0,1.0,0.3684210526315789,0.41311942949767383,0.3087814678698578,0.9496345626370915,0.6084222279364578,0.008771929824561403,0.22807017543859648,0.04885340004306436
1326,113,99.12280701754386,114,0,110,4,0,0.0,3.3755301234565818,3.3417632160671817,11.129083620180058,2.6345550798255233,1.4791413714980073,2.120146649046075,9.228070175438596,2.4305875750258568,0.4730652265404498,0.0049045647100570845,0.014106409932284037,0.0,0.0049045647100570845,0.0013940468517624482,0,0,0,4,0,1.0,0.3684210526315789,0.4073065893013976,0.2981784226205196,0.9539344848793501,0.600967469635843,0.0,0.22807017543859648,0.04889523483100877
1327,113,99.12280701754386,114,0,108,6,0,0.0,3.3865559711511253,3.352336600750167,11.1372893510473,2.635705092910774,1.4740435020230631,2.152582230632376,9.228070175438596,2.4305875750258568,0.4748849385665028,0.014748414232103019,0.014030862411200537,0.0,0.014748414232103019,0.008910387689248381,0,0,0,6,0,0.8333333333333334,0.3684210526315789,0.4087233191045659,0.30565361554199755,0.9571893051057292,0.608160566178194,0.0,0.19298245614035087,0.04896434010706212
1328,113,99.12280701754386,114,0,107,7,0,0.0,3.339606040639995,3.3072416351565765,9.957764736944274,2.6359502958163192,1.4977449299116041,2.137499512843792,9.228070175438596,2.4305875750258568,0.4692089579494598,0.010196109216840296,0.013877399991630082,0.0,0.010196109216840296,0.009415259975255117,0,0,0,7,0,1.0,0.35964912280701755,0.39388689798239673,0.3160735544658834,0.9583466484412773,0.604376146060724,0.0,0.22807017543859648,0.04873257039018436
1329,113,99.12280701754386,114,0,107,7,0,0.0,3.326979025988171,3.2949263521895915,9.909054773620214,2.635950071860408,1.4860867947272105,2.122334065527266,9.228070175438596,2.4305875750258568,0.4708473192252305,0.012033825974323351,0.013891514266853342,0.0,0.012033825974323351,0.0168997350915358,0,0,0,7,0,1.0,0.3508771929824561,0.39541725652061893,0.3145842526160605,0.9533745568949448,0.6084999642402397,0.0,0.19298245614035087,0.04866943259520296
1330,114,100.0,114,0,108,6,0,0.0,3.3378878489268042,3.305994099266732,9.947673998265326,2.6361650623761763,1.4559596103827572,2.0763764650898993,9.228070175438596,2.4305875750258568,0.4729518345399437,0.011556134488247502,0.014882365419352388,0.0,0.011556134488247502,0.0033619312932850662,0,0,1,5,0,1.0,0.37719298245614036,0.3976935306884493,0.3185663515513046,0.9430044481739714,0.6121381107743239,0.0,0.15789473684210525,0.048726589476278004
1331,114,100.0,114,0,109,5,0,0.0,3.2970668569359916,3.2670212629339956,9.278014801905549,2.63561701222515,1.4883360531745238,2.1501179486654247,9.228070175438596,2.4305875750258568,0.46781000544678886,0.004962099644273342,0.015624442444956426,0.0,0.004962099644273342,0.011267929397486397,0,0,0,5,0,1.0,0.39473684210526316,0.3864166149683732,0.318442316903647,0.9418741829586942,0.604560498683041,0.0,0.15789473684210525,0.04851582409688607
1332,114,100.0,114,0,107,7,0,0.0,3.3350016996014173,3.3040669579990882,9.785003562354749,2.635802625362066,1.4367936254114138,2.110343598135037,9.228070175438596,2.4305875750258568,0.47279690873294244,0.010070212358296199,0.013963807927831556,0.0,0.010070212358296199,0.018519937873901764,0,0,0,7,0,1.0,0.38596491228070173,0.39544287643267173,0.3104501189584423,0.9497929381880073,0.6143756509157492,0.0,0.19298245614035087,0.048707754055134944
1333,114,100.0,114,0,106,8,0,0.0,3.3543271879255876,3.323309566923171,10.090015916285127,2.6363578937784338,1.3911024851121236,1.9997467030373917,9.228070175438596,2.4305875750258568,0.477929891910881,0.017504096848794143,0.011921472841622732,0.0,0.017504096848794143,0.02303368831274591,0,0,0,8,0,0.875,0.38596491228070173,0.40371935056089225,0.3077526138826764,0.9503048957974702,0.6234629398439985,0.0,0.19298245614035087,0.04881112963932393
1334,114,100.0,114,0,109,5,0,0.0,3.3670535282069602,3.3352276606583406,9.98101383498618,2.6371314096740726,1.4116809181792709,2.0350406782154913,9.228070175438596,2.4305875750258568,0.4747998811941303,0.013949344561209628,0.012185501185839668,0.0,0.013949344561209628,0.014177700119188685,0,0,0,5,0,1.0,0.37719298245614036,0.3979789393956731,0.3099425478699023,0.9609962960207787,0.6188433367152366,0.0,0.15789473684210525,0.04888416183135592
1335,114,100.0,114,0,107,7,0,0.0,3.3365838195230273,3.3045005673465013,9.593990317940728,2.6372886454586966,1.4277769188980651,2.095757186057651,9.228070175438596,2.4305875750258568,0.471338150965789,0.008606589913185057,0.01399164437864229,0.0,0.008606589913185057,0.005154025718653342,0,0,0,7,0,1.0,0.38596491228070173,0.39155518985884696,0.3102068462773034,0.9634873733172271,0.6146487180541538,0.0,0.15789473684210525,0.048733724164658536
1336,113,99.12280701754386,114,1,109,4,0,0.008771929824561403,3.32642909627408,3.3060640143657114,9.400625355802495,2.637239811267435,1.45926629665953,2.120929377116301,9.228070175438596,2.4305875750258568,0.4703387239244883,0.10281835816026326,0.016334834484729492,0.2,0.0986209715145629,0.013747246094116016,0,1,0,4,0,0.8,0.3684210526315789,0.3885683296356711,0.32651910196355316,0.9611693907666194,0.6091426360155175,0.008771929824561403,0.24561403508771928,0.04868235706952122
1337,112,98.24561403508773,114,1,105,6,2,0.008771929824561403,3.3589522199924904,3.3330601358104834,9.59902200835927,2.638050578172911,1.5064506680955954,2.1380213530393215,9.228070175438596,2.4305875750258568,0.47048644929994476,0.3050543466054434,0.02615017565315429,0.3333333333333333,0.039704516372868266,0.0067566850105609255,0,3,0,6,0,0.8888888888888888,0.37719298245614036,0.3891452589308492,0.3257263519321282,0.9514810860139861,0.6134760198858995,0.008771929824561403,0.21052631578947367,0.04885482588794673
1338,112,98.24561403508773,114,0,109,5,0,0.0,3.3744415689024967,3.3488496663968177,9.755881990145554,2.6390478277151312,1.5018092079154892,2.137118816075694,9.228070175438596,2.4305875750258568,0.4719433064565517,0.08811912325815614,0.01833579767206277,0.0,0.08811912325815614,0.018694492045661405,0,0,0,5,0,0.8,0.37719298245614036,0.39138855080396234,0.3212013151045894,0.9423576219936423,0.614132111551462,0.0,0.21052631578947367,0.04894439214422937
1339,112,98.24561403508773,114,0,110,4,0,0.0,3.383104740203319,3.357363010462417,9.439622633210742,2.6401863776603487,1.5245045385843858,2.1465544839611046,9.228070175438596,2.4305875750258568,0.4714662815480306,0.11063293694917122,0.016877005626201168,0.0,0.11063293694917122,0.014591285995508685,0,0,0,4,0,0.75,0.35964912280701755,0.386761273857755,0.3329849865937168,0.9465090482627493,0.6135175037652323,0.0,0.21052631578947367,0.049001544727485434
1340,111,97.36842105263158,114,1,108,5,0,0.008771929824561403,3.390149477734412,3.3627457001828547,9.74099621656918,2.6414387693352825,1.5004429346954051,2.1073657036578464,9.228070175438596,2.4305875750258568,0.4735614035033038,0.014146392188562387,0.01261019136717933,0.0,0.014146392188562387,0.00796805396028799,0,1,0,5,0,1.0,0.3684210526315789,0.39256875133440267,0.32434556551330784,0.93987692420303,0.6189526804584001,0.008771929824561403,0.21052631578947367,0.0490519886533617
1341,112,98.24561403508773,114,0,107,7,0,0.0,3.3990789307435403,3.372075427951381,9.96029709872072,2.642805283903732,1.4505946952896382,2.041525802573058,9.228070175438596,2.4305875750258568,0.47568714654312405,0.013331491371583558,0.013057648002538462,0.0,0.013331491371583558,-0.01193794234928826,0,0,0,7,0,0.8571428571428571,0.38596491228070173,0.3965940250905301,0.31594862758085623,0.9421751454823124,0.6235346721812364,0.0,0.21052631578947367,0.049113243085063166
1342,113,99.12280701754386,114,0,107,7,0,0.0,3.445516224138633,3.418463924336885,10.588771688751878,2.64504059456238,1.419559244671266,2.023789494080361,9.228070175438596,2.4305875750258568,0.4793728796385033,0.011210919300389833,0.012439297374297916,0.0,0.011210919300389833,0.005988907030941856,0,0,0,7,0,1.0,0.37719298245614036,0.40463474078975553,0.3084592822988787,0.93987692420303,0.6275120043781822,0.0,0.21052631578947367,0.0493725951436048
1343,112,98.24561403508773,114,1,106,7,0,0.008771929824561403,3.4581931281391545,3.422034842179527,10.90350704111722,2.6474423394171387,1.4191346513933885,2.018304874453044,9.228070175438596,2.4305875750258568,0.48184772680560894,0.08745706498799485,0.014206923480015933,0.125,0.0569956848113354,0.023540276399307433,0,1,0,7,0,0.875,0.3684210526315789,0.4101919321650786,0.30367496787892884,0.9503296245165709,0.6320537170766651,0.008771929824561403,0.19298245614035087,0.0494651679196192
1344,112,98.24561403508773,114,0,109,5,0,0.0,3.4302329563737097,3.393697943819019,10.33377326671225,2.64908337530439,1.458163613823591,2.0589233625477767,9.228070175438596,2.4305875750258568,0.4795960222570921,0.0022692415674186125,0.013295793266836576,0.0,0.0022692415674186125,0.01141321884865203,0,0,0,5,0,1.0,0.3684210526315789,0.40348697318853227,0.31670909399469016,0.9407883283517976,0.6232195827625582,0.0,0.22807017543859648,0.04934531046798059
1345,112,98.24561403508773,114,1,109,4,0,0.008771929824561403,3.430278988685177,3.405821928078843,10.130451854848987,2.6506896321387834,1.4993775940255711,2.157873242449039,9.228070175438596,2.4305875750258568,0.47594575088210545,0.19061169261202443,0.019977376856480322,0.2,0.013064980244095876,0.005921236383193529,0,1,0,4,0,0.8,0.3508771929824561,0.39751571933264335,0.3306041539703559,0.9401711445039047,0.6119305644070373,0.008771929824561403,0.22807017543859648,0.049365061369057814
1346,112,98.24561403508773,114,0,110,4,0,0.0,3.468186719763022,3.4427048921106134,10.365507098423864,2.653204665169478,1.462920184634826,2.1152144733606466,9.228070175438596,2.4305875750258568,0.4771215898955896,0.0007253371353046433,0.01578381041479024,0.0,0.0007253371353046433,-0.022667934627958075,0,0,0,4,0,1.0,0.3684210526315789,0.39939101541837996,0.3385420160658341,0.9405455498497826,0.6128456305372976,0.0,0.22807017543859648,0.04958516506462296
1347,112,98.24561403508773,114,0,111,3,0,0.0,3.5077761760708404,3.4818560310669393,10.641694752326954,2.6564198502949834,1.4519131715996978,2.0988610020550906,9.228070175438596,2.4305875750258568,0.47932286147743985,0.009285712713671916,0.015664761212423547,0.0,0.009285712713671916,-0.018600509335879496,0,0,0,3,0,1.0,0.38596491228070173,0.4021937913155561,0.3414998716809311,0.9441741694345812,0.6170658467777689,0.0,0.19298245614035087,0.04982218629124936
1348,113,99.12280701754386,114,0,109,5,0,0.0,3.506744790660638,3.4808582572781983,10.174221730116999,2.6595374861177254,1.4469322500966597,2.1023124075254116,9.228070175438596,2.4305875750258568,0.47655495663632563,0.00191125137476717,0.014899584377108196,0.0,0.00191125137476717,-0.01504042415373208,0,0,0,5,0,1.0,0.3684210526315789,0.394326225265317,0.35291321845988466,0.9508888623442937,0.6093544139513396,0.0,0.19298245614035087,0.04985491779866942
1349,113,99.12280701754386,114,0,111,3,0,0.0,3.5060952207628615,3.480708234264528,10.287472455117822,2.662576427918941,1.458323674506562,2.1134768091832243,9.228070175438596,2.4305875750258568,0.47604616992282134,0.009047426862222848,0.014155713473444659,0.0,0.009047426862222848,-0.01847619223184971,0,0,0,3,0,1.0,0.37719298245614036,0.39544190305593013,0.3567850972979965,0.9484335207666039,0.6062341036539056,0.0,0.19298245614035087,0.04988860202009684
1350,114,100.0,114,0,110,4,0,0.0,3.4602593244296,3.43545114103739,9.608355756078911,2.664661494950487,1.4849247710475486,2.135368413234046,9.228070175438596,2.4305875750258568,0.47211059883953355,0.0023629531116052403,0.015738713598093014,0.0,0.0023629531116052403,-0.009156547964962902,0,0,0,4,0,1.0,0.37719298245614036,0.38595068554803313,0.36480836945509626,0.9489695891602157,0.6018711042559741,0.0,0.19298245614035087,0.049684762228530396
1351,114,100.0,114,0,110,4,0,0.0,3.464148347851379,3.4378212898327853,9.828021459813511,2.6667419694355377,1.5093761618126764,2.1177354422372523,9.228070175438596,2.4305875750258568,0.4714671508365895,0.0007313472094001139,0.017013838011400998,0.0,0.0007313472094001139,-0.021808733090351973,0,0,0,4,0,1.0,0.39473684210526316,0.38815503391207795,0.3684281981415207,0.9442049049141331,0.5990713756561364,0.0,0.22807017543859648,0.0497294912228069
1352,114,100.0,114,0,108,6,0,0.0,3.47187824717516,3.446485057116636,9.305758462043,2.6689403405271572,1.5306865142067312,2.163246814159026,9.228070175438596,2.4305875750258568,0.46720013760501833,0.005137148218902268,0.015770782076909604,0.0,0.005137148218902268,0.0027127847759524557,0,0,0,6,0,1.0,0.3684210526315789,0.3773830138562974,0.3836316588816126,0.9489695891602157,0.5910963629593876,0.0,0.19298245614035087,0.04979485738672874
1353,114,100.0,114,0,109,5,0,0.0,3.463086046968207,3.438848605963677,8.974237663275073,2.670936789777854,1.532884175168942,2.17053950654754,9.228070175438596,2.4305875750258568,0.46209118981923325,0.0016476973918230164,0.016789565877183055,0.0,0.0016476973918230164,-0.0149918987021882,0,0,0,5,0,1.0,0.3508771929824561,0.3681707722183433,0.3792600478678369,0.9505745188714947,0.5858699727290343,0.0,0.19298245614035087,0.04977515910940854
1354,114,100.0,114,0,107,7,0,0.0,3.468767757695572,3.4449755980240124,9.13401756892034,2.673003851107315,1.5085408482467264,2.1726625774334054,9.228070175438596,2.4305875750258568,0.46504354898665845,0.019132341747862765,0.016929139186748356,0.0,0.019132341747862765,0.0007476984813741579,0,0,0,7,0,0.8571428571428571,0.35964912280701755,0.37270543266221484,0.3729888962080756,0.9512916212059233,0.5906633532968647,0.0,0.19298245614035087,0.04982868853096639
1355,113,99.12280701754386,114,1,105,8,0,0.008771929824561403,3.5008610879008004,3.4723884986034235,9.15953517080727,2.6756453309287838,1.529352778485063,2.1773541676830774,9.228070175438596,2.4305875750258568,0.46570463514551275,0.08487835172058254,0.018917868203954698,0.1111111111111111,0.037740733345521665,0.015094074167724347,0,1,0,8,0,0.8888888888888888,0.3684210526315789,0.3718451004290121,0.3753072557370176,0.9573100351993648,0.5896834835568474,0.008771929824561403,0.19298245614035087,0.05002125692216125
1356,113,99.12280701754386,114,0,112,2,0,0.0,3.4947871550220584,3.46630402912417,9.189678390817352,2.6780126719990798,1.5177528145867922,2.1711396650836994,9.228070175438596,2.4305875750258568,0.4652197505057598,0.0003764319483173912,0.017134561339041867,0.0,0.0003764319483173912,0.008386944727755363,0,0,0,2,0,1.0,0.34210526315789475,0.3721949446522619,0.3736645002637797,0.9582875003680188,0.5905446828961118,0.0,0.19298245614035087,0.05001965740672409
1357,113,99.12280701754386,114,0,111,3,0,0.0,3.469533499182125,3.4412200404033357,8.846451727194928,2.6798347221209258,1.52303273671476,2.1755882664511765,9.228070175438596,2.4305875750258568,0.4624012306804226,0.010570906741349924,0.01606714551552239,0.0,0.010570906741349924,0.015292683043866736,0,0,1,2,0,1.0,0.34210526315789475,0.3664865452436174,0.37349198377186416,0.9604027021907057,0.5919247796484259,0.0,0.19298245614035087,0.04991553238946059
1358,113,99.12280701754386,114,0,109,5,0,0.0,3.481538000724171,3.453628238137941,8.868327835692018,2.6818537594088387,1.5453956360120504,2.187827146692951,9.228070175438596,2.4305875750258568,0.46010437074138677,0.019701092944729607,0.0168835919580883,0.0,0.019701092944729607,0.0024757608474566426,0,0,0,5,0,0.8,0.3333333333333333,0.3626294724056594,0.36039920802138997,0.9573100351993648,0.5943099204909525,0.0,0.19298245614035087,0.05000009213189839
1359,113,99.12280701754386,114,0,111,3,0,0.0,3.4524144183627303,3.4252226529494636,8.485075551429599,2.6832713841279325,1.5546638819144447,2.202245829784775,9.228070175438596,2.4305875750258568,0.4569925473190566,0.0015382004702883215,0.0168683462928812,0.0,0.0015382004702883215,0.0010504615073499608,0,0,0,3,0,1.0,0.32456140350877194,0.356705527424379,0.36469168636028787,0.9511535593688187,0.5908480526610815,0.0,0.22807017543859648,0.049871702525232584
1360,114,100.0,114,0,111,3,0,0.0,3.469286332438283,3.4422266377970807,8.86444668894464,2.6849851896311154,1.518020223396357,2.1442049816149686,9.228070175438596,2.4305875750258568,0.4619264993768135,0.006549850674072395,0.017368273799683726,0.0,0.006549850674072395,0.02555696397441694,0,0,0,3,0,1.0,0.3508771929824561,0.36568906141445295,0.36081301640279495,0.9483280290445757,0.5994143134886658,0.0,0.22807017543859648,0.04997688986742058
1361,114,100.0,114,0,110,4,0,0.0,3.443314656030578,3.416253699266438,8.844265226084135,2.6861523035772414,1.5320917653932646,2.1749658118086943,9.228070175438596,2.4305875750258568,0.4614182404083842,0.0006904087019025,0.01784910185962057,0.0,0.0006904087019025,0.008989033031677751,0,0,0,4,0,1.0,0.32456140350877194,0.36554455233700744,0.3520036951419775,0.9388212666055407,0.6012478776955487,0.0,0.22807017543859648,0.049861215348662516
1362,114,100.0,114,0,111,3,0,0.0,3.4698378760822512,3.443115915394861,9.039749924096665,2.687813377546883,1.50353815182447,2.1278644432217453,9.228070175438596,2.4305875750258568,0.464133888502523,0.000445533223998572,0.015426321407071633,0.0,0.000445533223998572,0.018772069092075256,0,0,0,3,0,1.0,0.3333333333333333,0.3687999014390632,0.3487840554764722,0.9408315230467044,0.6065064416775816,0.0,0.22807017543859648,0.050014018377679936
1363,114,100.0,114,0,109,5,0,0.0,3.501752458762519,3.4744430622577993,9.051900321722773,2.6900432246504145,1.4909884295264255,2.069066388242338,9.228070175438596,2.4305875750258568,0.46509902172490647,0.02260344585903106,0.01738559626604183,0.0,0.02260344585903106,0.01067507180125964,0,0,1,4,0,0.8,0.3157894736842105,0.36867710855794866,0.36172385809867175,0.9408315230467044,0.6063076073851731,0.0,0.22807017543859648,0.050200690484401525
1364,114,100.0,114,0,110,4,0,0.0,3.51131206087249,3.4850314805445524,9.319379590240041,2.692424761990721,1.502253868167659,2.06195791719695,9.228070175438596,2.4305875750258568,0.465119731502047,0.06829698796083027,0.018642242099675466,0.0,0.06829698796083027,0.016791305783675214,0,0,0,4,0,0.75,0.34210526315789475,0.37083756499700493,0.3512291058552125,0.9402496509171808,0.6081811434836393,0.0,0.22807017543859648,0.050277431170295435
1365,114,100.0,114,0,110,4,0,0.0,3.5533732592921012,3.5259043888718504,9.453044423488183,2.6955431754454233,1.4591264639941244,2.0156704572140476,9.228070175438596,2.4305875750258568,0.4675087416085253,0.028442622180952608,0.017195110031831103,0.0,0.028442622180952608,0.015892061868806873,0,0,0,4,0,0.75,0.34210526315789475,0.37340525193399754,0.36660005245403054,0.9402496509171808,0.6073147226707316,0.0,0.22807017543859648,0.050525635047377455
1366,114,100.0,114,0,109,5,0,0.0,3.5395013442247603,3.5123011256193437,9.445634515460357,2.6983212817490267,1.47646991784226,2.079662322118782,9.228070175438596,2.4305875750258568,0.46764038011870923,0.040442018729893836,0.0182607650885324,0.0,0.040442018729893836,0.008174329401230552,0,0,1,4,0,0.8,0.3333333333333333,0.37399604973512884,0.3604832236547792,0.9423213596703842,0.6053416562326319,0.0,0.19298245614035087,0.05049003762535895
1367,114,100.0,114,0,106,8,0,0.0,3.567826526001497,3.5401567623317205,9.327184464371298,2.701573508261895,1.4882640127264593,2.0856764357095923,9.228070175438596,2.4305875750258568,0.46606227359049535,0.04699322619609266,0.017459983617355134,0.0,0.04699322619609266,0.010837944707858232,0,0,0,8,0,0.875,0.32456140350877194,0.37019961390138933,0.37847171309628763,0.9467343366413558,0.5950705222688968,0.0,0.19298245614035087,0.05067118764100936
1368,113,99.12280701754386,114,1,105,8,0,0.008771929824561403,3.635380806146148,3.601844240403774,9.946292817514182,2.7060488792257043,1.4541321785883299,2.0538373375200587,9.228070175438596,2.4305875750258568,0.4679616195598999,0.040711653968821745,0.01643189277956306,0.0,0.040711653968821745,0.01940514296407793,0,1,0,8,0,0.8888888888888888,0.34210526315789475,0.3747287064677833,0.36387119322463923,0.9490068493686998,0.6000624381612534,0.008771929824561403,0.21052631578947367,0.051063347947023954
1369,113,99.12280701754386,114,0,98,16,0,0.0,3.6870937703095463,3.653422588825155,10.40503819582702,2.7113156997988557,1.4330893288406314,2.03130693276073,9.228070175438596,2.4305875750258568,0.47013512197044816,0.018464429253995454,0.011753345159690478,0.0,0.018464429253995454,0.014453655006333575,0,0,0,16,0,0.875,0.3157894736842105,0.37835847833647623,0.35965973417086816,0.9443965741175471,0.6016670646477554,0.0,0.21052631578947367,0.0513859201110659
1370,113,99.12280701754386,114,0,99,15,0,0.0,3.697901905043262,3.66405876374762,10.721299362258668,2.7166613229224557,1.4249445207534863,1.995959464378419,9.228070175438596,2.4305875750258568,0.4722000074960786,0.03133159807361191,0.012056433893202722,0.0,0.03133159807361191,0.015789599158496256,0,0,0,15,0,0.9333333333333333,0.3333333333333333,0.3832834419924283,0.3534494642200684,0.9505869711825065,0.6033874008864909,0.0,0.21052631578947367,0.05150492581045945
1371,112,98.24561403508773,114,1,101,12,0,0.008771929824561403,3.690497265540088,3.671150712056453,10.760875805248002,2.721740642013757,1.4251129194279464,1.9903086534132095,9.228070175438596,2.4305875750258568,0.4711327872044446,0.04472169921328705,0.012674009604125505,0.07692307692307693,0.0424890304891206,0.019760444708797863,0,1,1,11,0,0.9230769230769231,0.3333333333333333,0.38280527542589615,0.3564362571248037,0.9550665166081148,0.5992835278176929,0.008771929824561403,0.19298245614035087,0.05152963126230812
1372,112,98.24561403508773,114,0,103,11,0,0.0,3.7594139180017114,3.7392648848851584,11.910824878535225,2.7282952382960004,1.3645183318223282,1.9241362741080386,9.228070175438596,2.4305875750258568,0.47880010406894136,0.01060251035688278,0.015277057238546254,0.0,0.01060251035688278,0.012480029429457301,0,0,1,10,0,0.9090909090909091,0.34210526315789475,0.3980605805677098,0.346698131640947,0.9454260301677897,0.6108290252998797,0.0,0.22807017543859648,0.05195387212603089
1373,113,99.12280701754386,114,0,104,10,0,0.0,3.716152139674813,3.6961277931035004,11.550145331482419,2.7338517315409567,1.388894784915174,1.9384034057175499,9.228070175438596,2.4305875750258568,0.4752122947791455,0.0188197045659767,0.01793105413584253,0.0,0.0188197045659767,0.0092458226586555,0,0,0,10,0,0.8,0.32456140350877194,0.3933428998754655,0.345905506823756,0.9533508023922677,0.6023623889724262,0.0,0.22807017543859648,0.05180509095160593
1374,112,98.24561403508773,114,1,105,8,0,0.008771929824561403,3.730659968959393,3.7232274284445444,11.889036011721961,2.739561175058364,1.36346078012476,1.8946702365125883,9.228070175438596,2.4305875750258568,0.4774870333278822,0.016207651933468882,0.016684446427208295,0.0,0.016207651933468882,0.009053771584582057,0,1,0,8,0,0.8888888888888888,0.35964912280701755,0.39731690505301087,0.33932787491461636,0.961105602047943,0.6069778726000755,0.008771929824561403,0.21052631578947367,0.05194701661039744
1375,111,97.36842105263158,114,1,103,8,2,0.008771929824561403,3.707870659957514,3.696498825152252,11.282858223232491,2.744932749556492,1.3825281094005595,1.9191756427128168,9.228070175438596,2.4305875750258568,0.47531749459901107,0.14050451880336667,0.023827844405838187,0.09090909090909091,0.06599226983631243,-0.022809328258936556,0,3,0,8,0,0.6363636363636364,0.35964912280701755,0.3914710646546469,0.34542287462094956,0.9437645536721908,0.6018010108018277,0.008771929824561403,0.22807017543859648,0.05189835047655543
1376,112,98.24561403508773,114,1,107,6,0,0.008771929824561403,3.7100458792639066,3.693054340119536,11.314937599978869,2.7501227169561506,1.4007286853704686,1.962875739696971,9.228070175438596,2.4305875750258568,0.4756478789661607,0.1827884311485878,0.02543741660400061,0.14285714285714285,0.04241156098069073,0.0013532801572638334,0,1,0,6,0,0.7142857142857143,0.3684210526315789,0.3922007064098823,0.34472362204680335,0.9510564245186158,0.6009882244197199,0.008771929824561403,0.19298245614035087,0.05197229992446939
1377,112,98.24561403508773,114,0,107,7,0,0.0,3.71630048004284,3.6985198754560575,11.534120564915744,2.7551951875420087,1.4036804336962696,1.9588825329446884,9.228070175438596,2.4305875750258568,0.4757606889387329,0.04572438767174753,0.02285371881733129,0.0,0.04572438767174753,-0.00851807965412751,0,0,1,6,0,0.7142857142857143,0.32456140350877194,0.39436696628927004,0.33870680790656166,0.9503308943694546,0.5992704003562851,0.0,0.19298245614035087,0.05206521834826741
1378,112,98.24561403508773,114,0,108,6,0,0.0,3.702887405070465,3.6846979444326444,11.364275606110956,2.759875603977592,1.3876553119161315,1.943574020529482,9.228070175438596,2.4305875750258568,0.4765563425033228,0.047167902855345216,0.02159004702083819,0.0,0.047167902855345216,-0.006241223361261132,0,0,0,6,0,0.6666666666666666,0.35964912280701755,0.3950388146476399,0.33850152012669493,0.9414765298827644,0.6012317182858322,0.0,0.19298245614035087,0.05205503378357691
1379,112,98.24561403508773,114,0,106,8,0,0.0,3.6985893486699655,3.6801743919409806,11.665064477413905,2.764354299668984,1.3906475382590027,1.9336478475923364,9.228070175438596,2.4305875750258568,0.48047703611108417,0.035318594856303134,0.02327857861261185,0.0,0.035318594856303134,0.0031293596702762216,0,0,0,8,0,0.75,0.3684210526315789,0.40265658908849933,0.3447377484586846,0.937998445910029,0.602182962844932,0.0,0.19298245614035087,0.05208797281207351
1380,113,99.12280701754386,114,0,110,4,0,0.0,3.702065194384188,3.685261702350148,11.377782863157991,2.768823057967144,1.4072660253791414,1.9576610751047254,9.228070175438596,2.4305875750258568,0.4768621781687643,0.07931475973857179,0.024371360847517207,0.0,0.07931475973857179,-0.009727342784801085,0,0,0,4,0,0.5,0.34210526315789475,0.39591921141833797,0.34533307232093685,0.9202658008375956,0.5994941338404831,0.0,0.19298245614035087,0.05215966058262113
1381,113,99.12280701754386,114,1,108,5,0,0.008771929824561403,3.7061661967149258,3.6890919740717827,11.148168021015902,2.7732728147264667,1.4232656273421485,1.9707502545846232,9.228070175438596,2.4305875750258568,0.47614293677845665,0.06817212735533824,0.024330580765584548,0.0,0.06817212735533824,-0.004516831364940373,0,1,0,5,0,0.5,0.3333333333333333,0.39309141313394064,0.35821671640012787,0.923201210829118,0.5915875869913719,0.008771929824561403,0.21052631578947367,0.05223424321173031
1382,111,97.36842105263158,114,2,107,5,0,0.017543859649122806,3.727578667522537,3.7145017305968024,11.100949749820236,2.7779955558642757,1.4622859007523732,2.0255744998815306,9.228070175438596,2.4305875750258568,0.47644652324804837,0.18088924088629005,0.02792727942482266,0.14285714285714285,0.06333646352287346,-0.007918851001799692,1,1,1,4,0,0.42857142857142855,0.34210526315789475,0.3917705427125225,0.3737884540962429,0.9084020013174972,0.5856889286319141,0.017543859649122806,0.22807017543859648,0.05239870074541647
1383,110,96.49122807017544,114,1,110,3,0,0.008771929824561403,3.718295778883585,3.7131495382704136,11.199845700682472,2.782527785107319,1.4550640687383387,2.012384838073111,9.228070175438596,2.4305875750258568,0.4759812772436478,0.23889790563083543,0.02540215348237601,0.25,0.02854642582581209,0.010778691548733843,0,1,0,3,0,0.75,0.35964912280701755,0.39123727101907124,0.3616699721139262,0.9101005842323207,0.5932693557785732,0.008771929824561403,0.22807017543859648,0.052407366202648256
1384,109,95.6140350877193,114,1,105,5,3,0.008771929824561403,3.7596815010346156,3.74251115600994,11.639360240115261,2.787905954984305,1.4634500548942468,2.0230252304619945,9.228070175438596,2.4305875750258568,0.4780745200131309,0.45003247708542915,0.03297036387640128,0.4444444444444444,0.08774706408171777,0.0027244119963156788,0,4,1,4,0,0.7777777777777778,0.3508771929824561,0.39639588233957607,0.35250073986649083,0.9136801529029561,0.5999103282424055,0.008771929824561403,0.21052631578947367,0.05267965537780032
1385,109,95.6140350877193,114,0,111,3,0,0.0,3.7744143540348416,3.7572509281740185,11.754043997910978,2.7932020786172433,1.4536743565162629,2.00801705670716,9.228070175438596,2.4305875750258568,0.4779935110653639,0.0013678594632669154,0.01575374369256838,0.0,0.0013678594632669154,0.019390721671312505,0,0,0,3,0,1.0,0.3508771929824561,0.3962966416904626,0.35636079374435664,0.9167409839805776,0.597679640588866,0.0,0.21052631578947367,0.05281768310429155
1386,110,96.49122807017544,114,0,112,2,0,0.0,3.7670007151578826,3.7498254362212955,11.645139764224362,2.7982250888593723,1.4692032980502296,2.0113300062735724,9.228070175438596,2.4305875750258568,0.4767827668811915,0.08326550039753948,0.017914762218117185,0.0,0.08326550039753948,0.0369162263365278,0,0,0,2,0,0.5,0.34210526315789475,0.393656479742828,0.3551280665802424,0.9359706739954906,0.5983912309692921,0.0,0.21052631578947367,0.052841659241325487
1387,112,98.24561403508773,114,0,110,4,0,0.0,3.7826311108319834,3.7654504280103285,12.380159096325427,2.803429833725881,1.4584234197224673,2.019052242914016,9.228070175438596,2.4305875750258568,0.47948621213671716,0.06562620050926471,0.01392029710214334,0.0,0.06562620050926471,0.04860909771102423,0,0,0,4,0,0.5,0.35964912280701755,0.4015713784864349,0.35069848424371974,0.9447558416403323,0.6006900041711427,0.0,0.21052631578947367,0.05298306416071456
1388,113,99.12280701754386,114,0,111,3,0,0.0,3.7913426077833883,3.7745748194118804,12.8941329233608,2.8086854937693158,1.47791356720636,2.030082257675593,9.228070175438596,2.4305875750258568,0.47854083003909875,0.012054240619205446,0.015239760808868776,0.0,0.012054240619205446,0.024390291196383806,0,0,0,3,0,1.0,0.34210526315789475,0.40431042800473926,0.3416001222486927,0.9447558416403323,0.5963572799939608,0.0,0.21052631578947367,0.05309049335547225
1389,114,100.0,114,0,110,4,0,0.0,3.8288497048710095,3.8119379939716547,13.843403428808598,2.814539926135537,1.4592440963425584,2.0203367381353856,9.228070175438596,2.4305875750258568,0.4826226689757831,0.011270800785694856,0.014797707782267699,0.0,0.011270800785694856,0.005887628622151114,0,0,0,4,0,1.0,0.3508771929824561,0.41440607126619466,0.32657504275879196,0.9416916634956289,0.6059751699120687,0.0,0.21052631578947367,0.053349177393751196
1390,114,100.0,114,0,108,6,0,0.0,3.818523119229119,3.801110918749736,13.056262371400665,2.8200415321600105,1.480330002339843,2.022509443687708,9.228070175438596,2.4305875750258568,0.4774924201801982,0.13675701762677875,0.018020163216729654,0.16666666666666666,0.11273700043293426,0.029616649722996897,0,0,0,6,0,0.6666666666666666,0.3333333333333333,0.40269416561364313,0.33117715990160224,0.9408002579114889,0.6037253099276649,0.0,0.21052631578947367,0.0533644051417706
1391,114,100.0,114,0,107,7,0,0.0,3.8226231083430044,3.8048005905268476,13.181989387315424,2.8254811613950457,1.4945346701541145,2.036030095132755,9.228070175438596,2.4305875750258568,0.4782475696433153,0.007615275616581275,0.016125524182768056,0.0,0.007615275616581275,0.01847257721911899,0,0,1,6,0,1.0,0.3333333333333333,0.4047763041488393,0.3333896629598559,0.9408002579114889,0.6049177151952212,0.0,0.21052631578947367,0.05345101256349716
1392,113,99.12280701754386,114,1,108,5,0,0.008771929824561403,3.8210197530680037,3.78488087709064,12.90839707076203,2.8307721643290367,1.5357426558095928,2.085791921229542,9.228070175438596,2.4305875750258568,0.4758399212714777,0.16594007143602788,0.021145425638885582,0.16666666666666666,0.10862446362922808,0.0301874750332346,0,1,0,5,0,0.6666666666666666,0.32456140350877194,0.4007155143355748,0.33117772852167554,0.933711989985011,0.590072533260461,0.008771929824561403,0.22807017543859648,0.05350729701707607
1393,113,99.12280701754386,114,0,104,10,0,0.0,3.8112484689462267,3.7749833604993364,12.83385271885179,2.8353711890412368,1.5388706409268607,2.1066866470738654,9.228070175438596,2.4305875750258568,0.4741491789781347,0.082424137045437,0.010098954823168265,0.0,0.082424137045437,0.016468247124152246,0,0,0,10,0,0.6,0.32456140350877194,0.3988961215461045,0.3329797500134758,0.9255946111996023,0.5868797761291349,0.0,0.22807017543859648,0.053514332258080735
1394,112,98.24561403508773,114,1,106,7,0,0.008771929824561403,3.808751724145825,3.779477377576668,12.831177207118001,2.8398112760926058,1.5347939150124337,2.1047261316258994,9.228070175438596,2.4305875750258568,0.47474881191179374,0.05999606793711884,0.010918121894182373,0.0,0.05999606793711884,0.012994096157275078,0,1,0,7,0,0.625,0.3508771929824561,0.3996462976329181,0.3340164739247207,0.9255946111996023,0.586121412699478,0.008771929824561403,0.22807017543859648,0.05355580863617418
1395,111,97.36842105263158,114,1,109,4,0,0.008771929824561403,3.846054458560649,3.809585165914929,13.653938143433116,2.845002712386268,1.5358421111246574,2.0789888395878893,9.228070175438596,2.4305875750258568,0.47865262300246614,0.2432572224135245,0.02164143366552598,0.2,0.04366277661227754,0.025835191655079547,0,1,0,4,0,0.6,0.3333333333333333,0.4093022864704671,0.32232121177379713,0.9287473352514526,0.5882273638291299,0.008771929824561403,0.22807017543859648,0.053805413511007864
1396,111,97.36842105263158,114,0,110,4,0,0.0,3.862533971763075,3.826778189053205,13.414247278674006,2.8502629860993998,1.5177179065383657,2.034307378877343,9.228070175438596,2.4305875750258568,0.47676217246571917,0.0037077243459538193,0.013866450726998913,0.0,0.0037077243459538193,0.02170976602046859,0,0,0,4,0,1.0,0.3157894736842105,0.4037802955346751,0.31886903857691623,0.9285863589496125,0.5913478889945996,0.0,0.22807017543859648,0.053951738856661866
1397,111,97.36842105263158,114,1,112,1,0,0.008771929824561403,3.8579847217713237,3.8363356038418717,13.745356106005275,2.8553345960817986,1.5336703932802689,2.0496187095319565,9.228070175438596,2.4305875750258568,0.4762218537470433,0.1048025827417991,0.01345245348837739,0.0,0.1048025827417991,0.03601150591886837,0,1,0,1,0,0.5,0.34210526315789475,0.405338492091927,0.3147044684825276,0.9266995672838665,0.5811936960523675,0.008771929824561403,0.24561403508771928,0.053990627567746086
1398,111,97.36842105263158,114,0,113,1,0,0.0,3.910356568258525,3.88879564350822,14.308262759220346,2.861549655147426,1.530468582419018,2.04265583630127,9.228070175438596,2.4305875750258568,0.47918055267351,0.0053487302456069145,0.016023517893493173,0.0,0.0053487302456069145,0.016689021454929343,0,0,0,1,0,1.0,0.34210526315789475,0.4105741261103652,0.31857372399997025,0.9255395770843646,0.5849517021072342,0.0,0.2807017543859649,0.05432801802689692
1399,112,98.24561403508773,114,0,111,3,0,0.0,3.879112639740012,3.8563857526369736,13.296077340375449,2.8669834511351464,1.5555993195065279,2.0686552415509074,9.228070175438596,2.4305875750258568,0.4741628731444043,0.042296703794321135,0.022788798905305375,0.0,0.042296703794321135,0.025467943543724687,0,0,0,3,0,0.6666666666666666,0.34210526315789475,0.39823343450955717,0.33180952320824986,0.9502535980941667,0.5792395798810386,0.0,0.24561403508771928,0.05423783496936925
1400,112,98.24561403508773,114,1,112,1,0,0.008771929824561403,3.870757188121152,3.8413248372431905,13.092094260747603,2.8721188526429717,1.5669493711254623,2.0774335866504092,9.228070175438596,2.4305875750258568,0.4749206659234664,0.0612045747728502,0.018710765965812177,0.0,0.0612045747728502,0.033761237349907436,0,1,0,1,0,0.5,0.3508771929824561,0.39786846204655985,0.33276836495876216,0.9336735094538482,0.5764323492839802,0.008771929824561403,0.2982456140350877,0.05425846792676339
1401,112,98.24561403508773,114,0,112,2,0,0.0,3.9122673744186645,3.8822905496621005,13.389761432753524,2.877799466051849,1.5630404235156858,2.0653864888735836,9.228070175438596,2.4305875750258568,0.47586493585968204,0.14828366116827232,0.011592133643114542,0.0,0.14828366116827232,0.018124027846084245,0,0,0,2,0,0.5,0.3684210526315789,0.3990906653763837,0.3327537987962781,0.9397025049265076,0.5800638653717854,0.0,0.2631578947368421,0.05453505500010167
1402,112,98.24561403508773,114,1,111,2,0,0.008771929824561403,3.9248414993601353,3.887837027382412,13.470323163656934,2.883586975599094,1.5932884227467126,2.1010518451074898,9.228070175438596,2.4305875750258568,0.4735042874732438,0.10540934009999962,0.012750567698794582,0.0,0.10540934009999962,0.027057119259732865,0,1,0,2,0,0.6666666666666666,0.32456140350877194,0.3966883675491038,0.33784015117783184,0.9422450898627657,0.5695987099561421,0.008771929824561403,0.2982456140350877,0.05466826086878841
1403,111,97.36842105263158,114,1,107,6,0,0.008771929824561403,3.958347122724147,3.9400752971225814,14.341737740728268,2.8897650668491255,1.566166990720926,2.0991722246711872,9.228070175438596,2.4305875750258568,0.4760494920754432,0.09877211989773618,0.00839672194841187,0.14285714285714285,0.08492347893293528,-0.012175173884524397,0,1,1,5,0,0.7142857142857143,0.3333333333333333,0.404013326109536,0.32361157065219115,0.9257714859923205,0.5665027269642349,0.008771929824561403,0.3157894736842105,0.05491087094475698
1404,111,97.36842105263158,114,0,112,2,0,0.0,3.985103207633177,3.966657612897781,14.598327174315832,2.8966572658531824,1.5679381684723515,2.098927886918989,9.228070175438596,2.4305875750258568,0.47634564032731075,0.007371160275787093,0.016838662672087865,0.0,0.007371160275787093,0.022294515975038398,0,0,0,2,0,1.0,0.3333333333333333,0.40459153707616424,0.32238257424888755,0.9263989505349455,0.5666393241597607,0.0,0.3157894736842105,0.05512841183562146
1405,112,98.24561403508773,114,0,113,1,0,0.0,4.027785119437756,4.008476335050793,14.711399110157249,2.9041950964563483,1.5260679068180203,2.064513544596635,9.228070175438596,2.4305875750258568,0.47789042084598043,0.013612779440411218,0.013660385475144008,0.0,0.013612779440411218,0.04510459462263938,0,0,0,1,0,1.0,0.34210526315789475,0.40502556264584,0.3301993265144012,0.9358783195778938,0.5697082604272884,0.0,0.2807017543859649,0.05543342818167789
1406,112,98.24561403508773,114,0,112,2,0,0.0,4.012661393705617,3.9942358421401094,14.203868801496657,2.9112728113643995,1.5385289484535434,2.074105311106731,9.228070175438596,2.4305875750258568,0.4773775556526696,0.008522882646578541,0.013234874264648925,0.0,0.008522882646578541,0.051714628580080135,0,0,0,2,0,1.0,0.3333333333333333,0.40126239866539953,0.341689793767549,0.9253489818616948,0.5673821956359024,0.0,0.2807017543859649,0.05544382458259261
1407,113,99.12280701754386,114,0,111,3,0,0.0,4.056466484636142,4.0372939338403,14.599543782421968,2.919015747914827,1.4987957041254338,2.0408294477517033,9.228070175438596,2.4305875750258568,0.4788421973718431,0.0059913808311139,0.015276550885005761,0.0,0.0059913808311139,0.03510168190115041,0,0,0,3,0,1.0,0.30701754385964913,0.40393226474022437,0.33083918412656005,0.9297693171391789,0.5737863276730207,0.0,0.2807017543859649,0.05575694946411364
1408,114,100.0,114,0,111,3,0,0.0,4.072366373585313,4.05245350423948,15.47026612402483,2.926865258919156,1.4742958293064654,2.022153639170294,9.228070175438596,2.4305875750258568,0.4837221570173691,0.006164628560682715,0.014895058263802913,0.0,0.006164628560682715,0.03731287617521891,0,0,0,3,0,1.0,0.3333333333333333,0.4150823873349814,0.317320198555831,0.9358783195778938,0.5812731715630235,0.0,0.2807017543859649,0.055931843528445255
1409,114,100.0,114,0,111,3,0,0.0,4.137916310645992,4.1169048632793155,15.920150278421008,2.935777218064121,1.4400133505307289,1.9827637238795914,9.228070175438596,2.4305875750258568,0.48291378510129146,0.006335163277624984,0.014647023526067823,0.0,0.006335163277624984,0.04002741438922327,0,0,0,3,0,1.0,0.30701754385964913,0.4138218024291362,0.3156609006935377,0.9264685332649749,0.5807504911159916,0.0,0.2807017543859649,0.0563678996995831
1410,114,100.0,114,0,112,2,0,0.0,4.169386025592493,4.147724320254369,16.766491678368922,2.9450718393509567,1.434388389033887,1.981242073157738,9.228070175438596,2.4305875750258568,0.48356750923852587,0.00038345888934924604,0.013713682571006304,0.0,0.00038345888934924604,0.027285725939638295,0,0,0,2,0,1.0,0.3157894736842105,0.41886852552503173,0.3097992814021589,0.9378087095234254,0.5824649687471388,0.0,0.3157894736842105,0.05663820522938737
1411,114,100.0,114,0,109,5,0,0.0,4.183803996251978,4.16193838059087,16.404446120672503,2.9544169348752067,1.442722828183051,1.9856016507700396,9.228070175438596,2.4305875750258568,0.4827459741891804,0.005782742530861138,0.015880777667909178,0.0,0.005782742530861138,0.026943656679417626,0,0,0,5,0,1.0,0.30701754385964913,0.41474222599305344,0.3203050966542362,0.9302511934985803,0.5797651967741134,0.0,0.3157894736842105,0.05682386544802816
1412,114,100.0,114,0,111,3,0,0.0,4.134361522375345,4.1138481785198815,15.560939273003951,2.9625997900876957,1.4857939878503714,2.016442693021963,9.228070175438596,2.4305875750258568,0.47567160960465205,0.006934447448341,0.014177355653468006,0.0,0.006934447448341,0.033495309857643596,0,0,0,3,0,1.0,0.2894736842105263,0.4033538835461056,0.32170318924561153,0.9391535439437095,0.5711760028103914,0.0,0.2807017543859649,0.05667609880968355
1413,114,100.0,114,0,110,4,0,0.0,4.170773548210517,4.149664862064632,16.25501533690329,2.9712801985261277,1.459306884554095,2.00516422385791,9.228070175438596,2.4305875750258568,0.478838711732013,0.0017403000882888916,0.015387101003535743,0.0,0.0017403000882888916,0.022250505312370827,0,0,0,4,0,1.0,0.30701754385964913,0.41043939935956586,0.311147330592778,0.9483867176567544,0.5778732998938181,0.0,0.2807017543859649,0.05696365140334242
1414,114,100.0,114,0,111,3,0,0.0,4.171705257975767,4.150642506340771,16.409535167127277,2.979768632035836,1.4457080454262292,2.013459109517199,9.228070175438596,2.4305875750258568,0.4789170445058899,0.005855514217486205,0.015472556122857405,0.0,0.005855514217486205,0.03504779880190453,0,0,0,3,0,1.0,0.32456140350877194,0.4107670796382442,0.29764715009083365,0.9524034783429114,0.5768593766050687,0.0,0.24561403508771928,0.057071469357269325
1415,114,100.0,114,0,108,6,0,0.0,4.133156236108495,4.113573117068466,15.767947544613282,2.9873299435595113,1.4833502901748856,2.04398779000283,9.228070175438596,2.4305875750258568,0.4749696816080837,0.0077492582667127675,0.018181879347781597,0.0,0.0077492582667127675,0.02025045237540472,0,0,0,6,0,1.0,0.30701754385964913,0.40284365723495047,0.29378170855150176,0.9341381166968422,0.5748609055806105,0.0,0.2807017543859649,0.05697061639713469
1416,113,99.12280701754386,114,1,110,2,1,0.008771929824561403,4.1158671003731335,4.107037415252451,15.250870314981475,2.994362574383661,1.4868137557243477,2.0471744219667003,9.228070175438596,2.4305875750258568,0.4730625218219855,0.15428626568298867,0.01966766703987445,0.25,0.11066271223540672,0.026067430119028234,0,2,0,2,0,0.75,0.2807017543859649,0.39863106107736,0.2991050645811059,0.952848877237664,0.5700590727965511,0.008771929824561403,0.2631578947368421,0.05696963784396249
1417,113,99.12280701754386,114,0,111,3,0,0.0,4.150830814002458,4.142679177995604,16.12430245058196,3.0021351259983025,1.4692075646780494,2.0148399873966625,9.228070175438596,2.4305875750258568,0.4770501667902092,0.043870236388114575,0.019650203180002147,0.0,0.043870236388114575,0.024823787024037314,0,0,0,3,0,0.6666666666666666,0.2982456140350877,0.40709299322456177,0.29047897046941584,0.9302952726467297,0.5765072822851147,0.0,0.2982456140350877,0.05723891574901309
1418,113,99.12280701754386,114,0,110,4,0,0.0,4.173732760888846,4.166920244296417,17.145868424322163,3.010190119215586,1.4232978080678171,1.9947772785704831,9.228070175438596,2.4305875750258568,0.47940109171533885,0.012745979122223932,0.01810650823406055,0.0,0.012745979122223932,0.021876885299532578,0,0,0,4,0,1.0,0.2719298245614035,0.4146476136943982,0.2778665100056277,0.9302952726467297,0.5827432774839797,0.0,0.2982456140350877,0.05745131731559926
1419,113,99.12280701754386,114,0,107,7,0,0.0,4.231146602983827,4.224232391188465,18.502013097693208,3.019163746305631,1.3823650870265325,1.9562652256623596,9.228070175438596,2.4305875750258568,0.48178336679175726,0.03749664570095599,0.019591816985358595,0.0,0.03749664570095599,0.02789278888616458,0,0,0,7,0,0.7142857142857143,0.2894736842105263,0.42255231225330325,0.2640190087707297,0.9262662050279065,0.590204899525924,0.0,0.2982456140350877,0.05784744245861406
1420,113,99.12280701754386,114,0,109,5,0,0.0,4.235919967232775,4.227509241739558,18.307776342648424,3.027982978908475,1.4147807536095034,1.9689851843197683,9.228070175438596,2.4305875750258568,0.48403598634432154,0.034517225184520425,0.020417123586564567,0.0,0.034517225184520425,0.025853693146809853,0,0,0,5,0,0.8,0.2807017543859649,0.4247415495535921,0.2807253071358212,0.9237875707502092,0.5898407536448662,0.0,0.2982456140350877,0.05797848886578748
1421,113,99.12280701754386,114,1,110,3,0,0.008771929824561403,4.2408831174809665,4.236550484099212,17.84412165757825,3.036673472693443,1.4378054857583444,1.9852917861493888,9.228070175438596,2.4305875750258568,0.4828235937048544,0.12227888286624386,0.022492966043275605,0.0,0.12227888286624386,0.02088114815769565,0,1,0,3,0,0.5,0.2982456140350877,0.42055971010636833,0.28753292289303756,0.9225628447894593,0.5874192236633656,0.008771929824561403,0.24561403508771928,0.058108919648101345
1422,113,99.12280701754386,114,0,114,0,0,0.0,4.24610818796861,4.242908821561536,18.419434476655027,3.045366556281291,1.4564850961483362,2.0028614336200805,9.228070175438596,2.4305875750258568,0.48500792074643573,0.0,0.0,0.0,0.0,0.0,0,0,0,0,0,0.0,0.2982456140350877,0.42610740278331766,0.28575857511674796,0.9500351392468627,0.5851157469917143,0.0,0.24561403508771928,0.05824069150532599
1423,113,99.12280701754386,114,0,112,2,0,0.0,4.230874701818973,4.228235439631755,17.73987230108592,3.053563027341148,1.4616827186902075,2.0018595421991154,9.228070175438596,2.4305875750258568,0.48083381785511325,0.1348510544869777,0.019183646471581915,0.0,0.1348510544869777,-0.02574777081289681,0,0,0,2,0,0.5,0.2719298245614035,0.41707233063306676,0.2900705098531112,0.9346001060790305,0.5789621895032537,0.0,0.2807017543859649,0.05826413527816354
1424,113,99.12280701754386,114,0,113,1,0,0.0,4.213896438404659,4.212248183183155,17.74486967526866,3.061249408578772,1.4596211262223202,2.005768977730512,9.228070175438596,2.4305875750258568,0.47968210670602995,0.001274090030727846,0.01298384844212952,0.0,0.001274090030727846,0.049708764253858284,0,0,0,1,0,1.0,0.2894736842105263,0.4165347084491709,0.28471654229030946,0.9316240522753052,0.5830533891856835,0.0,0.24561403508771928,0.05827265607475737
1425,113,99.12280701754386,114,0,112,2,0,0.0,4.187039513478976,4.185540437375194,17.539023524600147,3.0682296414681236,1.46901252137954,2.014846290794934,9.228070175438596,2.4305875750258568,0.47619788058801227,0.02811967813130021,0.02107007318838419,0.0,0.02811967813130021,0.05528561372773111,0,0,0,2,0,1.0,0.2894736842105263,0.41234186306440795,0.2825065242096349,0.9511758775302215,0.5798856960030939,0.0,0.24561403508771928,0.05822320178678718
1426,114,100.0,114,0,111,3,0,0.0,4.191619458846208,4.191433806459824,17.98119934916114,3.0751548084815354,1.4707541759720797,2.005729670162687,9.228070175438596,2.4305875750258568,0.47597203711224667,0.017799922035039384,0.019403320409402198,0.0,0.017799922035039384,0.04325408829871943,0,0,0,3,0,1.0,0.30701754385964913,0.41355726779450686,0.26733630757346966,0.9511758775302215,0.5814515156743751,0.0,0.24561403508771928,0.05833026263811224
1427,114,100.0,114,0,110,4,0,0.0,4.209220535312053,4.20988811470884,18.567255123846355,3.082270491744656,1.4698803064505974,2.0209345499744864,9.228070175438596,2.4305875750258568,0.47655914414845,0.06625032227675086,0.020813885702435912,0.0,0.06625032227675086,0.008262235404879303,0,0,0,4,0,0.75,0.2982456140350877,0.4165010013832101,0.2542688828260015,0.9496702186818093,0.5849024537740961,0.0,0.24561403508771928,0.05850474447707726
1428,114,100.0,114,0,110,4,0,0.0,4.231961792122045,4.232397902531412,18.606700157828485,3.0896509181792884,1.4631565970666698,2.0002996683812997,9.228070175438596,2.4305875750258568,0.47650588834364904,0.014658637667381607,0.018239268699825242,0.0,0.014658637667381607,0.0385800876903008,0,0,0,4,0,1.0,0.2894736842105263,0.41534053874223986,0.24965587743345727,0.9444890641656309,0.5872798020846306,0.0,0.24561403508771928,0.05870814462507927
1429,114,100.0,114,0,112,2,0,0.0,4.220683168931448,4.220157745397188,17.68968566101166,3.096613950695243,1.488582522128874,2.074547018746276,9.228070175438596,2.4305875750258568,0.4762575319039961,0.026584196360704655,0.028593756245469195,0.0,0.026584196360704655,0.03163613624581241,0,0,0,2,0,1.0,0.3157894736842105,0.40954717322354195,0.26081609887660173,0.9508222697640206,0.5864737578814428,0.0,0.24561403508771928,0.058736372810715184
1430,114,100.0,114,0,113,1,0,0.0,4.241054083657633,4.240904378366393,18.46720518263522,3.103811152674568,1.455233574022788,2.065989456807522,9.228070175438596,2.4305875750258568,0.481888958586427,0.030010119076945306,0.016217881460276237,0.0,0.030010119076945306,0.04610286986973344,0,0,0,1,0,1.0,0.30701754385964913,0.4198508033099988,0.2568550853288634,0.9598570487056315,0.5974637504943628,0.0,0.24561403508771928,0.058925694532875605
1431,114,100.0,114,0,112,2,0,0.0,4.281227811196274,4.280265656591454,19.511319564803504,3.1115987886271617,1.4107786222946008,2.0405083036884415,9.228070175438596,2.4305875750258568,0.4864043801720106,0.035171752051069254,0.029819749702189494,0.0,0.035171752051069254,0.033032539808600436,0,0,0,2,0,0.5,0.3157894736842105,0.42946378605412266,0.24417912306513362,0.9578408630000644,0.6085544889016963,0.0,0.24561403508771928,0.0592212058264948
1432,114,100.0,114,0,112,2,0,0.0,4.331675827881088,4.331207933429219,20.37020870093925,3.120187696588906,1.384172794943663,2.006056845096496,9.228070175438596,2.4305875750258568,0.49002298401168654,0.02934909843673037,0.015109158112667127,0.0,0.02934909843673037,0.047373365871919426,0,0,0,2,0,0.5,0.3157894736842105,0.43608150448748556,0.24027643708961383,0.9505051482464038,0.6070593204637746,0.0,0.24561403508771928,0.059577826374793155
1433,114,100.0,114,0,111,3,0,0.0,4.333590081412867,4.333181290864288,20.75410954175677,3.1286062149654055,1.3943242642111535,2.021071688969918,9.228070175438596,2.4305875750258568,0.4872388580169207,0.044799836099813466,0.023566586326879663,0.0,0.044799836099813466,0.03996262088487194,0,0,0,3,0,0.6666666666666666,0.3157894736842105,0.43347053518589684,0.23109905191858626,0.9466220800822949,0.6014629107480811,0.0,0.2807017543859649,0.05968970737328229
1434,114,100.0,114,0,111,3,0,0.0,4.36097969465604,4.36099325586125,22.362279549848832,3.1373609092127124,1.3616497158644167,2.002904062333779,9.228070175438596,2.4305875750258568,0.48860299989381484,0.05086183914861958,0.017857041291649032,0.0,0.05086183914861958,0.0373128299042802,0,0,0,3,0,0.6666666666666666,0.2982456140350877,0.44277680657122925,0.21372856896461565,0.9410717276148288,0.6088896992270719,0.0,0.2807017543859649,0.05993305069480141
1435,114,100.0,114,0,111,3,0,0.0,4.41933755953247,4.419795476363974,24.342214170683967,3.147046204521716,1.3011092368353265,1.980540051955279,9.228070175438596,2.4305875750258568,0.4925594048341426,0.0476870043157649,0.016667159967172076,0.0,0.0476870043157649,0.037441161805499945,0,0,0,3,0,0.6666666666666666,0.30701754385964913,0.4551831939358334,0.1986443556634988,0.9447481905843709,0.62132083193109,0.0,0.24561403508771928,0.06034254481137617
1436,114,100.0,114,0,112,2,0,0.0,4.441727884167164,4.441839449468575,24.50660428601747,3.1569247287033924,1.2840516954140035,1.9659186438598448,9.228070175438596,2.4305875750258568,0.49262947469526464,0.04813580602030234,0.013179998965057907,0.0,0.04813580602030234,0.046558756032158644,0,0,0,2,0,0.5,0.2807017543859649,0.4562545576283106,0.19924607032120503,0.9325815014737382,0.6233303320912656,0.0,0.24561403508771928,0.06057454952522752
1437,114,100.0,114,0,110,4,0,0.0,4.413046861752689,4.412187519858754,22.775466197264688,3.1659865738102324,1.3258834637915318,1.9643841017941144,9.228070175438596,2.4305875750258568,0.48927495961275547,0.011746921189077032,0.018405782207864537,0.0,0.011746921189077032,0.03152105696459351,0,0,0,4,0,1.0,0.2982456140350877,0.4450086849597088,0.20777200201266052,0.9382410973459493,0.6228675403403909,0.0,0.24561403508771928,0.06054127245377261
1438,114,100.0,114,0,111,3,0,0.0,4.440928815717854,4.440126837197878,23.512166836426328,3.1753714344964696,1.3049563819643897,1.9639269036595,9.228070175438596,2.4305875750258568,0.4941601911453928,0.03162466564095804,0.01717930858062064,0.0,0.03162466564095804,0.03615391525935285,0,0,0,3,0,0.6666666666666666,0.3157894736842105,0.4538370596444476,0.21279282582015757,0.9474327376378453,0.6267638461347865,0.0,0.24561403508771928,0.06079473585248502
1439,114,100.0,114,0,111,3,0,0.0,4.44270450337637,4.441617266148792,22.75907625588361,3.184557168869651,1.296172931994671,1.9500829670425033,9.228070175438596,2.4305875750258568,0.49185972531118427,0.05105517807590699,0.016676599560658575,0.0,0.05105517807590699,0.03497094163089794,0,0,0,3,0,0.3333333333333333,0.3157894736842105,0.447044305969038,0.2225099887313226,0.9511057281740871,0.6231037324445026,0.0,0.24561403508771928,0.06091524794995232
1440,114,100.0,114,0,109,5,0,0.0,4.427711499439925,4.426868133085495,22.215473942549988,3.1932328434479538,1.3377892153873994,1.985992977615224,9.228070175438596,2.4305875750258568,0.4870857754927793,0.028553457084079664,0.014994951861965306,0.0,0.028553457084079664,0.03267397785094075,0,0,0,5,0,0.8,0.2894736842105263,0.4386319511448002,0.22384671674388354,0.9521759049830611,0.6195328329307884,0.0,0.24561403508771928,0.06094571786444504
1441,113,99.12280701754386,114,1,111,2,0,0.008771929824561403,4.47764686459311,4.468649341503967,23.1785187255479,3.20266736269023,1.334946798829638,1.963047354472431,9.228070175438596,2.4305875750258568,0.4911565263254305,0.16935084554428156,0.014962985179765307,0.0,0.16935084554428156,0.04367609529743488,0,1,0,2,0,0.6666666666666666,0.2982456140350877,0.4464965109859366,0.22679423012689792,0.9531631562880615,0.6210568567304704,0.008771929824561403,0.24561403508771928,0.06131005181644406
1442,113,99.12280701754386,114,0,109,5,0,0.0,4.495464841627384,4.48693811257611,22.93083996865538,3.2120708959139725,1.351554267274502,2.0146248528222457,9.228070175438596,2.4305875750258568,0.4896733202693968,0.017638798157960035,0.017835138204430428,0.0,0.017638798157960035,0.025928799160820182,0,0,0,5,0,0.8,0.2982456140350877,0.44235531509763565,0.23245390523428058,0.9415586550261974,0.6198873333378631,0.0,0.24561403508771928,0.06151342225669029
1443,113,99.12280701754386,114,0,108,6,0,0.0,4.498257094249129,4.490453407728072,22.916533982194085,3.221314221889317,1.3673680020910008,2.0434117623082666,9.228070175438596,2.4305875750258568,0.4889039164787956,0.014509017540908943,0.01270533111867688,0.0,0.014509017540908943,0.0272516016293811,0,0,0,6,0,0.8333333333333334,0.2982456140350877,0.4410133172326902,0.22764263287609393,0.9510756072333972,0.6182172570986162,0.0,0.24561403508771928,0.06163971708613695
1444,113,99.12280701754386,114,0,109,5,0,0.0,4.523361198195565,4.5148338140844775,23.64710905656511,3.2308069504340975,1.3507253572721574,2.00608935894582,9.228070175438596,2.4305875750258568,0.488658071847508,0.027845109064950913,0.012601732841587675,0.0,0.027845109064950913,0.033774568667464956,0,0,0,5,0,0.8,0.2807017543859649,0.44413270304792263,0.22006191818938547,0.948414888879747,0.6195144706471191,0.0,0.24561403508771928,0.061880602146139316
1445,113,99.12280701754386,114,0,108,6,0,0.0,4.526623320111466,4.51744898196403,24.22641576440333,3.2401198010547736,1.34154307556299,2.007504986674888,9.228070175438596,2.4305875750258568,0.4904654721688313,0.05265333377646714,0.012604406267388887,0.0,0.05265333377646714,0.03100849413031907,0,0,0,6,0,0.6666666666666666,0.2719298245614035,0.45003337410925387,0.215821593028725,0.9540050947562413,0.623203649446226,0.0,0.24561403508771928,0.062010091250752256
1446,114,100.0,114,0,108,6,0,0.0,4.512718042545428,4.501862425495326,23.109685774761566,3.2489032187614617,1.3542227587565492,1.9901917404119716,9.228070175438596,2.4305875750258568,0.48820827178211146,0.07695007361732624,0.016729356854543964,0.0,0.07695007361732624,0.008433638979951752,0,0,0,6,0,0.5,0.2807017543859649,0.44385327294094995,0.23007429007828042,0.9527853177562061,0.6205299059691074,0.0,0.2807017543859649,0.062047309192642744
1447,114,100.0,114,0,108,6,0,0.0,4.495884140587109,4.484118947772742,22.220109883116834,3.2571281311967857,1.387429781331995,1.9418940325740184,9.228070175438596,2.4305875750258568,0.48586480929720266,0.07795265392362966,0.01870003705101038,0.0,0.07795265392362966,-0.004432024459321042,0,0,0,6,0,0.5,0.2894736842105263,0.4375059291409466,0.23280792661233068,0.9508061165699855,0.6216099604137992,0.0,0.24561403508771928,0.06206309653270603
1448,113,99.12280701754386,114,1,108,5,0,0.008771929824561403,4.5076026284075015,4.504037396051807,22.98356243565542,3.265381998752889,1.3642575149516112,1.9108291786962874,9.228070175438596,2.4305875750258568,0.489407260517454,0.07240698128914262,0.01950141154423982,0.0,0.07240698128914262,-0.001488178600595987,0,1,0,5,0,0.5,0.3333333333333333,0.44423844584387756,0.23217027683400757,0.9546479741709416,0.6262318050163583,0.008771929824561403,0.2807017543859649,0.06222199771144686
1449,112,98.24561403508773,114,1,110,3,0,0.008771929824561403,4.507398340213478,4.498752183916947,22.95479395422693,3.2735759517485854,1.3923351441905216,1.9505958000747878,9.228070175438596,2.4305875750258568,0.4902702559212868,0.03439680568874746,0.015154708074632688,0.0,0.03439680568874746,0.0217516999533533,0,1,0,3,0,0.75,0.3157894736842105,0.4458236832134595,0.23347068534280208,0.9555186160148028,0.629832244028105,0.008771929824561403,0.2631578947368421,0.06232055687218517
1450,111,97.36842105263158,114,1,107,6,0,0.008771929824561403,4.516315548798562,4.501116382925595,23.434876656723535,3.281660178173775,1.4111997097972933,1.989001698842397,9.228070175438596,2.4305875750258568,0.49181996853948484,0.1542943979908121,0.017555084428756897,0.0,0.1542943979908121,-0.0007714117721838879,0,1,0,6,0,0.2857142857142857,0.30701754385964913,0.45059770535265,0.23337099996602625,0.9515891148699882,0.6280328464134148,0.008771929824561403,0.2631578947368421,0.0624633900166244
1451,111,97.36842105263158,114,0,109,5,0,0.0,4.544456765127464,4.529662244315714,23.839131786219752,3.2899744797892922,1.4061578294228423,1.9204610950421046,9.228070175438596,2.4305875750258568,0.4938544708729282,0.09290933312236745,0.014302703665383443,0.0,0.09290933312236745,0.02260838527102016,0,0,0,5,0,0.6,0.3157894736842105,0.45407625195504037,0.23479916297828243,0.9514728365458525,0.6287928704691859,0.0,0.2982456140350877,0.06270513928927737
1452,111,97.36842105263158,114,0,112,2,0,0.0,4.591704624092895,4.575521229140474,24.62786962660859,3.2989784092525394,1.4155443473548894,1.928325049765661,9.228070175438596,2.4305875750258568,0.4969670212313162,0.12823274653611716,0.01355447576501416,0.0,0.12823274653611716,0.010791264734506312,0,0,0,2,0,0.5,0.3157894736842105,0.4602287826532017,0.2374978214657175,0.9378105400256644,0.6325814691647145,0.0,0.3333333333333333,0.06305080277950342
1453,111,97.36842105263158,114,1,112,1,0,0.008771929824561403,4.526067349600186,4.514671028466805,23.056355139827364,3.306483491193109,1.5299616947866932,2.0856735129948514,9.228070175438596,2.4305875750258568,0.4927375237375389,0.17081496834424348,0.015541239544708575,0.0,0.17081496834424348,0.011981399187278585,0,1,0,1,0,0.5,0.30701754385964913,0.45012408403586907,0.24333229071880597,0.9495150886972934,0.6211682827715854,0.008771929824561403,0.2982456140350877,0.06281382520161137
1454,112,98.24561403508773,114,0,114,0,0,0.0,4.570520322736164,4.558482228582349,23.87353982932206,3.314754836412036,1.4848689775584982,2.0535858564916314,9.228070175438596,2.4305875750258568,0.4952299780117966,0.0,0.0,0.0,0.0,0.0,0,0,0,0,0,0.0,0.3157894736842105,0.454881086684361,0.2423098608519329,0.9452229389391303,0.6265046345492798,0.0,0.2982456140350877,0.06313661121188063
1455,113,99.12280701754386,114,0,113,1,0,0.0,4.618712731370836,4.6063364510478095,24.958482717070115,3.32375565037008,1.4224158656995853,1.963216499489813,9.228070175438596,2.4305875750258568,0.49710448768608595,0.006743429304889987,0.017933030849449253,0.0,0.006743429304889987,0.046633431872820985,0,0,0,1,0,1.0,0.30701754385964913,0.45957107899185323,0.24125526905160935,0.9464417611713332,0.6306677115470459,0.0,0.2982456140350877,0.06348695958791169
1456,113,99.12280701754386,114,0,112,2,0,0.0,4.637894459819203,4.625749020363979,25.23031538138171,3.3329151632606435,1.3979444019443652,1.945293437552944,9.228070175438596,2.4305875750258568,0.49719532234420405,0.002011523874593279,0.018528731615840562,0.0,0.002011523874593279,0.03772774609677321,0,0,0,2,0,1.0,0.3157894736842105,0.45950819441728913,0.24041712045386376,0.9505743592861138,0.6333520974286908,0.0,0.2982456140350877,0.063694183221279
1457,113,99.12280701754386,114,0,112,2,0,0.0,4.637681079449957,4.625688990647101,25.820959538039574,3.341850878909083,1.3935966859569522,1.955528815331879,9.228070175438596,2.4305875750258568,0.4987895261432116,0.009028870404132723,0.018987170896758394,0.0,0.009028870404132723,0.03959587502049289,0,0,0,2,0,1.0,0.3333333333333333,0.464504761305076,0.23487750697353488,0.9416049695215716,0.6362060517569537,0.0,0.3333333333333333,0.06380171151657807
1458,114,100.0,114,0,110,4,0,0.0,4.673150088509757,4.6607460092936455,25.723152123151042,3.35125107739475,1.3798424365527198,1.988920732419049,9.228070175438596,2.4305875750258568,0.4962911929093381,0.005299880707813037,0.01847051749432547,0.0,0.005299880707813037,0.027126788740485075,0,0,0,4,0,1.0,0.3333333333333333,0.4590049545275151,0.2400894152032326,0.9485644524124451,0.6332739918734058,0.0,0.2631578947368421,0.06409329659008726
1459,114,100.0,114,0,112,2,0,0.0,4.69225602718259,4.678341740394031,25.798876330143905,3.3607649395470856,1.373445467798165,1.9969531817852386,9.228070175438596,2.4305875750258568,0.49603349062166524,0.01923356423622029,0.01910439347958194,0.0,0.01923356423622029,0.018451717431649417,0,0,0,2,0,1.0,0.3157894736842105,0.45838099102416974,0.24206008105332394,0.9495150886972934,0.6318390743559357,0.0,0.2982456140350877,0.06430444765914131
1460,114,100.0,114,0,112,2,0,0.0,4.704177352043543,4.689479473371144,27.111177864317135,3.370264128831146,1.3412889114010502,1.9697824179349794,9.228070175438596,2.4305875750258568,0.4990776608917036,0.03307047500696218,0.021863673271882017,0.0,0.03307047500696218,0.03256748860765479,0,0,0,2,0,1.0,0.3333333333333333,0.46791525686966395,0.23511586202398915,0.9434714505965262,0.6340754826986422,0.0,0.2982456140350877,0.06447949734067936
1461,114,100.0,114,0,113,1,0,0.0,4.759309704674055,4.743159569362899,27.3920956714294,3.380576225395491,1.3395920607649365,1.9608810506327354,9.228070175438596,2.4305875750258568,0.5007975193837906,0.0014410716962417812,0.017178599947126248,0.0,0.0014410716962417812,0.00803878106042788,0,0,0,1,0,1.0,0.32456140350877194,0.4692375112019451,0.25031465950076076,0.9432439600263872,0.6288346414439672,0.0,0.2982456140350877,0.06488048137274073
1462,114,100.0,114,0,110,4,0,0.0,4.739494122971987,4.722179354962621,28.05487166580375,3.390229723434476,1.3804155247373735,2.0375802436308894,9.228070175438596,2.4305875750258568,0.5008073415632026,0.0015707653448026858,0.01982697944050383,0.0,0.0015707653448026858,0.03035616216862197,0,0,0,4,0,1.0,0.3157894736842105,0.47446628653060435,0.250982864288495,0.9388860034594271,0.6229940690632904,0.0,0.2982456140350877,0.06489872182617586
1463,114,100.0,114,0,112,2,0,0.0,4.756623787563272,4.738232752409416,30.09092181665761,3.3999607382565395,1.342328119440014,2.0303119867505504,9.228070175438596,2.4305875750258568,0.5058821938640237,0.3379303479913443,0.028975278600491892,0.5,0.32448738020706763,-0.04478894968279323,0,0,0,2,0,0.0,0.32456140350877194,0.4901527981680125,0.23781626081209534,0.9461138767792684,0.6278120246500327,0.0,0.2631578947368421,0.06510263056772678
1464,113,99.12280701754386,114,1,113,0,0,0.008771929824561403,4.814107092807878,4.8192081139937315,32.270277975126696,3.4105469594802895,1.3262364681739602,2.001046154180751,9.228070175438596,2.4305875750258568,0.5104404660681421,0.47634581724985386,0.031805464399720706,0.0,0.47634581724985386,0.0030792068744935897,0,1,0,0,0,0.0,0.3157894736842105,0.5024305597457814,0.2376600723017295,0.9427552791352957,0.6278496393016672,0.008771929824561403,0.2982456140350877,0.06551870078281442
1465,112,98.24561403508773,114,1,103,5,5,0.008771929824561403,4.824794271226643,4.815295801605985,32.822912636594175,3.4215682027080305,1.3547425389314596,2.059664783879687,9.228070175438596,2.4305875750258568,0.5103027287634074,0.6689312818878046,0.01986420191228004,0.7272727272727273,0.10720183057822935,0.11746606136244711,0,6,0,5,0,0.6363636363636364,0.3157894736842105,0.5044135884470331,0.24299978276606185,0.9454049351111437,0.6293499210055487,0.008771929824561403,0.22807017543859648,0.06570607715916167
1466,110,96.49122807017544,114,2,109,3,0,0.017543859649122806,4.8224771730214995,4.803490687205074,32.32965123407392,3.4319974269254807,1.3657094247432435,2.0478594307514317,9.228070175438596,2.4305875750258568,0.5105067843007418,0.10569372661005363,0.020306541148606368,0.0,0.10569372661005363,0.029603618845658985,0,2,0,3,0,0.4,0.3157894736842105,0.5024817233992553,0.24546453851327477,0.9267551801897924,0.6238623792189673,0.017543859649122806,0.2807017543859649,0.06582123738213642
1467,110,96.49122807017544,114,0,112,2,0,0.0,4.865572686115316,4.846273692579947,32.71282775652436,3.442814064870299,1.369463821157856,2.0323355832733268,9.228070175438596,2.4305875750258568,0.5098173965030284,8.233327485484887e-06,0.0201552523148174,0.0,8.233327485484887e-06,0.035952955768876915,0,0,0,2,0,1.0,0.3157894736842105,0.5003007123725195,0.24868922704241447,0.9273545714821538,0.626008919771791,0.0,0.24561403508771928,0.06616816887656665
1468,110,96.49122807017544,114,0,111,3,0,0.0,4.930570517177711,4.911253934271439,33.95867664306839,3.454631316301815,1.3479359447491748,2.019121038536671,9.228070175438596,2.4305875750258568,0.5136825377398839,0.0408824017556462,0.016577848667802864,0.0,0.0408824017556462,0.012436487944930944,0,0,0,3,0,0.6666666666666666,0.3157894736842105,0.5072272179772273,0.2525858069569841,0.9164375275372953,0.6314297013136416,0.0,0.2807017543859649,0.06663677235438062
1469,111,97.36842105263158,114,0,112,2,0,0.0,4.938287457125104,4.918373592059193,34.368836622770154,3.466299778702386,1.3531337807935038,2.020921290752577,9.228070175438596,2.4305875750258568,0.5160706845430181,0.05744361054366104,0.017958021659113498,0.0,0.05744361054366104,-0.015760883517845548,0,0,0,2,0,0.5,0.34210526315789475,0.5106715481270293,0.25565589950195733,0.9123956033431855,0.6349195413355456,0.0,0.2807017543859649,0.06681716315277
1470,112,98.24561403508773,114,0,111,3,0,0.0,4.977673643026347,4.956489441577475,35.52597928914285,3.4784257801876577,1.3601039851830452,2.026495111200834,9.228070175438596,2.4305875750258568,0.5169739562215605,0.05136879707072173,0.017225513819975728,0.0,0.05136879707072173,0.05059803970543094,0,0,1,2,0,0.6666666666666666,0.34210526315789475,0.5152782418783939,0.2553390864653601,0.9170409999316276,0.6373814055146535,0.0,0.2807017543859649,0.06716146062500045
1471,113,99.12280701754386,114,1,112,1,0,0.008771929824561403,4.949521660520387,4.921374383680645,33.83722544849215,3.489699940120574,1.3808965526124695,2.042303190043817,9.228070175438596,2.4305875750258568,0.5157390173394869,0.29590242667723016,0.02187996727267478,0.0,0.29590242667723016,0.05433393182877466,0,1,1,0,0,0.0,0.32456140350877194,0.5082192291085631,0.2611854685231011,0.9289102090123333,0.6364437777415786,0.008771929824561403,0.2807017543859649,0.06715771487772965
1472,113,99.12280701754386,114,0,112,2,0,0.0,4.933335594456047,4.90378744585451,33.41141268429265,3.5002324056620124,1.4073246962236556,2.040731795448274,9.228070175438596,2.4305875750258568,0.5167225283954802,0.2747934265523669,0.028485525056907855,0.5,0.22521009674887985,0.03195641737634458,0,0,0,2,0,0.5,0.32456140350877194,0.5096692946717181,0.2684989583109662,0.9302639284833121,0.6392662963556011,0.0,0.2807017543859649,0.06720478494680499
1473,112,98.24561403508773,114,1,113,0,0,0.008771929824561403,4.964668359792458,4.9449139927806876,33.45646757378257,3.5111195252622958,1.4129639959638176,2.064617585768666,9.228070175438596,2.4305875750258568,0.5156951163113312,0.30472081219238395,0.02186763861253857,0.0,0.30472081219238395,0.04281925040113044,0,1,0,0,0,0.0,0.3333333333333333,0.506407149657403,0.26869021978066393,0.9266848658423747,0.6353664009299816,0.008771929824561403,0.3333333333333333,0.06749375926162839
1474,112,98.24561403508773,114,0,111,3,0,0.0,4.931259124125719,4.9116925129999895,31.55234231875797,3.5212850806925258,1.4473366457893944,2.086713878922645,9.228070175438596,2.4305875750258568,0.5116835638770965,0.1772728099336709,0.02541826962678574,0.0,0.1772728099336709,0.017417767197025185,0,0,0,3,0,0.3333333333333333,0.34210526315789475,0.49458490460656185,0.27208547707060204,0.9372906254443084,0.6339280264155989,0.0,0.2631578947368421,0.06745025444690447
1475,111,97.36842105263158,114,1,111,2,0,0.008771929824561403,4.981060500594479,4.951029497369326,31.297772262869916,3.5321764679113796,1.480575089617953,2.096916787275642,9.228070175438596,2.4305875750258568,0.5120866258984937,0.19258012732158217,0.026801673977260604,0.0,0.19258012732158217,0.01761255505382227,0,1,0,2,0,0.3333333333333333,0.34210526315789475,0.4918970841976792,0.2914198212993919,0.9354252716464846,0.6325537998438577,0.008771929824561403,0.2807017543859649,0.06783162368149298
1476,112,98.24561403508773,114,0,114,0,0,0.0,4.9825269717413185,4.952000276903611,31.832246097914147,3.5426139883108707,1.4897130689727538,2.1059213238243273,9.228070175438596,2.4305875750258568,0.5130816306307442,0.0,0.0,0.0,0.0,0.0,0,0,0,0,0,0.0,0.3333333333333333,0.4955729682035654,0.294815406054004,0.948583558310475,0.6290839557939225,0.0,0.2807017543859649,0.06796580257421259
1477,112,98.24561403508773,114,0,113,1,0,0.0,4.925182200516148,4.895919190912861,30.954167847656453,3.551707335709966,1.541777219721465,2.163909592555844,9.228070175438596,2.4305875750258568,0.5119558915802134,0.015989248292026963,0.025925692212687527,0.0,0.015989248292026963,0.025806199228087134,0,0,0,1,0,1.0,0.3333333333333333,0.49321846371451794,0.2949682706463434,0.9372867374040552,0.6323896903663572,0.0,0.3157894736842105,0.06778958960410492
1478,113,99.12280701754386,114,0,114,0,0,0.0,4.9461217560594966,4.916847039550831,31.164051639745104,3.5609865970879966,1.5249026716965781,2.156369582484309,9.228070175438596,2.4305875750258568,0.5125447352794583,0.0,0.0,0.0,0.0,0.0,0,0,0,0,0,0.0,0.32456140350877194,0.49303669415494406,0.29132964448273263,0.9346059923275187,0.6326804871256598,0.0,0.24561403508771928,0.06800705766887594
1479,113,99.12280701754386,114,0,113,1,0,0.0,4.9811858020107325,4.950150259951401,30.59069955944074,3.570687889041632,1.5319210068803368,2.120042588327649,9.228070175438596,2.4305875750258568,0.5114922642822846,0.41219630448989164,0.03272875688914208,0.0,0.41219630448989164,0.039072326868957896,0,0,0,1,0,0.0,0.3333333333333333,0.48780726209394737,0.3004236976487547,0.9268733471230926,0.6353981268882715,0.0,0.24561403508771928,0.06830027709705314
1480,114,100.0,114,0,113,1,0,0.0,5.0885573510218425,5.056078853246146,33.79244715312494,3.5822131323800406,1.4583755531155387,2.079834892822243,9.228070175438596,2.4305875750258568,0.5160654819237531,0.35978945766631576,0.030563166943578655,0.0,0.35978945766631576,0.03769734970913863,0,0,0,1,0,0.0,0.34210526315789475,0.5019321936310225,0.28687365365747686,0.9267241236739052,0.6455018773660336,0.0,0.24561403508771928,0.06897720040839611
1481,114,100.0,114,0,113,1,0,0.0,5.065330298579548,5.032594429389618,33.12564694512248,3.593001596995217,1.5055453019374396,2.107116727170728,9.228070175438596,2.4305875750258568,0.5136789663477475,0.25292897323730745,0.029387952418796888,0.0,0.25292897323730745,0.033850103027597056,0,0,0,1,0,0.0,0.3333333333333333,0.4978780506534182,0.2856948168419209,0.9244207130446176,0.6410962368287311,0.0,0.24561403508771928,0.06899217668642091
1482,114,100.0,114,0,112,2,0,0.0,5.011582856365296,4.978790677724763,31.533001927453302,3.602481640687629,1.5554990591433908,2.137088151874713,9.228070175438596,2.4305875750258568,0.5090265951782031,0.23573759027332125,0.02879045901237267,0.0,0.23573759027332125,0.03750676880613035,0,0,0,2,0,0.5,0.35964912280701755,0.487915958749237,0.2916331262118527,0.9304517836985027,0.6374431425091163,0.0,0.24561403508771928,0.06883864985739704
1483,114,100.0,114,0,111,3,0,0.0,5.065773587948268,5.033565636056973,34.12029773963315,3.612796346281106,1.5221649437120155,2.1484736239156885,9.228070175438596,2.4305875750258568,0.5122551634850045,0.22522815811265182,0.025362270418783445,0.3333333333333333,0.11533572520932213,0.04587941336979284,0,0,0,3,0,0.6666666666666666,0.32456140350877194,0.500817434009603,0.2709880730120399,0.9308740430378466,0.6474197659999064,0.0,0.3157894736842105,0.06923495749158969
1484,113,99.12280701754386,114,1,110,3,0,0.008771929824561403,5.061000569400004,5.02835732126678,35.06957547513101,3.622792242633172,1.5249989298976667,2.1675478181164807,9.228070175438596,2.4305875750258568,0.51430487991838,0.22823616632729354,0.025089307656978078,0.25,0.02803333920752964,0.05626228133217276,0,1,0,3,0,0.75,0.34210526315789475,0.5080029038850147,0.2592181141055233,0.9254060681195437,0.6519001405630228,0.008771929824561403,0.3157894736842105,0.06933257190622126
1485,112,98.24561403508773,114,1,104,9,0,0.008771929824561403,5.047008131872881,5.022667370450236,33.98211029870013,3.6322229513506215,1.558953149863671,2.200778975882054,9.228070175438596,2.4305875750258568,0.5143573109903126,0.13719400401507817,0.025229202271936195,0.1,0.03749428770637446,0.01351117425228474,0,1,0,9,0,0.8,0.34210526315789475,0.5041008402971451,0.2605909159952579,0.9234529440363713,0.6545488919087052,0.008771929824561403,0.3157894736842105,0.06937722053574724
1486,110,96.49122807017544,114,2,109,3,0,0.017543859649122806,5.1099810853894505,5.078189001367761,35.6794140934766,3.6428242967118294,1.5281620387777577,2.179493102845808,9.228070175438596,2.4305875750258568,0.5160087669021878,0.2831608393424089,0.028151339699121918,0.4,0.1230619936342009,0.05030955860579498,0,2,0,3,0,0.6,0.3333333333333333,0.510094591658543,0.25731409555495427,0.8998931930546933,0.6594190256343995,0.017543859649122806,0.3157894736842105,0.06982092279489764
1487,109,95.6140350877193,114,1,108,3,2,0.008771929824561403,5.159460807828754,5.127760026646559,36.835362872604385,3.6539682537526104,1.5219549282566804,2.1836115338393745,9.228070175438596,2.4305875750258568,0.5194214221299343,0.46661939108290995,0.039806614148400234,0.5,0.11875059669369563,-0.029798618596174387,0,3,0,3,0,0.6666666666666666,0.34210526315789475,0.5166778243264268,0.246413073586434,0.9083313096307982,0.657987040732818,0.008771929824561403,0.2982456140350877,0.07020375322469388
1488,109,95.6140350877193,114,0,110,4,0,0.0,5.212566300776724,5.180086216818555,38.971858476834875,3.6658805809508053,1.4634311433965055,2.116339307902548,9.228070175438596,2.4305875750258568,0.5243804532608187,0.018517513855716632,0.027277858815671255,0.0,0.018517513855716632,0.030924408076500542,0,0,0,4,0,1.0,0.35964912280701755,0.5292543699628268,0.2379163119829996,0.9170788450657099,0.665897000041517,0.0,0.2982456140350877,0.0706140504618216
1489,109,95.6140350877193,114,1,110,3,0,0.008771929824561403,5.189857715379877,5.1510029290497386,37.22029353514187,3.677068489180686,1.567911017536547,2.202463970466316,9.228070175438596,2.4305875750258568,0.5198638273915306,0.25739499079874806,0.03068344866898859,0.25,0.0074012868497573756,0.032650560960677755,0,1,0,3,0,1.0,0.3333333333333333,0.5174695251333624,0.24345009609041968,0.9214940420210206,0.6592848116195914,0.008771929824561403,0.2631578947368421,0.07063647348850775
1490,110,96.49122807017544,114,0,108,6,0,0.0,5.188700899189806,5.150095776590236,38.14795384940413,3.6878361897956564,1.5606907471423703,2.216565374362918,9.228070175438596,2.4305875750258568,0.5179189373534911,0.008053467362259025,0.02089914525068329,0.0,0.008053467362259025,0.018225018776926356,0,0,0,6,0,1.0,0.3333333333333333,0.5182106862321525,0.23602391648736412,0.931206950746198,0.6580240237086287,0.0,0.2982456140350877,0.07076154860418912
1491,111,97.36842105263158,114,1,109,4,0,0.008771929824561403,5.101438109256426,5.0609626482843355,34.256587226987904,3.696657228450033,1.6688422711862947,2.263530547470204,9.228070175438596,2.4305875750258568,0.5111797271724998,0.020130942773328494,0.024418398369307086,0.0,0.020130942773328494,0.02354687683683441,0,1,0,4,0,0.8,0.3508771929824561,0.49755844359318513,0.25302388622429456,0.9216699234615391,0.6452903057563796,0.008771929824561403,0.3157894736842105,0.070432436189283
1492,112,98.24561403508773,114,0,111,3,0,0.0,5.10095707865192,5.061039132313117,32.244948843193924,3.7052171278177912,1.7177117400560558,2.2850135435756322,9.228070175438596,2.4305875750258568,0.5076935143196444,0.014728015549735555,0.022022325112180996,0.0,0.014728015549735555,0.010235848482748944,0,0,0,3,0,1.0,0.34210526315789475,0.48408351901748015,0.2698505241248254,0.9131598848375808,0.6370922353980513,0.0,0.3508771929824561,0.07053405896149417
1493,112,98.24561403508773,114,0,109,5,0,0.0,5.128329480144177,5.088419596286049,33.49946225740843,3.714101376259329,1.7065897138876118,2.2772775281025757,9.228070175438596,2.4305875750258568,0.5096567861463135,0.016467414249937733,0.01748816743938923,0.0,0.016467414249937733,0.01583622728679699,0,0,0,5,0,1.0,0.3508771929824561,0.4901338894616178,0.2597371323058384,0.913925595110975,0.6451347743989937,0.0,0.3508771929824561,0.07077889068833268
1494,113,99.12280701754386,114,0,107,7,0,0.0,5.235627508876574,5.194832561480292,35.849877034517704,3.7248388535102954,1.618221287191949,2.2144400193721823,9.228070175438596,2.4305875750258568,0.5152762817529473,0.010707950967196933,0.018412217432570856,0.0,0.010707950967196933,0.026046877112402722,0,0,0,7,0,1.0,0.37719298245614036,0.5016221046523214,0.25291105882331966,0.915914314090259,0.6568306199911464,0.0,0.3508771929824561,0.07144587272596128
1495,112,98.24561403508773,114,1,105,8,0,0.008771929824561403,5.248012582010403,5.219976648925151,37.48273501551182,3.7355476725690844,1.5910705490563355,2.19800246916122,9.228070175438596,2.4305875750258568,0.5170464367958685,0.018901335205316856,0.0196689847426479,0.0,0.018901335205316856,0.01418131426851642,0,1,0,8,0,0.8888888888888888,0.3684210526315789,0.5092190715000863,0.24536638493087518,0.901734171511331,0.6633474355486205,0.008771929824561403,0.3508771929824561,0.07163794170436788
1496,113,99.12280701754386,114,0,111,3,0,0.0,5.274655846382603,5.246846398233003,39.14065242404814,3.7467752722893666,1.574622009753812,2.189704458228534,9.228070175438596,2.4305875750258568,0.519346588364145,0.00278589638061537,0.01534573323581775,0.0,0.00278589638061537,0.05285875513119113,0,0,0,3,0,1.0,0.3684210526315789,0.5165670161632987,0.24244179065399335,0.8954165256728,0.6678522273724751,0.0,0.38596491228070173,0.0719076063481163
1497,113,99.12280701754386,114,0,110,4,0,0.0,5.314420338110756,5.287070704001644,39.951948524758485,3.758512124948397,1.54389157337724,2.16535938314101,9.228070175438596,2.4305875750258568,0.5220296016747212,0.012520358956278838,0.028089786300016767,0.0,0.012520358956278838,0.03244056354088004,0,0,0,4,0,1.0,0.35964912280701755,0.5209694887355014,0.2454419658031864,0.9119020770705809,0.6719086482310221,0.0,0.3157894736842105,0.0722490660479718
1498,112,98.24561403508773,114,1,110,3,0,0.008771929824561403,5.325893069147577,5.290411516163577,41.577592768027166,3.7701865822234106,1.541120223762785,2.1802808535227336,9.228070175438596,2.4305875750258568,0.5244469545836341,0.08997757531785094,0.029258886131201124,0.0,0.08997757531785094,0.027224434742678605,0,1,1,2,0,0.75,0.3508771929824561,0.5298642096271856,0.2313470891428788,0.9184801765072967,0.678822919482485,0.008771929824561403,0.2807017543859649,0.072448308657145
1499,112,98.24561403508773,114,0,107,7,0,0.0,5.323574633897338,5.288195768833834,40.00820335961281,3.7813762790408503,1.5398914686183354,2.187405645032081,9.228070175438596,2.4305875750258568,0.5229379916798673,0.009187199234116443,0.02397763489492494,0.0,0.009187199234116443,0.012271234439324605,0,0,0,7,0,1.0,0.35964912280701755,0.5219126663304173,0.2408144611230798,0.9100289130793222,0.6786339699591041,0.0,0.24561403508771928,0.07257270417115769
1500,113,99.12280701754386,114,0,107,7,0,0.0,5.317292795767076,5.2815397833445665,40.601495359248915,3.7921645768327252,1.5279346734489805,2.196705691742542,9.228070175438596,2.4305875750258568,0.5225098796361056,0.008432160901611991,0.017644361765433592,0.0,0.008432160901611991,0.025096851745817977,0,0,0,7,0,1.0,0.3684210526315789,0.5240594643746983,0.23168919510781733,0.9100289130793222,0.678371991706906,0.0,0.24561403508771928,0.07267240449334943
1501,112,98.24561403508773,114,1,107,6,0,0.008771929824561403,5.3856847243325525,5.362058867031944,42.42080547159097,3.8040107627087196,1.4769146802650628,2.175651850612289,9.228070175438596,2.4305875750258568,0.5232420972527978,0.014789517484689386,0.018689607265384756,0.0,0.014789517484689386,0.0059078161570635624,0,1,0,6,0,1.0,0.35964912280701755,0.5269566000072028,0.2192090895171918,0.9073588636228711,0.6876124479911746,0.008771929824561403,0.3333333333333333,0.073158330097185
1502,111,97.36842105263158,114,1,109,4,0,0.008771929824561403,5.415852839093656,5.37543841214513,43.582610744626265,3.8164083699952744,1.5091644981126902,2.2073995389729095,9.228070175438596,2.4305875750258568,0.5248872111166822,0.2162212201378019,0.029226992257718538,0.2,0.05478914409634346,0.03961159552207953,0,1,0,4,0,0.6,0.35964912280701755,0.5318903394046045,0.21280205086184623,0.9162780441185375,0.6908707776097103,0.008771929824561403,0.33333333333333337,0.07345983802214426
1503,112,98.24561403508773,114,0,111,3,0,0.0,5.4104682608397034,5.370508813081274,41.346062499842425,3.828075158283059,1.5994010072648963,2.2349661939397882,9.228070175438596,2.4305875750258568,0.5225585304204743,0.04130045636091896,0.025780664214912957,0.0,0.04130045636091896,0.04391666267607438,0,0,0,3,0,0.6666666666666666,0.3508771929824561,0.5198952329989917,0.23638761229394947,0.9184949159203234,0.6808532384404903,0.0,0.29824561403508776,0.07357470088413824
1504,112,98.24561403508773,114,0,111,3,0,0.0,5.428529361159186,5.389142898738403,42.58662869926273,3.8398207092808794,1.5784902518817872,2.2174747892668107,9.228070175438596,2.4305875750258568,0.5242404239177549,0.0159555304854162,0.02524362644203071,0.0,0.0159555304854162,0.0409470037607805,0,0,0,3,0,1.0,0.35964912280701755,0.5255895500160027,0.22926026387149404,0.8959423620763278,0.6854568040586648,0.0,0.36842105263157887,0.07380774933732133
1505,112,98.24561403508773,114,0,113,1,0,0.0,5.494976832491342,5.4537300728222355,44.88061606404195,3.8525366526382014,1.5152240811761377,2.18435407947939,9.228070175438596,2.4305875750258568,0.5298829988955882,0.009704116220287464,0.02692837515427713,0.0,0.009704116220287464,0.038566767866499596,0,0,0,1,0,1.0,0.3684210526315789,0.5380539829456832,0.22330316263036845,0.9101857549849559,0.6948062119716095,0.0,0.36842105263157887,0.0742945227636273
1506,113,99.12280701754386,114,0,112,2,0,0.0,5.525789178863102,5.483594402462475,44.340320199924804,3.865524226804713,1.5382973457571454,2.1853138888782504,9.228070175438596,2.4305875750258568,0.5303130311448623,0.06429053849806676,0.02984632398793019,0.0,0.06429053849806676,0.023221277661536588,0,0,0,2,0,0.5,0.3508771929824561,0.5351085438979469,0.23125779391966866,0.9025845266005281,0.692278599227566,0.0,0.33333333333333337,0.07460642167748034
1507,114,100.0,114,0,112,2,0,0.0,5.553591602742943,5.510642019494188,46.40248823707935,3.8787220594223673,1.5007693461065639,2.1487865432522897,9.228070175438596,2.4305875750258568,0.5357648741707552,0.037752047379092234,0.02706242618680415,0.0,0.037752047379092234,0.009482597177847163,0,0,0,2,0,0.5,0.37719298245614036,0.5469021227027225,0.21696939796734965,0.89107074125905,0.7016991078926142,0.0,0.3157894736842105,0.07490582623676825
1508,114,100.0,114,0,112,2,0,0.0,5.592302168105877,5.548775439236664,48.045282057038776,3.892340600089999,1.5044063094732272,2.146474323676304,9.228070175438596,2.4305875750258568,0.535008396817396,0.1353709523870342,0.022713443642732988,0.0,0.1353709523870342,0.030199112417437224,0,0,0,2,0,0.5,0.3684210526315789,0.5479888001508711,0.21712033673844877,0.9130140052147708,0.7020809948467913,0.0,0.2807017543859649,0.07526488434226658
1509,114,100.0,114,0,113,1,0,0.0,5.647510512836779,5.60286750214208,51.88973994693612,3.9066799341683054,1.4774383826795927,2.138048548540113,9.228070175438596,2.4305875750258568,0.5403592258124228,0.007933965206131764,0.016020566532356117,0.0,0.007933965206131764,0.020615409927365214,0,0,0,1,0,1.0,0.3684210526315789,0.5647500167415884,0.20830868264728414,0.9130140052147708,0.7087690125637578,0.0,0.2807017543859649,0.07571519110214547
1510,114,100.0,114,0,111,3,0,0.0,5.640687841839073,5.597474220868921,50.49580841654679,3.9205658674345547,1.439478182485077,2.093857681950038,9.228070175438596,2.4305875750258568,0.5399640138658692,0.10256411047286929,0.015642373750778402,0.0,0.10256411047286929,0.042294660933000015,0,0,0,3,0,0.3333333333333333,0.37719298245614036,0.5606711742662053,0.21188801354830883,0.9172551879683537,0.7133880826128439,0.0,0.29824561403508776,0.07584983263147986
1511,114,100.0,114,0,111,3,0,0.0,5.577139498985338,5.5350013990642895,47.55045360417194,3.932899525616517,1.544238006138642,2.1012161671381717,9.228070175438596,2.4305875750258568,0.5346932744204169,0.0006017545131120956,0.016374415091822365,0.0,0.0006017545131120956,0.016160218356549166,0,0,0,3,0,1.0,0.38596491228070173,0.5468566402964419,0.2158420743506298,0.9252642737509672,0.7063024582782023,0.0,0.26315789473684215,0.07568198109886964
1512,114,100.0,114,0,111,3,0,0.0,5.6205633447591055,5.577273074207258,48.36075502517815,3.9457553635021863,1.5167837253888419,2.0885184388914744,9.228070175438596,2.4305875750258568,0.5351834105413158,0.04227455176981041,0.018477402910655735,0.0,0.04227455176981041,0.02198676844752323,0,0,0,3,0,0.6666666666666666,0.39473684210526316,0.5473444876123277,0.21678131298118908,0.9138738807141608,0.7091844782338951,0.0,0.29824561403508776,0.07605533652689576
1513,114,100.0,114,0,112,2,0,0.0,5.575562084955962,5.531569480638677,47.01737056445489,3.9574100362962468,1.5851592924002524,2.1221713502639874,9.228070175438596,2.4305875750258568,0.5344861316930363,0.036712494082343596,0.02839333887514529,0.0,0.036712494082343596,0.007651161902168635,0,0,0,2,0,0.5,0.42105263157894735,0.5440432380155603,0.22289856428336804,0.9207943255677723,0.7064873893293184,0.0,0.29824561403508776,0.07597196874230122
1514,113,99.12280701754386,114,1,110,3,0,0.008771929824561403,5.645090512058876,5.593081629666661,47.18286962397657,3.9701007044033716,1.628931382814442,2.1413504036390214,9.228070175438596,2.4305875750258568,0.5345323631970451,0.10126196605991639,0.03156903602528499,0.0,0.10126196605991639,0.026300311806546794,0,1,0,3,0,0.5,0.42105263157894735,0.541185631373032,0.23510907984504387,0.9246093381993793,0.6984450903885692,0.008771929824561403,0.29824561403508776,0.07647383977891556
1515,113,99.12280701754386,114,0,112,2,0,0.0,5.62981990194881,5.577070095805976,45.810030494595104,3.982048388205443,1.6671040506983588,2.1571543170222647,9.228070175438596,2.4305875750258568,0.5298139931771051,0.0004688989645790553,0.01918962710349268,0.0,0.0004688989645790553,0.0036478912042325895,0,0,0,2,0,1.0,0.41228070175438597,0.5317635966010783,0.2482684744565753,0.9313711766644872,0.6851985789043259,0.0,0.2807017543859649,0.0765426861873635
1516,113,99.12280701754386,114,0,112,2,0,0.0,5.637231167728123,5.585227918001066,48.683652380573086,3.9938642994996516,1.6872233772523897,2.2163099195888893,9.228070175438596,2.4305875750258568,0.5329395226198756,0.0007609545604730647,0.01114962261509703,0.0,0.0007609545604730647,0.027610380327877215,0,0,0,2,0,1.0,0.40350877192982454,0.5446655450416787,0.2362874249859645,0.9409744618571946,0.6854342862361793,0.0,0.2807017543859649,0.07672334055215661
1517,113,99.12280701754386,114,0,112,2,0,0.0,5.615255684196371,5.563233856543973,48.60987711092973,4.004965346782051,1.7300105317204206,2.2412008044899854,9.228070175438596,2.4305875750258568,0.5304220547671392,0.005705396911914073,0.023386212279884296,0.0,0.005705396911914073,0.008958707776693497,0,0,0,2,0,1.0,0.40350877192982454,0.5412381872279999,0.23465733351591553,0.9321867930335307,0.6819456546416529,0.0,0.2807017543859649,0.07674837347246974
1518,113,99.12280701754386,114,0,112,2,0,0.0,5.594738769467111,5.5437539010897,47.43898310626501,4.0154177914869935,1.7449269445866065,2.2669994191494407,9.228070175438596,2.4305875750258568,0.53027821468923,0.013255919033600117,0.02210222824115563,0.0,0.013255919033600117,0.021963738909965724,0,0,0,2,0,1.0,0.41228070175438597,0.5387439967838763,0.23625527005459765,0.9186544933685121,0.6834124125685939,0.0,0.2807017543859649,0.07677281680996582
1519,114,100.0,114,0,111,3,0,0.0,5.651613943398245,5.600225435730562,47.28122704493469,4.026714252453177,1.734381547802666,2.2509412063474126,9.228070175438596,2.4305875750258568,0.5309581736558282,0.0005434550529264131,0.023468221816561736,0.0,0.0005434550529264131,0.017240030127481248,0,0,0,3,0,1.0,0.4298245614035088,0.5356339675543041,0.24163078508771774,0.92682892691954,0.6819747203309916,0.0,0.2807017543859649,0.07719447786795233
1520,113,99.12280701754386,114,1,111,2,0,0.008771929824561403,5.61401310240782,5.57069648067077,44.20124167909534,4.037015386561131,1.7883572457741532,2.2677960328066398,9.228070175438596,2.4305875750258568,0.5251731284125314,0.05365034967267148,0.022664663500112286,0.0,0.05365034967267148,0.03570270850480206,0,1,0,2,0,0.6666666666666666,0.4298245614035088,0.5198636033663686,0.24872421563299144,0.9268860423691936,0.6718045119079751,0.008771929824561403,0.2631578947368421,0.07713166270585756
1521,113,99.12280701754386,114,0,110,4,0,0.0,5.714553050441973,5.6703717909613225,50.0289027051969,4.0491508739405955,1.7105669258512284,2.181020245958982,9.228070175438596,2.4305875750258568,0.5318891546404565,0.018337614023532796,0.018527024994015196,0.0,0.018337614023532796,0.044746876096861704,0,0,0,4,0,0.75,0.41228070175438597,0.5408693611180238,0.2304932378446516,0.9250423454085399,0.6870211255713113,0.0,0.2631578947368421,0.07778184427023536
1522,112,98.24561403508773,114,1,110,3,0,0.008771929824561403,5.75587735632207,5.711255725367584,50.23443319899087,4.061791620548397,1.7166641269227747,2.2024647870180387,9.228070175438596,2.4305875750258568,0.5338300642748441,0.026005001483450155,0.020652596816228767,0.0,0.026005001483450155,0.04183503606706504,0,1,0,3,0,0.75,0.4298245614035088,0.541933975148089,0.2349918035406185,0.9273955122028121,0.6929359393394886,0.008771929824561403,0.2631578947368421,0.07814208800785571
1523,111,97.36842105263158,114,1,112,1,0,0.008771929824561403,5.776648981673603,5.722426318171516,50.12394619017858,4.074506326536371,1.7291195017475882,2.2024274571232447,9.228070175438596,2.4305875750258568,0.5334911785292689,0.34954116432624016,0.029982870877354205,0.5,0.15536476185846892,0.014970136957691338,0,1,0,1,0,0.5,0.42105263157894735,0.5410331648875544,0.24162734231095526,0.9177872510793443,0.6845081949578609,0.008771929824561403,0.2807017543859649,0.07840046716658576
1524,111,97.36842105263158,114,0,110,4,0,0.0,5.782952959680815,5.729402865426727,48.55096482215685,4.086878405356125,1.6959589902213308,2.169688806788614,9.228070175438596,2.4305875750258568,0.5314981336022957,0.2447131571765543,0.03491971695039504,0.25,0.006264292302864017,-0.0033441375511821247,0,0,0,4,0,1.0,0.4298245614035088,0.5339002134515213,0.24131494447857635,0.9045214704118226,0.688705515563755,0.0,0.2807017543859649,0.0785823441619045
1525,111,97.36842105263158,114,1,111,2,0,0.008771929824561403,5.725556636517524,5.664386024946952,45.294974552171844,4.09782753908149,1.7984076109732152,2.229122185445622,9.228070175438596,2.4305875750258568,0.5249894574168723,0.3589356709109126,0.04063026479426149,0.3333333333333333,0.025802304670988208,-0.01945637477771678,0,1,0,2,0,0.6666666666666666,0.4473684210526316,0.5170725553588625,0.2459270320907728,0.9086179690022049,0.6798794262035347,0.008771929824561403,0.2807017543859649,0.0784284266880389
1526,111,97.36842105263158,114,0,110,4,0,0.0,5.705791599192028,5.644792593709518,46.210984093936474,4.107987554005534,1.8508821594858569,2.265002006436017,9.228070175438596,2.4305875750258568,0.5245572386687893,0.08998319439944713,0.03353046070069966,0.0,0.08998319439944713,-0.02015367246104277,0,0,0,4,0,0.75,0.43859649122807015,0.5190284183443868,0.2323412517301272,0.9086179690022049,0.6823524354588697,0.0,0.2807017543859649,0.0784530755315937
1527,109,95.6140350877193,114,3,107,4,0,0.02631578947368421,5.737413713311752,5.699834689378117,46.740351110813315,4.118512118433231,1.9394703907386184,2.3504863331153723,9.228070175438596,2.4305875750258568,0.5227874599596152,0.3910626028703656,0.04252606576063494,0.42857142857142855,0.07169589530658145,-0.0033121462184853645,0,3,0,4,0,0.7142857142857143,0.42105263157894735,0.5148629860824467,0.23593863981076385,0.8912194217407154,0.6613226889754068,0.02631578947368421,0.2807017543859649,0.07873909047984493
1528,110,96.49122807017544,114,0,113,1,0,0.0,5.720421680612789,5.6827120233316,48.79068067124484,4.128906708497538,1.940564835811535,2.368641488615936,9.228070175438596,2.4305875750258568,0.523912805442259,0.001192054332578316,0.019791017901039695,0.0,0.001192054332578316,0.006598889087496174,0,0,0,1,0,1.0,0.42105263157894735,0.5235960540828701,0.22312243543437046,0.8958424683463286,0.6637351212270947,0.0,0.24561403508771928,0.07878045512363906
1529,110,96.49122807017544,114,0,113,1,0,0.0,5.696447426774775,5.6588239926631205,46.86665399029223,4.13858415334299,1.9637274168882974,2.375653794345284,9.228070175438596,2.4305875750258568,0.5242490635964987,0.0007320840990853307,0.01959223778493073,0.0,0.0007320840990853307,0.023617220315030663,0,0,0,1,0,1.0,0.4298245614035088,0.5208819014753941,0.2344909242118069,0.917757653159765,0.6603172384038717,0.0,0.24561403508771928,0.07877819324044576
1530,111,97.36842105263158,114,0,113,1,0,0.0,5.7894713778512354,5.751398001622482,49.601718576236394,4.149826453304023,1.9219036900559419,2.3480301857106034,9.228070175438596,2.4305875750258568,0.5276338482999405,0.0013692235623386276,0.01982594393930815,0.0,0.0013692235623386276,0.02636240600544526,0,0,0,1,0,1.0,0.41228070175438597,0.5275243220533594,0.23497061618977833,0.9154660791330806,0.6667987666090252,0.0,0.24561403508771928,0.07937993996882806
1531,111,97.36842105263158,114,0,113,1,0,0.0,5.853764650189518,5.8154481073845075,48.00508376883656,4.162040934449011,1.9325434849738359,2.4068282680825437,9.228070175438596,2.4305875750258568,0.5268138324651419,0.0039232150441326635,0.028694154841701618,0.0,0.0039232150441326635,0.014114575789105466,0,0,0,1,0,1.0,0.41228070175438597,0.5186212255964257,0.2484660360234185,0.9051448843002882,0.6628268319655645,0.0,0.2807017543859649,0.07984984816105145
1532,114,100.0,114,0,112,2,0,0.0,5.897525399902156,5.8587684935964415,49.627043781978486,4.17480088387271,1.9454875703739751,2.4139346015627505,9.228070175438596,2.4305875750258568,0.5276130391145177,0.14165633746790118,0.026503297302610376,0.0,0.14165633746790118,0.06951431555155296,0,0,1,1,0,0.5,0.40350877192982454,0.5211448373490215,0.24215330962853698,0.8898729291189995,0.663513321118992,0.0,0.2807017543859649,0.08022372278225065
1533,113,99.12280701754386,114,1,111,1,1,0.008771929824561403,5.8970887214633985,5.850833946305457,50.18653470934661,4.187244037698758,1.9963349956248724,2.452723811790974,9.228070175438596,2.4305875750258568,0.5259389107172772,0.47665698593583333,0.04324675430026056,0.6666666666666666,0.19205922779126752,-0.05279367711392561,0,2,0,1,0,0.3333333333333333,0.39473684210526316,0.5211398485722555,0.24097955281998956,0.8846655102204946,0.6652424499647528,0.008771929824561403,0.2807017543859649,0.08037276026547549
1534,112,98.24561403508773,114,1,113,0,0,0.008771929824561403,5.9779601447594715,5.926224884451192,51.0503344217176,4.200786194610758,1.9647239899917905,2.3960110769315954,9.228070175438596,2.4305875750258568,0.5266784439769119,0.26053462936134175,0.023123789691117315,0.0,0.26053462936134175,0.14122371693320135,1,0,0,0,0,0.0,0.38596491228070173,0.5213770209025639,0.24323397120872195,0.8864376036560577,0.6636843732221729,0.008771929824561403,0.2982456140350877,0.08094169437360266
1535,111,97.36842105263158,114,1,112,1,0,0.008771929824561403,5.98301757882864,5.924286133428824,52.716334694439055,4.214022934930959,1.9733665295282545,2.3809771610618427,9.228070175438596,2.4305875750258568,0.5280408080678982,0.49265397525674015,0.041269130853563485,0.5,0.008545853183623013,0.040957583310970325,0,1,0,1,0,1.0,0.3684210526315789,0.5274173700478645,0.23904517898784677,0.8755500234571492,0.6561620761802501,0.008771929824561403,0.2982456140350877,0.08112784682672913
1536,111,97.36842105263158,114,0,113,1,0,0.0,5.9980209461497065,5.938431030913842,54.59629321221838,4.227068430496884,1.9998264685344833,2.4244646202563387,9.228070175438596,2.4305875750258568,0.5273378054717359,0.02339838846647941,0.032838710012203294,0.0,0.02339838846647941,0.013425614541663133,0,0,0,1,0,1.0,0.40350877192982454,0.5286822527578537,0.2279611057205405,0.8981856734087976,0.6608114739290789,0.0,0.2982456140350877,0.08136140476049741
1537,111,97.36842105263158,114,0,111,3,0,0.0,6.038143526637857,5.978271011143901,54.77867215110678,4.240571520355976,1.98523158092036,2.3940235566593646,9.228070175438596,2.4305875750258568,0.5284355824460172,0.01761798829627685,0.031479685523752896,0.0,0.01761798829627685,0.010842349451443578,0,0,0,3,0,0.6666666666666666,0.39473684210526316,0.5297865883839858,0.22860363175480214,0.8733938827773983,0.6603507895613627,0.0,0.2982456140350877,0.08172611987511799
1538,112,98.24561403508773,114,0,113,1,0,0.0,6.088176945213812,6.029921221612932,54.739270424188206,4.254750728669215,2.0122845718398246,2.423073230181164,9.228070175438596,2.4305875750258568,0.5269676650476216,0.011235347544972593,0.021838673187826167,0.0,0.011235347544972593,-0.01429296981460948,0,0,0,1,0,1.0,0.38596491228070173,0.5247925671973068,0.2323321190240074,0.8651494632992238,0.6562232652945519,0.0,0.2631578947368421,0.08214860600574708
1539,113,99.12280701754386,114,0,111,3,0,0.0,6.121453386611471,6.0622353628975,53.99582535087124,4.269213637709387,2.0292486028804526,2.4344059673557625,9.228070175438596,2.4305875750258568,0.526242170487873,0.006769439625129055,0.026458223949701935,0.0,0.006769439625129055,0.019883268316169305,0,0,0,3,0,1.0,0.3684210526315789,0.5201686351407303,0.24113731496427895,0.8807341683234284,0.6533521301985843,0.0,0.2631578947368421,0.08249075504779424
1540,114,100.0,114,0,111,3,0,0.0,6.116996282279326,6.060610554149612,53.13902761364295,4.283293419159808,2.098181051123131,2.4754355023114396,9.228070175438596,2.4305875750258568,0.5244506734894692,0.00034314242701481945,0.02536207489871047,0.0,0.00034314242701481945,0.017077902822382935,0,0,0,3,0,1.0,0.37719298245614036,0.5161407226227782,0.23701455265149807,0.8966950138341869,0.6532328599562697,0.0,0.2807017543859649,0.08263958023539586
1541,114,100.0,114,0,112,2,0,0.0,6.077466468006844,6.021265820851419,51.052378377373905,4.296265932632522,2.1323481379866553,2.5024252322339176,9.228070175438596,2.4305875750258568,0.5194740400646467,0.008780079467792455,0.028567718295792285,0.0,0.008780079467792455,7.663708484073606e-05,0,0,0,2,0,1.0,0.38596491228070173,0.5054997211061678,0.23795922162236124,0.8763922409430901,0.6490435292611456,0.0,0.2982456140350877,0.08259958531435165
1542,114,100.0,114,0,112,2,0,0.0,6.0958661861376235,6.041557510609436,53.5048589402162,4.30931770363662,2.084996490872213,2.485607295539666,9.228070175438596,2.4305875750258568,0.5211956104706361,0.014790704892015307,0.022366070353581877,0.0,0.014790704892015307,-0.004496437190359193,0,0,0,2,0,1.0,0.3508771929824561,0.5126709076078888,0.22208547147433427,0.8989820218842377,0.656406142336123,0.0,0.3157894736842105,0.08285020126717875
1543,113,99.12280701754386,114,1,112,1,0,0.008771929824561403,6.171409224516583,6.124136194027652,56.538818593823386,4.323501325439303,2.0768692727551854,2.592842673644201,9.228070175438596,2.4305875750258568,0.5224483108314188,0.017483995291167575,0.02630291080137525,0.0,0.017483995291167575,0.011949162680314651,0,1,0,1,0,1.0,0.35964912280701755,0.517333201471021,0.21952454166742943,0.8895660118232536,0.6607992673474401,0.008771929824561403,0.3157894736842105,0.08340028913368588
1544,112,98.24561403508773,114,1,112,1,0,0.008771929824561403,6.162486882180385,6.106174839365008,56.12340877749978,4.337333007834821,2.1271387891482227,2.6294930680484425,9.228070175438596,2.4305875750258568,0.5211913688056269,0.49780087930742467,0.038193872887197625,0.5,0.008146324455592852,0.006212994221022172,0,1,0,1,0,1.0,0.3508771929824561,0.515221174834815,0.21373549295279004,0.8952857058796043,0.656359556776937,0.008771929824561403,0.3157894736842105,0.08352377299886614
1545,111,97.36842105263158,114,1,104,8,1,0.008771929824561403,6.20953491841056,6.171459571836127,61.06843758709174,4.3515204958795115,2.0931895029768315,2.5875893102370355,9.228070175438596,2.4305875750258568,0.5237622663032593,0.2182404017819576,0.012576318882177705,0.2,0.020305808883655248,0.02488239037240885,0,2,1,7,0,0.8,0.3508771929824561,0.5283098932125541,0.20598308801194165,0.9052606443295612,0.6539564310007474,0.008771929824561403,0.3157894736842105,0.08393143284082828
1546,111,97.36842105263158,114,0,112,2,0,0.0,6.237806880382307,6.199023832271467,60.00025151623996,4.3662911418140276,2.0647244924273216,2.6203752137618377,9.228070175438596,2.4305875750258568,0.5236991566597491,0.008280514404261268,0.029325448572126107,0.0,0.008280514404261268,-0.023420923442402763,0,0,0,2,0,1.0,0.35964912280701755,0.5245268928738962,0.2114158527444751,0.9208605610072519,0.656468655720761,0.0,0.3157894736842105,0.08425229939310472
1547,110,96.49122807017544,114,1,112,1,0,0.008771929824561403,6.2919793309837715,6.249858491974098,63.58747340331016,4.381775086136677,2.031715839683337,2.5766668921180353,9.228070175438596,2.4305875750258568,0.5265422924070318,0.38290769514997663,0.03708676350728386,0.5,0.1350536157394411,-0.006682082899799768,0,1,0,1,0,0.5,0.34210526315789475,0.5351487747346015,0.20414295572120028,0.9179463718825621,0.6569974543645081,0.008771929824561403,0.3333333333333333,0.08471133705952716
1548,110,96.49122807017544,114,1,111,2,0,0.008771929824561403,6.319871548364288,6.270567041176562,64.46323570250601,4.397334333353881,2.0333846389771866,2.6142749637991867,9.228070175438596,2.4305875750258568,0.5290871085921991,0.23456912403513766,0.033831422439435474,0.3333333333333333,0.19126601892716258,-0.010484395518451187,0,1,0,2,0,0.3333333333333333,0.32456140350877194,0.5405781813951152,0.20585109738037258,0.9092830136707986,0.6679206601476135,0.008771929824561403,0.38596491228070173,0.08503988871124421
1549,110,96.49122807017544,114,1,110,3,0,0.008771929824561403,6.378062756168598,6.325726708623207,64.78140148814619,4.413520070033645,1.998643099848224,2.6282142791717558,9.228070175438596,2.4305875750258568,0.5304769425028366,0.02444397279510969,0.03263195040220859,0.0,0.02444397279510969,0.01003687965834138,0,1,0,3,0,1.0,0.34210526315789475,0.5400314511240307,0.21029329127045576,0.9150116389631492,0.6676294970714617,0.008771929824561403,0.38596491228070173,0.08552754900259812
1550,111,97.36842105263158,114,0,111,3,0,0.0,6.354768813577572,6.303438048907876,61.313721335365955,4.4288140652031,2.059319885864137,2.6150576691261787,9.228070175438596,2.4305875750258568,0.5259197832072044,0.006707118300602065,0.028171503775016506,0.0,0.006707118300602065,0.013966574788190819,0,0,0,3,0,1.0,0.34210526315789475,0.5270955194063319,0.22307333610122987,0.9179269619216694,0.6566403015454478,0.0,0.38596491228070173,0.08559694626279991
1551,110,96.49122807017544,114,1,112,1,0,0.008771929824561403,6.393206095233454,6.327431340222575,62.09801067239827,4.444484321318237,2.138552062264779,2.6661945557825195,9.228070175438596,2.4305875750258568,0.5237119535926378,0.19355535854144523,0.028422928555996985,0.0,0.19355535854144523,0.0011121053884941556,0,1,0,1,0,0.5,0.3333333333333333,0.5236979143175564,0.22056130666050788,0.9177214556830939,0.6532607408285442,0.008771929824561403,0.3684210526315789,0.08597957232013395
1552,110,96.49122807017544,114,1,106,6,1,0.008771929824561403,6.465232590242766,6.426304813448103,64.6003743416555,4.460856861298075,2.033842625728535,2.5894473987388174,9.228070175438596,2.4305875750258568,0.5287941788992656,0.29307188941585843,0.021374570036368848,0.25,0.049669787685082824,0.017307565792796756,0,2,1,5,0,0.75,0.3333333333333333,0.533488057624183,0.2244904445696384,0.9042836847895184,0.6602617477470175,0.008771929824561403,0.38596491228070173,0.08653867925641354
1553,111,97.36842105263158,114,0,112,2,0,0.0,6.542921517240492,6.504829840430893,67.65014009322,4.478916297390144,1.9741526396643072,2.513114888459732,9.228070175438596,2.4305875750258568,0.5316614352721754,0.09599098682480678,0.017590834364168455,0.0,0.09599098682480678,0.06154766130917533,0,0,0,2,0,0.5,0.30701754385964913,0.5419203313965838,0.21779342263981327,0.8859280373968226,0.665853402195778,0.0,0.42105263157894735,0.08714659909628897
1554,112,98.24561403508773,114,0,112,2,0,0.0,6.556744747545774,6.519357284604087,70.05941947787838,4.496819264874877,1.949371172864112,2.5434517737412765,9.228070175438596,2.4305875750258568,0.5378021281118233,0.12140850982681395,0.03812740790591017,0.0,0.12140850982681395,0.015433725614169447,0,0,0,2,0,0.5,0.3157894736842105,0.5559759576937708,0.21332320422621695,0.9042836847895184,0.6713455076260307,0.0,0.38596491228070173,0.08743328889943779
1555,112,98.24561403508773,114,0,112,2,0,0.0,6.522213512219465,6.484291990108598,68.75374346022568,4.5136052509034394,1.971817209520534,2.5121146080073142,9.228070175438596,2.4305875750258568,0.538406693291176,0.17538845211977,0.023084707873646648,0.0,0.17538845211977,0.07211206450245805,0,0,0,2,0,0.0,0.32456140350877194,0.5565792468916887,0.2132714530591281,0.885566618735488,0.6747552954326062,0.0,0.38596491228070173,0.08746463176818414
1556,113,99.12280701754386,114,0,112,2,0,0.0,6.5468614478984515,6.507439163946245,70.59368660946076,4.530433328706261,2.0125487792387715,2.564135989253127,9.228070175438596,2.4305875750258568,0.5367713684295734,0.05668853054384833,0.038930560187725845,0.0,0.05668853054384833,0.023411717575483326,0,0,0,2,0,0.5,0.32456140350877194,0.5558352187582271,0.2107735669388748,0.885566618735488,0.67125479023421,0.0,0.38596491228070173,0.0877923820306746
1557,114,100.0,114,0,112,2,0,0.0,6.496165113594306,6.457819127117721,66.39174151649249,4.54588753858099,2.0444238755528126,2.527525374880041,9.228070175438596,2.4305875750258568,0.5347826850472501,0.03309862646698285,0.038568895150582545,0.0,0.03309862646698285,0.029397444273609574,0,0,0,2,0,0.5,0.3508771929824561,0.5457737520401792,0.22064610353639336,0.8936685378194207,0.6687296800039655,0.0,0.3508771929824561,0.08772671441167068
1558,114,100.0,114,0,113,1,0,0.0,6.508052807803245,6.469024212705889,62.84663355573692,4.561183999885147,2.08648693499065,2.5594533609478414,9.228070175438596,2.4305875750258568,0.5332996973507476,0.053267483785627054,0.039349453495548456,0.0,0.053267483785627054,0.026292982246861385,0,0,0,1,0,0.0,0.3684210526315789,0.5360690403203603,0.2341938832601737,0.888659285726829,0.6667866844099785,0.0,0.3508771929824561,0.0879720498266541
1559,114,100.0,114,0,113,1,0,0.0,6.555571170239924,6.515854311429778,64.22544620410866,4.57701926455019,2.0605098693676123,2.5267222292100544,9.228070175438596,2.4305875750258568,0.5339000255929329,0.06092869250232724,0.03749301145425872,0.0,0.06092869250232724,0.026345210805441166,0,0,0,1,0,0.0,0.3684210526315789,0.537885941982285,0.23322790782185351,0.8857075493524255,0.670565291290331,0.0,0.38596491228070173,0.088402086626548
1560,114,100.0,114,0,112,2,0,0.0,6.631882935396501,6.59109284601796,68.09088257363308,4.593932630018477,2.037854692619398,2.507913167965658,9.228070175438596,2.4305875750258568,0.537621612727925,0.03644749737437222,0.019990962616775496,0.0,0.03644749737437222,0.035479198794444444,0,0,0,2,0,0.5,0.34210526315789475,0.5474034610360181,0.22533041697879017,0.8876365794862779,0.6767982577546264,0.0,0.3508771929824561,0.08898919253212634
1561,113,99.12280701754386,114,1,111,2,0,0.008771929824561403,6.750491588407096,6.721061932441175,72.63784461171014,4.612719483365794,1.9540680823481107,2.453046976287522,9.228070175438596,2.4305875750258568,0.5418715407641461,0.3421095076176646,0.044677201279916624,0.3333333333333333,0.00877870722049116,0.0017438070246635167,1,0,0,2,0,1.0,0.35964912280701755,0.55745882916627,0.22880137110220217,0.8983282731728177,0.6765721117203202,0.008771929824561403,0.3508771929824561,0.08981055125877842
1562,113,99.12280701754386,114,0,112,2,0,0.0,6.709661832568021,6.680451646498335,69.98763448958024,4.6305026788726265,1.9928333223555865,2.502074395321443,9.228070175438596,2.4305875750258568,0.5381948839460122,0.018862521480976127,0.03801525754467835,0.0,0.018862521480976127,-0.00015241398695176045,0,0,1,1,0,1.0,0.3508771929824561,0.5504184847350929,0.23157689631304412,0.8938392536001255,0.6699665501082706,0.0,0.3508771929824561,0.08982252054979886
1563,113,99.12280701754386,114,0,113,1,0,0.0,6.679152606139564,6.650339235859466,69.08866225354507,4.6472681114298044,2.0624535681665064,2.543503147342486,9.228070175438596,2.4305875750258568,0.5364031450647113,0.04184547136410227,0.006189248008532005,0.0,0.04184547136410227,0.08031380527473986,0,0,0,1,0,1.0,0.3333333333333333,0.5467960685819683,0.22758266333540422,0.8938392536001255,0.6679347398597708,0.0,0.3508771929824561,0.08987372367797364
1564,112,98.24561403508773,114,1,112,1,0,0.008771929824561403,6.678027923757633,6.640641760044467,69.59649775581016,4.6636168564737215,2.068958239783862,2.5531453305781926,9.228070175438596,2.4305875750258568,0.5379897737629513,0.5135611853043948,0.053085130294873294,0.5,0.022213453502443747,0.006832374136790165,0,1,0,1,0,1.0,0.37719298245614036,0.5508919852746792,0.2202771880079001,0.9097630929495744,0.6746617944602877,0.008771929824561403,0.3157894736842105,0.09006678554891903
1565,112,98.24561403508773,114,0,112,2,0,0.0,6.5829589176611565,6.545962654024662,62.67810033915805,4.677547848561105,2.1443167710248656,2.5633793103076035,9.228070175438596,2.4305875750258568,0.532971837281111,0.013156740537956794,0.01674820749341762,0.0,0.013156740537956794,0.03878786717558508,0,0,0,2,0,1.0,0.35964912280701755,0.5335986143648398,0.24018825769178762,0.9011797013923988,0.6595976747002439,0.0,0.3157894736842105,0.08976074299981353
1566,113,99.12280701754386,114,0,113,1,0,0.0,6.692765454504457,6.654729496384231,69.80701486779229,4.6932551743706465,2.056012065747775,2.5114802023826197,9.228070175438596,2.4305875750258568,0.5398776606563427,0.03486332143544235,0.008147930454017373,0.0,0.03486332143544235,0.05359984494894865,0,0,0,1,0,1.0,0.3684210526315789,0.5543934544871874,0.22245215052184913,0.899141323172934,0.6713028133501868,0.0,0.2807017543859649,0.0905006658387778
1567,113,99.12280701754386,114,0,113,1,0,0.0,6.69717056831316,6.660932766963808,68.27645213176491,4.708701340609855,2.047550261793916,2.484771828194904,9.228070175438596,2.4305875750258568,0.5399689522056246,0.07445618926979669,0.039374479973185994,0.0,0.07445618926979669,-0.06650100542663395,0,0,0,1,0,0.0,0.35964912280701755,0.5504604463200096,0.229603445619405,0.9136245140777381,0.6727058509708208,0.0,0.2807017543859649,0.09071040770653534
1568,113,99.12280701754386,114,0,112,2,0,0.0,6.739919608576783,6.702659424195852,70.61958803256776,4.724583436608557,1.9788209508526806,2.3854575157741875,9.228070175438596,2.4305875750258568,0.5449465253438861,0.042229785938859336,0.030323281383831988,0.0,0.042229785938859336,-0.002334183479225982,0,0,0,2,0,0.5,0.35964912280701755,0.5613687984278455,0.23100542306026023,0.9096319053698063,0.6751097166656299,0.0,0.2807017543859649,0.09111716703385253
1569,114,100.0,114,0,111,3,0,0.0,6.742890480505615,6.707921719890348,69.23867556217505,4.740181828119511,2.003494611403674,2.436263326088238,9.228070175438596,2.4305875750258568,0.5431694202936774,0.007946380028631546,0.01831632177589897,0.0,0.007946380028631546,0.023755460426036528,0,0,0,3,0,1.0,0.35964912280701755,0.5553726840191916,0.22939035306975514,0.8979884654648975,0.6787470335915514,0.0,0.3157894736842105,0.09132158767648126
1570,114,100.0,114,0,113,1,0,0.0,6.700857954822641,6.66555547165954,66.55046252428986,4.754577288052097,1.9622836035699396,2.4201727010165572,9.228070175438596,2.4305875750258568,0.5416389746726531,0.011098359206050921,0.012487275650507529,0.0,0.011098359206050921,0.015063385424434417,0,0,0,1,0,1.0,0.37719298245614036,0.5506331945798331,0.2335327440869042,0.9136948680663897,0.6811990427308667,0.0,0.3157894736842105,0.09128637217831101
1571,114,100.0,114,0,111,3,0,0.0,6.656084374670636,6.622200323468253,61.71414506912037,4.767779825848135,1.9961906374995684,2.426171157034741,9.228070175438596,2.4305875750258568,0.5377965228503652,0.03164086837664013,0.023221481188747062,0.0,0.03164086837664013,0.06449933862279537,0,0,0,3,0,0.6666666666666666,0.35964912280701755,0.5371757805355147,0.2435015257696961,0.9080326663294651,0.673690680043455,0.0,0.3508771929824561,0.09122295389918028
1572,114,100.0,114,0,110,4,0,0.0,6.816521814180242,6.78104071296521,69.2247827293235,4.783750068217902,1.8708888587300603,2.3538049718491694,9.228070175438596,2.4305875750258568,0.5455175114136697,0.02867072525466101,0.019306393292787712,0.0,0.02867072525466101,0.07199582926410364,0,0,0,4,0,0.75,0.37719298245614036,0.557833131716611,0.23709579079995086,0.9016525862792184,0.6836865239479276,0.0,0.29824561403508776,0.09221922646009884
1573,114,100.0,114,0,111,3,0,0.0,6.8037005916511175,6.766157630717586,69.1380743771627,4.799042742782616,1.9232583454805954,2.4317239638473565,9.228070175438596,2.4305875750258568,0.5422770675045205,0.045294062402605965,0.0352454392826018,0.0,0.045294062402605965,0.039653639470717504,0,0,1,2,0,0.6666666666666666,0.34210526315789475,0.5535954704197441,0.2352201120156059,0.9087779277076073,0.6795546264568995,0.0,0.29824561403508776,0.09234097127138276
1574,114,100.0,114,0,110,4,0,0.0,6.830029684337714,6.791496809921394,70.30499752165233,4.814456428252542,1.919064985325583,2.416677660584976,9.228070175438596,2.4305875750258568,0.5418552171229027,0.021676602170059702,0.028200596994006042,0.0,0.021676602170059702,0.05081596568222749,0,0,0,4,0,0.75,0.34210526315789475,0.5545806816642562,0.23090096537212387,0.9085190209368011,0.6792457962244685,0.0,0.29824561403508776,0.09265993829675853
1575,113,99.12280701754386,114,1,111,2,0,0.008771929824561403,6.880794126318747,6.854591615439571,74.18177633635061,4.830429836810294,1.874075731153695,2.357300642614133,9.228070175438596,2.4305875750258568,0.5431047665378692,0.4268032676573506,0.03402835322276737,0.6666666666666666,0.27135664726743197,0.09212984827314925,0,1,0,2,0,0.3333333333333333,0.35964912280701755,0.561839301211203,0.22554530807306578,0.9063270109835091,0.685295913752131,0.008771929824561403,0.26315789473684215,0.09310788434852012
1576,112,98.24561403508773,114,1,109,4,0,0.008771929824561403,6.885547035195559,6.877335809473048,77.09582292993147,4.846377072773755,1.9304960098984911,2.3796181775209932,9.228070175438596,2.4305875750258568,0.54455943348576,0.38186388344083083,0.0312804425511682,0.4,0.04210354245842801,0.10546323669757177,0,1,0,4,0,0.6,0.3508771929824561,0.5699010427214507,0.2135946682128611,0.9056255010663262,0.691195165322275,0.008771929824561403,0.24561403508771928,0.09332545466084816
1577,111,97.36842105263158,114,1,109,3,1,0.008771929824561403,6.905416154905989,6.864150566473071,75.677053685162,4.8626639492322665,2.0219388780823078,2.4922421560631602,9.228070175438596,2.4305875750258568,0.5446635564174698,0.5521893066803789,0.03413811153243127,0.6,0.1471507362724309,0.036097649483184925,0,2,0,3,0,0.4,0.35964912280701755,0.5709661595008069,0.2767660245810644,0.896002872757649,0.6632417096275887,0.008771929824561403,0.2631578947368421,0.0936227336571805
1578,109,95.6140350877193,114,2,110,2,0,0.017543859649122806,6.989806632656521,7.005004408880541,79.52052772584985,4.879572484803266,2.010315875756014,2.5323027175302077,9.228070175438596,2.4305875750258568,0.5482168426435081,0.5302458860957469,0.047839672678746975,0.5,0.04000429638418112,0.07805400059600032,0,2,0,2,0,0.75,0.3508771929824561,0.579179209680867,0.2803432824254511,0.8965722782102734,0.6601756916634361,0.017543859649122806,0.26315789473684215,0.09425017442828694
1579,107,93.85964912280701,114,2,111,1,0,0.017543859649122806,7.000923101398181,6.957110581402954,78.30425193500805,4.897364967653685,2.08267142803626,2.569412864457611,9.228070175438596,2.4305875750258568,0.5469043462423857,0.6924248350742198,0.04753953308442493,0.6666666666666666,0.28209307849452064,0.11493780064615255,0,2,0,1,0,0.3333333333333333,0.35964912280701755,0.5777268238122995,0.2946067585075852,0.9119157596968734,0.6568144267951905,0.017543859649122806,0.2807017543859649,0.09452198771072068
1580,108,94.73684210526316,114,0,111,3,0,0.0,7.0550532562776995,7.009710674815428,81.0138789535324,4.914631948612086,2.0783305573374777,2.5368320223433605,9.228070175438596,2.4305875750258568,0.5481847664844843,0.1707371865736268,0.04397207649999927,0.0,0.1707371865736268,0.02051057417012725,0,0,0,3,0,0.6666666666666666,0.35964912280701755,0.5819579528570619,0.2942645660725459,0.8637335310012386,0.6586667631686246,0.0,0.24561403508771928,0.09500248303199675
1581,109,95.6140350877193,114,0,112,2,0,0.0,7.091487299983475,7.0450518267141256,80.24685905599868,4.932166438594266,2.0687582093567918,2.5128931999460296,9.228070175438596,2.4305875750258568,0.5483190456882294,0.08244796166275493,0.04729451671787989,0.0,0.08244796166275493,0.022928513195269007,0,0,0,2,0,0.5,0.38596491228070173,0.5791255208137861,0.3015881314205163,0.8864772148245783,0.6605857015730903,0.0,0.24561403508771928,0.09539774881795116
1582,108,94.73684210526316,114,2,111,1,0,0.017543859649122806,7.074279322068684,7.029626994978779,79.50238131230309,4.94896919812944,2.1751211973883002,2.563894282004956,9.228070175438596,2.4305875750258568,0.5445533821641668,0.2485791921408349,0.05761257641558589,0.3333333333333333,0.20775815271613599,0.01241028422031191,0,2,0,1,0,0.3333333333333333,0.3684210526315789,0.5710252358364399,0.29464825220139834,0.8809281760223806,0.6530392204095405,0.017543859649122806,0.26315789473684215,0.09551591182113889
1583,110,96.49122807017544,114,0,111,3,0,0.0,7.020497345940073,6.974990829840602,76.09033913137118,4.964306776083287,2.1713039626988055,2.5795146167500174,9.228070175438596,2.4305875750258568,0.5414421488531247,0.022752829302961398,0.04523309450838539,0.0,0.022752829302961398,0.031194968707352128,0,0,0,3,0,1.0,0.3333333333333333,0.5621022135691335,0.30317157362952973,0.8909352133555792,0.6479792233037874,0.0,0.26315789473684215,0.09543339857252389
1584,112,98.24561403508773,114,0,113,1,0,0.0,7.05270872298126,7.008822035449097,75.7603647376543,4.97992939843708,2.114746055083414,2.5527423997617436,9.228070175438596,2.4305875750258568,0.5428615074283321,0.388120480984118,0.048248374536549316,0.0,0.388120480984118,0.053733725175791225,0,0,0,1,0,0.0,0.3333333333333333,0.5639802835069363,0.31740804038244214,0.8769303039116104,0.6475752439907959,0.0,0.24561403508771928,0.09578431621664207
1585,111,97.36842105263158,114,1,110,3,0,0.008771929824561403,7.039809404195883,6.99872099897074,75.3605570551072,4.994928723831278,2.1359699687863904,2.578669704172558,9.228070175438596,2.4305875750258568,0.5443516074289836,0.38578230936883035,0.05226957936885486,0.5,0.19843022372017058,0.0510686145953847,0,1,0,3,0,0.25,0.35964912280701755,0.5648283481544886,0.32083840627581856,0.8811043884035787,0.6469192722987731,0.008771929824561403,0.24561403508771928,0.09590210549239975
1586,111,97.36842105263158,114,0,112,2,0,0.0,7.098773534885027,7.057501359284845,77.52535675684925,5.010753607805284,2.105607067469365,2.5717064540247647,9.228070175438596,2.4305875750258568,0.5450402810346084,0.041357390986668345,0.035302362386044846,0.0,0.041357390986668345,0.030954877126191382,0,0,0,2,0,1.0,0.38596491228070173,0.568481845137576,0.32380554203878253,0.8862975515330009,0.6442824664894975,0.0,0.24561403508771928,0.09638924497766269
1587,112,98.24561403508773,114,1,111,2,0,0.008771929824561403,7.1948179411677895,7.141632729400297,80.25034393419232,5.028027178540361,2.0769829125753128,2.5644678225853452,9.228070175438596,2.4305875750258568,0.548551651791646,0.42020043677294844,0.057509789359467316,0.3333333333333333,0.1436886904710812,0.033490944330327586,0,1,0,2,0,0.3333333333333333,0.3508771929824561,0.5752527591235351,0.3242719540736099,0.8979916002575314,0.6524587544195343,0.008771929824561403,0.24561403508771928,0.09707939164110153
1588,112,98.24561403508773,114,0,113,1,0,0.0,7.145972495054851,7.093622056510608,75.2660839032801,5.043749931729708,2.1553184054017027,2.595123596405672,9.228070175438596,2.4305875750258568,0.5417237100230372,0.3475828871949189,0.04606319025970744,0.0,0.3475828871949189,0.03146604468380154,0,0,0,1,0,0.0,0.34210526315789475,0.5576677251378763,0.3365207537452667,0.9026817610175939,0.6424813980743621,0.0,0.24561403508771928,0.09702624205327295
1589,111,97.36842105263158,114,1,113,0,0,0.008771929824561403,7.183520998380278,7.1230498075244615,75.56436579544956,5.059830339080693,2.149073869646098,2.6030338980713577,9.228070175438596,2.4305875750258568,0.5419640832594024,0.9997990324626985,0.06901151672747065,1.0,0.00020096753730147743,0.07039277230323027,0,1,0,0,0,1.0,0.3508771929824561,0.5583628554014616,0.3417459975070537,0.8915083244311344,0.6487366927688865,0.008771929824561403,0.2631578947368421,0.09740940876144338
1590,112,98.24561403508773,114,0,114,0,0,0.0,7.298364179017921,7.235875865849052,80.67148048769663,5.077546171333307,2.107083711750939,2.582602748911738,9.228070175438596,2.4305875750258568,0.5442030723277667,0.0,0.0,0.0,0.0,0.0,0,0,0,0,0,0.0,0.3508771929824561,0.5661696454325905,0.33549452586316114,0.8933290681239188,0.6538608798629177,0.0,0.2631578947368421,0.09819892407340385
1591,111,97.36842105263158,114,1,112,1,0,0.008771929824561403,7.306590154299103,7.246683585483667,82.07648362824467,5.094952678256304,2.1253021018994582,2.593488311828467,9.228070175438596,2.4305875750258568,0.5449640038519219,0.3435384625784481,0.043029123915270334,0.5,0.15650494051518193,0.009333521408950052,0,1,0,1,0,0.5,0.3508771929824561,0.5680075708681651,0.3271729478984696,0.891728817453735,0.6556415847283242,0.008771929824561403,0.2631578947368421,0.09845159414706793
1592,111,97.36842105263158,114,1,111,2,0,0.008771929824561403,7.429273783977131,7.354984470794047,87.43260972431744,5.114363938331884,2.011613320161024,2.548117330095364,9.228070175438596,2.4305875750258568,0.5499512432281908,0.30655265865742487,0.03636376025249149,0.3333333333333333,0.03001243522145668,0.07698694785246578,0,1,0,2,0,0.6666666666666666,0.34210526315789475,0.5810343768679302,0.319258858483773,0.8684754150711089,0.6697521111579612,0.008771929824561403,0.2807017543859649,0.09930091613323458
1593,110,96.49122807017544,114,1,113,0,0,0.008771929824561403,7.431467653270004,7.362945327369588,87.92356222381922,5.133141951368082,2.0518882693258873,2.5726993783115497,9.228070175438596,2.4305875750258568,0.5508810329942602,0.91847288297806,0.07639337212010222,1.0,0.08152711702194004,0.08730669918932454,0,1,0,0,0,0.0,0.35964912280701755,0.5819665817899675,0.3207070936008528,0.8875201353994842,0.6718381791498674,0.008771929824561403,0.2807017543859649,0.09954009350554624
1594,111,97.36842105263158,114,0,112,2,0,0.0,7.548851937064885,7.479776646053207,91.05575669905976,5.153818458328613,1.988451828595319,2.5218459929298715,9.228070175438596,2.4305875750258568,0.5546418448421464,0.2893685297722505,0.04614268319233283,0.5,0.21066479526370904,0.033928654969431316,0,0,0,2,0,0.5,0.3684210526315789,0.5890641489410667,0.3300642800721093,0.8677357304449312,0.6769298035255462,0.0,0.29824561403508776,0.10037829522908663
1595,111,97.36842105263158,114,0,112,2,0,0.0,7.586819253658451,7.5187488131623335,93.84474851745345,5.174750206801193,1.9589452868358872,2.518301715813806,9.228070175438596,2.4305875750258568,0.5559522494353693,0.2087410430195158,0.05428212085617735,0.0,0.2087410430195158,0.03765502449061042,0,0,0,2,0,0.5,0.3508771929824561,0.594652514856045,0.3285518255071429,0.8991403096850115,0.6765588743550885,0.0,0.2807017543859649,0.10082251405085957
1596,112,98.24561403508773,114,0,114,0,0,0.0,7.542238907723492,7.4746480236343835,90.93736838977559,5.194315664147555,2.000664194720026,2.531308101735869,9.228070175438596,2.4305875750258568,0.5538749399318716,0.0,0.0,0.0,0.0,0.0,0,0,0,0,0,0.0,0.35964912280701755,0.5887934543643981,0.33200513184938446,0.8853245867053406,0.6728066166873203,0.0,0.2807017543859649,0.10083739010881361
1597,113,99.12280701754386,114,0,113,1,0,0.0,7.556567259396294,7.48755984470952,89.17323651136098,5.213656632413671,1.9799203461317145,2.5200292562901927,9.228070175438596,2.4305875750258568,0.5520553828394725,0.0011834864204618974,0.03359652442414995,0.0,0.0011834864204618974,0.028192881560233918,0,0,0,1,0,1.0,0.3333333333333333,0.5841679078300543,0.3487195978259402,0.8986071324859777,0.6652202505220438,0.0,0.2807017543859649,0.10114408145296058
1598,113,99.12280701754386,114,1,111,2,0,0.008771929824561403,7.580248795702552,7.495299695667268,87.97263394299968,5.232991219924435,2.0834675821443254,2.5689971885821743,9.228070175438596,2.4305875750258568,0.5503846600952274,0.3709675053416526,0.05998537375362648,0.3333333333333333,0.037634172047124395,0.0366713383563968,0,1,0,2,0,0.6666666666666666,0.34210526315789475,0.577816471773301,0.35145826537501407,0.903904134303135,0.6625828460209958,0.008771929824561403,0.2807017543859649,0.10149746117535142
1599,113,99.12280701754386,114,0,114,0,0,0.0,7.559079169664822,7.475766803488202,84.89642660625185,5.251162832781553,2.1926219114529633,2.6396927685717233,9.228070175438596,2.4305875750258568,0.5487360218291075,0.0,0.0,0.0,0.0,0.0,0,0,0,0,0,0.0,0.32456140350877194,0.5705793546786034,0.35682070352123907,0.8860912029501459,0.6594127534377627,0.0,0.2807017543859649,0.10161245152730623
1600,113,99.12280701754386,114,0,111,3,0,0.0,7.500850347340139,7.41817413522592,80.16045868762897,5.267772896483253,2.178122756289151,2.616557779017022,9.228070175438596,2.4305875750258568,0.5449858275411061,0.19600073562727352,0.05725920910781862,0.0,0.19600073562727352,0.056703596922850284,0,0,1,2,0,0.0,0.30701754385964913,0.560557394945549,0.3710652979139747,0.8975926684294464,0.6507984946843169,0.0,0.2807017543859649,0.10152316848795151
1601,112,98.24561403508773,114,1,111,2,0,0.008771929824561403,7.4860864579911395,7.396728762283346,80.7267384880615,5.283654944756695,2.1683585539377295,2.5984134195228856,9.228070175438596,2.4305875750258568,0.5461860622889783,0.10978700132707164,0.05460708990784583,0.0,0.10978700132707164,0.043025883741133995,0,1,0,2,0,0.3333333333333333,0.30701754385964913,0.5647143156609301,0.37757875337079005,0.8953506456709959,0.6471755835325361,0.008771929824561403,0.2631578947368421,0.10164236258720347
1602,111,97.36842105263158,114,1,111,2,0,0.008771929824561403,7.430165771403846,7.321202642392304,77.13086934472778,5.29799498212344,2.2569166366277815,2.644955004372912,9.228070175438596,2.4305875750258568,0.5416662780154125,0.6107711741045754,0.06399598939164279,0.6666666666666666,0.2756871611916643,0.006107159336522579,0,1,0,2,0,0.0,0.32456140350877194,0.5542112504025067,0.3759278630755652,0.9032303867634419,0.6425678593764281,0.008771929824561403,0.2807017543859649,0.10153703273751208
1603,110,96.49122807017544,114,2,112,0,0,0.017543859649122806,7.377061761308567,7.293549790945203,74.47551408815771,5.310544579516028,2.3506669345530664,2.715569877848532,9.228070175438596,2.4305875750258568,0.5392270937180699,0.9291664628989813,0.06928631601196762,1.0,0.07083353710101875,0.02056643563753613,0,2,0,0,0,0.5,0.30701754385964913,0.5471229225807863,0.390126093870442,0.8822213130286289,0.623844485897802,0.017543859649122806,0.2807017543859649,0.10142402716450569
1604,109,95.6140350877193,114,1,113,0,0,0.008771929824561403,7.412406781552912,7.31715077006727,73.8372622475744,5.323979211985238,2.4183698005852734,2.741941489358732,9.228070175438596,2.4305875750258568,0.5392641115372263,0.7373254010506602,0.0456507793875693,1.0,0.26267459894933975,0.15951256447863926,0,1,0,0,0,0.0,0.3157894736842105,0.5443257201879332,0.39561531755275975,0.8713980020409793,0.624719927018279,0.008771929824561403,0.29824561403508776,0.10176402251950092
1605,108,94.73684210526316,114,1,111,2,0,0.008771929824561403,7.355147933201095,7.278627179240724,71.77324806674815,5.335756903297195,2.448860558062544,2.6901335572254084,9.228070175438596,2.4305875750258568,0.53658295662364,0.07597701701167318,0.049014489882275004,0.0,0.07597701701167318,0.02429880883401762,0,1,0,2,0,0.3333333333333333,0.32456140350877194,0.538174960498619,0.396936315553722,0.8741344261913837,0.6255941575213303,0.008771929824561403,0.2807017543859649,0.1016208618285685
1606,109,95.6140350877193,114,0,113,1,0,0.0,7.436637846116869,7.359543876335552,73.81955462170818,5.349170786201499,2.4335708123206734,2.657015073894345,9.228070175438596,2.4305875750258568,0.5379926198616887,0.17295608962268083,0.06573681100447952,0.0,0.17295608962268083,-0.010996520656387343,0,0,0,1,0,0.0,0.32456140350877194,0.5415229379873134,0.4016465813494095,0.8767778366393316,0.6295047855204648,0.0,0.2807017543859649,0.10219132947874764
1607,110,96.49122807017544,114,0,114,0,0,0.0,7.4415395935277475,7.365151469288574,73.6729263691388,5.362367670900665,2.456875561165398,2.6658835971655823,9.228070175438596,2.4305875750258568,0.5365730740222951,0.0,0.0,0.0,0.0,0.0,0,0,0,0,0,0.0,0.32456140350877194,0.539001686925496,0.39641905930633176,0.876622953309337,0.6283929152279644,0.0,0.3157894736842105,0.10237621913569622
1608,112,98.24561403508773,114,0,112,2,0,0.0,7.500693308767933,7.422519356465113,75.7899075906733,5.3763592951502535,2.3669947605043795,2.6157914649018745,9.228070175438596,2.4305875750258568,0.53878568296078,0.13674927021349473,0.04200699912486755,0.0,0.13674927021349473,0.0031657265918068056,0,0,0,2,0,0.5,0.3333333333333333,0.5442777003176804,0.40170553143942894,0.8772307152066392,0.6321305372332422,0.0,0.3157894736842105,0.10284202705217456
1609,113,99.12280701754386,114,0,110,4,0,0.0,7.556685659209254,7.4807352515938215,75.92438426014182,5.391142831370238,2.394459323920075,2.6100375162168405,9.228070175438596,2.4305875750258568,0.5366755195068884,0.03630871267414057,0.042137676016317425,0.0,0.03630871267414057,0.00443819147216884,0,0,0,4,0,0.5,0.34210526315789475,0.5394312122729427,0.3975868145324226,0.8837973464646252,0.6303957286202406,0.0,0.3157894736842105,0.10330165220163737
1610,113,99.12280701754386,114,1,110,3,0,0.008771929824561403,7.579960632279777,7.508189873858418,78.68223365260198,5.406025586021947,2.38343564383307,2.6055780137831484,9.228070175438596,2.4305875750258568,0.5393314804617999,0.11223091351498994,0.044843482405864915,0.0,0.11223091351498994,0.0034308407437942945,0,1,0,3,0,0.5,0.34210526315789475,0.5479880882616908,0.3899802933030278,0.8856122109018832,0.6333589147162324,0.008771929824561403,0.2807017543859649,0.103598896259683
1611,113,99.12280701754386,114,0,112,2,0,0.0,7.50485474777813,7.432726423413735,73.41582160593975,5.419154539771906,2.3466830439120576,2.5548692667347566,9.228070175438596,2.4305875750258568,0.5365023330563932,0.029456353203596394,0.03453135637072062,0.0,0.029456353203596394,0.015165630701557742,0,0,0,2,0,0.5,0.35964912280701755,0.537236949307339,0.4143659278920608,0.8525248825575918,0.6288864559238397,0.0,0.3157894736842105,0.10338292219646346
1612,113,99.12280701754386,114,0,112,2,0,0.0,7.517997717712278,7.446377903812692,74.29756699243799,5.4322298317523945,2.352146543181745,2.562012170459849,9.228070175438596,2.4305875750258568,0.5376013696763533,0.1894989107513321,0.041430185604030875,0.0,0.1894989107513321,0.000608035848543409,0,0,0,2,0,0.5,0.3684210526315789,0.5384187731992579,0.41053858413364475,0.8731560687486074,0.6331517393307262,0.0,0.3508771929824561,0.10360754025727226
1613,113,99.12280701754386,114,0,112,2,0,0.0,7.576410853577878,7.504557259755275,76.73871509000269,5.446118597468023,2.2742506718977,2.5064062557597757,9.228070175438596,2.4305875750258568,0.5387362965927671,0.0007056094576994701,0.0434799780955403,0.0,0.0007056094576994701,-0.017410333552615898,0,0,0,2,0,1.0,0.3508771929824561,0.5419310359472954,0.4054486791561321,0.8704129484597573,0.6380965892689776,0.0,0.2807017543859649,0.1040683952435045
1614,111,97.36842105263158,114,2,109,3,0,0.017543859649122806,7.619014175892153,7.542812229230033,74.53470105434742,5.460550276269584,2.309095960763872,2.5083504069101705,9.228070175438596,2.4305875750258568,0.5349385055684805,0.3678593855229949,0.05259095680112852,0.4,0.06841391554952857,0.015444940649993289,0,2,0,3,0,0.4,0.34210526315789475,0.5303552452215439,0.4102990762707823,0.8829085078342227,0.6379359784352266,0.017543859649122806,0.3157894736842105,0.10445679915098507
1615,111,97.36842105263158,114,1,109,4,0,0.008771929824561403,7.646733237991758,7.561688531123085,76.93587461564952,5.475025769281297,2.2663585860437365,2.490503367530526,9.228070175438596,2.4305875750258568,0.5370475234285401,0.21135069418307212,0.04470083858070341,0.2,0.012681743768435819,0.009954628028988655,0,1,0,4,0,1.0,0.34210526315789475,0.5366007041595386,0.4052504614245101,0.8804044168393449,0.6388352435689322,0.008771929824561403,0.33333333333333337,0.10477131422876632
1616,111,97.36842105263158,114,1,108,5,0,0.008771929824561403,7.7757700589845635,7.680486641687886,83.41859335893785,5.491452801332145,2.1961450578249275,2.4506324427193866,9.228070175438596,2.4305875750258568,0.541120347277096,0.05023385242636569,0.02551724322227858,0.0,0.05023385242636569,0.025922572564660667,0,1,0,5,0,0.6666666666666666,0.3508771929824561,0.5488962022785594,0.40218729585802043,0.8854784810320109,0.6423345743367259,0.008771929824561403,0.29824561403508776,0.10561613503371706
1617,111,97.36842105263158,114,0,109,5,0,0.0,7.713112439910275,7.62023914984715,81.56883379402849,5.506151500625308,2.272380373781797,2.4983872799558404,9.228070175438596,2.4305875750258568,0.538717660477593,0.048244134231397715,0.01310977672613583,0.0,0.048244134231397715,0.03225058644469503,0,0,0,5,0,0.6,0.3508771929824561,0.5438138020926098,0.39804433608576917,0.8875505525840797,0.6405029037460214,0.0,0.33333333333333326,0.10548147931770063
1618,109,95.6140350877193,114,2,106,6,0,0.017543859649122806,7.65914357510562,7.579553238650909,79.32866445371943,5.519450978401761,2.3309506016714296,2.5390857955583956,9.228070175438596,2.4305875750258568,0.5368559795111241,0.1296477719984403,0.018850702809363535,0.125,0.1100628921952057,0.04847545759905353,0,2,0,6,0,0.625,0.34210526315789475,0.5395489601630717,0.40464791609855005,0.8813114125186285,0.6431476013470552,0.017543859649122806,0.3333333333333333,0.10537326272086625
1619,110,96.49122807017544,114,0,111,3,0,0.0,7.617955874829482,7.539399678805509,78.22188798103286,5.531897258170754,2.3770965900931476,2.569593039887209,9.228070175438596,2.4305875750258568,0.5364728581324787,0.002552722664173141,0.03548932998697054,0.0,0.002552722664173141,0.03090131461020314,0,0,0,3,0,1.0,0.3333333333333333,0.5381544166338531,0.3989729067217573,0.8811614276862598,0.6451691595229345,0.0,0.2982456140350877,0.1053185830842946
1620,111,97.36842105263158,114,0,110,4,0,0.0,7.640187193858236,7.560323114449347,82.75328071679266,5.544447870151751,2.3368976625216638,2.5655808273084126,9.228070175438596,2.4305875750258568,0.5408069446864632,0.0021750683372554524,0.03806810770593423,0.0,0.0021750683372554524,0.013889077093707236,0,0,0,4,0,1.0,0.3333333333333333,0.5516824149199194,0.39319432082219447,0.8789133312230417,0.6483231171999433,0.0,0.2982456140350877,0.10558226648713828
1621,112,98.24561403508773,114,0,108,6,0,0.0,7.605666493939328,7.526550437937665,82.34196550815092,5.556036728934111,2.3635228152643455,2.594229994441779,9.228070175438596,2.4305875750258568,0.5404199476670382,0.010101847665965056,0.03748741919308007,0.0,0.010101847665965056,0.012193533098095862,0,0,0,6,0,1.0,0.32456140350877194,0.5515096116024916,0.3899688842977538,0.8770906327315364,0.6496015546308812,0.0,0.3333333333333333,0.10555050166836942
1622,112,98.24561403508773,114,0,109,5,0,0.0,7.576607350704465,7.497163594965026,83.91015938497516,5.566772491991631,2.3014568362436014,2.5894859340997742,9.228070175438596,2.4305875750258568,0.5417646480271974,0.009346578726109995,0.039952316685363205,0.0,0.009346578726109995,-0.002545769889194549,0,0,0,5,0,1.0,0.32456140350877194,0.556464871459354,0.383014187696029,0.8795256394126447,0.6514770874864035,0.0,0.2982456140350877,0.10553567701367524
1623,114,100.0,114,0,113,1,0,0.0,7.460561800358994,7.382145032706184,80.21113464733227,5.575010811419601,2.3832946810338997,2.707939264175985,9.228070175438596,2.4305875750258568,0.5394792806522744,2.7950590750555992e-05,0.03661732643965647,0.0,2.7950590750555992e-05,-0.002197150129064074,0,0,1,0,0,1.0,0.34210526315789475,0.5507980062351071,0.3814009300772154,0.870819555076431,0.6493172944004921,0.0,0.2982456140350877,0.10505556904615149
1624,114,100.0,114,0,110,4,0,0.0,7.454814153838613,7.3777050782183355,78.56831912045304,5.5829625576934685,2.396269115581733,2.7005019108692156,9.228070175438596,2.4305875750258568,0.5372803223709384,0.00635982998772589,0.03196271457530469,0.0,0.00635982998772589,0.040205762484960994,0,0,0,4,0,1.0,0.3333333333333333,0.5447635529338414,0.38204426085356097,0.8715989062289484,0.647498655172684,0.0,0.2982456140350877,0.10512346789201468
1625,114,100.0,114,0,111,3,0,0.0,7.491946685092501,7.411712493453203,80.69575935944728,5.591382293817836,2.356646346180441,2.590945807704453,9.228070175438596,2.4305875750258568,0.5399238050857091,0.010209197833850376,0.030229448775380762,0.0,0.010209197833850376,0.05698044046795022,0,0,0,3,0,1.0,0.3508771929824561,0.5522575807612903,0.3816940968591307,0.87441933016687,0.64914086807385,0.0,0.2982456140350877,0.10541145507832854
1626,114,100.0,114,0,114,0,0,0.0,7.426146546478985,7.346653551443342,77.34534530881153,5.598332329233365,2.45364595470171,2.6141354570801987,9.228070175438596,2.4305875750258568,0.5376242673685243,0.0,0.0,0.0,0.0,0.0,0,0,0,0,0,0.0,0.3508771929824561,0.5463133878945082,0.37953784750001024,0.8633035538794996,0.6489473673041721,0.0,0.2982456140350877,0.10516691773389583
1627,114,100.0,114,0,114,0,0,0.0,7.486217356053581,7.405153140969194,81.19515888465307,5.6062509449551925,2.451486388274207,2.619119035456958,9.228070175438596,2.4305875750258568,0.5414561976366914,0.0,0.0,0.0,0.0,0.0,0,0,0,0,0,0.0,0.3508771929824561,0.5573006085490209,0.3852611210220651,0.8733629787555759,0.6477440292595218,0.0,0.2982456140350877,0.10556350622669321
1628,113,99.12280701754386,114,1,112,1,0,0.008771929824561403,7.4496765992630305,7.368141494262881,79.6320895509553,5.613292466316616,2.468707219029807,2.7033944392683513,9.228070175438596,2.4305875750258568,0.5407700089533929,0.5009433733144086,0.051647938102212465,0.5,0.000949543920913694,0.03540434731098263,0,1,1,0,0,1.0,0.35964912280701755,0.5550124439183739,0.37836715287609407,0.8806384952413633,0.651807341078207,0.008771929824561403,0.2982456140350877,0.10546637761439223
1629,113,99.12280701754386,114,0,113,1,0,0.0,7.474074621015836,7.392476137776255,80.739990761755,5.620600962273693,2.448090086261967,2.6571819734979787,9.228070175438596,2.4305875750258568,0.5402923772983339,0.0009459626563921328,0.04517823811382618,0.0,0.0009459626563921328,0.009203042902722558,0,0,0,1,0,1.0,0.39473684210526316,0.5554505841912776,0.37504340040265605,0.8765180314735267,0.6551939828155081,0.0,0.2982456140350877,0.10567718742048325
1630,113,99.12280701754386,114,0,112,2,0,0.0,7.4972391475276385,7.416373456559836,80.3061554856652,5.628196495045014,2.475329802483306,2.6806571227078306,9.228070175438596,2.4305875750258568,0.5393617709608021,0.003775929434696023,0.04160835987414598,0.0,0.003775929434696023,-0.00010284021705886381,0,0,0,2,0,1.0,0.3684210526315789,0.5517493465638242,0.3718672897029644,0.8806384952413633,0.6557281884820305,0.0,0.2982456140350877,0.10588531809094062
1631,113,99.12280701754386,114,0,112,2,0,0.0,7.571149388312519,7.488653890335363,81.59662308221787,5.637012883134555,2.46732522189576,2.6797314895062554,9.228070175438596,2.4305875750258568,0.5430471614900092,0.0003831523388846665,0.04502418324421863,0.0,0.0003831523388846665,-0.021279027990483756,0,0,0,2,0,1.0,0.37719298245614036,0.5577922372484886,0.38048808305243736,0.8792668143369107,0.6606873705250766,0.0,0.3333333333333333,0.10636201431160025
1632,113,99.12280701754386,114,0,113,1,0,0.0,7.673396497060803,7.588689869116749,84.10932994271809,5.647560150847278,2.379318135382383,2.6201483175072036,9.228070175438596,2.4305875750258568,0.5457560425579999,0.0010982109808043935,0.03724389142147096,0.0,0.0010982109808043935,-0.01640044306945798,0,0,0,1,0,1.0,0.3684210526315789,0.5615549795044662,0.3830688974725638,0.8806384952413633,0.664574015144412,0.0,0.2982456140350877,0.10700143014460675
1633,114,100.0,114,0,109,5,0,0.0,7.662809574086694,7.57843163488653,82.63318716835701,5.657651589688177,2.3492469582345072,2.5861676549895645,9.228070175438596,2.4305875750258568,0.5434506207049454,0.13377170702473595,0.041329664453351865,0.2,0.12421848952873468,0.029661747135299878,0,0,0,5,0,0.6,0.3508771929824561,0.5557057059961248,0.38731438618466935,0.8765180314735267,0.6641062934858474,0.0,0.2982456140350877,0.10707113615904032
1634,113,99.12280701754386,114,1,110,3,0,0.008771929824561403,7.70296771948003,7.612485154229753,85.07351537740816,5.668291351415779,2.3711545902188202,2.5805376038819112,9.228070175438596,2.4305875750258568,0.5460983375757478,0.21096970418970043,0.04642127592759047,0.25,0.054198627270751885,0.017985249716182428,0,1,0,3,0,0.75,0.3508771929824561,0.5630384748035988,0.3872315000415304,0.8753661968265748,0.6602404432244033,0.008771929824561403,0.3508771929824561,0.10740123124928873
1635,113,99.12280701754386,114,0,110,4,0,0.0,7.64310730214254,7.552216510409207,84.98417973365854,5.677369155024848,2.3970968231345307,2.5865029380824955,9.228070175438596,2.4305875750258568,0.5454356161899867,0.04631728271557638,0.04140829730163953,0.0,0.04631728271557638,0.01474811136479437,0,0,0,4,0,0.75,0.37719298245614036,0.5646074616032329,0.3861065121484817,0.8853716062755663,0.6590157727668913,0.0,0.3508771929824561,0.10721225114590492
1636,112,98.24561403508773,114,1,110,3,0,0.008771929824561403,7.5906217993850005,7.5012858195643375,82.61081726959402,5.685222378680304,2.4583842433465914,2.631432310060141,9.228070175438596,2.4305875750258568,0.5434190130836889,0.06274423800827048,0.0436729845660504,0.0,0.06274423800827048,0.019656318456526156,0,1,0,3,0,0.75,0.3684210526315789,0.5574873770162774,0.38442682705061226,0.8857129460721862,0.6532486970823693,0.008771929824561403,0.33333333333333337,0.10704526337132146
1637,112,98.24561403508773,114,0,111,3,0,0.0,7.665052205821755,7.575952085398248,85.99601285583014,5.694350189993592,2.4476573899942045,2.631354853156407,9.228070175438596,2.4305875750258568,0.5444706242811872,0.08954491954984083,0.04299216880874981,0.0,0.08954491954984083,0.023212278303132994,0,0,0,3,0,0.3333333333333333,0.3508771929824561,0.5624113592853277,0.38165179795339993,0.8686960322589447,0.6543723693055663,0.0,0.36842105263157887,0.10752834512733153
1638,112,98.24561403508773,114,0,111,3,0,0.0,7.768942535179602,7.679183619105824,89.34753573654191,5.705263448124672,2.442396162555927,2.6335463570685946,9.228070175438596,2.4305875750258568,0.5450907321144183,0.049905015829901145,0.03851073186196811,0.0,0.049905015829901145,0.03998449561811931,0,0,0,3,0,0.6666666666666666,0.35964912280701755,0.5653710737642192,0.3810518711506896,0.8858348282443333,0.6520626271528829,0.0,0.36842105263157887,0.10818042492220303
1639,113,99.12280701754386,114,0,111,3,0,0.0,7.774704822294176,7.685589477175816,93.2378117983519,5.716036009951847,2.391387689923626,2.621952962326429,9.228070175438596,2.4305875750258568,0.5462414755724383,0.060945314040793765,0.04767090791315396,0.0,0.060945314040793765,0.020002326020017797,0,0,0,3,0,0.3333333333333333,0.38596491228070173,0.5729331975760247,0.36855201625867307,0.8791031750755797,0.6521880731553178,0.0,0.36842105263157887,0.10834015463241756
1640,113,99.12280701754386,114,0,113,1,0,0.0,7.841842711071118,7.7528903782589245,98.95662299961873,5.727855381101422,2.361317572117494,2.6186730256496396,9.228070175438596,2.4305875750258568,0.5488724030719749,0.08728361357562664,0.048506666956451006,0.0,0.08728361357562664,0.06549846098916268,0,0,0,1,0,0.0,0.37719298245614036,0.5821182231726789,0.35886887251601807,0.860649112524864,0.6551039272236812,0.0,0.36842105263157887,0.10881948415960616
1641,114,100.0,114,0,114,0,0,0.0,7.786890445927242,7.699433387183168,96.5951188457625,5.738348016897934,2.378250127112558,2.628605864566656,9.228070175438596,2.4305875750258568,0.5455919353375793,0.0,0.0,0.0,0.0,0.0,0,0,0,0,0,0.0,0.38596491228070173,0.5745317911860928,0.35659348215818354,0.884687099762836,0.6504625303775629,0.0,0.368421052631579,0.10867223918486812
1642,114,100.0,114,0,114,0,0,0.0,7.76059217155241,7.67345752823848,96.81030164749038,5.748080527192473,2.455443870630431,2.6941339920250416,9.228070175438596,2.4305875750258568,0.5464650564117184,0.0,0.0,0.0,0.0,0.0,0,0,0,0,0,0.0,0.3684210526315789,0.5773930767907499,0.3506763979354129,0.8906551244075515,0.6513691612901186,0.0,0.36842105263157887,0.10865902640597255
1643,114,100.0,114,0,114,0,0,0.0,7.8293679998530505,7.740224473432866,103.42856736391106,5.758874743560345,2.375617753220886,2.6387650605039745,9.228070175438596,2.4305875750258568,0.550842828880469,0.0,0.0,0.0,0.0,0.0,0,0,0,0,0,0.0,0.37719298245614036,0.5907363578438214,0.3467095003575404,0.8881999662315592,0.6550398645503395,0.0,0.368421052631579,0.10913408698840522
1644,114,100.0,114,0,114,0,0,0.0,7.932141725007963,7.842880490945199,111.66926373104252,5.771402712571699,2.2806980198737725,2.6140133014133173,9.228070175438596,2.4305875750258568,0.5564197873895056,0.0,0.0,0.0,0.0,0.0,0,0,0,0,0,0.0,0.38596491228070173,0.6082899200210699,0.33637215873469084,0.870675544094052,0.6620024995477654,0.0,0.368421052631579,0.1098002072432763
1645,114,100.0,114,0,114,0,0,0.0,7.9533915488897176,7.862383597358714,109.25014557399055,5.7840054103898435,2.270670691619499,2.5655264834257996,9.228070175438596,2.4305875750258568,0.5531723842422658,0.0,0.0,0.0,0.0,0.0,0,0,0,0,0,0.0,0.38596491228070173,0.5983961113707666,0.3397635588828378,0.8807682465629605,0.6635055992066927,0.0,0.368421052631579,0.11005961616632802
1646,113,99.12280701754386,114,1,112,1,0,0.008771929824561403,8.006757892647187,7.898540636012221,113.34118331707548,5.797357301249335,2.2750913175794207,2.593465544410212,9.228070175438596,2.4305875750258568,0.5565979845367675,0.5000051147592673,0.05132603949308655,0.5,5.132521235240534e-06,0.013569163134279805,0,1,0,1,0,1.0,0.35964912280701755,0.6083837878808507,0.332095135701274,0.9062936057351674,0.6716470539471562,0.008771929824561403,0.3508771929824561,0.11048871258524627
1647,112,98.24561403508773,114,1,110,3,0,0.008771929824561403,7.98972573043897,7.919318268453123,108.55087318433648,5.809708598747996,2.3456807167226956,2.6596831140052317,9.228070175438596,2.4305875750258568,0.5554214596118323,0.2963820235578816,0.021242203415538695,0.25,0.07703929098788279,0.008730533041256927,1,0,0,3,0,0.25,0.3684210526315789,0.5999199879185532,0.35251491592863526,0.9002307370860845,0.6619349779046814,0.008771929824561403,0.3157894736842105,0.11055365632538364
1648,111,97.36842105263158,114,1,112,1,0,0.008771929824561403,8.053311075473786,7.994475143537267,113.53301359215142,5.823688868816868,2.339126651488598,2.6638762126483297,9.228070175438596,2.4305875750258568,0.5573248369548573,0.3192944834979722,0.057979299418695215,0.0,0.3192944834979722,0.08149894357322207,0,1,0,1,0,0.0,0.35964912280701755,0.6066201146511675,0.35460094714350926,0.8938077453863824,0.6594770693041025,0.008771929824561403,0.33333333333333337,0.11104148440418227
1649,111,97.36842105263158,114,0,112,2,0,0.0,8.157319028813747,8.09541818139207,120.28421168077011,5.83955199353388,2.23896556608786,2.6137976251924218,9.228070175438596,2.4305875750258568,0.5612970400491633,0.005681747764589585,0.0394938092875244,0.0,0.005681747764589585,0.04431441146134163,0,0,0,2,0,1.0,0.35964912280701755,0.6189370412378788,0.35130101224539195,0.9011278391047026,0.6653212763904506,0.0,0.3157894736842105,0.11175430774007335
1650,111,97.36842105263158,114,0,113,1,0,0.0,8.19733314415172,8.13682147385068,117.71465175914554,5.855834625738232,2.285217449277678,2.5925916110576397,9.228070175438596,2.4305875750258568,0.5586319270923685,0.019224878513196177,0.04189353766872527,0.0,0.019224878513196177,0.013870572026170258,0,0,0,1,0,1.0,0.34210526315789475,0.6099702833451665,0.34831558479262276,0.902660717904894,0.6621256671411364,0.0,0.3157894736842105,0.11215226013438628
1651,112,98.24561403508773,114,0,113,1,0,0.0,8.208617982853921,8.149848656148132,118.37321847629327,5.871974803966776,2.341097386460086,2.637033075689318,9.228070175438596,2.4305875750258568,0.5585004546249872,0.0020999361214028363,0.04200270424160357,0.0,0.0020999361214028363,-0.0014443758171251986,0,0,0,1,0,1.0,0.34210526315789475,0.6102440904356129,0.3477473279665803,0.9003606114370815,0.6631288924136687,0.0,0.3157894736842105,0.11240483491120229
1652,112,98.24561403508773,114,1,112,1,0,0.008771929824561403,8.139482103713334,8.085628627615314,112.97622368729535,5.886352302376998,2.4043218803182795,2.7203918593476923,9.228070175438596,2.4305875750258568,0.5560761287956328,0.49969556158965195,0.05581124481347438,0.5,0.02270896172780627,0.05357849922727631,0,1,0,1,0,1.0,0.34210526315789475,0.6019480593877518,0.34863525902091,0.8964598475316122,0.6680943682435566,0.008771929824561403,0.3157894736842105,0.11223388436047854
1653,113,99.12280701754386,114,0,113,1,0,0.0,8.087510728978513,8.031930336954565,109.11706376702546,5.899457835336975,2.4134606894393658,2.676568758327201,9.228070175438596,2.4305875750258568,0.5551813657278593,0.00019566010287721777,0.03174987841893868,0.0,0.00019566010287721777,0.014646083519470832,0,0,0,1,0,1.0,0.35964912280701755,0.5977516780415828,0.34899725980476276,0.9124936714589619,0.6711997101796614,0.0,0.3157894736842105,0.11213329821468751
1654,113,99.12280701754386,114,0,113,1,0,0.0,8.043204157372227,7.989144042431774,103.93836089362779,5.911412860154396,2.5235681500718603,2.742494906479389,9.228070175438596,2.4305875750258568,0.5514489556061495,0.00015870423124458226,0.05328065747269285,0.0,0.00015870423124458226,-0.03938069814171108,0,0,0,1,0,1.0,0.35964912280701755,0.5860266667214927,0.35753493663405833,0.9124936714589619,0.6609197997864146,0.0,0.3157894736842105,0.11205705403055782
1655,112,98.24561403508773,114,1,111,2,0,0.008771929824561403,7.928225239503747,7.8833204172086955,96.64355546749668,5.9209048385551,2.590274304083119,2.718790395138272,9.228070175438596,2.4305875750258568,0.5447285158357724,0.09558294113734898,0.043951323929991036,0.0,0.09558294113734898,0.021207667165551374,0,1,0,2,0,0.6666666666666666,0.35964912280701755,0.5689372012104793,0.3595477149367217,0.9102982246855501,0.6595355126551943,0.008771929824561403,0.33333333333333337,0.11159751486503125
1656,112,98.24561403508773,114,0,111,3,0,0.0,8.03114190260408,7.986385836830385,100.69871003461223,5.932284942694975,2.5803402299948672,2.7110114892197372,9.228070175438596,2.4305875750258568,0.5458639769012357,0.0026116482105324828,0.04177025403904983,0.0,0.0026116482105324828,-0.011202785799874881,0,0,0,3,0,1.0,0.3508771929824561,0.5724884664895857,0.35075211825356145,0.9157704316004628,0.662827999321236,0.0,0.33333333333333337,0.11225039987915732
1657,111,97.36842105263158,114,2,109,2,1,0.017543859649122806,8.064453421030954,7.9990448215116405,101.3098562678197,5.9439937788939945,2.6031518571996966,2.7136049743562305,9.228070175438596,2.4305875750258568,0.5456620612263166,0.32289786333225423,0.05382308311358169,0.2,0.1294926267924393,0.014966854107698957,0,3,0,2,0,0.6,0.3508771929824561,0.5727539173865989,0.3514140658869878,0.907262825673457,0.6587121646973758,0.017543859649122806,0.3157894736842105,0.11255925423020843
1658,111,97.36842105263158,114,0,110,4,0,0.0,7.939884648857548,7.875524575547568,93.255134821188,5.9526570220849795,2.716042049000962,2.7616863890176244,9.228070175438596,2.4305875750258568,0.5419680862282248,0.0032460023046182703,0.04702436116261131,0.0,0.0032460023046182703,-0.019757390442752654,0,0,0,4,0,1.0,0.3684210526315789,0.5603211431661076,0.3630907439693697,0.9074867748609997,0.6548283466044833,0.0,0.3157894736842105,0.11204169422563859
1659,111,97.36842105263158,114,0,111,3,0,0.0,8.00058327369117,7.935392682286253,95.38180437494131,5.962273814974408,2.647555754313961,2.730583701222145,9.228070175438596,2.4305875750258568,0.5454567890488011,0.008239275924220014,0.042328716259491694,0.0,0.008239275924220014,-0.02166431992195787,0,0,1,2,0,1.0,0.35964912280701755,0.5677436527168934,0.37094187940022366,0.9103784540764316,0.6567371790332255,0.0,0.33333333333333337,0.11246205963634989
1660,112,98.24561403508773,114,0,111,3,0,0.0,7.929898586012461,7.864605953531881,91.13124543267703,5.970280436543651,2.694455790475515,2.7490072877004526,9.228070175438596,2.4305875750258568,0.5415135736715198,0.007745201742696328,0.04287452160349763,0.0,0.007745201742696328,-0.03542641425504637,0,0,0,3,0,1.0,0.3508771929824561,0.5575022278035824,0.37863817080592443,0.910883575321889,0.6525035928280194,0.0,0.3157894736842105,0.11220594017247704
1661,111,97.36842105263158,114,1,110,3,0,0.008771929824561403,7.862302241990975,7.783467133615394,86.63039865835351,5.976808158257089,2.808492376241853,2.809085385191992,9.228070175438596,2.4305875750258568,0.5404389593059793,0.25713181811983066,0.04598728302685698,0.25,0.008452838030608598,-0.006965931921069646,0,1,0,3,0,1.0,0.3684210526315789,0.5504162544073904,0.3796350821093269,0.8981725443352299,0.6512214482511021,0.008771929824561403,0.3157894736842105,0.11194728944881917
1662,113,99.12280701754386,114,0,111,3,0,0.0,7.842939504349432,7.765085308695593,83.76971972623699,5.982526360742011,2.8547082913715935,2.8489183327034326,9.228070175438596,2.4305875750258568,0.5361985265161808,0.037168634653168664,0.03354044623532806,0.0,0.037168634653168664,0.00025791640165910107,0,0,0,3,0,0.6666666666666666,0.34210526315789475,0.5404646462591667,0.38449560875306227,0.9091304866147872,0.644829094521822,0.0,0.3157894736842105,0.1119199687201681
1663,113,99.12280701754386,114,0,111,3,0,0.0,7.944146395632785,7.864546977806774,86.52479304147558,5.9900395796848835,2.825323448607285,2.805862631459374,9.228070175438596,2.4305875750258568,0.5389193698537216,9.300678074107912e-05,0.032767022220712115,0.0,9.300678074107912e-05,-0.011331965650575334,0,0,0,3,0,1.0,0.35964912280701755,0.5458235659241032,0.38738135930216383,0.9098122696073836,0.6484129511710638,0.0,0.3157894736842105,0.11251731085963984
1664,113,99.12280701754386,114,0,112,2,0,0.0,7.970353647645276,7.890655068359075,86.33978350039531,5.997877847265679,2.872737892664391,2.8217193609773856,9.228070175438596,2.4305875750258568,0.5369160601414131,0.00041762984864632323,0.03248281249146998,0.0,0.00041762984864632323,-0.016210062340385578,0,0,0,2,0,1.0,0.3508771929824561,0.5428429975899085,0.3890798455490343,0.9239104965413559,0.6504870134092023,0.0,0.2807017543859649,0.11274360509866035
1665,112,98.24561403508773,114,1,111,2,0,0.008771929824561403,7.971401660993527,7.890252138267286,88.20818926404701,6.0055505366961786,2.871247266001478,2.856755459189028,9.228070175438596,2.4305875750258568,0.5376485068086574,0.08866858404168432,0.05049515605271351,0.0,0.08866858404168432,0.004198312468681594,0,1,0,2,0,0.6666666666666666,0.3684210526315789,0.5462262923015488,0.38007613969458737,0.9190162421330301,0.6543755496677315,0.008771929824561403,0.2807017543859649,0.11284209088338562
1666,113,99.12280701754386,114,0,110,4,0,0.0,8.124791666961507,8.041992665555293,97.57307249983825,6.015954511150125,2.7205993335919127,2.8243370901133713,9.228070175438596,2.4305875750258568,0.5429383164122448,0.00048087485536606,0.034129544511767806,0.0,0.00048087485536606,-0.0130870204288841,0,0,0,4,0,1.0,0.3333333333333333,0.5630275494685599,0.36820309801809364,0.9190361186486256,0.6597794495828414,0.0,0.24561403508771928,0.11373547976841876
1667,113,99.12280701754386,114,0,111,3,0,0.0,8.133936538833074,8.050574784188445,97.8748137856288,6.026272484621021,2.6790565891519478,2.780184062476385,9.228070175438596,2.4305875750258568,0.5432489296494327,0.0015644915934423258,0.0384392313108878,0.0,0.0015644915934423258,-0.018941143323309245,0,0,0,3,0,1.0,0.3508771929824561,0.5622862633683668,0.36434857915972063,0.9328054875417057,0.6600501061913294,0.0,0.2807017543859649,0.11390659781836562
1668,113,99.12280701754386,114,0,111,3,0,0.0,8.200026714642624,8.116164137493245,105.07024112607006,6.037615036048314,2.632214929982335,2.7493850267215,9.228070175438596,2.4305875750258568,0.547034740700848,0.03671226489673892,0.0374972644920614,0.0,0.03671226489673892,-0.005386187770703543,0,0,0,3,0,0.6666666666666666,0.35964912280701755,0.5761673219802524,0.34806574767893067,0.9328054875417057,0.6670888170834743,0.0,0.2807017543859649,0.11437489402025475
1669,112,98.24561403508773,114,1,110,3,0,0.008771929824561403,8.276308548238166,8.20950041449309,104.02688345153919,6.050150220281955,2.676438619804314,2.7237442459325925,9.228070175438596,2.4305875750258568,0.5476702322061247,0.07502525517010156,0.03958321701664973,0.0,0.07502525517010156,-0.007749972918007053,0,1,0,3,0,0.5,0.35964912280701755,0.5720751330754157,0.3572477408855159,0.9126649703677142,0.6642239270378952,0.008771929824561403,0.2807017543859649,0.11490864250347718
1670,112,98.24561403508773,114,1,111,2,0,0.008771929824561403,8.302075638669216,8.253027463818782,109.76676438389111,6.0632306459385426,2.6530701494844346,2.7342528938583253,9.228070175438596,2.4305875750258568,0.5512678916468248,0.13342526096971843,0.032319946078169896,0.0,0.13342526096971843,0.005550420534528773,0,1,0,2,0,0.6666666666666666,0.39473684210526316,0.5835855689371368,0.34243388463244356,0.9185582810844135,0.6674074292075867,0.008771929824561403,0.2807017543859649,0.11519644355601719
1671,111,97.36842105263158,114,1,108,5,0,0.008771929824561403,8.467074717317475,8.410530168079429,119.23797109655736,6.079496967910584,2.4637093070068197,2.6597322264300627,9.228070175438596,2.4305875750258568,0.5580764646512071,0.33989412377657496,0.05723375373513492,0.3333333333333333,0.15305907862969145,0.013180342955500338,0,1,0,5,0,0.6666666666666666,0.40350877192982454,0.602520760823735,0.34626701301292334,0.9157016718295905,0.6733732736446806,0.008771929824561403,0.3157894736842105,0.11621912254964156
1672,110,96.49122807017544,114,1,108,5,0,0.008771929824561403,8.4534721417754,8.391623336116913,115.69614904571813,6.09503136482232,2.5611315234879353,2.6981560023430777,9.228070175438596,2.4305875750258568,0.5532372258256828,0.2713584587300785,0.058331351880679096,0.16666666666666666,0.23181563824294607,0.02012457044626455,0,1,1,4,0,0.3333333333333333,0.41228070175438597,0.5905555669212159,0.34886651023401305,0.9152764784910177,0.6674044971520563,0.008771929824561403,0.2807017543859649,0.11633989823252712
1673,109,95.6140350877193,114,1,111,2,0,0.008771929824561403,8.458326564073237,8.421452805553983,117.34214477109572,6.110173091491468,2.5999686885615745,2.730940793464478,9.228070175438596,2.4305875750258568,0.5551575787046024,0.2829436067771964,0.05569383267919336,0.3333333333333333,0.18579285474268936,0.03184430191783413,0,1,0,2,0,0.3333333333333333,0.39473684210526316,0.5954712935159696,0.34674729400663695,0.9204443377441763,0.6680011200167464,0.008771929824561403,0.24561403508771928,0.11654818680754864
1674,109,95.6140350877193,114,1,111,2,0,0.008771929824561403,8.452503667751802,8.40164869801962,113.77282377889935,6.125261258445559,2.675831394006091,2.776774255141436,9.228070175438596,2.4305875750258568,0.5520958480672273,0.38213033089527865,0.0655989949299689,0.3333333333333333,0.15545265808089945,0.05621516274830688,0,1,0,2,0,0.0,0.37719298245614036,0.5863776097018171,0.3575379003245257,0.917096730206411,0.6593620854126061,0.008771929824561403,0.2807017543859649,0.1167024378815841
1675,110,96.49122807017544,114,0,111,3,0,0.0,8.552775004299058,8.499619382948504,117.16836896996391,6.141653973477058,2.6259624819990695,2.742777207562414,9.228070175438596,2.4305875750258568,0.5535403447734408,0.1568825820127915,0.05216879266913262,0.0,0.1568825820127915,0.02633163840508986,0,0,0,3,0,0.0,0.37719298245614036,0.5904789089626269,0.35927340729628987,0.9050802738397523,0.6625372134430245,0.0,0.3157894736842105,0.1174030142117029
1676,110,96.49122807017544,114,1,110,3,0,0.008771929824561403,8.533342257649437,8.503699473834848,112.805272331172,6.157267102767316,2.692713540283145,2.7689556971946545,9.228070175438596,2.4305875750258568,0.5517186120019022,0.30224483521762024,0.05267777112682484,0.25,0.2812974874587605,0.048374459890010435,0,1,0,3,0,0.0,0.37719298245614036,0.5825408165206004,0.373641453520776,0.9092080124552233,0.6564374960214967,0.008771929824561403,0.3157894736842105,0.11749559586875565
1677,109,95.6140350877193,114,2,111,1,0,0.017543859649122806,8.480299643294686,8.424318672091811,102.67019614463534,6.171932789319484,2.8186679495174145,2.806120500144683,9.228070175438596,2.4305875750258568,0.5456003099850943,0.34697783005930743,0.05432001323315524,0.3333333333333333,0.22610128226702905,0.06861114504595218,1,1,1,0,0,0.0,0.35964912280701755,0.5620239853419209,0.38720370599442844,0.9127885456291736,0.6460478000669272,0.017543859649122806,0.3157894736842105,0.11740861397454652
1678,110,96.49122807017544,114,0,112,2,0,0.0,8.459308957537015,8.404440571647255,100.23338371504353,6.185340388431251,2.8354314490494352,2.836846944468977,9.228070175438596,2.4305875750258568,0.5427861035926602,0.10281523985648754,0.036653057894377186,0.0,0.10281523985648754,0.06376232008805616,0,0,0,2,0,0.5,0.3684210526315789,0.5555369709116276,0.39725587663326295,0.9206885947140708,0.6402748626200782,0.0,0.3157894736842105,0.1174666022648181
1679,111,97.36842105263158,114,0,112,2,0,0.0,8.46689782419808,8.41416680738193,102.95367075034427,6.198611227846726,2.856907864199204,2.87236597418499,9.228070175438596,2.4305875750258568,0.5466195323385956,0.16881665127826764,0.04360833121258079,0.0,0.16881665127826764,0.05487864973038503,0,0,0,2,0,0.0,0.35964912280701755,0.5636030240428781,0.38847577611982365,0.9308337691389117,0.6437062988172118,0.0,0.2807017543859649,0.11766582628509051
1680,109,95.6140350877193,114,2,112,0,0,0.017543859649122806,8.457544210993094,8.40121030296818,99.89367961169184,6.211359153290203,2.899564337664518,2.856089690497649,9.228070175438596,2.4305875750258568,0.5452304387476679,0.5762637704859908,0.06358919281269543,0.5,0.1208365866903483,0.06617454119318134,1,1,0,0,0,0.5,0.37719298245614036,0.5578518076787189,0.3911714670643063,0.9270503167997317,0.642388800301639,0.017543859649122806,0.3157894736842105,0.11777398296501693
1681,110,96.49122807017544,114,0,113,1,0,0.0,8.498504789017382,8.440748279329618,102.67040224903137,6.224514452603376,2.8482139822135886,2.8007176315305227,9.228070175438596,2.4305875750258568,0.5472203658479715,0.0003035780791837897,0.05234143809082323,0.0,0.0003035780791837897,0.0038779457848616694,0,0,0,1,0,1.0,0.3684210526315789,0.563267335383494,0.3834944439883596,0.9151063325320732,0.6477440570839003,0.0,0.31578947368421056,0.11813866139042009
1682,112,98.24561403508773,114,0,114,0,0,0.0,8.55324042201159,8.491656821002705,108.57003750624034,6.238339902196811,2.7860664212491835,2.772337104349443,9.228070175438596,2.4305875750258568,0.5502746707311414,0.0,0.0,0.0,0.0,0.0,0,0,0,0,0,0.0,0.38596491228070173,0.5750196194133246,0.3743961838358354,0.9151789087207949,0.6519356531582555,0.0,0.3157894736842105,0.11858035938539589
1683,112,98.24561403508773,114,0,109,5,0,0.0,8.58545853811846,8.523668380289456,105.40699366004841,6.252451767316315,2.8164896662530605,2.7999724245374042,9.228070175438596,2.4305875750258568,0.5473352683328492,0.12473370041759543,0.053933619893049414,0.0,0.12473370041759543,0.03518125776533028,0,0,0,5,0,0.4,0.35964912280701755,0.565573454857449,0.38188175074790587,0.9205668512764282,0.6487829800617024,0.0,0.3157894736842105,0.11891295058602977
1684,112,98.24561403508773,114,0,114,0,0,0.0,8.519185541100113,8.459815646350744,98.18561636769864,6.264979033901676,2.9447781732139524,2.8754397946446058,9.228070175438596,2.4305875750258568,0.5396032953967611,0.0,0.0,0.0,0.0,0.0,0,0,0,0,0,0.0,0.3508771929824561,0.546023233509127,0.38608755380880416,0.9169431530374572,0.6385169938717254,0.0,0.3157894736842105,0.11873382869349512
1685,113,99.12280701754386,114,1,112,1,0,0.008771929824561403,8.488404619688263,8.419438909116653,94.27234507234316,6.276608583368677,2.991222865381713,2.902736851861636,9.228070175438596,2.4305875750258568,0.5361432129909336,0.4698965473738772,0.07034046158705587,0.5,0.03039275167764377,0.03639593107046091,0,1,0,1,0,0.5,0.3508771929824561,0.5361811920572525,0.39142842637134395,0.9218685544881712,0.6271330692380073,0.008771929824561403,0.29824561403508776,0.11872125727862406
1686,112,98.24561403508773,114,1,108,5,0,0.008771929824561403,8.455360813651804,8.408848109220427,93.86625200157738,6.2871575015248355,3.0005944192369114,2.904077426450013,9.228070175438596,2.4305875750258568,0.5378538312446315,0.22445080345707769,0.04367691495301199,0.16666666666666666,0.10286978241203752,0.05728478770191928,1,0,0,5,0,0.3333333333333333,0.35964912280701755,0.5382310064606052,0.38708258246793353,0.913724981755003,0.6328768942139359,0.008771929824561403,0.3157894736842105,0.1186842385954434
1687,110,96.49122807017544,114,2,108,4,0,0.017543859649122806,8.704024971344069,8.64026483038589,102.18428516820292,6.3026953928319855,2.8934402497286342,2.8109427743365196,9.228070175438596,2.4305875750258568,0.544346788990755,0.20676334241804137,0.05273159788223584,0.16666666666666666,0.04181370133383319,0.05182406831429583,0,2,0,4,0,0.8333333333333334,0.37719298245614036,0.5518900257006918,0.3918746252759061,0.9239246012618799,0.6416177086756855,0.017543859649122806,0.2982456140350877,0.12011639041167102
1688,109,95.6140350877193,114,1,112,1,0,0.008771929824561403,8.592493915001613,8.524727013401098,94.49236514429931,6.315433734661724,3.02519538749875,2.877086582129428,9.228070175438596,2.4305875750258568,0.5397739808037929,0.49456384265408415,0.07498334111698568,0.5,0.01090577480752853,0.021808557866046963,0,1,0,1,0,1.0,0.3684210526315789,0.53697516888972,0.3976311577443671,0.9347385499315256,0.6397672272720643,0.008771929824561403,0.29824561403508776,0.11971354340684773
1689,109,95.6140350877193,114,0,112,2,0,0.0,8.678233731594329,8.604982057796919,99.57845964544636,6.329252886782056,2.9891433360235014,2.8396465185205417,9.228070175438596,2.4305875750258568,0.5437333702168263,0.028599920199176457,0.054386044594454105,0.0,0.028599920199176457,0.007099707215780571,0,0,0,2,0,0.5,0.35964912280701755,0.5479637375059299,0.4023974834770752,0.9240383071699251,0.6412810795333389,0.0,0.3157894736842105,0.12031018578701665
1690,109,95.6140350877193,114,1,110,3,0,0.008771929824561403,8.69508158935097,8.636509869101404,103.0809764165786,6.343049189314148,3.0024282763679038,2.8468293947632928,9.228070175438596,2.4305875750258568,0.5451853250428631,0.11975129704638227,0.053158796813660786,0.0,0.11975129704638227,0.03120993616318024,0,1,0,3,0,0.5,0.3508771929824561,0.5534242625899042,0.39615939991246224,0.9205139616033082,0.6385363102890558,0.008771929824561403,0.26315789473684215,0.12056209068337886
1691,110,96.49122807017544,114,0,109,5,0,0.0,8.673092757313446,8.615511654156053,97.41722221672528,6.356401868473557,3.093429383651644,2.8769167464494334,9.228070175438596,2.4305875750258568,0.5403108559463814,0.028681819828526623,0.04577722631132179,0.0,0.028681819828526623,0.01930614906009844,0,0,0,5,0,0.8,0.3508771929824561,0.5385182568845395,0.39698587319602596,0.91822669059965,0.6368995731727689,0.0,0.26315789473684215,0.12061442080348207
1692,112,98.24561403508773,114,0,107,7,0,0.0,8.723607709799294,8.668294899899033,96.26057511085631,6.370456353482564,3.0559522602954696,2.8239104409374254,9.228070175438596,2.4305875750258568,0.53836971913009,0.1766837125427449,0.048484683203698316,0.0,0.1766837125427449,0.057221516509928225,0,0,0,7,0,0.2857142857142857,0.3684210526315789,0.5323197301481505,0.3918697364059078,0.92803261692435,0.6412739373058073,0.0,0.2807017543859649,0.12103779884909271
1693,111,97.36842105263158,114,2,106,6,0,0.017543859649122806,8.746112870679974,8.708032408004089,95.27050514053762,6.384588734500897,3.0544193649250873,2.8405476782957746,9.228070175438596,2.4305875750258568,0.5378858686372845,0.3798459999407019,0.05266548220783475,0.375,0.08318843185050898,0.046422012024397774,0,2,0,6,0,0.625,0.3508771929824561,0.529781468174418,0.3952375897447506,0.9058098473620202,0.6467035803650419,0.017543859649122806,0.3157894736842105,0.12132207460203956
1694,111,97.36842105263158,114,0,111,3,0,0.0,8.844531214498453,8.802741866413019,104.82682405741086,6.400572394056926,3.063770806787927,2.84849909365984,9.228070175438596,2.4305875750258568,0.543946619903646,0.31406751332798416,0.056878766804015136,0.3333333333333333,0.14625688752765678,0.030558350441710996,0,0,0,3,0,0.3333333333333333,0.34210526315789475,0.5462813636476507,0.3719032805697806,0.92098597920094,0.6576912937746677,0.0,0.29824561403508776,0.12200841474273359
1695,110,96.49122807017544,114,2,110,2,0,0.017543859649122806,8.819717480697276,8.766523795111045,103.53212905587945,6.415705582808418,3.1277690326707828,2.8808785667481036,9.228070175438596,2.4305875750258568,0.5411534191262084,0.4310559084343009,0.0548506191472641,0.5,0.3150039369500293,0.07293479762654087,1,1,0,2,0,0.25,0.32456140350877194,0.5406124798771227,0.36500094719701265,0.9225206626045883,0.6460705141937869,0.017543859649122806,0.2807017543859649,0.1220682587764772
1696,110,96.49122807017544,114,0,112,2,0,0.0,8.862010355012632,8.808920376683039,105.81832142441417,6.4310530593981,3.1616608976519185,2.888120073694037,9.228070175438596,2.4305875750258568,0.5420788561391725,0.10446549874322904,0.054078143190520844,0.0,0.10446549874322904,0.028292813030310615,0,0,0,2,0,0.5,0.34210526315789475,0.5424295010389216,0.35059498996905475,0.9225206626045883,0.6499250839283593,0.0,0.2807017543859649,0.12246624007758838
1697,110,96.49122807017544,114,0,111,3,0,0.0,8.888815684756803,8.83451632345676,105.71396266228787,6.446525207650306,3.195758209198537,2.856010127109792,9.228070175438596,2.4305875750258568,0.5420585682157981,0.08849823280466339,0.053097177683206605,0.0,0.08849823280466339,0.03603482283189378,0,0,0,3,0,0.3333333333333333,0.35964912280701755,0.5408860877066728,0.3459010757730612,0.9225206626045883,0.6535054742765559,0.0,0.2807017543859649,0.1227882987828131
1698,112,98.24561403508773,114,0,112,2,0,0.0,8.988535512743939,8.931656151283772,110.27668661334586,6.463510146657957,3.181152303270255,2.8512589057308038,9.228070175438596,2.4305875750258568,0.5446651178757067,0.10502116215229297,0.04381351019487545,0.0,0.10502116215229297,0.0736057082988375,0,0,0,2,0,0.5,0.3508771929824561,0.5486021280551681,0.3395647475389036,0.9139083729805156,0.6580979310774863,0.0,0.2807017543859649,0.12349331483132162
1699,112,98.24561403508773,114,0,110,4,0,0.0,8.951982759342208,8.897296456813878,107.52899710925814,6.47941413787678,3.238325025922691,2.869419240841507,9.228070175438596,2.4305875750258568,0.5434165867749823,0.22472336619138925,0.05925811721664378,0.25,0.19080924733094787,0.0305171959248407,0,0,0,4,0,0.25,0.3684210526315789,0.5442979147082969,0.33965809695894883,0.9175990000569776,0.6601326049008297,0.0,0.3157894736842105,0.12350383128156192
1700,113,99.12280701754386,114,1,111,2,0,0.008771929824561403,8.865529480291038,8.815096339724022,104.5033393625691,6.493308683537739,3.3307239246551767,2.826266610915882,9.228070175438596,2.4305875750258568,0.5396857563377626,0.2615486721965316,0.05169690377853542,0.0,0.2615486721965316,0.06338278176599177,0,1,0,2,0,0.0,0.35964912280701755,0.535986963240647,0.3367422016250512,0.9118483603343487,0.6583232902675763,0.008771929824561403,0.2807017543859649,0.12324042443652684
1701,113,99.12280701754386,114,0,113,1,0,0.0,8.920502192643664,8.87133333620463,105.11450823799629,6.507983550114728,3.285645787032013,2.832866690378547,9.228070175438596,2.4305875750258568,0.5406676857141883,0.009570122677209003,0.05977507759827072,0.0,0.009570122677209003,0.009395909254366952,0,0,0,1,0,1.0,0.3508771929824561,0.5362879694124306,0.3521244741243694,0.918278809509682,0.6556038517562076,0.0,0.2807017543859649,0.12369363074012593
1702,113,99.12280701754386,114,0,113,1,0,0.0,8.947980602251636,8.900162042049486,107.7662593499675,6.5228622967618906,3.250977800434144,2.8243501396606083,9.228070175438596,2.4305875750258568,0.5396320925256808,0.08608949155688134,0.06158357978339807,0.0,0.08608949155688134,0.021434355967534735,0,0,0,1,0,0.0,0.34210526315789475,0.5373409001654446,0.3420749855619741,0.9258864891020785,0.6599633019329849,0.0,0.2807017543859649,0.12401184327182854
1703,113,99.12280701754386,114,0,113,1,0,0.0,8.921631134033845,8.876221372199433,105.52958785796942,6.536913883284326,3.229997301230311,2.7505177372238587,9.228070175438596,2.4305875750258568,0.5392351741967669,0.14806677348672143,0.04811147105061381,0.0,0.14806677348672143,0.048758972946452594,0,0,0,1,0,0.0,0.3508771929824561,0.5352532905921761,0.35207320094270317,0.9182156724937229,0.6591191543479181,0.0,0.2807017543859649,0.12405086398879375
1704,112,98.24561403508773,114,1,112,1,0,0.008771929824561403,9.013437453797883,8.969406856483921,106.3414950084626,6.552409231886588,3.2322363824737868,2.7897442016737832,9.228070175438596,2.4305875750258568,0.5383801135511324,0.07381268014678824,0.058667329808295636,0.0,0.07381268014678824,0.019194804816505595,0,1,0,1,0,0.0,0.3333333333333333,0.5313248342116297,0.35369012306770253,0.916538395675866,0.6568659525629954,0.008771929824561403,0.2982456140350877,0.12469820959653072
1705,113,99.12280701754386,114,0,113,1,0,0.0,9.067424787274133,9.022326009766594,103.85037718684295,6.568583615208877,3.2093796166008914,2.7293054993822548,9.228070175438596,2.4305875750258568,0.5427195817857269,0.024778759945205484,0.05478399521627865,0.0,0.024778759945205484,0.019921000109227815,0,0,1,0,0,1.0,0.35964912280701755,0.5335939783541945,0.3715625821972396,0.9072870523036134,0.6605825247833554,0.0,0.2982456140350877,0.12516471253959627
1706,113,99.12280701754386,114,0,112,2,0,0.0,9.040954129027925,8.997049470325477,102.84298732821577,6.583873371238154,3.254396626746332,2.747047510250577,9.228070175438596,2.4305875750258568,0.540447181076058,0.016019379874368522,0.060531998562391845,0.0,0.016019379874368522,0.02271948929814327,0,0,0,2,0,1.0,0.34210526315789475,0.5294934212922394,0.36461148415366024,0.9072870523036134,0.6618201317147381,0.0,0.2982456140350877,0.12521817470351493
1707,112,98.24561403508773,114,1,113,0,0,0.008771929824561403,9.07783765149152,9.051107653517539,105.88613177094189,6.599495256184318,3.257431601998358,2.7959843147374217,9.228070175438596,2.4305875750258568,0.5414309658582075,0.2579295674845915,0.052550059710169295,0.0,0.2579295674845915,0.034300805037351445,0,1,0,0,0,0.0,0.3508771929824561,0.5335010955710273,0.3702545885406307,0.905221728345632,0.6600611660470366,0.008771929824561403,0.3157894736842105,0.12559244411307605
1708,111,97.36842105263158,114,1,111,2,0,0.008771929824561403,9.140148892002927,9.114893209889933,109.05050549820656,6.616305073579655,3.25247587752557,2.807218379962223,9.228070175438596,2.4305875750258568,0.5428444129855612,0.43427180430085216,0.055523872900851014,0.3333333333333333,0.10993691854432223,0.06684871128799541,0,1,0,2,0,0.3333333333333333,0.34210526315789475,0.5370903103274178,0.3643661979203254,0.9221914752220877,0.6651722981570882,0.008771929824561403,0.29824561403508765,0.12610828898213086
1709,112,98.24561403508773,114,0,112,2,0,0.0,9.198049453615091,9.172540262654916,109.48991774807386,6.633847283686089,3.241197060098589,2.8124293734979764,9.228070175438596,2.4305875750258568,0.5422640373747376,0.15036831691495828,0.055511510455918754,0.0,0.15036831691495828,0.040989780538372544,0,0,0,2,0,0.0,0.3333333333333333,0.5346458339385983,0.3712661897030148,0.9141488608144257,0.6593821851049015,0.0,0.29824561403508765,0.12661098117980765
1710,112,98.24561403508773,114,0,111,3,0,0.0,9.381972701004592,9.356969074108468,120.82536309367782,6.654549278034059,3.086526174109187,2.727005135355674,9.228070175438596,2.4305875750258568,0.550209166818763,0.23259201520808173,0.04583681332833153,0.0,0.23259201520808173,0.09167564918279976,0,0,0,3,0,0.0,0.32456140350877194,0.5546847850859723,0.3633759645356819,0.9045154657734922,0.6691683679087714,0.0,0.29824561403508765,0.12778218746795733
1711,112,98.24561403508773,114,0,110,4,0,0.0,9.377973265993393,9.351520837277052,122.32577271120326,6.674642152945638,3.0846889778101945,2.6988121936804657,9.228070175438596,2.4305875750258568,0.5504837965491782,0.10118500757763713,0.04107310591536394,0.0,0.10118500757763713,0.07719703692422969,0,0,0,4,0,0.25,0.3157894736842105,0.5573134051173989,0.36005688602293395,0.8996002133562737,0.6685446479399568,0.0,0.26315789473684215,0.12800637775343449
1712,112,98.24561403508773,114,1,110,3,0,0.008771929824561403,9.472006817549447,9.427545129277517,124.40883289970017,6.696049382507713,3.091559068099112,2.6913118081501417,9.228070175438596,2.4305875750258568,0.5516177532318396,0.40713682004894547,0.05548841212581118,0.25,0.17949258092771597,0.07120072594799493,0,1,0,3,0,0.25,0.3333333333333333,0.5590663672866111,0.36002905666314544,0.897640839201461,0.678695662460231,0.008771929824561403,0.2807017543859649,0.12873670624216127
1713,111,97.36842105263158,114,2,112,0,0,0.017543859649122806,9.460589698563323,9.406706425551828,122.48696502240928,6.716416519534161,3.230343307503393,2.7864309858177982,9.228070175438596,2.4305875750258568,0.5516669838004984,0.778414679162201,0.06344702285269016,1.0,0.22158532083779903,0.08522683795174335,0,2,0,0,0,0.0,0.34210526315789475,0.5571190194234706,0.3600678367769019,0.8962805046240829,0.6703830015454535,0.017543859649122806,0.2807017543859649,0.12892714119820733
1714,111,97.36842105263158,114,0,114,0,0,0.0,9.4563870386835,9.40168394822091,126.41241359204834,6.735981063634307,3.2449212263935805,2.8160096689173315,9.228070175438596,2.4305875750258568,0.5533697891016267,0.0,0.0,0.0,0.0,0.0,0,0,0,0,0,0.0,0.34210526315789475,0.5643288605204259,0.35193506635055294,0.8962805046240829,0.6708685237978075,0.0,0.2807017543859649,0.1291438945878125
1715,111,97.36842105263158,114,0,114,0,0,0.0,9.50908766576927,9.45355558973162,130.6203126490993,6.756078702895259,3.134620696989515,2.756923453463887,9.228070175438596,2.4305875750258568,0.5550118714661394,0.0,0.0,0.0,0.0,0.0,0,0,0,0,0,0.0,0.3508771929824561,0.5709300734464092,0.3412770622594514,0.8872500821337415,0.6763664657222908,0.0,0.2807017543859649,0.12965164308461646
1716,111,97.36842105263158,114,0,114,0,0,0.0,9.5598001961171,9.5067773142574,130.88985582533795,6.776722731932293,3.11937370968388,2.7243953039662205,9.228070175438596,2.4305875750258568,0.5537565752498628,0.0,0.0,0.0,0.0,0.0,0,0,0,0,0,0.0,0.3508771929824561,0.5670720644730358,0.3371359715194337,0.8918442566902609,0.6796011138367019,0.0,0.3157894736842105,0.13015609133873507
1717,112,98.24561403508773,114,0,112,2,0,0.0,9.538739028780824,9.485496366337113,131.1820358078532,6.79645118810377,3.116551829873638,2.7534460785771273,9.228070175438596,2.4305875750258568,0.5523418490247625,0.04040379094684508,0.04642649588757872,0.0,0.04040379094684508,0.035481205255445625,0,0,0,2,0,0.5,0.3508771929824561,0.5655278450053364,0.3411121919988906,0.8821686961631167,0.6757580519228359,0.0,0.3157894736842105,0.13029054420427785
1718,114,100.0,114,0,113,1,0,0.0,9.517912094075099,9.46403984770638,132.24581183621495,6.815282911290101,3.1174284243337986,2.747563348459018,9.228070175438596,2.4305875750258568,0.5538395364496496,0.3278280301848311,0.04576277481740289,0.0,0.3278280301848311,0.054421995267289525,0,0,0,1,0,0.0,0.3508771929824561,0.5690454324653472,0.3329756706214522,0.8821680861021193,0.6810326464024477,0.0,0.3157894736842105,0.13041527029271432
1719,114,100.0,114,0,113,1,0,0.0,9.520430282513837,9.467161287634067,128.9347493066725,6.833717608417335,3.115153210764374,2.770553894396792,9.228070175438596,2.4305875750258568,0.551872542311135,0.3424926162372146,0.04714960760005059,0.0,0.3424926162372146,0.03815756240530632,0,0,0,1,0,0.0,0.35964912280701755,0.5618399709733157,0.3319766933682987,0.8931461352804037,0.6833132307707322,0.0,0.3157894736842105,0.13065189696384213
1720,113,99.12280701754386,114,1,109,4,0,0.008771929824561403,9.687498881597113,9.619453087579824,142.56080078173102,6.854885354510747,2.987340505207096,2.7044452567785977,9.228070175438596,2.4305875750258568,0.5589456881421422,0.4779677538267412,0.06538483682888988,0.4,0.17041665276644838,0.06560486215427144,0,1,0,4,0,0.4,0.3684210526315789,0.5827169597685345,0.32483570765699676,0.9038073287951712,0.6891509856168159,0.008771929824561403,0.3157894736842105,0.13174449026248825
1721,112,98.24561403508773,114,1,111,2,0,0.008771929824561403,9.71536216119703,9.67356001230189,145.42643396631715,6.875836422391229,2.9886110387812233,2.6793911817470812,9.228070175438596,2.4305875750258568,0.5605463819713887,0.24261729065399165,0.06054714005380127,0.0,0.24261729065399165,0.043315637669416006,0,1,0,2,0,0.3333333333333333,0.35964912280701755,0.5871968268747364,0.32037341279114506,0.9135576760211603,0.6976217478756288,0.008771929824561403,0.2982456140350877,0.13213842368685697
1722,112,98.24561403508773,114,0,113,1,0,0.0,9.745765480489107,9.704855862800505,148.28823226288497,6.897421213249803,3.0606287321581203,2.754081405598948,9.228070175438596,2.4305875750258568,0.5622229293989687,0.06052427976179996,0.07245361189410321,0.0,0.06052427976179996,0.0491574089794895,0,0,0,1,0,0.0,0.3684210526315789,0.5911975967963713,0.32084498464828237,0.9183384540992765,0.6960436852117571,0.0,0.3333333333333333,0.13255275890566925
1723,111,97.36842105263158,114,1,113,0,0,0.008771929824561403,9.759127826235229,9.72050333816677,146.81650558774072,6.91874217376785,3.1837859101894592,2.8897764855264416,9.228070175438596,2.4305875750258568,0.5610852277294569,0.05593457789061426,0.06794926310009045,0.0,0.05593457789061426,0.05699914150916996,0,1,0,0,0,0.0,0.3508771929824561,0.5874958143091554,0.3241904916716688,0.9116549877313579,0.6814103577736343,0.008771929824561403,0.29824561403508765,0.13287868294301378
1724,110,96.49122807017544,114,1,113,0,0,0.008771929824561403,9.714886088279819,9.655591494569823,143.65243422275293,6.938706386957571,3.230621288995158,2.907113694850443,9.228070175438596,2.4305875750258568,0.5591448216305681,0.8912729364953422,0.051499565642459964,1.0,0.10872706350465777,0.22005894209376842,0,1,0,0,0,0.0,0.3684210526315789,0.5834918018489669,0.319985715230123,0.8922816142692094,0.6823087067421905,0.008771929824561403,0.3508771929824561,0.13290009809585723
1725,111,97.36842105263158,114,0,113,1,0,0.0,9.726508898305555,9.665511965991005,144.49239844663205,6.9579980379750666,3.238048286855766,2.9061046231720726,9.228070175438596,2.4305875750258568,0.5605127785927588,0.24612570548064416,0.06025981564848381,0.0,0.24612570548064416,0.08922535731628622,0,0,0,1,0,0.0,0.37719298245614036,0.58623283438764,0.32916402455451454,0.8797202354504399,0.6827141880276892,0.0,0.3508771929824561,0.1331926623823102
1726,112,98.24561403508773,114,0,114,0,0,0.0,9.687965481974523,9.626901397624028,142.8798665217788,6.976070017578014,3.2410084904160232,2.921182665458296,9.228070175438596,2.4305875750258568,0.5609240510583722,0.0,0.0,0.0,0.0,0.0,0,0,0,0,0,0.0,0.3684210526315789,0.5875853803134138,0.32418574614705425,0.8784963730597265,0.6893731725498039,0.0,0.3508771929824561,0.13321957294605025
1727,111,97.36842105263158,114,1,113,0,0,0.008771929824561403,9.69599971715221,9.634662645057533,147.05318850580423,6.9938054980458295,3.200626304180408,2.91595442097367,9.228070175438596,2.4305875750258568,0.5628814525782002,0.45045951481243063,0.04423688835399267,0.0,0.45045951481243063,0.09831905861950441,0,1,0,0,0,0.0,0.37719298245614036,0.5947842948847565,0.3165493757345339,0.89445253479062,0.6867916319207347,0.008771929824561403,0.3333333333333333,0.13347528231424965
1728,112,98.24561403508773,114,0,113,1,0,0.0,9.746562354600318,9.685417559099479,151.469594278835,7.012144975213528,3.1666548916130997,2.888186865374426,9.228070175438596,2.4305875750258568,0.5640051538597064,0.16044391225170923,0.05772763789685348,0.0,0.16044391225170923,0.0316407865248749,0,0,0,1,0,0.0,0.38596491228070173,0.5994606256553198,0.309490565716534,0.9005754246322163,0.6929624752719068,0.0,0.29824561403508765,0.13395097402817158
1729,112,98.24561403508773,114,1,112,1,0,0.008771929824561403,9.658978277369059,9.647566332864088,149.14696025684617,7.028309933984577,3.3081086457769864,2.9899694028144572,9.228070175438596,2.4305875750258568,0.5626348117710145,0.5443255231664669,0.07353160786898949,0.5,0.1137668919199385,0.07746927815268356,0,1,0,1,0,0.0,0.40350877192982454,0.5959778584870701,0.30906660724286195,0.9094692626273885,0.690151405605942,0.008771929824561403,0.29824561403508765,0.13370950538171386
1730,110,96.49122807017544,114,2,111,0,1,0.017543859649122806,9.742353289565065,9.705731501974267,153.49853523621093,7.04661938362952,3.378572773873907,3.0609072199079317,9.228070175438596,2.4305875750258568,0.5626545186177327,0.949428872418317,0.09492348353071807,1.0,0.05057112758168295,0.06924066302950305,0,3,0,0,0,0.6666666666666666,0.37719298245614036,0.5986796785470314,0.31336069595220245,0.9237515875690516,0.69098644930048,0.017543859649122806,0.2982456140350877,0.13434889404675668
1731,109,95.6140350877193,114,1,113,0,0,0.008771929824561403,9.759264644114008,9.70682410934787,153.04553372757553,7.064410045077521,3.443424423269237,3.1001821357552197,9.228070175438596,2.4305875750258568,0.5631302653887884,0.9998767031871221,0.11746133235193762,1.0,0.0001232968128779266,0.1309078493828819,1,0,0,0,0,1.0,0.38596491228070173,0.5991874216860734,0.32131718653025926,0.9185283496051504,0.6913853468672065,0.008771929824561403,0.3157894736842105,0.13464965962283643
1732,110,96.49122807017544,114,0,114,0,0,0.0,9.83926090272519,9.787210514334182,158.53368037970657,7.083012750435413,3.3858076026321227,3.019158163088906,9.228070175438596,2.4305875750258568,0.5653059209911013,0.0,0.0,0.0,0.0,0.0,0,0,0,0,0,0.0,0.37719298245614036,0.6052247413227549,0.3139674370905877,0.9191930902940624,0.6934222429230897,0.0,0.3157894736842105,0.13527571843841613
1733,110,96.49122807017544,114,0,114,0,0,0.0,9.814262450053814,9.76323568879355,155.95630315765405,7.100697117443676,3.3953605416393855,3.08262416007231,9.228070175438596,2.4305875750258568,0.5634733069557973,0.0,0.0,0.0,0.0,0.0,0,0,0,0,0,0.0,0.37719298245614036,0.6014193306096203,0.32291732699229286,0.9199009343789354,0.6902161299492239,0.0,0.3508771929824561,0.13536564318867164
1734,111,97.36842105263158,114,0,114,0,0,0.0,9.648808028977518,9.599548910613267,145.4207633674489,7.11476881003079,3.4323949224127115,3.0584918404144847,9.228070175438596,2.4305875750258568,0.5576456262558607,0.0,0.0,0.0,0.0,0.0,0,0,0,0,0,0.0,0.40350877192982454,0.5872982549898864,0.3293505213203965,0.9221431046006147,0.6856419036228528,0.0,0.3157894736842105,0.13470938348909928
1735,113,99.12280701754386,114,0,114,0,0,0.0,9.510858363821866,9.46243293825181,130.1447796092451,7.125832298776208,3.5789347444469275,3.1304578684387874,9.228070175438596,2.4305875750258568,0.5491801680297164,0.0,0.0,0.0,0.0,0.0,0,0,0,0,0,0.0,0.3684210526315789,0.5636267748983176,0.35503375534803316,0.9226533985453418,0.6703035266597979,0.0,0.3157894736842105,0.13415408905472628
1736,114,100.0,114,0,114,0,0,0.0,9.436919118821159,9.386294811491346,124.71338503224803,7.135146396659697,3.570374420798823,3.186481035369022,9.228070175438596,2.4305875750258568,0.5472481960275228,0.0,0.0,0.0,0.0,0.0,0,0,0,0,0,0.0,0.35964912280701755,0.5587335484534334,0.3764406046703918,0.9154773227923012,0.65953565907893,0.0,0.3508771929824561,0.13389758648266367
1737,114,100.0,114,0,114,0,0,0.0,9.424907240103321,9.376718760953331,122.04669961128988,7.144047903801662,3.660001122915798,3.240493004548318,9.228070175438596,2.4305875750258568,0.5440670109674386,0.0,0.0,0.0,0.0,0.0,0,0,0,0,0,0.0,0.3684210526315789,0.5499671098060863,0.37684402887858487,0.9111431176843627,0.6556388536535421,0.0,0.38596491228070173,0.1339457065523658
1738,114,100.0,114,0,114,0,0,0.0,9.431225665071874,9.382289332034858,122.83430328879365,7.1528413701038955,3.6082263743789706,3.1901609506060584,9.228070175438596,2.4305875750258568,0.5447725933704874,0.0,0.0,0.0,0.0,0.0,0,0,0,0,0,0.0,0.35964912280701755,0.551206282478624,0.38013707863688906,0.9115663668516355,0.653822378458378,0.0,0.3508771929824561,0.13408416512688665
1739,114,100.0,114,0,114,0,0,0.0,9.429018745882695,9.379321995598383,120.84807236732972,7.1613634045381875,3.6513454325041574,3.2168533859097526,9.228070175438596,2.4305875750258568,0.5430093755579526,0.0,0.0,0.0,0.0,0.0,0,0,0,0,0,0.0,0.3508771929824561,0.5463136209076923,0.3818544111537387,0.9121710863862191,0.6527820911720741,0.0,0.3157894736842105,0.1341766982859904
1740,113,99.12280701754386,114,1,111,2,0,0.008771929824561403,9.57452576418827,9.507809929305376,126.78284693396789,7.172463785246952,3.539296496527169,3.1452997129408304,9.228070175438596,2.4305875750258568,0.5455351937002133,0.6373717054299326,0.09019044723228364,0.6666666666666666,0.1100455844634196,0.03817453634923762,0,1,0,2,0,0.0,0.3508771929824561,0.5533177737080474,0.37486850989517684,0.9118863561358672,0.6566328896530644,0.008771929824561403,0.33333333333333326,0.1350391356146622
1741,113,99.12280701754386,114,0,113,1,0,0.0,9.593040310701687,9.52607300141716,132.54725643794106,7.18336240906778,3.4992874375438956,3.111588026697536,9.228070175438596,2.4305875750258568,0.5469129661387797,0.15941465499839275,0.07195972238920219,0.0,0.15941465499839275,-0.026706760629846116,0,0,0,1,0,0.0,0.39473684210526316,0.5606700897024146,0.36142511179995357,0.9111170645601324,0.6625410376881109,0.0,0.33333333333333337,0.13526415864544822
1742,113,99.12280701754386,114,0,113,1,0,0.0,9.593990440654274,9.527621352600267,126.93845296815068,7.194026239517352,3.580153086337019,3.1741184529739392,9.228070175438596,2.4305875750258568,0.5436298967019229,0.19245652161055501,0.07414221195411286,0.0,0.19245652161055501,0.002086068407110453,0,0,0,1,0,0.0,0.40350877192982454,0.5487823575519901,0.3625531712116091,0.9136140477138612,0.6639115497960558,0.0,0.3157894736842105,0.1353985061641757
1743,111,97.36842105263158,114,2,112,0,0,0.017543859649122806,9.757532817775608,9.685249932695775,135.1044376815147,7.207538396991875,3.478479467513059,3.131844662395126,9.228070175438596,2.4305875750258568,0.5489205714812262,0.946177273527799,0.09130532934897816,1.0,0.05382272647220099,0.0965779240723934,0,2,0,0,0,0.5,0.39473684210526316,0.5605215526665629,0.37067919295729673,0.9038064532255408,0.6631815213286942,0.017543859649122806,0.2982456140350877,0.1363804304601292
1744,111,97.36842105263158,114,0,114,0,0,0.0,9.829849898493263,9.758224322994455,138.32563651625537,7.222098614599658,3.4392204860935944,3.1788257189376616,9.228070175438596,2.4305875750258568,0.5487517533743966,0.0,0.0,0.0,0.0,0.0,0,0,0,0,0,0.0,0.37719298245614036,0.5619726189635109,0.37152558005119146,0.90605224440845,0.6619495569419547,0.0,0.29824561403508776,0.13691896528375325
1745,112,98.24561403508773,114,0,114,0,0,0.0,9.887607738226716,9.814718112811393,139.40118548158864,7.23740343819613,3.42637300734737,3.1289741358087766,9.228070175438596,2.4305875750258568,0.5485476299234877,0.0,0.0,0.0,0.0,0.0,0,0,0,0,0,0.0,0.3684210526315789,0.5614949260254405,0.3753505698413824,0.9118503429049134,0.6635861972808477,0.0,0.29824561403508776,0.13739375305277823
1746,112,98.24561403508773,114,0,114,0,0,0.0,9.890976947537949,9.818909355608145,137.02616703896638,7.252417762113211,3.4628499843453455,3.1875995233384766,9.228070175438596,2.4305875750258568,0.5463165091942406,0.0,0.0,0.0,0.0,0.0,0,0,0,0,0,0.0,0.3684210526315789,0.5546737941380189,0.37555238948714614,0.9116496382314656,0.6648426799661536,0.0,0.2982456140350877,0.13759306724513576
1747,112,98.24561403508773,114,0,114,0,0,0.0,9.899175452937392,9.83006631748159,138.98111996602634,7.267284093521925,3.363946743343908,3.062073856020665,9.228070175438596,2.4305875750258568,0.5496383396974163,0.0,0.0,0.0,0.0,0.0,0,0,0,0,0,0.0,0.39473684210526316,0.5612875486679639,0.3764103903824213,0.9140543818719932,0.6761458021827208,0.0,0.2982456140350877,0.13781472937417416
1748,114,100.0,114,0,114,0,0,0.0,9.89909067226034,9.830798306845441,138.29178468665455,7.281803319040581,3.473367755698084,3.10839161011554,9.228070175438596,2.4305875750258568,0.5470795050357389,0.0,0.0,0.0,0.0,0.0,0,0,0,0,0,0.0,0.39473684210526316,0.5562081983302586,0.3628839704246325,0.9109925996830195,0.676985289563931,0.0,0.29824561403508776,0.1379907567165121
1749,114,100.0,114,0,114,0,0,0.0,9.849949770564066,9.78255404198822,134.97648454920494,7.295031546781966,3.5253542934577426,3.2303001881630027,9.228070175438596,2.4305875750258568,0.5474706372694693,0.0,0.0,0.0,0.0,0.0,0,0,0,0,0,0.0,0.41228070175438597,0.5545694140543174,0.35735377298873,0.9109925996830195,0.6787224794422817,0.0,0.29824561403508776,0.13790581403796986
1750,114,100.0,114,0,112,2,0,0.0,9.805775906986547,9.738971401670021,130.82461920795333,7.3070907994711165,3.566355901794571,3.2186526593486415,9.228070175438596,2.4305875750258568,0.5452631862401431,0.15551285560801942,0.047827780545254175,0.0,0.15551285560801942,0.0631615945481585,0,0,0,2,0,0.5,0.3684210526315789,0.5479311766921929,0.3629553054563034,0.9109925996830195,0.6788138207344975,0.0,0.29824561403508776,0.137831500068834
1751,114,100.0,114,0,114,0,0,0.0,9.900422115159696,9.833020027147864,133.49773347944023,7.320685688827043,3.524796199214859,3.2046508874488033,9.228070175438596,2.4305875750258568,0.5464371082266157,0.0,0.0,0.0,0.0,0.0,0,0,0,0,0,0.0,0.37719298245614036,0.5493724111595991,0.35945062065482275,0.9109925996830195,0.6784597351349972,0.0,0.29824561403508776,0.13846994895546155
1752,113,99.12280701754386,114,1,113,0,0,0.008771929824561403,9.873469551184144,9.801302054719335,132.88952296069834,7.333412992225428,3.641604946093851,3.283611006385018,9.228070175438596,2.4305875750258568,0.5469035946798249,0.9958304756306249,0.0798441443490959,1.0,0.004169524369375122,0.09435980198249139,0,1,0,0,0,1.0,0.38596491228070173,0.5489862579562785,0.35346320100289835,0.907343582426922,0.6799959130433257,0.008771929824561403,0.3333333333333333,0.13848986026310228
1753,113,99.12280701754386,114,0,114,0,0,0.0,9.952526104728737,9.879691222442547,135.9443629735498,7.347275605053952,3.6031977482730455,3.238678797534406,9.228070175438596,2.4305875750258568,0.5500663024796626,0.0,0.0,0.0,0.0,0.0,0,0,0,0,0,0.0,0.37719298245614036,0.5547961772682263,0.3490604669629472,0.8929147190984214,0.6837889678811083,0.0,0.2982456140350877,0.13905361450331727
1754,113,99.12280701754386,114,0,114,0,0,0.0,9.949522339748622,9.877831177609393,129.89945492054116,7.3607651069226065,3.5935147373866485,3.257223919341768,9.228070175438596,2.4305875750258568,0.5472711274640563,0.0,0.0,0.0,0.0,0.0,0,0,0,0,0,0.0,0.39473684210526316,0.544229129423645,0.36212643182620924,0.907343582426922,0.6783352600353841,0.0,0.3333333333333333,0.13920253275659292
1755,113,99.12280701754386,114,0,113,1,0,0.0,9.98469007332027,9.912912628815521,133.90226729844545,7.374608882950234,3.502722997408407,3.2323720943457506,9.228070175438596,2.4305875750258568,0.5496337496308774,0.31303560134937214,0.048198974425447086,0.0,0.31303560134937214,0.07446842916339413,0,0,0,1,0,0.0,0.39473684210526316,0.550490874112727,0.35249895306125617,0.907343582426922,0.6823812716476534,0.0,0.3333333333333333,0.1395466139744721
1756,113,99.12280701754386,114,0,112,2,0,0.0,10.223898652985323,10.14552407322985,147.9219701152342,7.392639233770639,3.3252113127951626,3.157795140222974,9.228070175438596,2.4305875750258568,0.5581670584696932,0.13346296109796577,0.04982119431145561,0.0,0.13346296109796577,0.0571122712331924,0,0,0,2,0,0.5,0.38596491228070173,0.5718404415984397,0.36055897543148274,0.90869956947256,0.6884239181600142,0.0,0.3333333333333333,0.14096177860618456
1757,113,99.12280701754386,114,1,112,1,0,0.008771929824561403,10.228533104721734,10.131841585555401,144.56954642923057,7.41034068816872,3.311939372340511,3.135578648475971,9.228070175438596,2.4305875750258568,0.5578398490557988,0.20300638417489103,0.04757105347344437,0.0,0.20300638417489103,0.06920717903685092,0,1,0,1,0,0.5,0.37719298245614036,0.5677873659023077,0.3618906274389292,0.9045947600464143,0.6881693578427422,0.008771929824561403,0.3508771929824561,0.14120007554046593
1758,113,99.12280701754386,114,0,113,1,0,0.0,10.328570922074377,10.231338708610927,145.17801346972522,7.429171186063253,3.261642330646868,3.0234388025823713,9.228070175438596,2.4305875750258568,0.5555885796247375,0.003970441232311326,0.01766451320573928,0.0,0.003970441232311326,0.04592311685934014,0,0,0,1,0,1.0,0.37719298245614036,0.5625439519307149,0.37106758317670635,0.9003832732399286,0.6859310632394624,0.0,0.3508771929824561,0.14192911049829915
1759,113,99.12280701754386,114,0,114,0,0,0.0,10.323006021089666,10.227170786400396,146.73545581438412,7.447462948216135,3.3364317539300306,3.0379035280331994,9.228070175438596,2.4305875750258568,0.5560282986949561,0.0,0.0,0.0,0.0,0.0,0,0,0,0,0,0.0,0.39473684210526316,0.5648283923316747,0.37461054064360694,0.9045005523287557,0.6849489865424516,0.0,0.3508771929824561,0.1421235846424462
1760,112,98.24561403508773,114,1,112,1,0,0.008771929824561403,10.385275855408118,10.302931491374368,148.69252321703803,7.466483858784242,3.384129651001665,3.1733097487232684,9.228070175438596,2.4305875750258568,0.5574394289340663,0.2472814059568419,0.06272094957732417,0.0,0.2472814059568419,0.066347189550239,0,1,0,1,0,0.0,0.37719298245614036,0.5670347926633699,0.3808450536984468,0.909156234451149,0.6785539762398566,0.008771929824561403,0.3508771929824561,0.14266609375850106
1761,112,98.24561403508773,114,0,113,1,0,0.0,10.443493952762275,10.365326552764888,153.69732476892307,7.486555101263209,3.3890592315745036,3.186381684953005,9.228070175438596,2.4305875750258568,0.5588958234193211,0.895874851024674,0.09936920949451972,1.0,0.10412514897532599,0.0667420678317967,0,0,1,0,0,0.0,0.39473684210526316,0.571246048038903,0.3644622575611965,0.9050980182223035,0.6819643053818794,0.0,0.3508771929824561,0.1432011088081954
1762,113,99.12280701754386,114,0,113,1,0,0.0,10.282500862989522,10.207069138878069,143.87198167315583,7.503061226585536,3.545944060578025,3.268755965463065,9.228070175438596,2.4305875750258568,0.5548604067477501,0.008692688036640275,0.07111750043189957,0.0,0.008692688036640275,-0.01477627943231763,0,0,0,1,0,1.0,0.39473684210526316,0.5599516591983921,0.36690140781310315,0.9064188662628775,0.6763676283015543,0.0,0.3508771929824561,0.14259674127493296
1763,113,99.12280701754386,114,0,113,1,0,0.0,10.309678717572671,10.234138916114448,149.00077728091784,7.519692519790336,3.5161787147347425,3.232789100355481,9.228070175438596,2.4305875750258568,0.5563475997957175,0.08237173663450359,0.04804848005266897,0.0,0.08237173663450359,0.05142291286213574,0,0,0,1,0,0.0,0.39473684210526316,0.5656403631503552,0.3530176459088893,0.9064188662628775,0.6793106860413741,0.0,0.3508771929824561,0.1429347496209497
1764,112,98.24561403508773,114,1,113,0,0,0.008771929824561403,10.287668978687456,10.21846786236928,146.5589831383637,7.535514387929484,3.635951247644005,3.275853056951176,9.228070175438596,2.4305875750258568,0.5559312740394666,0.33634722592258304,0.05587835217298571,0.0,0.33634722592258304,0.05063251501946553,0,1,0,0,0,0.0,0.37719298245614036,0.5634871927060456,0.3540610125632021,0.8999871029975591,0.6752922469479351,0.008771929824561403,0.38596491228070173,0.1430169831070872
1765,113,99.12280701754386,114,0,114,0,0,0.0,10.30249220689232,10.232579255205602,145.91904929476362,7.551326551487544,3.731349005547339,3.3537537472631564,9.228070175438596,2.4305875750258568,0.5557238222792729,0.0,0.0,0.0,0.0,0.0,0,0,0,0,0,0.0,0.39473684210526316,0.5615936582181934,0.3532155180276195,0.9091262111004272,0.673553022610555,0.0,0.3508771929824561,0.143283263489504
1766,113,99.12280701754386,114,0,114,0,0,0.0,10.259559613900223,10.191105200088089,141.12446654608584,7.565947935978383,3.770687767950953,3.3817998169507275,9.228070175438596,2.4305875750258568,0.5529338223941387,0.0,0.0,0.0,0.0,0.0,0,0,0,0,0,0.0,0.40350877192982454,0.5538405652481863,0.35466504547998673,0.9137237237994282,0.6707072706218209,0.0,0.3157894736842105,0.14324629330190905
1767,113,99.12280701754386,114,0,114,0,0,0.0,10.24624587296139,10.177986361149499,140.19243380038003,7.579958843019108,3.802077588319009,3.403141340752742,9.228070175438596,2.4305875750258568,0.5511423457186644,0.0,0.0,0.0,0.0,0.0,0,0,0,0,0,0.0,0.40350877192982454,0.5505211332883859,0.3553427719501247,0.9006344108665295,0.6667960397283131,0.0,0.3508771929824561,0.143349998280055
1768,113,99.12280701754386,114,0,114,0,0,0.0,10.216719420143724,10.149260607811616,137.29707011610776,7.593070639020983,3.825563667099116,3.369303044026774,9.228070175438596,2.4305875750258568,0.5477836028781913,0.0,0.0,0.0,0.0,0.0,0,0,0,0,0,0.0,0.38596491228070173,0.5423929724124609,0.3559754544603287,0.903643306656653,0.6647517803265517,0.0,0.3508771929824561,0.14336171285820884
1769,114,100.0,114,0,114,0,0,0.0,10.079102130621681,10.013453747142988,128.90685831057985,7.603223017593218,3.9053316691262303,3.3893083016341485,9.228070175438596,2.4305875750258568,0.5439655352447799,0.0,0.0,0.0,0.0,0.0,0,0,0,0,0,0.0,0.41228070175438597,0.5336093475120599,0.3704023621986896,0.9027676053911878,0.6555981139567454,0.0,0.3157894736842105,0.1427970076366718
1770,114,100.0,114,0,114,0,0,0.0,10.075539739483485,10.011937730544139,129.79033046703987,7.613099155224435,3.9296425371005372,3.418997123681185,9.228070175438596,2.4305875750258568,0.5421152176693034,0.0,0.0,0.0,0.0,0.0,0,0,0,0,0,0.0,0.42105263157894735,0.5315261049997894,0.35910875038762896,0.9004379926477164,0.6519021603702007,0.0,0.3508771929824561,0.14289921976805922
1771,114,100.0,114,0,114,0,0,0.0,10.18764759657569,10.123966632033921,130.54300855884583,7.624913613129537,3.880806927433302,3.3818574680172526,9.228070175438596,2.4305875750258568,0.5434317803066882,0.0,0.0,0.0,0.0,0.0,0,0,0,0,0,0.0,0.41228070175438597,0.5308405394253601,0.362943687676656,0.9080490960195914,0.6537795980893326,0.0,0.3157894736842105,0.14360333942646927
1772,114,100.0,114,0,114,0,0,0.0,10.16301443315173,10.099073926302568,129.22998162030652,7.635956879078663,3.847144942445157,3.351703654890405,9.228070175438596,2.4305875750258568,0.5434256936353785,0.0,0.0,0.0,0.0,0.0,0,0,0,0,0,0.0,0.39473684210526316,0.5305815918293006,0.3676593026731585,0.9137595039214251,0.6533884328756626,0.0,0.3157894736842105,0.14361438173436775
1773,114,100.0,114,0,114,0,0,0.0,10.312368155523698,10.244991892197929,136.83250686855078,7.649569059936781,3.750613383090636,3.2677790493170127,9.228070175438596,2.4305875750258568,0.5477733009423258,0.0,0.0,0.0,0.0,0.0,0,0,0,0,0,0.0,0.42105263157894735,0.5407865971734638,0.3735336929658968,0.9227242062882405,0.6615002659284871,0.0,0.2807017543859649,0.1445265783345413
1774,114,100.0,114,0,114,0,0,0.0,10.221200181878237,10.155533022425214,125.01177234155077,7.661110883879507,3.8116579656473375,3.309958356260969,9.228070175438596,2.4305875750258568,0.5419002273273965,0.0,0.0,0.0,0.0,0.0,0,0,0,0,0,0.0,0.41228070175438597,0.5227874257527224,0.39176590314999526,0.9255447479576439,0.6535518217881651,0.0,0.2807017543859649,0.14421100553565563
1775,114,100.0,114,0,114,0,0,0.0,10.378915067221765,10.31068710875379,134.0345910724695,7.675389098439109,3.696649071126721,3.2553284798350934,9.228070175438596,2.4305875750258568,0.5470002750206144,0.0,0.0,0.0,0.0,0.0,0,0,0,0,0,0.0,0.40350877192982454,0.5352281642265951,0.39214856642834983,0.9257564804971803,0.6591143956091351,0.0,0.2807017543859649,0.1451731022168839
1776,114,100.0,114,0,114,0,0,0.0,10.39444714591183,10.329432541698768,136.31811762895578,7.689684767820924,3.699938074605666,3.290266405385486,9.228070175438596,2.4305875750258568,0.5474907194851919,0.0,0.0,0.0,0.0,0.0,0,0,0,0,0,0.0,0.42105263157894735,0.5371213104336706,0.38708650220731383,0.9239382912927734,0.6576707829275371,0.0,0.2807017543859649,0.1454244969922148
1777,114,100.0,114,0,114,0,0,0.0,10.478203189366303,10.413759708865971,149.12490633847278,7.70527268495701,3.671038610713482,3.303364059385911,9.228070175438596,2.4305875750258568,0.550268116872588,0.0,0.0,0.0,0.0,0.0,0,0,0,0,0,0.0,0.41228070175438597,0.5499759852436411,0.367858013291545,0.9218353744108897,0.660857521447687,0.0,0.24561403508771928,0.14603271619804467
1778,114,100.0,114,0,114,0,0,0.0,10.511483235779002,10.449435920543436,148.44907159640726,7.721175437370596,3.6382756705742376,3.2931825922551283,9.228070175438596,2.4305875750258568,0.5507031560032136,0.0,0.0,0.0,0.0,0.0,0,0,0,0,0,0.0,0.41228070175438597,0.5490002432663992,0.3725094130990256,0.9221059949592815,0.6612796959697249,0.0,0.2807017543859649,0.14639238159223406
1779,113,99.12280701754386,114,1,113,0,0,0.008771929824561403,10.489224093917194,10.407169453700305,145.1112505165379,7.736303831230203,3.674644364726157,3.3035059179556345,9.228070175438596,2.4305875750258568,0.5501108145391786,0.7902706384930389,0.10477801352604198,1.0,0.2097293615069611,0.0756678450880175,0,1,0,0,0,0.0,0.40350877192982454,0.5465345749462047,0.37737074920483404,0.9220721379821823,0.6584343952173547,0.008771929824561403,0.29824561403508776,0.1464649403136513
1780,113,99.12280701754386,114,0,114,0,0,0.0,10.533988924513805,10.453889550445384,142.71363457456792,7.751538943958115,3.5670442688930324,3.216462995639989,9.228070175438596,2.4305875750258568,0.549865046216703,0.0,0.0,0.0,0.0,0.0,0,0,0,0,0,0.0,0.40350877192982454,0.5426343019586901,0.37606621953107144,0.9153045908588217,0.6667623212846008,0.0,0.26315789473684215,0.14687391584513726
1781,113,99.12280701754386,114,0,114,0,0,0.0,10.630652655300599,10.550071742847175,146.62753931581423,7.7682739878633456,3.5278053673486753,3.195089069218415,9.228070175438596,2.4305875750258568,0.5517506357797144,0.0,0.0,0.0,0.0,0.0,0,0,0,0,0,0.0,0.4473684210526316,0.5470198721136301,0.37369077363526715,0.9167654490811548,0.6722563272432239,0.0,0.24561403508771928,0.14756061444798907
1782,113,99.12280701754386,114,0,112,2,0,0.0,10.702901451373556,10.623906893761342,149.18988622093065,7.786037974274034,3.5528000803456057,3.186584761113543,9.228070175438596,2.4305875750258568,0.5506960449388667,0.0030240700123313406,0.0008973351893975219,0.0,0.0030240700123313406,0.16183925790539427,0,0,0,2,0,1.0,0.43859649122807015,0.5449260053569283,0.35948697251553197,0.9185092187250177,0.6774473536794833,0.0,0.26315789473684215,0.1481377430516176
1783,113,99.12280701754386,114,0,111,3,0,0.0,10.791308677789363,10.710949644016122,152.40238728837153,7.805062711656321,3.5185351746569395,3.1294984564835757,9.228070175438596,2.4305875750258568,0.5519282772421306,0.08714837559189574,0.004169534519475413,0.0,0.08714837559189574,0.152429411816477,0,0,0,3,0,0.6666666666666666,0.4298245614035088,0.5470688445798357,0.357182958466869,0.9097828549185007,0.681965724915794,0.0,0.2807017543859649,0.14881098563519418
1784,114,100.0,114,0,112,2,0,0.0,10.849177336917451,10.76879026164105,159.95009939363428,7.824749729627859,3.5174937817169654,3.1461033179294833,9.228070175438596,2.4305875750258568,0.5560311416759758,0.05073402478312252,0.03588863175212825,0.0,0.05073402478312252,0.0815872439984413,0,0,0,2,0,0.5,0.4649122807017544,0.5582815852159034,0.3493077975699272,0.9108325653652801,0.686105346753386,0.0,0.2807017543859649,0.14933958403718928
1785,114,100.0,114,0,113,1,0,0.0,10.861738746456204,10.781641678348716,154.68120362453766,7.844208129336858,3.4621071705546975,3.106336222775488,9.228070175438596,2.4305875750258568,0.5544130913443093,0.07900695766164101,0.0032879823684482555,0.0,0.07900695766164101,0.1617068751243647,0,0,0,1,0,0.0,0.4473684210526316,0.5515976047046455,0.3557447154382167,0.9215646080601632,0.6857581802415826,0.0,0.2807017543859649,0.14963886780769595
1786,114,100.0,114,0,111,3,0,0.0,10.945563629157977,10.866015559111794,165.4825001984521,7.864834200450148,3.425511329121639,3.072338308423987,9.228070175438596,2.4305875750258568,0.5563349697665019,0.17685194378842808,0.027254972098388477,0.0,0.17685194378842808,0.09667349504615153,0,0,0,3,0,0.6666666666666666,0.45614035087719296,0.5607031574542085,0.3381290219235922,0.9290880631701193,0.6907692255840889,0.0,0.2807017543859649,0.15030865958205264
1787,114,100.0,114,0,111,3,0,0.0,11.042231483162157,10.965533010137918,171.02462199668182,7.886894023881437,3.348183890398506,3.0365405119830498,9.228070175438596,2.4305875750258568,0.5568308541962017,0.20093691821324577,0.026396879415554353,0.3333333333333333,0.17154791688600757,0.0967742361782487,0,0,0,3,0,0.3333333333333333,0.4298245614035088,0.5632806099282205,0.3262711524088197,0.9290880631701193,0.6952743871679024,0.0,0.2807017543859649,0.1510600905157703
1788,113,99.12280701754386,114,1,111,2,0,0.008771929824561403,11.160345286587518,11.091006624092664,179.55255351757802,7.9107320943785355,3.3383975172978815,3.0140055539890684,9.228070175438596,2.4305875750258568,0.5591970527601593,0.18522565426203208,0.0065710186000292915,0.3333333333333333,0.16412203510228898,0.13780217852511054,0,1,0,2,0,0.6666666666666666,0.4473684210526316,0.5701986703076307,0.30988860571532667,0.9168538833030314,0.7051724223845883,0.008771929824561403,0.2807017543859649,0.1519403621227113
1789,112,98.24561403508773,114,1,112,1,0,0.008771929824561403,11.129103620069596,11.075361592892218,177.85358600316144,7.933489543632124,3.451806095768212,3.10737379747289,9.228070175438596,2.4305875750258568,0.5564176013502358,0.4955500228959801,0.0435932363528027,0.5,0.01493853952024256,0.07578664232100141,1,0,0,1,0,1.0,0.43859649122807015,0.5652611191972466,0.31179674833487325,0.9239217230607083,0.6955488273573269,0.008771929824561403,0.24561403508771928,0.15206072365709697
1790,111,97.36842105263158,114,1,112,1,0,0.008771929824561403,11.006352722743813,10.936812976340692,172.9226939118886,7.953606134984083,3.522016008745059,3.165762677897243,9.228070175438596,2.4305875750258568,0.5554035262304344,0.24515184780947455,0.048280010029980364,0.0,0.24515184780947455,0.07642101989420458,0,1,0,1,0,0.5,0.4473684210526316,0.5644887347920957,0.3173728968299789,0.9111581053631173,0.6915552731856782,0.008771929824561403,0.2807017543859649,0.15169144485542777
1791,110,96.49122807017544,114,2,111,1,0,0.017543859649122806,11.09227305097166,11.030806113861292,181.87669808289436,7.9745621864472325,3.500062878288529,3.176256863687518,9.228070175438596,2.4305875750258568,0.5570217105679467,0.7576248129591038,0.06386039743088275,1.0,0.24237518704089625,0.09459153785497924,0,2,0,1,0,0.3333333333333333,0.4473684210526316,0.5714734295581079,0.3106169842648638,0.9108788358743929,0.6889482131778523,0.017543859649122806,0.2807017543859649,0.15237572408810668
1792,110,96.49122807017544,114,0,114,0,0,0.0,11.046764758236089,10.985962082615508,183.22106534659488,7.994352212282419,3.577195414652897,3.24359340416998,9.228070175438596,2.4305875750258568,0.5569656037509012,0.0,0.0,0.0,0.0,0.0,0,0,0,0,0,0.0,0.43859649122807015,0.5735603505442329,0.3102571222753204,0.9126422542807766,0.6871186452890804,0.0,0.2807017543859649,0.15238868957895102
1793,111,97.36842105263158,114,0,112,2,0,0.0,10.969409637690125,10.909626934381656,174.4641280879278,8.01217691010588,3.5883663675419832,3.225422920046286,9.228070175438596,2.4305875750258568,0.554376187529467,0.09672689128379541,0.04865719037627411,0.0,0.09672689128379541,0.09927693681210237,0,0,0,2,0,0.5,0.45614035087719296,0.5645408416783715,0.31992368482184597,0.9102330877765926,0.6848530465188022,0.0,0.2807017543859649,0.1522185364215127
1794,112,98.24561403508773,114,0,113,1,0,0.0,10.973579941657933,10.91422510241214,173.76002728069892,8.029657773039425,3.5777333704426275,3.223416037696243,9.228070175438596,2.4305875750258568,0.5556664471345809,0.5438381950035356,0.05111273039743262,1.0,0.4561618049964644,0.18350067608435872,0,0,0,1,0,0.0,0.4298245614035088,0.5661920294140383,0.32567685615404235,0.9136651136965069,0.6847672075544997,0.0,0.2807017543859649,0.15245183178258676
1795,112,98.24561403508773,114,0,114,0,0,0.0,10.854876581646684,10.793314991149629,176.57550854971413,8.044362687377458,3.5687616863971354,3.2385860880239123,9.228070175438596,2.4305875750258568,0.5588914188791516,0.0,0.0,0.0,0.0,0.0,0,0,0,0,0,0.0,0.43859649122807015,0.5771234698880128,0.3231739032720528,0.9118394042807589,0.6903121720821721,0.0,0.3157894736842105,0.15203702289293972
1796,114,100.0,114,0,114,0,0,0.0,10.899589205561039,10.837077932974989,183.3191023023163,8.059561143195854,3.6068906413968747,3.2549637218527048,9.228070175438596,2.4305875750258568,0.5616215476525983,0.0,0.0,0.0,0.0,0.0,0,0,0,0,0,0.0,0.43859649122807015,0.5857561172726039,0.3261628555781751,0.9066160901087237,0.6891779805586564,0.0,0.3157894736842105,0.15244529190187034
1797,114,100.0,114,0,114,0,0,0.0,10.860888648298491,10.79907921915746,176.41595438585762,8.073651313622156,3.6664355128039254,3.268935173734251,9.228070175438596,2.4305875750258568,0.5604953486530642,0.0,0.0,0.0,0.0,0.0,0,0,0,0,0,0.0,0.45614035087719296,0.5793133156813857,0.3382060092153069,0.915458568109229,0.6883835089271048,0.0,0.2807017543859649,0.15242302608139846
1798,114,100.0,114,0,114,0,0,0.0,10.837363563903592,10.776541007805957,175.06353348096533,8.086960761344981,3.6473116430067174,3.247070256254391,9.228070175438596,2.4305875750258568,0.5597748687323532,0.0,0.0,0.0,0.0,0.0,0,0,0,0,0,0.0,0.4649122807017544,0.5771177619235066,0.3358896106484023,0.9104742449850074,0.689363407867324,0.0,0.3157894736842105,0.15246714955075172
1799,114,100.0,114,0,114,0,0,0.0,10.872932426473085,10.811581745936861,170.94491620529786,8.100628067946918,3.6707902986987686,3.2631353334940156,9.228070175438596,2.4305875750258568,0.5590251879056929,0.0,0.0,0.0,0.0,0.0,0,0,0,0,0,0.0,0.4473684210526316,0.571789955261937,0.3469511285156878,0.9088184512615902,0.684503498914121,0.0,0.3157894736842105,0.1528110917916529
1800,114,100.0,114,0,114,0,0,0.0,10.870008085446228,10.80784820066487,176.68923663351492,8.113890581022755,3.607336729548417,3.2603919767892333,9.228070175438596,2.4305875750258568,0.5595263408486806,0.0,0.0,0.0,0.0,0.0,0,0,0,0,0,0.0,0.43859649122807015,0.5774977573648584,0.3418837163782354,0.9087295844642733,0.6862269079852125,0.0,0.2807017543859649,0.15295764858399735
1801,114,100.0,114,0,113,1,0,0.0,10.820907837515046,10.75975786788064,168.83999704949613,8.125895634980882,3.663091461396313,3.2613961560023306,9.228070175438596,2.4305875750258568,0.5554199214794611,0.11691946065778566,0.02378625807608553,0.0,0.11691946065778566,0.1633596291169208,0,0,0,1,0,0.0,0.4473684210526316,0.5665875978688358,0.35506203872353,0.9057356245400502,0.6802644237013947,0.0,0.2807017543859649,0.15285804401928213
1802,113,99.12280701754386,114,1,113,0,0,0.008771929824561403,10.781759504935762,10.720964836059988,165.16831402821998,8.136894167752976,3.7383468848099306,3.2113222447416483,9.228070175438596,2.4305875750258568,0.553987226719896,0.5280447038492033,0.08538900638211674,1.0,0.4719552961507967,0.02506506054132096,0,1,0,0,0,0.0,0.45614035087719296,0.5627409021210006,0.3556122763824382,0.911173536768375,0.6815860516866823,0.008771929824561403,0.29824561403508776,0.1527959668418825
1803,113,99.12280701754386,114,0,114,0,0,0.0,10.805773254782595,10.739804323990803,173.37898474858358,8.147952108703379,3.6146029739142755,3.1413841460255205,9.228070175438596,2.4305875750258568,0.5569540692907802,0.0,0.0,0.0,0.0,0.0,0,0,0,0,0,0.0,0.45614035087719296,0.5740674237413951,0.3516643107475015,0.9149429960016813,0.6855722622540985,0.0,0.2807017543859649,0.15305042206051378
1804,113,99.12280701754386,114,0,114,0,0,0.0,10.888701084039878,10.822202645949226,178.75756028759088,8.160343487415426,3.553884082193884,3.0906038531390085,9.228070175438596,2.4305875750258568,0.559424989367276,0.0,0.0,0.0,0.0,0.0,0,0,0,0,0,0.0,0.45614035087719296,0.5799333268947324,0.3494345124450828,0.9199817838437344,0.6901500619117797,0.0,0.2807017543859649,0.15361565286247492
1805,113,99.12280701754386,114,0,114,0,0,0.0,10.878644109388043,10.80997160854973,178.60011797133274,8.172195853955861,3.6195764792092806,3.1089040634717997,9.228070175438596,2.4305875750258568,0.5579542632687728,0.0,0.0,0.0,0.0,0.0,0,0,0,0,0,0.0,0.45614035087719296,0.5774789995053909,0.3453147518001251,0.9103932393424774,0.6870636370692225,0.0,0.29824561403508776,0.1537094090634549
1806,113,99.12280701754386,114,0,114,0,0,0.0,10.798117491808526,10.734153496341298,166.562043666333,8.18228587785585,3.6985111032317897,3.1252496818044206,9.228070175438596,2.4305875750258568,0.5525545658883508,0.0,0.0,0.0,0.0,0.0,0,0,0,0,0,0.0,0.45614035087719296,0.5610265251659942,0.3494192868222559,0.9049532841579249,0.6824663869386601,0.0,0.2807017543859649,0.15342939940917244
1807,114,100.0,114,0,114,0,0,0.0,10.923426186073456,10.8544228960561,180.0839945341788,8.194469257357431,3.6345090906718873,3.096548716546188,9.228070175438596,2.4305875750258568,0.5567719199148835,0.0,0.0,0.0,0.0,0.0,0,0,0,0,0,0.0,0.43859649122807015,0.5751310841928897,0.33913889759404703,0.9056919214496043,0.6870376946628908,0.0,0.2807017543859649,0.15420400673468893
1808,114,100.0,114,0,114,0,0,0.0,10.99413606214742,10.925559691933111,191.27561841416852,8.207739742848117,3.5362488526680873,3.0141902736034396,9.228070175438596,2.4305875750258568,0.5596200539708278,0.0,0.0,0.0,0.0,0.0,0,0,0,0,0,0.0,0.41228070175438597,0.5862960520664495,0.31637966640408677,0.9089160088525106,0.6955582981905083,0.0,0.2807017543859649,0.15471883150079987
1809,114,100.0,114,0,114,0,0,0.0,11.172148870296219,11.104242365999765,200.010409012155,8.224162108666988,3.4112771517198155,2.9260164989715296,9.228070175438596,2.4305875750258568,0.5618725139878844,0.0,0.0,0.0,0.0,0.0,0,0,0,0,0,0.0,0.42105263157894735,0.5919839339458881,0.31467072400449697,0.9076944603385779,0.6983358073423747,0.0,0.24561403508771928,0.15580847553310326
1810,114,100.0,114,0,114,0,0,0.0,11.119427214185874,11.052231518119855,198.96539105713768,8.239173979137755,3.4867668305429054,2.9770598329457525,9.228070175438596,2.4305875750258568,0.5600911245647668,0.0,0.0,0.0,0.0,0.0,0,0,0,0,0,0.0,0.42105263157894735,0.58873893357474,0.30505612190931874,0.89882122605705,0.6995834287589214,0.0,0.2807017543859649,0.15572730558177225
1811,114,100.0,114,0,114,0,0,0.0,11.01626389194909,10.949645295407821,199.8589825229037,8.251826214563739,3.5260528298573535,3.012493053044861,9.228070175438596,2.4305875750258568,0.5606529395022168,0.0,0.0,0.0,0.0,0.0,0,0,0,0,0,0.0,0.42105263157894735,0.5934645662217642,0.2963206986831517,0.9037530907300432,0.6988184344009918,0.0,0.2807017543859649,0.15536525080170183
1812,114,100.0,114,0,114,0,0,0.0,10.982220250756313,10.918595171603185,189.13362265856588,8.263567165966514,3.5532586603226437,2.9978771181499817,9.228070175438596,2.4305875750258568,0.5602973847123176,0.0,0.0,0.0,0.0,0.0,0,0,0,0,0,0.0,0.4298245614035088,0.5864665893473713,0.30679846206196326,0.8962792266625085,0.6995117952341121,0.0,0.3157894736842105,0.15533771964873078
1813,114,100.0,114,0,114,0,0,0.0,10.927804177821589,10.864828108991402,180.1144308923398,8.273977258828664,3.629937089726981,3.019902259427937,9.228070175438596,2.4305875750258568,0.557658884482398,0.0,0.0,0.0,0.0,0.0,0,0,0,0,0,0.0,0.41228070175438597,0.5765254474113367,0.31552876970602173,0.8937009082297344,0.6977277329388647,0.0,0.2807017543859649,0.1551921524958852
1814,114,100.0,114,0,114,0,0,0.0,10.902921534692416,10.837638766516834,181.40322647519977,8.283605636643227,3.6898653322900667,3.039500463184515,9.228070175438596,2.4305875750258568,0.5581087017530841,0.0,0.0,0.0,0.0,0.0,0,0,0,0,0,0.0,0.41228070175438597,0.5785918649431399,0.31516374852472545,0.9121789295890226,0.6959381337379618,0.0,0.2807017543859649,0.15518475235765797
1815,114,100.0,114,0,114,0,0,0.0,11.123672850541436,11.052724695598242,209.90820885126755,8.297182269797254,3.558296235587984,2.9851287770204733,9.228070175438596,2.4305875750258568,0.5676590332104967,0.0,0.0,0.0,0.0,0.0,0,0,0,0,0,0.0,0.4298245614035088,0.6081319516512772,0.30142863426523375,0.9010123678368969,0.7076069197347697,0.0,0.3508771929824561,0.15645350491617738
1816,114,100.0,114,0,114,0,0,0.0,11.030005986044936,10.962888454294356,198.40201579435563,8.30868207217753,3.6607554069050043,3.026965617912984,9.228070175438596,2.4305875750258568,0.5637503354059938,0.0,0.0,0.0,0.0,0.0,0,0,0,0,0,0.0,0.4473684210526316,0.5959000364773949,0.301438353300197,0.9120856578395892,0.7081976967939543,0.0,0.3157894736842105,0.15612492697759867
1817,114,100.0,114,0,114,0,0,0.0,10.976989554623957,10.911505235998668,183.92788312224198,8.318903230494366,3.7326955551004053,3.062839428029815,9.228070175438596,2.4305875750258568,0.558404790966027,0.0,0.0,0.0,0.0,0.0,0,0,0,0,0,0.0,0.4473684210526316,0.5785643777123832,0.3113423128062708,0.9032670738255423,0.7000506358155494,0.0,0.3508771929824561,0.15598406192253012
1818,114,100.0,114,0,114,0,0,0.0,11.050383527569666,10.984415729903015,193.478951864654,8.330293677331714,3.681357669542349,3.048123501373497,9.228070175438596,2.4305875750258568,0.5616636683453275,0.0,0.0,0.0,0.0,0.0,0,0,0,0,0,0.0,0.43859649122807015,0.5874572928840737,0.30247728745574454,0.9188079002872236,0.7070572716983334,0.0,0.2807017543859649,0.15648945918004292
1819,114,100.0,114,0,114,0,0,0.0,11.123778915569122,11.054886464642683,192.39196759847758,8.34277755172158,3.6695906891688854,3.0162246505146455,9.228070175438596,2.4305875750258568,0.5592309432410292,0.0,0.0,0.0,0.0,0.0,0,0,0,0,0,0.0,0.4473684210526316,0.5808156021649493,0.31512424918231624,0.9168341139746905,0.6995992851772241,0.0,0.2807017543859649,0.15700815186994116
1820,114,100.0,114,0,114,0,0,0.0,11.17270143656471,11.104654092596244,195.27840974272655,8.355925711236786,3.583308429505975,2.9445208447052553,9.228070175438596,2.4305875750258568,0.5607870750244515,0.0,0.0,0.0,0.0,0.0,0,0,0,0,0,0.0,0.45614035087719296,0.584138463776675,0.30971495125194815,0.9154385793662001,0.7083464237667427,0.0,0.29824561403508776,0.15741255324067968
1821,114,100.0,114,0,114,0,0,0.0,11.022161281126913,10.958359049154843,183.96212219818707,8.365909629901457,3.5771547299064697,2.9320291059138817,9.228070175438596,2.4305875750258568,0.5577953156829873,0.0,0.0,0.0,0.0,0.0,0,0,0,0,0,0.0,0.4649122807017544,0.5752054027352489,0.31043943835518617,0.8808371219564046,0.7123041025672753,0.0,0.33333333333333337,0.1567811864067728
1822,113,99.12280701754386,114,1,113,0,0,0.008771929824561403,11.092121934131107,11.00595548355866,185.04696394691058,8.37698196606465,3.590909263143439,2.930316652415022,9.228070175438596,2.4305875750258568,0.5598643100168077,0.9062240705749665,0.10553527691663817,1.0,0.09377592942503354,0.06047427516020765,0,1,0,0,0,0.0,0.4649122807017544,0.5794940371141807,0.31837866671271375,0.9080215359142647,0.7077099750832431,0.008771929824561403,0.33333333333333337,0.1572655510853176
1823,112,98.24561403508773,114,1,113,0,0,0.008771929824561403,11.110684272172975,11.084371021098708,197.40175943821046,8.387715061523584,3.6540276146735837,2.987719224370734,9.228070175438596,2.4305875750258568,0.5610839904983804,0.9481629780888536,0.09468205248149475,1.0,0.051837021911146364,0.10243247463054761,0,1,0,0,0,0.0,0.45614035087719296,0.588993723188511,0.3121318763894262,0.9111004686394502,0.7033719568134361,0.008771929824561403,0.3157894736842105,0.1574888014178472
1824,111,97.36842105263158,114,1,108,0,5,0.008771929824561403,11.041722852503812,10.975881372045531,189.7783560665898,8.398041796231599,3.819071478271248,3.149007781928414,9.228070175438596,2.4305875750258568,0.5578455705058678,0.9976648101373158,0.1263430969061515,1.0,0.0023351898626841803,-0.019458771084334654,0,6,0,0,0,1.0,0.4298245614035088,0.581186784856912,0.3286137781317302,0.9144329373792459,0.6859512070515391,0.008771929824561403,0.3157894736842105,0.15726949448486083
1825,110,96.49122807017544,114,1,109,1,3,0.008771929824561403,11.060950542696547,10.985638315860927,186.6044536741014,8.407745496106157,3.9377832926581338,3.247758861977656,9.228070175438596,2.4305875750258568,0.5576573861110445,0.7844541484763686,0.08289270192529083,0.8,0.015606901764371583,-0.02310146488245497,0,4,0,1,0,1.0,0.4298245614035088,0.5787890222807652,0.33998526052719,0.909844834615217,0.6853114598026131,0.008771929824561403,0.29824561403508776,0.1574835613975589
1826,110,96.49122807017544,114,0,113,1,0,0.0,11.046491955453272,10.973177786334565,184.14145362344075,8.416758035426122,3.8864590925234954,3.202890315595278,9.228070175438596,2.4305875750258568,0.5582428518971612,0.6174782352653285,0.06877007216463776,1.0,0.3825217647346715,0.1608129882431908,0,0,0,1,0,0.0,0.4473684210526316,0.5781382932131554,0.3398472486649265,0.912180218461822,0.6865074992390504,0.0,0.26315789473684215,0.15752079729179524
1827,111,97.36842105263158,114,0,113,1,0,0.0,10.96217819627128,10.89247538705436,174.9493719057321,8.423982283093459,3.910356726597426,3.2071905971512304,9.228070175438596,2.4305875750258568,0.5541783298489473,0.740303928291197,0.07156778133644584,1.0,0.25969607170880304,0.15947860098460742,0,0,0,1,0,0.0,0.43859649122807015,0.5659733121524085,0.34510207403117393,0.900869279299833,0.6808097781400771,0.0,0.3157894736842105,0.15718702432898096
1828,111,97.36842105263158,114,1,113,0,0,0.008771929824561403,10.958592898867522,10.902000015054401,171.39900991475935,8.43103345616102,3.9930792759934635,3.286772517098792,9.228070175438596,2.4305875750258568,0.5504573715519949,0.7697694225361706,0.0744405487102667,1.0,0.23023057746382936,0.1512013394544125,0,1,0,0,0,0.0,0.4298245614035088,0.5567658119525892,0.35647314364390653,0.9032660194104125,0.6706545676697411,0.008771929824561403,0.2807017543859649,0.157254790310199
1829,112,98.24561403508773,114,0,114,0,0,0.0,10.952362014244729,10.896711427470008,170.00791046244177,8.437993095763304,4.000110981261324,3.2947765241435727,9.228070175438596,2.4305875750258568,0.5503899371543577,0.0,0.0,0.0,0.0,0.0,0,0,0,0,0,0.0,0.4298245614035088,0.5553038118084483,0.3544791704341327,0.9063810562616426,0.6725517695855943,0.0,0.2807017543859649,0.1573082159548049
1830,113,99.12280701754386,114,0,114,0,0,0.0,10.977094419304843,10.922556729058543,166.9729605103758,8.445286129381458,4.027474086703574,3.300969641226037,9.228070175438596,2.4305875750258568,0.5509835987286917,0.0,0.0,0.0,0.0,0.0,0,0,0,0,0,0.0,0.4298245614035088,0.5531305213892839,0.36464032823678594,0.9063810562616426,0.6739339868919357,0.0,0.2807017543859649,0.15752050976458812
1831,113,99.12280701754386,114,0,114,0,0,0.0,11.048390994486047,10.99061486473249,173.52271208238315,8.453725269502238,4.074931510424121,3.3514643268513713,9.228070175438596,2.4305875750258568,0.5523200364132412,0.0,0.0,0.0,0.0,0.0,0,0,0,0,0,0.0,0.40350877192982454,0.5597218325015013,0.3624270051340243,0.9133584201609002,0.6707176662794557,0.0,0.2807017543859649,0.1579795529861015
1832,113,99.12280701754386,114,0,114,0,0,0.0,10.995116386680087,10.937891081973282,175.2379165679363,8.460934090761537,4.111590260657291,3.393572357479539,9.228070175438596,2.4305875750258568,0.5523574161049971,0.0,0.0,0.0,0.0,0.0,0,0,0,0,0,0.0,0.41228070175438597,0.561678542195335,0.3550273610703812,0.8952038154946043,0.6706311704076405,0.0,0.2807017543859649,0.15780078830398886
1833,113,99.12280701754386,114,1,113,0,0,0.008771929824561403,11.151540188791571,11.10646699729613,187.18571312921384,8.47093820645482,3.98278960802591,3.3097414835647085,9.228070175438596,2.4305875750258568,0.5557675642291573,0.6247308880707437,0.039350063602167945,1.0,0.37526911192925627,0.16049029195913977,0,1,0,0,0,0.0,0.4298245614035088,0.5713976517137562,0.3483279190739579,0.8964416431239618,0.6838037443109508,0.008771929824561403,0.2631578947368421,0.15870448671106235
1834,113,99.12280701754386,114,0,114,0,0,0.0,11.187897400948698,11.142249187271712,178.68356267592472,8.481702334380008,4.003648361104331,3.3269682996497068,9.228070175438596,2.4305875750258568,0.552586264802438,0.0,0.0,0.0,0.0,0.0,0,0,0,0,0,0.0,0.4298245614035088,0.5601961357838493,0.36874062377999245,0.9042140256847613,0.6746003232267705,0.0,0.2631578947368421,0.15901708854980276
1835,113,99.12280701754386,114,0,114,0,0,0.0,11.223584210606418,11.177901869030515,177.1665455655944,8.492898086471678,4.0300295237391826,3.3413880127177777,9.228070175438596,2.4305875750258568,0.5515614761471592,0.0,0.0,0.0,0.0,0.0,0,0,0,0,0,0.0,0.39473684210526316,0.5561997189047876,0.3784023486751915,0.8964416431239618,0.6702790883550777,0.0,0.2631578947368421,0.15933158387772678
1836,113,99.12280701754386,114,0,114,0,0,0.0,11.21947071862459,11.177731165868986,170.3476315614235,8.503818396732214,4.057411716645429,3.3484631301028704,9.228070175438596,2.4305875750258568,0.5475915112691161,0.0,0.0,0.0,0.0,0.0,0,0,0,0,0,0.0,0.38596491228070173,0.5446509857794664,0.37772591234703995,0.899018445512823,0.6720996387693746,0.0,0.2631578947368421,0.15944373026999106
1837,112,98.24561403508773,114,1,112,0,1,0.008771929824561403,11.198317324481998,11.139217286280973,165.35015229874708,8.514070316304831,4.058552999135574,3.325475532615933,9.228070175438596,2.4305875750258568,0.5471847516475381,0.9829608245298178,0.10697271362397164,1.0,0.017039175470182244,0.123420030122948,0,2,0,0,0,1.0,0.41228070175438597,0.5409467818856778,0.3851989364136557,0.8829256695820069,0.6659219743827719,0.008771929824561403,0.3157894736842105,0.15946255424094496
1838,112,98.24561403508773,114,1,113,0,0,0.008771929824561403,11.227465287224046,11.167421382645259,168.62361174077415,8.5243114336551,4.104029718840351,3.347904027493735,9.228070175438596,2.4305875750258568,0.5486422025696942,0.4267336754781845,0.06363158563584348,0.0,0.4267336754781845,0.13847615302445648,0,1,0,0,0,0.0,0.4298245614035088,0.5441834205910032,0.3674449048444924,0.8946788252190498,0.6719994300732701,0.008771929824561403,0.2982456140350877,0.1597327537175849
1839,112,98.24561403508773,114,0,114,0,0,0.0,11.09523006615667,11.035004358641919,161.78596562590565,8.531692934967943,4.190043990213515,3.365241806860328,9.228070175438596,2.4305875750258568,0.5459340745950532,0.0,0.0,0.0,0.0,0.0,0,0,0,0,0,0.0,0.4298245614035088,0.538026594445177,0.36941652374348755,0.8946999605309003,0.667517740143284,0.0,0.2982456140350877,0.1591612845391282
1840,112,98.24561403508773,114,0,114,0,0,0.0,11.130316382711904,11.070838690422685,156.57719957335584,8.539591810279708,4.178559658627689,3.3477700918747284,9.228070175438596,2.4305875750258568,0.5446498369980384,0.0,0.0,0.0,0.0,0.0,0,0,0,0,0,0.0,0.43859649122807015,0.5318581068847431,0.38276001579471053,0.9103957901540901,0.6654936920147062,0.0,0.3333333333333333,0.15943271066285164
1841,112,98.24561403508773,114,0,114,0,0,0.0,11.097655373131314,11.037697059497136,156.6262604812843,8.546654267418827,4.162673365026678,3.334924430606017,9.228070175438596,2.4305875750258568,0.5453007843947841,0.0,0.0,0.0,0.0,0.0,0,0,0,0,0,0.0,0.4473684210526316,0.5332865748786494,0.3827807795463713,0.9135805964952969,0.6638045079989392,0.0,0.2982456140350877,0.15935523521780615
1842,113,99.12280701754386,114,0,114,0,0,0.0,11.098137016280285,11.03742752622621,159.0649264165806,8.553539824358477,4.189680143094729,3.3757645988081757,9.228070175438596,2.4305875750258568,0.546212952350356,0.0,0.0,0.0,0.0,0.0,0,0,0,0,0,0.0,0.4649122807017544,0.5369468253770712,0.3804658083818512,0.9135805964952969,0.6625360805279793,0.0,0.2982456140350877,0.15944132317927423
1843,114,100.0,114,0,114,0,0,0.0,11.190544812505422,11.12592275796646,168.2498093462351,8.56197878509242,4.1633252072930835,3.326513687934239,9.228070175438596,2.4305875750258568,0.550535364531511,0.0,0.0,0.0,0.0,0.0,0,0,0,0,0,0.0,0.43859649122807015,0.5488543051703003,0.38617136915931755,0.9127500043280324,0.6596641159632218,0.0,0.3333333333333333,0.1600059203259302
1844,114,100.0,114,0,114,0,0,0.0,11.10103168289305,11.038531482932566,161.87197056069078,8.568513332317192,4.2432349771702755,3.360970166242195,9.228070175438596,2.4305875750258568,0.5463797015410676,0.0,0.0,0.0,0.0,0.0,0,0,0,0,0,0.0,0.4473684210526316,0.5398349218165676,0.3869791288950872,0.9272602402992944,0.6530118830168927,0.0,0.2982456140350877,0.15963776862433307
1845,114,100.0,114,0,114,0,0,0.0,11.137729830513768,11.076481632635165,160.3653014130487,8.57562698094774,4.185725494501622,3.336403902653493,9.228070175438596,2.4305875750258568,0.5477106327579395,0.0,0.0,0.0,0.0,0.0,0,0,0,0,0,0.0,0.45614035087719296,0.5403372521545827,0.3961385661828929,0.923897080732684,0.6546788013011745,0.0,0.2982456140350877,0.15990771109230922
1846,114,100.0,114,0,114,0,0,0.0,11.120600739821542,11.05714179508576,161.98314834144242,8.582191668767733,4.222787009631656,3.438658249546323,9.228070175438596,2.4305875750258568,0.546840586582205,0.0,0.0,0.0,0.0,0.0,0,0,0,0,0,0.0,0.42105263157894735,0.5412347696000246,0.39472941297547115,0.917246543183487,0.6510823241483086,0.0,0.3333333333333333,0.1599018458820941
1847,114,100.0,114,0,114,0,0,0.0,11.109805641840223,11.047261690099548,162.84403950759702,8.588404680417884,4.1750371630628464,3.442663618260761,9.228070175438596,2.4305875750258568,0.5460409978748018,0.0,0.0,0.0,0.0,0.0,0,0,0,0,0,0.0,0.42105263157894735,0.5415266435233955,0.3947880947780368,0.9114386240375197,0.6510572073876291,0.0,0.2982456140350877,0.15992337673678925
1848,114,100.0,114,0,114,0,0,0.0,11.02051383594229,10.959868769364782,153.6565017583925,8.592767350200564,4.225459572507056,3.441612450243406,9.228070175438596,2.4305875750258568,0.5414408823450807,0.0,0.0,0.0,0.0,0.0,0,0,0,0,0,0.0,0.42105263157894735,0.5287452953384311,0.3951325170327312,0.9114386240375197,0.6477182792237766,0.0,0.2982456140350877,0.15952993696213819
1849,114,100.0,114,0,113,1,0,0.0,10.970793107905386,10.911659594980248,147.14532319150965,8.596086568511474,4.260352868264762,3.4352596256321166,9.228070175438596,2.4305875750258568,0.53929536293907,0.0413920347176865,0.08478046956166746,0.0,0.0413920347176865,-0.020676258855836238,0,0,0,1,0,1.0,0.4298245614035088,0.5219777968811272,0.3995363601625208,0.909370363502404,0.6456461185996581,0.0,0.2982456140350877,0.15932167157588015
1850,114,100.0,114,0,113,1,0,0.0,10.96355221217039,10.904458013708606,144.78482040220447,8.599185077722858,4.3111477320896485,3.4607273546525805,9.228070175438596,2.4305875750258568,0.5375057293777479,0.07949310985656041,0.08528934260698451,0.0,0.07949310985656041,0.007639530868281064,0,0,0,1,0,0.0,0.41228070175438597,0.5170694718682979,0.39985992684518445,0.9065547242398594,0.6440157337935924,0.0,0.2982456140350877,0.15932312308715663
1851,114,100.0,114,0,114,0,0,0.0,11.038690895825892,10.977927328628846,144.03665538936977,8.603636863786267,4.31143400063351,3.462854254333821,9.228070175438596,2.4305875750258568,0.5356646667940366,0.0,0.0,0.0,0.0,0.0,0,0,0,0,0,0.0,0.42105263157894735,0.5128798923351436,0.41616553746045737,0.9067813891350874,0.638433165514993,0.0,0.3333333333333333,0.15975291878489611
1852,114,100.0,114,0,113,1,0,0.0,10.932518556116941,10.872777706244948,139.42850376705962,8.60593584236527,4.424781674539863,3.5455305218103725,9.228070175438596,2.4305875750258568,0.5330286387675895,0.0510751941570186,0.0863445631054163,0.0,0.0510751941570186,-0.0022469278679420057,0,0,0,1,0,0.0,0.4298245614035088,0.5076398474006681,0.42024657556854284,0.9143842353172615,0.6325004863007276,0.0,0.3333333333333333,0.15924999643019822
1853,114,100.0,114,0,114,0,0,0.0,11.073260651449644,11.00921547509932,156.96412267578793,8.61083193382251,4.406243083958635,3.5563952609311653,9.228070175438596,2.4305875750258568,0.5411968708913104,0.0,0.0,0.0,0.0,0.0,0,0,0,0,0,0.0,0.42105263157894735,0.531149849690158,0.39857840586731275,0.9048666175010524,0.644330129624587,0.0,0.3333333333333333,0.16001320880217254
1854,114,100.0,114,0,114,0,0,0.0,10.939622831575287,10.876056745445025,146.20748154509164,8.613019789858702,4.496496589453968,3.5993538980287187,9.228070175438596,2.4305875750258568,0.537371669772797,0.0,0.0,0.0,0.0,0.0,0,0,0,0,0,0.0,0.43859649122807015,0.5200672889714865,0.4135604760000365,0.9014906933438084,0.6360993801326227,0.0,0.3333333333333333,0.15937160858128832
1855,113,99.12280701754386,114,1,113,0,0,0.008771929824561403,11.12442809185183,11.063767981477096,160.26366073655515,8.618719411359267,4.424827626283006,3.5711551336226126,9.228070175438596,2.4305875750258568,0.5426395180892627,0.5952477917878274,0.06822877845880207,1.0,0.4047522082121726,0.15160539470149903,0,1,0,0,0,0.0,0.43859649122807015,0.5349143770123537,0.40686458482628096,0.9067813891350874,0.6469329727643522,0.008771929824561403,0.3333333333333333,0.16036490202867915
1856,112,98.24561403508773,114,1,113,0,0,0.008771929824561403,11.236378543954649,11.157092041059064,169.08032759765337,8.626485232620869,4.356654600703609,3.535864088519277,9.228070175438596,2.4305875750258568,0.5467316863065259,0.9688816526202542,0.08046286600070038,1.0,0.031118347379745837,0.17079529732502685,0,1,0,0,0,1.0,0.42105263157894735,0.5455206748587481,0.4059637726554023,0.9028800675974009,0.6450257853084747,0.008771929824561403,0.2982456140350877,0.16101903183253485
1857,112,98.24561403508773,114,0,113,1,0,0.0,11.270285977931886,11.19080050430213,181.21302469786875,8.634412719678142,4.291757353918861,3.439200076765835,9.228070175438596,2.4305875750258568,0.5495307229018005,0.20172792863001093,0.0779835923792915,0.0,0.20172792863001093,0.03529293565758973,0,0,0,1,0,0.0,0.40350877192982454,0.5576012072817406,0.38217417295180595,0.8849419596177392,0.6526782192529108,0.0,0.3333333333333333,0.16128491126013397
1858,111,97.36842105263158,114,1,113,0,0,0.008771929824561403,11.189459649065675,11.128900793472871,167.83456539981225,8.640642775029391,4.34832124029734,3.48172056923839,9.228070175438596,2.4305875750258568,0.5460383791185988,0.4547814346894782,0.08567350800185031,0.0,0.4547814346894782,0.03394126029096611,0,1,0,0,0,0.0,0.4298245614035088,0.5444838162736982,0.3973014224202919,0.8929118425996629,0.6490345063939289,0.008771929824561403,0.3333333333333333,0.16095649309144527
1859,111,97.36842105263158,114,0,114,0,0,0.0,11.280040655059462,11.21793286852988,175.92826239438992,8.648753731318942,4.262386629430577,3.439921084133406,9.228070175438596,2.4305875750258568,0.5488179316037967,0.0,0.0,0.0,0.0,0.0,0,0,0,0,0,0.0,0.43859649122807015,0.5535359779768846,0.39413717479278176,0.8965008370730645,0.6483616234933753,0.0,0.3333333333333333,0.161507970069309
1860,112,98.24561403508773,114,0,113,1,0,0.0,11.269820757581845,11.208080772180294,182.11602917090008,8.6564759726489,4.25855043291504,3.439413725746235,9.228070175438596,2.4305875750258568,0.5496774440318941,0.10410977905152774,0.09713616536723811,0.0,0.10410977905152774,-0.058617717016885784,0,0,0,1,0,0.0,0.41228070175438597,0.5588584178700265,0.37742552229982884,0.8965008370730645,0.6526502525691612,0.0,0.3333333333333333,0.16155071850106065
1861,113,99.12280701754386,114,1,113,0,0,0.008771929824561403,11.25592181771213,11.199873045955751,178.02192235590806,8.663738980267512,4.229753433524951,3.4515112646021433,9.228070175438596,2.4305875750258568,0.5482507076872072,0.7776616810219061,0.058960582210113965,1.0,0.22233831897809386,0.14608928384204267,0,1,0,0,0,0.0,0.4298245614035088,0.5552495213537848,0.38843654646264386,0.9044200894941165,0.6550433626890965,0.008771929824561403,0.3684210526315789,0.16156949068208765
1862,113,99.12280701754386,114,0,113,1,0,0.0,11.333591401515475,11.275467574400674,184.57281200179716,8.67240730819202,4.17975443241729,3.4312340752299315,9.228070175438596,2.4305875750258568,0.5495817496668849,0.6119823295319496,0.09897174097393382,1.0,0.38801767046805036,0.042937415563459425,0,0,0,1,0,0.0,0.4298245614035088,0.5614682333289313,0.3831192189345262,0.8821759649076101,0.6587355475525594,0.0,0.3684210526315789,0.16206318425185218
1863,113,99.12280701754386,114,0,114,0,0,0.0,11.42576351614076,11.36841285562354,191.6662059444609,8.682672237980613,4.021136781242751,3.3042559076659317,9.228070175438596,2.4305875750258568,0.5518502455270646,0.0,0.0,0.0,0.0,0.0,0,0,0,0,0,0.0,0.45614035087719296,0.5686012972536302,0.3839772892771967,0.885834314163539,0.66430485156779,0.0,0.3684210526315789,0.16264879387899195
1864,113,99.12280701754386,114,0,114,0,0,0.0,11.426337640506397,11.370289935526758,190.7828055018196,8.692724168917898,4.075952438685916,3.357317637142236,9.228070175438596,2.4305875750258568,0.5479320862439667,0.0,0.0,0.0,0.0,0.0,0,0,0,0,0,0.0,0.4298245614035088,0.5615902121275255,0.3825781830249996,0.8903560719741105,0.6592165777029696,0.0,0.3684210526315789,0.16277382499302603
1865,113,99.12280701754386,114,0,114,0,0,0.0,11.199586793468123,11.146981475497215,170.49832123142045,8.698189612724006,4.221466177302869,3.383542677733227,9.228070175438596,2.4305875750258568,0.5412012761233489,0.0,0.0,0.0,0.0,0.0,0,0,0,0,0,0.0,0.45614035087719296,0.5416431648043152,0.3941427272186776,0.9049646355190462,0.6539818073466086,0.0,0.3684210526315789,0.1617064919568703
1866,113,99.12280701754386,114,1,113,0,0,0.008771929824561403,11.207417780719444,11.137107933936253,167.66394235316722,8.703705318422312,4.218016754789442,3.3718550356201327,9.228070175438596,2.4305875750258568,0.5382078792797902,0.7588447175743536,0.11235281791591095,1.0,0.24115528242564643,0.013093610922068954,0,1,0,0,0,0.0,0.45614035087719296,0.5353671514311366,0.38856662513659,0.8904848567499292,0.6522337945830976,0.008771929824561403,0.36842105263157887,0.16181267892181592
1867,113,99.12280701754386,114,0,113,1,0,0.0,11.313698287922463,11.242169959060192,176.15528185983783,8.710754767336441,4.139288529264812,3.357361417149228,9.228070175438596,2.4305875750258568,0.5418288937559919,0.09991058554796481,0.08911150402864376,0.0,0.09991058554796481,-0.0014981357966030728,0,0,0,1,0,0.0,0.4824561403508772,0.5450758176871866,0.3844780676577933,0.9071224187004898,0.6577645675005668,0.0,0.36842105263157887,0.1624297529725383
1868,113,99.12280701754386,114,0,114,0,0,0.0,11.343720235143111,11.271448856575597,190.87733911447,8.718202192617246,4.138263973070364,3.4255945432208534,9.228070175438596,2.4305875750258568,0.5458331105906891,0.0,0.0,0.0,0.0,0.0,0,0,0,0,0,0.0,0.49122807017543857,0.5600709083565528,0.36462362878137233,0.8847407423844065,0.6672290923129922,0.0,0.36842105263157887,0.16267037080540886
1869,113,99.12280701754386,114,0,113,1,0,0.0,11.25258177324867,11.181023551774546,176.42306179928266,8.723710308725977,4.207575496458559,3.4375775225101295,9.228070175438596,2.4305875750258568,0.5409713347339953,0.26763358482966026,0.0941751812896181,0.0,0.26763358482966026,-0.004509291076194799,0,0,0,1,0,0.0,0.49122807017543857,0.5435924498480726,0.3886665077388873,0.8757805383722602,0.6567753810988975,0.0,0.36842105263157887,0.16228161828881504
1870,113,99.12280701754386,114,0,114,0,0,0.0,11.300436970323716,11.228107404112974,181.90180079855014,8.730000076660774,4.088117609558282,3.3552308252833343,9.228070175438596,2.4305875750258568,0.5451582865111639,0.0,0.0,0.0,0.0,0.0,0,0,0,0,0,0.0,0.49122807017543857,0.5538970243967489,0.3843226150477968,0.8756527784409786,0.6625300758990393,0.0,0.40350877192982454,0.16259733343315086
1871,114,100.0,114,0,112,2,0,0.0,11.267294413625674,11.19423595279664,175.50738401283036,8.73547834604791,4.141640630978465,3.373681974709759,9.228070175438596,2.4305875750258568,0.5415727207886043,0.5242848926141347,0.10085687326886081,0.5,0.4445340109420557,-0.00427155826750214,0,0,0,2,0,0.0,0.49122807017543857,0.5452101369911276,0.3883355464233126,0.8749841592822115,0.6599699235636952,0.0,0.40350877192982454,0.16249819771718574
1872,113,99.12280701754386,114,1,113,0,0,0.008771929824561403,11.229068202263552,11.141865414218891,170.68437288452768,8.740122150420492,4.154468967169297,3.3948890327145094,9.228070175438596,2.4305875750258568,0.5384625181798253,0.3089849340526932,0.0967272168432573,0.0,0.3089849340526932,-0.03139283846552665,0,1,0,0,0,0.0,0.4824561403508772,0.5383886714315378,0.39132131906637957,0.8825000318633128,0.6528504088819882,0.008771929824561403,0.36842105263157887,0.16236350252641935
1873,113,99.12280701754386,114,0,114,0,0,0.0,11.1970344380875,11.114029154888582,165.67907443167266,8.743794796769064,4.200698459287961,3.436902021654117,9.228070175438596,2.4305875750258568,0.5376431590113995,0.0,0.0,0.0,0.0,0.0,0,0,0,0,0,0.0,0.47368421052631576,0.5339471179282693,0.3887667973717553,0.8642382010786632,0.6540954676663059,0.0,0.368421052631579,0.16224796714845063
1874,113,99.12280701754386,114,0,114,0,0,0.0,11.237895976528373,11.155405053881944,169.835879915446,8.748182718199809,4.24788294130122,3.4732360066633596,9.228070175438596,2.4305875750258568,0.5370470597369441,0.0,0.0,0.0,0.0,0.0,0,0,0,0,0,0.0,0.4649122807017544,0.5349200702798776,0.38448359168428836,0.8803254286097986,0.6512550548244948,0.0,0.368421052631579,0.1625056009772038
1875,113,99.12280701754386,114,0,114,0,0,0.0,11.333625575787977,11.251482310873017,176.99659688624286,8.754332180854133,4.26072236833015,3.4799874586900983,9.228070175438596,2.4305875750258568,0.5386788542491863,0.0,0.0,0.0,0.0,0.0,0,0,0,0,0,0.0,0.45614035087719296,0.5388801835709737,0.3765415211950047,0.8802983207872406,0.6512078216065842,0.0,0.29824561403508765,0.16305898301110522
1876,113,99.12280701754386,114,0,113,1,0,0.0,11.509759208328568,11.423424596785429,191.8400600855415,8.763675541703336,4.197560938601283,3.4889644788320044,9.228070175438596,2.4305875750258568,0.5412106729618447,0.3747873517704453,0.07727793809509306,0.0,0.3747873517704453,0.03966098276295682,0,0,0,1,0,0.0,0.45614035087719296,0.5498091919136727,0.36334750884013034,0.8751256396477538,0.6542100579381539,0.0,0.29824561403508765,0.16405320045775346
1877,114,100.0,114,0,114,0,0,0.0,11.54757751554087,11.461364869706035,190.00840295446875,8.773529541232277,4.2647385148832235,3.516127486782164,9.228070175438596,2.4305875750258568,0.540647802219482,0.0,0.0,0.0,0.0,0.0,0,0,0,0,0,0.0,0.4473684210526316,0.5465353705948014,0.36065436453051886,0.8589400480105139,0.6573810151381324,0.0,0.29824561403508776,0.16436204703791174
1878,114,100.0,114,0,112,2,0,0.0,11.544342965583676,11.45996335716086,188.4476171837763,8.783116778681197,4.316996090743671,3.5238629197417994,9.228070175438596,2.4305875750258568,0.5410623571077002,0.22207595710090075,0.07515188126723334,0.0,0.22207595710090075,0.0470545086005818,0,0,1,1,0,0.5,0.47368421052631576,0.545287166844375,0.36023887620017236,0.8718631527853324,0.657313849128236,0.0,0.29824561403508765,0.16446238738923663
1879,114,100.0,114,0,113,1,0,0.0,11.57531025404298,11.49175558216544,189.97173502269004,8.793089180224523,4.336027499296671,3.5108875997145974,9.228070175438596,2.4305875750258568,0.5388552079803937,0.8500902064721239,0.11112277131865872,1.0,0.14990979352787615,-0.01459443792408166,0,0,0,1,0,0.0,0.4473684210526316,0.5415639437652553,0.35502485742398865,0.860869818243205,0.6530272925714797,0.0,0.29824561403508765,0.164738417807955
1880,113,99.12280701754386,114,1,113,0,0,0.008771929824561403,11.577237761453386,11.489199778877538,186.91151892849734,8.802802868045385,4.415899865193049,3.54459961969102,9.228070175438596,2.4305875750258568,0.5377883393665921,0.8414244753475253,0.09302325628082915,1.0,0.1585755246524747,0.05275725604178927,1,0,0,0,0,0.0,0.4473684210526316,0.5382799396203385,0.36408690606214295,0.850028011265716,0.6499250057203171,0.008771929824561403,0.2982456140350877,0.16486610518963238
1881,113,99.12280701754386,114,0,113,1,0,0.0,11.654642286269207,11.567057736242683,188.88674489343433,8.813761009787198,4.349209979248615,3.4761806677769385,9.228070175438596,2.4305875750258568,0.537729976766951,0.6166311365682139,0.0670447868401251,1.0,0.3833688634317861,0.16521983857501743,0,0,0,1,0,0.0,0.45614035087719296,0.5384069498560482,0.357635579101896,0.8499070471954793,0.6527551024642676,0.0,0.29824561403508776,0.1653863014295266
1882,113,99.12280701754386,114,0,112,2,0,0.0,11.7166808320216,11.629129732949027,190.87991194750757,8.825659775688994,4.299513945648383,3.430332006139148,9.228070175438596,2.4305875750258568,0.5401056777680542,0.29732932841648524,0.05601780130188877,0.5,0.22105392704824295,0.12847020043071322,0,0,0,2,0,0.5,0.4473684210526316,0.541948868862649,0.35833268527897166,0.8499070471954793,0.6534972541575415,0.0,0.29824561403508776,0.1658410991210838
1883,113,99.12280701754386,114,0,114,0,0,0.0,11.742949532735684,11.654985873811711,190.65485824274455,8.837772096582952,4.261427925041625,3.3851899371527097,9.228070175438596,2.4305875750258568,0.539575244295158,0.0,0.0,0.0,0.0,0.0,0,0,0,0,0,0.0,0.45614035087719296,0.5398308658192611,0.3552538537523256,0.8747617496793348,0.6587972376839366,0.0,0.2631578947368421,0.16611964290800213
1884,113,99.12280701754386,114,0,114,0,0,0.0,11.817900405471441,11.728694059663445,187.25439626220424,8.851023250515885,4.0272402494824115,3.23469012421971,9.228070175438596,2.4305875750258568,0.5425437291712696,0.0,0.0,0.0,0.0,0.0,0,0,0,0,0,0.0,0.4649122807017544,0.5413906455135447,0.37462993813327844,0.8642371662394066,0.663644482379928,0.0,0.2631578947368421,0.16665543772220162
1885,114,100.0,114,0,114,0,0,0.0,11.654293355081405,11.568539693280828,167.63771307394956,8.860838169843651,4.180462871549923,3.3176651285710324,9.228070175438596,2.4305875750258568,0.5361734815553434,0.0,0.0,0.0,0.0,0.0,0,0,0,0,0,0.0,0.4649122807017544,0.5220065237729886,0.399473402102406,0.8747617496793348,0.6533432807353988,0.0,0.2631578947368421,0.16595668257509116
1886,113,99.12280701754386,114,1,113,0,0,0.008771929824561403,11.606356720527705,11.504700016252333,166.70593811728313,8.86949029475351,4.311613058203843,3.3828030627967314,9.228070175438596,2.4305875750258568,0.5337692390461637,0.9457223148032957,0.10772473227109494,1.0,0.054277685196704284,0.00842683385021381,0,1,0,0,0,0.0,0.4473684210526316,0.5185831660463637,0.3961733086483784,0.8747617496793348,0.6444960664636982,0.008771929824561403,0.2631578947368421,0.16582214813884005
1887,113,99.12280701754386,114,0,114,0,0,0.0,11.619205002779323,11.517015033556595,162.94029261796297,8.877854474816695,4.287229770876887,3.3427154077386243,9.228070175438596,2.4305875750258568,0.5296130588965118,0.0,0.0,0.0,0.0,0.0,0,0,0,0,0,0.0,0.43859649122807015,0.5099270669865122,0.39697543655324546,0.8747617496793348,0.6412790249406387,0.0,0.2631578947368421,0.16598803891078243
1888,113,99.12280701754386,114,0,111,3,0,0.0,11.586448357836383,11.488290902818216,160.44848835086907,8.885456824036305,4.248691951748785,3.3251452717061616,9.228070175438596,2.4305875750258568,0.5302810657005226,0.2844156967551814,0.06857070322039935,0.0,0.2844156967551814,0.0606588132981963,0,0,0,3,0,0.0,0.45614035087719296,0.508330775967031,0.3941214239965275,0.8950613561810051,0.6454697084763825,0.0,0.2631578947368421,0.1659166465638387
1889,113,99.12280701754386,114,0,111,3,0,0.0,11.46803436146791,11.373660497810732,153.58744644857353,8.890645437595321,4.289733673280192,3.3446518100936125,9.228070175438596,2.4305875750258568,0.5267217210319557,0.3381951871305868,0.0853596668843064,0.3333333333333333,0.10857488782589587,0.029396739022711966,0,0,0,3,0,0.3333333333333333,0.43859649122807015,0.5005555625869063,0.38901316031015726,0.8941699505968651,0.6440136430585883,0.0,0.2631578947368421,0.16538763348023708
1890,111,97.36842105263158,114,2,111,1,0,0.017543859649122806,11.552024257089027,11.466580035924403,155.09743234932125,8.89736039944103,4.354507251968586,3.3931270735360166,9.228070175438596,2.4305875750258568,0.5269493419491962,0.34186963217281746,0.06889541307940845,0.3333333333333333,0.03293977670402053,0.09311236442539261,1,1,0,1,0,1.0,0.4473684210526316,0.49991714765673956,0.3862964375994525,0.8941699505968651,0.6511802170659954,0.017543859649122806,0.2631578947368421,0.16588918947248746
1891,111,97.36842105263158,114,1,113,0,0,0.008771929824561403,11.648505077445982,11.549250927736615,163.1595770535281,8.905960455122896,4.3633618261246285,3.4362850962449065,9.228070175438596,2.4305875750258568,0.5272691529246907,0.6153831241249557,0.08273441460908987,1.0,0.38461687587504434,0.08868797933755168,0,1,0,0,0,0.0,0.43859649122807015,0.5040379106192338,0.3685773847119291,0.8960606036405436,0.6479891803989799,0.008771929824561403,0.2982456140350877,0.16647610951669659
1892,110,96.49122807017544,114,1,112,0,1,0.008771929824561403,11.646114730936825,11.56978625893053,157.99422036038754,8.913991013819613,4.388016952312831,3.4214628572394448,9.228070175438596,2.4305875750258568,0.5244260327020211,0.6567962718340313,0.09214656940042489,1.0,0.34320372816596867,0.04667161001238895,0,2,0,0,0,0.0,0.4473684210526316,0.4967238120774986,0.3792050027457085,0.8943195046462196,0.6441621060452617,0.008771929824561403,0.2982456140350877,0.1665617526650946
1893,109,95.6140350877193,114,1,112,0,1,0.008771929824561403,11.632190300599714,11.549321394013106,150.75576324327125,8.922048830317024,4.418925609870021,3.452809861241573,9.228070175438596,2.4305875750258568,0.5200277061788154,0.8902946017004318,0.11458964015513332,1.0,0.10970539829956816,0.0011479051702574239,0,2,0,0,0,0.0,0.4298245614035088,0.4855468931937943,0.39431025079461457,0.8873277190596485,0.6372121833429322,0.008771929824561403,0.2982456140350877,0.16659005665671126
1894,109,95.6140350877193,114,0,114,0,0,0.0,11.504243518126785,11.420326169553167,141.17658583781565,8.927255443133268,4.595266024389446,3.5837997306167475,9.228070175438596,2.4305875750258568,0.5142330080052528,0.0,0.0,0.0,0.0,0.0,0,0,0,0,0,0.0,0.39473684210526316,0.47211997057241295,0.39863970345590916,0.8793320905835265,0.6287458248727406,0.0,0.2982456140350877,0.16601359838644228
1895,111,97.36842105263158,114,0,114,0,0,0.0,11.368393914525713,11.284985986351534,130.39401832613646,8.929703855323787,4.8024323095248524,3.667275901165657,9.228070175438596,2.4305875750258568,0.5075562171237222,0.0,0.0,0.0,0.0,0.0,0,0,0,0,0,0.0,0.41228070175438597,0.456841012775644,0.41293500765035807,0.8914524531541015,0.616401185032429,0.0,0.2982456140350877,0.165364105769681
1896,112,98.24561403508773,114,0,114,0,0,0.0,11.416673242155287,11.33433703140503,133.60879344344974,8.933052373007191,4.924089715454347,3.7674853360204925,9.228070175438596,2.4305875750258568,0.5067307535166092,0.0,0.0,0.0,0.0,0.0,0,0,0,0,0,0.0,0.41228070175438597,0.4562410421827796,0.39364651811958373,0.8676349440883279,0.6159983586494754,0.0,0.2982456140350877,0.16564619673520906
1897,113,99.12280701754386,114,0,114,0,0,0.0,11.428360511355967,11.347333788427223,136.0326261776165,8.936572220084901,4.855839984390042,3.738694365338313,9.228070175438596,2.4305875750258568,0.5089180512935141,0.0,0.0,0.0,0.0,0.0,0,0,0,0,0,0.0,0.43859649122807015,0.46067933540318057,0.392938245200345,0.8962217018752348,0.6202190916869654,0.0,0.2631578947368421,0.16574740956407782
1898,114,100.0,114,0,112,2,0,0.0,11.356689900833347,11.278710582105983,133.98940891583715,8.938672156495743,4.90400183522292,3.76978803699738,9.228070175438596,2.4305875750258568,0.5054615647744842,0.25175259595585836,0.09354010401042978,0.5,0.2488561293651121,-0.11133521397993862,0,0,0,2,0,0.5,0.40350877192982454,0.45441922916017796,0.374449848531956,0.8558372675884225,0.6245645627427797,0.0,0.2631578947368421,0.1654145769082074
1899,113,99.12280701754386,114,1,111,2,0,0.008771929824561403,11.470249571391044,11.386936454423461,133.12601583827484,8.942853834019482,4.9001582518828934,3.740931851419663,9.228070175438596,2.4305875750258568,0.5053785692956638,0.4319087483383363,0.08767100877736493,0.6666666666666666,0.23482240363754223,-0.02099679957335739,0,1,0,2,0,0.3333333333333333,0.38596491228070173,0.45311097851509674,0.39641799971843483,0.8852246558447886,0.6230410963698839,0.008771929824561403,0.22807017543859648,0.16603319492815571
1900,112,98.24561403508773,114,1,112,1,0,0.008771929824561403,11.508714047007706,11.408607005320068,132.04951545980313,8.947638238294893,4.988585826783749,3.7723520152303243,9.228070175438596,2.4305875750258568,0.5040641231831682,0.43731893186521525,0.0968034986732203,0.5,0.06277823815866805,-0.06931617957612479,0,1,0,1,0,0.5,0.40350877192982454,0.45049935055201834,0.3999086756969321,0.8947877404566318,0.615602903642494,0.008771929824561403,0.26315789473684215,0.1662836618741676
1901,112,98.24561403508773,114,0,113,1,0,0.0,11.525706724176372,11.423807570342898,132.66829836554282,8.95229057293633,5.051537912572595,3.818916771282859,9.228070175438596,2.4305875750258568,0.5039472215683101,2.492749163014431e-07,0.08089463012159362,0.0,2.492749163014431e-07,-0.11215891673850908,0,0,0,1,0,1.0,0.3684210526315789,0.45066804635326646,0.40242116537629674,0.8947877404566318,0.6106127061785837,0.0,0.26315789473684215,0.1664251647938826
1902,112,98.24561403508773,114,0,113,1,0,0.0,11.523251682036726,11.424030807797571,127.5951275237562,8.95683416929549,5.077394335167956,3.8055723030391357,9.228070175438596,2.4305875750258568,0.5009931306557955,5.627644447414451e-08,0.08061361501885121,0.0,5.627644447414451e-08,-0.12974872043320662,0,0,1,0,0,1.0,0.35964912280701755,0.44222448125233216,0.4155373780848602,0.8983616069988178,0.6030792002550528,0.0,0.26315789473684215,0.16646810762746694
1903,112,98.24561403508773,114,0,114,0,0,0.0,11.560662481514749,11.463674795979493,133.4827166081427,8.962038195046883,5.026298537451967,3.8569130910429537,9.228070175438596,2.4305875750258568,0.501708130053818,0.0,0.0,0.0,0.0,0.0,0,0,0,0,0,0.0,0.3508771929824561,0.44686421738308113,0.3987874167643699,0.9026477284731631,0.6049334533649073,0.0,0.26315789473684215,0.16671840582651432
1904,113,99.12280701754386,114,0,114,0,0,0.0,11.533208473998261,11.437689837242514,132.95782537555593,8.966610462652211,5.116565841441028,3.8789879977710036,9.228070175438596,2.4305875750258568,0.4992204709262258,0.0,0.0,0.0,0.0,0.0,0,0,0,0,0,0.0,0.3684210526315789,0.44314736112470543,0.38939901658700865,0.8997931691580547,0.6021743555062713,0.0,0.3157894736842105,0.16663670227308788
1905,114,100.0,114,0,114,0,0,0.0,11.639725547995045,11.545336409796468,134.50125495255688,8.973164752663177,5.0458806147148305,3.829051689302569,9.228070175438596,2.4305875750258568,0.5021299990143668,0.0,0.0,0.0,0.0,0.0,0,0,0,0,0,0.0,0.37719298245614036,0.4464780997980716,0.3897812461841798,0.922830768545915,0.6110721122270979,0.0,0.3157894736842105,0.16724894152239064
1906,114,100.0,114,0,114,0,0,0.0,11.725566192193751,11.62860901641624,136.69428155731094,8.981178945819426,5.038893618230749,3.8518488800238075,9.228070175438596,2.4305875750258568,0.5021393343069829,0.0,0.0,0.0,0.0,0.0,0,0,0,0,0,0.0,0.34210526315789475,0.4475923651848096,0.3954931004237695,0.8994800094070872,0.6105256421426923,0.0,0.22807017543859648,0.16777554073493134
1907,114,100.0,114,0,113,1,0,0.0,11.635654668053173,11.541287897361999,133.08410018014533,8.987300413976495,5.070349276919153,3.869716783781409,9.228070175438596,2.4305875750258568,0.5006013791875394,2.590107240598033e-07,0.05445829145346168,0.0,2.590107240598033e-07,-0.03743533226793705,0,0,0,1,0,1.0,0.37719298245614036,0.4435312562073135,0.39492569323874444,0.9003161250953459,0.6079958626137506,0.0,0.26315789473684215,0.1674003769364459
1908,114,100.0,114,0,113,1,0,0.0,11.591355407712141,11.500424034341565,131.2683696536353,8.992478508907329,5.13568657514856,3.9013918626364577,9.228070175438596,2.4305875750258568,0.4969822159203465,1.7977809541625797e-07,0.05591549386706031,0.0,1.7977809541625797e-07,-0.04474814278848038,0,0,0,1,0,1.0,0.37719298245614036,0.4375594049275611,0.39278602885710756,0.9120211636661072,0.6042737271795793,0.0,0.2807017543859649,0.1672418097007467
1909,114,100.0,114,0,112,2,0,0.0,11.584504359457096,11.495200651352354,137.66522745357176,8.997429178587808,5.175247636551633,3.965256518985605,9.228070175438596,2.4305875750258568,0.49724552937314503,0.0252875492305175,0.06035558880012222,0.0,0.0252875492305175,0.003381120867371301,0,0,0,2,0,0.5,0.3684210526315789,0.44255212163609037,0.3730655556268249,0.9074928148827197,0.6039371529753413,0.0,0.3157894736842105,0.1672677196405386
1910,114,100.0,114,0,112,2,0,0.0,11.56663088912157,11.477235801472599,136.84361129159706,9.00191019677891,5.200275420618515,4.0123050291899185,9.228070175438596,2.4305875750258568,0.49552090713238517,0.020388009320318444,0.0605151127150977,0.0,0.020388009320318444,-0.005968609929234203,0,0,0,2,0,1.0,0.38596491228070173,0.43977254943233085,0.3791187003653815,0.9115429655926004,0.595934252311361,0.0,0.3157894736842105,0.16723280982455477
1911,114,100.0,114,0,110,4,0,0.0,11.612763986705966,11.523494547359116,136.7912634466779,9.007181787362532,5.141797561752153,3.8991543211303976,9.228070175438596,2.4305875750258568,0.4947900956012037,0.13351966497185694,0.06925215419616067,0.0,0.13351966497185694,0.0034126243928929156,0,0,0,4,0,0.25,0.40350877192982454,0.4374826637318671,0.37955102877503955,0.9109801364207655,0.5977803552442174,0.0,0.3508771929824561,0.1675275406253426
1912,113,99.12280701754386,114,1,110,3,0,0.008771929824561403,11.783737166038469,11.693510925038188,147.6653166222594,9.01571488182769,5.133987572733013,3.931784322731907,9.228070175438596,2.4305875750258568,0.49745496562001645,0.22219719716722688,0.08146636788901945,0.25,0.1940671702715848,-0.020433533440866847,0,1,0,3,0,0.5,0.3508771929824561,0.4445307283080172,0.3647268876988449,0.8991497229604158,0.6019766872000821,0.008771929824561403,0.3508771929824561,0.16848610868892283
1913,113,99.12280701754386,114,0,113,1,0,0.0,11.815049576091406,11.7224957435153,146.71165807235036,9.024520456130084,5.183160076156437,3.9584567530650125,9.228070175438596,2.4305875750258568,0.4950589954380651,0.5252995954195934,0.07262034763059537,1.0,0.47470040458040663,-0.27028395234605185,0,0,0,1,0,0.0,0.3508771929824561,0.4403995176732098,0.36266647907099214,0.8933517943621471,0.6018022476804422,0.0,0.2807017543859649,0.16874968433663934
1914,113,99.12280701754386,114,0,114,0,0,0.0,11.79838017920096,11.705049491869357,146.70672260859882,9.032772766097722,5.196910917014804,3.9710988127233766,9.228070175438596,2.4305875750258568,0.4948500168908476,0.0,0.0,0.0,0.0,0.0,0,0,0,0,0,0.0,0.3508771929824561,0.4409640016581144,0.36097827939549254,0.8868652554556962,0.5992771918788508,0.0,0.3508771929824561,0.16876662716255011
1915,113,99.12280701754386,114,0,113,1,0,0.0,11.761552407499149,11.665839390116973,141.13304186014045,9.040062067755557,5.291428615298139,4.026253617149108,9.228070175438596,2.4305875750258568,0.49342011129452223,0.36023624597141035,0.07261276362613475,0.0,0.36023624597141035,-0.1958234612752161,0,0,0,1,0,0.0,0.35964912280701755,0.43643330278252845,0.3744882125730946,0.881146882280565,0.5943333278133015,0.0,0.31578947368421056,0.1686710747342418
1916,113,99.12280701754386,114,0,113,1,0,0.0,11.652548527554124,11.55982936197389,139.22243819013065,9.045112863295127,5.382457665025178,4.0769689231201305,9.228070175438596,2.4305875750258568,0.4925007612149508,0.2577714416077359,0.0690786809503331,0.0,0.2577714416077359,-0.19311403931233206,0,0,0,1,0,0.0,0.3684210526315789,0.435282507730791,0.3687542187118287,0.881146882280565,0.5926565828701666,0.0,0.31578947368421056,0.16818743733892905
1917,113,99.12280701754386,114,1,113,0,0,0.008771929824561403,11.5024572229418,11.396007271384708,129.59336467238356,9.047219788988988,5.461025462754924,4.119265133170914,9.228070175438596,2.4305875750258568,0.4890634005752359,0.8333439441668232,0.08231586342249955,1.0,0.16665605583317677,-0.1850747327580322,0,1,0,0,0,0.0,0.39473684210526316,0.42710417719325183,0.38494873775003313,0.8809563298422792,0.5818917120798068,0.008771929824561403,0.2807017543859649,0.16746258615293244
1918,113,99.12280701754386,114,0,114,0,0,0.0,11.522939091510336,11.413237759899754,133.68300170123086,9.049246180032767,5.330688622649844,4.043207035163862,9.228070175438596,2.4305875750258568,0.49154335080687983,0.0,0.0,0.0,0.0,0.0,0,0,0,0,0,0.0,0.40350877192982454,0.4341358375071891,0.39037617304489836,0.8977419358695504,0.5822697608566715,0.0,0.3157894736842105,0.1675896221002409
1919,113,99.12280701754386,114,0,114,0,0,0.0,11.629084223982321,11.51777209104108,139.82445050564874,9.0532559566391,5.175804016427425,4.016907148310521,9.228070175438596,2.4305875750258568,0.4961664399769732,0.0,0.0,0.0,0.0,0.0,0,0,0,0,0,0.0,0.3684210526315789,0.4430964743045763,0.3823436809564298,0.8986365290270825,0.5921356964586257,0.0,0.2807017543859649,0.16816907832859074
1920,113,99.12280701754386,114,0,114,0,0,0.0,11.615496248097756,11.50468482319131,140.9837311189972,9.05691379410844,5.222299190082521,4.053195463395677,9.228070175438596,2.4305875750258568,0.49508075328733314,0.0,0.0,0.0,0.0,0.0,0,0,0,0,0,0.0,0.3508771929824561,0.4423937637613666,0.37933876182764087,0.9147633988543012,0.5882050694270554,0.0,0.2807017543859649,0.16814559192069012
1921,113,99.12280701754386,114,0,114,0,0,0.0,11.571844036699934,11.458364902963055,145.60942931040893,9.059582047654073,5.191681074822402,4.048960601087906,9.228070175438596,2.4305875750258568,0.495409772234646,0.0,0.0,0.0,0.0,0.0,0,0,0,0,0,0.0,0.32456140350877194,0.44769181128282093,0.3693828988928422,0.9054933937876708,0.587866975333068,0.0,0.3157894736842105,0.16795975798327617
1922,114,100.0,114,0,114,0,0,0.0,11.67400444548835,11.562153446742293,145.86259551624593,9.064203584120074,5.127109829645403,3.9809414648815498,9.228070175438596,2.4305875750258568,0.49666699460021335,0.0,0.0,0.0,0.0,0.0,0,0,0,0,0,0.0,0.3333333333333333,0.44753676586879937,0.3717108908178041,0.9010392912827951,0.589230360827499,0.0,0.3508771929824561,0.1685267252727772
1923,114,100.0,114,0,114,0,0,0.0,11.664254613596205,11.551724881541054,142.5236045698097,9.068510009766928,5.088205674367379,3.9681958219683793,9.228070175438596,2.4305875750258568,0.49578117576833414,0.0,0.0,0.0,0.0,0.0,0,0,0,0,0,0.0,0.3157894736842105,0.44449183522219227,0.38484827640957026,0.8990082191335642,0.5829634879523118,0.0,0.3508771929824561,0.16853031183666656
1924,114,100.0,114,0,113,1,0,0.0,11.822166397322796,11.708191491098178,147.78372665747486,9.075754210343852,4.956776180235519,3.8231446116596115,9.228070175438596,2.4305875750258568,0.4980516010510083,0.007603725311917,0.05698647827670145,0.0,0.007603725311917,-0.0889893348443449,0,0,0,1,0,1.0,0.2982456140350877,0.4487746409617252,0.3850837188960925,0.9119380972657896,0.5860516081132557,0.0,0.3157894736842105,0.16940790907486586
1925,113,99.12280701754386,114,1,113,0,0,0.008771929824561403,11.939859564040477,11.844093680560325,158.72569459362398,9.084990728933052,4.9120302078858185,3.8687381333255604,9.228070175438596,2.4305875750258568,0.50118803008618,0.5203191568701466,0.0796617644386304,1.0,0.4796808431298534,0.04974999871536934,0,1,0,0,0,0.0,0.34210526315789475,0.45912180067221575,0.380368610796937,0.9126936139914508,0.5900677798798916,0.008771929824561403,0.368421052631579,0.17010862574505128
1926,112,98.24561403508773,114,1,113,0,0,0.008771929824561403,12.092617471044875,11.995663126702725,161.81061256191518,9.097390288657014,4.866524497211639,3.898968682634815,9.228070175438596,2.4305875750258568,0.502765956849601,0.27206249521940296,0.048456702419789124,0.0,0.27206249521940296,0.15196867729027508,0,1,0,0,0,0.0,0.3508771929824561,0.46111201665400714,0.3935949776755093,0.8933335844500342,0.5969530737098802,0.008771929824561403,0.368421052631579,0.17102310635907753
1927,112,98.24561403508773,114,0,114,0,0,0.0,12.171009472057472,12.072939408576516,160.1370240026903,9.111024942813513,4.88325298513851,3.9039695316396603,9.228070175438596,2.4305875750258568,0.5031224361492006,0.0,0.0,0.0,0.0,0.0,0,0,0,0,0,0.0,0.3508771929824561,0.4593952641117192,0.40574521756088266,0.8862448305059566,0.5967062350418469,0.0,0.368421052631579,0.17158076746905332
1928,112,98.24561403508773,114,0,114,0,0,0.0,12.266605331319996,12.1668294292877,172.46933422408202,9.126153858102265,4.852470006373273,3.8997047889527496,9.228070175438596,2.4305875750258568,0.5070232853720738,0.0,0.0,0.0,0.0,0.0,0,0,0,0,0,0.0,0.3684210526315789,0.4708694651751182,0.38818851525735437,0.8941620577138321,0.6053763761058568,0.0,0.368421052631579,0.17224260753298826
1929,112,98.24561403508773,114,0,114,0,0,0.0,12.245563206220567,12.146985561771483,165.72557937449142,9.140529193793174,4.937812802643217,3.939560644208449,9.228070175438596,2.4305875750258568,0.5025473007041075,0.0,0.0,0.0,0.0,0.0,0,0,0,0,0,0.0,0.34210526315789475,0.46048743675140313,0.3919612108911275,0.8908792762078296,0.6011185877473396,0.0,0.36842105263157887,0.17231209946907683
1930,113,99.12280701754386,114,0,114,0,0,0.0,12.348212884342306,12.246482051347975,168.52741806848456,9.156489803811493,4.893230206111372,3.8704788185320607,9.228070175438596,2.4305875750258568,0.5054588834886351,0.0,0.0,0.0,0.0,0.0,0,0,0,0,0,0.0,0.3684210526315789,0.46482584387882997,0.3946876699240871,0.8900067375590043,0.607132086138679,0.0,0.36842105263157887,0.17301931616168734
1931,114,100.0,114,0,113,1,0,0.0,12.378652462428878,12.276721650598901,178.60194557728542,9.172650477179515,4.926681458591984,3.8787698282164573,9.228070175438596,2.4305875750258568,0.5070223858832483,0.5342269329241845,0.09428514209705027,1.0,0.46577306707581545,0.025586100004457712,0,0,0,1,0,0.0,0.34210526315789475,0.47160634965211146,0.36980827134540917,0.8998030655831475,0.6120060846680887,0.0,0.36842105263157887,0.17336791371158203
1932,113,99.12280701754386,114,1,112,1,0,0.008771929824561403,12.50292180838072,12.386871595493023,182.50417939072244,9.190805473236006,4.9452319019091115,3.92558602107759,9.228070175438596,2.4305875750258568,0.508227017461879,0.2974608505174078,0.08211821411200237,0.5,0.2451743905021118,0.03304854946662639,0,1,0,1,0,0.5,0.3333333333333333,0.4728249218966499,0.3703816389721503,0.8961771360228008,0.6116836911682177,0.008771929824561403,0.33333333333333326,0.174209896980539
1933,113,99.12280701754386,114,0,114,0,0,0.0,12.478576895669564,12.361514751715204,179.5718458859493,9.207780850670877,4.952150676829816,3.908492646045821,9.228070175438596,2.4305875750258568,0.5069119514839473,0.0,0.0,0.0,0.0,0.0,0,0,0,0,0,0.0,0.37719298245614036,0.46928120947244234,0.36444101178016014,0.9094072217704026,0.6135814529207735,0.0,0.29824561403508776,0.17429447312435606
1934,113,99.12280701754386,114,0,113,1,0,0.0,12.481025249187738,12.36531709692094,168.5584261337128,9.224417562155109,4.931399457020232,3.8264865167707396,9.228070175438596,2.4305875750258568,0.5039911932718928,0.09031645572965759,0.07253702151788755,0.0,0.09031645572965759,0.05090184705936274,0,0,0,1,0,0.0,0.35964912280701755,0.45909911388390456,0.37903696571291867,0.8900541162193406,0.6110619361688071,0.0,0.29824561403508776,0.17450889981306125
1935,113,99.12280701754386,114,0,113,1,0,0.0,12.577743655870671,12.461720343928873,178.97575789149772,9.242524436072069,4.866441591682157,3.827480109765978,9.228070175438596,2.4305875750258568,0.5082163756003821,0.18619063700671895,0.06696014436439952,0.0,0.18619063700671895,0.06276957181726228,0,0,1,0,0,0.0,0.34210526315789475,0.46904229931252484,0.3607708459402805,0.8900541162193406,0.6207368990894144,0.0,0.29824561403508776,0.17521254356030153
1936,112,98.24561403508773,114,1,113,0,0,0.008771929824561403,12.788628346122048,12.700147368106748,197.57553581887447,9.264248006930938,4.718788392361156,3.7435524597255023,9.228070175438596,2.4305875750258568,0.5123798300699292,0.8651794164100459,0.07338593650858043,1.0,0.13482058358995408,0.09640916422911561,0,1,0,0,0,0.0,0.3684210526315789,0.48024739879537465,0.3416433420024231,0.8972390513163779,0.6282657425478362,0.008771929824561403,0.33333333333333326,0.17653097221863223
1937,112,98.24561403508773,114,1,113,0,0,0.008771929824561403,12.8906375282833,12.786555204749114,204.33385284757847,9.288008817673179,4.7620523167275675,3.772386918794979,9.228070175438596,2.4305875750258568,0.5146382125905287,0.8851044595565488,0.09192226499712812,1.0,0.11489554044345118,0.12855169725877946,0,1,0,0,0,0.0,0.35964912280701755,0.48513702389652935,0.3373423273097521,0.882157212972715,0.6197282694486506,0.008771929824561403,0.33333333333333326,0.17732978178625164
1938,112,98.24561403508773,114,0,114,0,0,0.0,13.05587883380106,12.949097805099589,215.66587600518488,9.314046959246463,4.6724850256584185,3.7248987255400157,9.228070175438596,2.4305875750258568,0.5164676317289507,0.0,0.0,0.0,0.0,0.0,0,0,0,0,0,0.0,0.3684210526315789,0.49123045753433187,0.33357203154239184,0.8903584189157868,0.6207494816113874,0.0,0.33333333333333326,0.17847242823076437
1939,112,98.24561403508773,114,0,114,0,0,0.0,13.189946325079147,13.081868464719621,227.53749909172956,9.342033906710709,4.628959448750454,3.7052584946616496,9.228070175438596,2.4305875750258568,0.520268682460302,0.0,0.0,0.0,0.0,0.0,0,0,0,0,0,0.0,0.3508771929824561,0.5007447167737088,0.31854059845275534,0.8854378927030135,0.6304848829024914,0.0,0.33333333333333326,0.17948288932100231
1940,112,98.24561403508773,114,0,114,0,0,0.0,13.111407282819352,13.003825967108241,224.57459153735246,9.367823093907111,4.682145879335224,3.783465564218421,9.228070175438596,2.4305875750258568,0.5197210481252563,0.0,0.0,0.0,0.0,0.0,0,0,0,0,0,0.0,0.35964912280701755,0.5005202998927323,0.32098025473453395,0.8854378927030135,0.624517802640627,0.0,0.33333333333333326,0.17940360849955128
1941,113,99.12280701754386,114,0,114,0,0,0.0,13.084138666142655,12.97876258266554,228.28092383629652,9.392498102317301,4.799662773956454,3.838245950012076,9.228070175438596,2.4305875750258568,0.5164912679883318,0.0,0.0,0.0,0.0,0.0,0,0,0,0,0,0.0,0.34210526315789475,0.49890416776803104,0.31321042109021824,0.8854378927030135,0.6202902784331455,0.0,0.33333333333333326,0.17956713926044515
1942,114,100.0,114,0,114,0,0,0.0,13.145749309947943,13.039758792970625,236.44607490688722,9.417759416086065,4.7505752411219655,3.8105204055154145,9.228070175438596,2.4305875750258568,0.5178902686605402,0.0,0.0,0.0,0.0,0.0,0,0,0,0,0,0.0,0.34210526315789475,0.5046221796008628,0.31224577142317606,0.914288466420969,0.6206963206009578,0.0,0.33333333333333326,0.18018219165634752
1943,114,100.0,114,0,114,0,0,0.0,13.252628450040255,13.146043256512355,249.83227113730786,9.444473401073102,4.763510535324209,3.826265390508927,9.228070175438596,2.4305875750258568,0.5207080516822129,0.0,0.0,0.0,0.0,0.0,0,0,0,0,0,0.0,0.3508771929824561,0.5136766091773939,0.2968707483075163,0.9215711705132618,0.6260211959834777,0.0,0.33333333333333326,0.18104124075675365
1944,114,100.0,114,0,114,0,0,0.0,13.276051156826249,13.17072630189927,254.70077970260053,9.471018033687699,4.810319858191849,3.895887893148255,9.228070175438596,2.4305875750258568,0.5199239383932919,0.0,0.0,0.0,0.0,0.0,0,0,0,0,0,0.0,0.3333333333333333,0.514527532755458,0.27972526445979573,0.918582156081939,0.632488124972442,0.0,0.33333333333333326,0.18148094956176697
1945,114,100.0,114,0,114,0,0,0.0,13.219704735461637,13.11497776997576,229.68138909219994,9.495833462247973,4.860753217824236,3.9302232585104617,9.228070175438596,2.4305875750258568,0.5156755127245818,0.0,0.0,0.0,0.0,0.0,0,0,0,0,0,0.0,0.3684210526315789,0.49615080297810005,0.3043718637684933,0.9194393434946443,0.6228340672217113,0.0,0.368421052631579,0.18150079781658163
1946,114,100.0,114,0,114,0,0,0.0,13.280076124890467,13.17594034170436,228.63108566221655,9.521231129040055,4.749475705357613,3.8605741768636848,9.228070175438596,2.4305875750258568,0.5172780173096672,0.0,0.0,0.0,0.0,0.0,0,0,0,0,0,0.0,0.37719298245614036,0.49649539913427754,0.3064718499263864,0.9171191713521464,0.6267419331630862,0.0,0.368421052631579,0.18211131103042316
1947,114,100.0,114,0,114,0,0,0.0,13.141147800844598,13.038961980871637,220.26213113001987,9.543347980083643,4.835901790590792,3.914592238797448,9.228070175438596,2.4305875750258568,0.5138142192938209,0.0,0.0,0.0,0.0,0.0,0,0,0,0,0,0.0,0.39473684210526316,0.4894510429953918,0.3132953335363265,0.9203198087576068,0.6194139501747925,0.0,0.33333333333333326,0.18168545412692005
1948,114,100.0,114,0,113,1,0,0.0,13.32183462493837,13.218518283908335,245.2206380792578,9.568418680247206,4.748406853093072,3.894510885149893,9.228070175438596,2.4305875750258568,0.5197099159110554,0.07812929055624288,0.06234713055567917,0.0,0.07812929055624288,0.07187814312710161,0,0,0,1,0,0.0,0.3684210526315789,0.5073682319731223,0.2883257429448557,0.9149585410822938,0.6351490546177906,0.0,0.4035087719298246,0.1828935709089627
1949,114,100.0,114,0,113,1,0,0.0,13.173869728441948,13.071777553641626,237.61707722748383,9.59002668552173,4.737392541918556,3.842172969632939,9.228070175438596,2.4305875750258568,0.5194255146300326,0.16844814695954,0.06381633167765685,0.0,0.16844814695954,0.057828200680291264,0,0,0,1,0,0.0,0.37719298245614036,0.5066664482455814,0.2868666358951991,0.912084593011653,0.6375574397325485,0.0,0.4035087719298246,0.18241634717218733
1950,114,100.0,114,0,113,1,0,0.0,13.220620783702712,13.118697958515535,244.6056071209138,9.612021842529654,4.758908277102307,3.9240791292861394,9.228070175438596,2.4305875750258568,0.5203562428956594,0.06167634470392077,0.061603821965771126,0.0,0.06167634470392077,0.06528666460601329,0,0,0,1,0,0.0,0.38596491228070173,0.5103292928854659,0.28118234907245176,0.912084593011653,0.636540411618987,0.0,0.4035087719298246,0.18291740822516217
1951,114,100.0,114,0,113,1,0,0.0,13.318682850577167,13.213156676645118,262.5480054067054,9.635319109477345,4.768922253092724,3.9446005438635154,9.228070175438596,2.4305875750258568,0.5235178364101398,0.040459681309313086,0.061450746672588846,0.0,0.040459681309313086,0.06151317769732012,0,0,0,1,0,1.0,0.40350877192982454,0.5223267167642699,0.2719181333080696,0.90221174340609,0.6418554699960494,0.0,0.368421052631579,0.18369084879741004
1952,114,100.0,114,0,113,1,0,0.0,13.51337847736334,13.405090947191699,267.0194802496584,9.661782220374983,4.697938806618287,3.8472956914543452,9.228070175438596,2.4305875750258568,0.5241203620110695,0.04232622856917235,0.06043406226271826,0.0,0.04232622856917235,0.049855339095329576,0,0,0,1,0,1.0,0.39473684210526316,0.5222260169028461,0.2772034240032491,0.8891358975232849,0.64306349940915,0.0,0.4035087719298246,0.18498593147406253
1953,114,100.0,114,0,113,1,0,0.0,13.425685269434746,13.31824478256627,266.39887009105604,9.685913424517759,4.791256172618045,3.8733830608293762,9.228070175438596,2.4305875750258568,0.5218437332315584,0.004408091011150809,0.07028458811782637,0.0,0.004408091011150809,0.016142607198196046,0,0,0,1,0,1.0,0.38596491228070173,0.5200032274224498,0.2760980591049032,0.8912425038434182,0.6384810513861467,0.0,0.368421052631579,0.18484073045921878
1954,114,100.0,114,0,113,1,0,0.0,13.300257153485472,13.194623857173806,256.6568081520133,9.70705432672876,4.854345956612295,3.8540593582710247,9.228070175438596,2.4305875750258568,0.5185600979693914,0.1362614700378132,0.06606245000834332,0.0,0.1362614700378132,0.050351361211584234,0,0,1,0,0,0.0,0.39473684210526316,0.5129367394948856,0.27800573363128805,0.8835099707585753,0.6350066117360199,0.0,0.4035087719298246,0.1844705139506669
1955,114,100.0,114,0,113,1,0,0.0,13.41985945447545,13.313260426785684,264.35733969094827,9.729988233373712,4.858096038128992,3.9177207113033696,9.228070175438596,2.4305875750258568,0.5181101853986771,0.10708366859153778,0.0671292881908953,0.0,0.10708366859153778,0.06795588608282,0,0,0,1,0,0.0,0.39473684210526316,0.5139366114583691,0.2738618935086507,0.8752178396833408,0.633625835666696,0.0,0.4035087719298246,0.18534723979830692
1956,114,100.0,114,0,113,1,0,0.0,13.301663883465098,13.198802886466432,254.5816123607788,9.750139118730337,4.906050552757163,3.936307572961365,9.228070175438596,2.4305875750258568,0.5173879219029713,0.010327513998327431,0.06506746943737089,0.0,0.010327513998327431,0.046884057571812576,0,0,0,1,0,1.0,0.38596491228070173,0.5095449065965447,0.26797763748672815,0.8772823836338781,0.6385981103781414,0.0,0.4035087719298246,0.18500115440112305
1957,114,100.0,114,0,113,1,0,0.0,13.269641917585123,13.168887805487401,248.09053822199436,9.76921852937816,4.930112406073122,3.895714071372683,9.228070175438596,2.4305875750258568,0.5145801779532091,0.00795363446997659,0.06520785387516792,0.0,0.00795363446997659,0.03184504627884799,0,0,0,1,0,1.0,0.39473684210526316,0.502720789238309,0.2705108246673346,0.8915187036180364,0.6376186833792657,0.0,0.4035087719298246,0.18507291546402027
1958,114,100.0,114,0,114,0,0,0.0,13.290934964574117,13.189307342507947,240.60404627500745,9.788231250025147,5.042774349499343,3.9257570475900176,9.228070175438596,2.4305875750258568,0.5083304370375454,0.0,0.0,0.0,0.0,0.0,0,0,0,0,0,0.0,0.3684210526315789,0.49022908461744374,0.28231875742650786,0.8984454874174905,0.62307415467707,0.0,0.33333333333333326,0.18541044111182525
1959,114,100.0,114,0,114,0,0,0.0,13.294212878850905,13.193245487093405,229.4836594833482,9.8068584258888,5.141659555456268,3.9858969569263087,9.228070175438596,2.4305875750258568,0.5065954012776106,0.0,0.0,0.0,0.0,0.0,0,0,0,0,0,0.0,0.37719298245614036,0.48186473454863277,0.287610368778013,0.8908347528653067,0.6198520411533893,0.0,0.33333333333333326,0.1856532055942693
1960,114,100.0,114,0,113,1,0,0.0,13.130502737667975,13.031821185868997,200.637335534413,9.821894004723427,5.0989945509805406,3.9311342462512022,9.228070175438596,2.4305875750258568,0.5026269087206585,0.01757542153398064,0.06893405316866749,0.0,0.01757542153398064,0.06020399007080712,0,0,0,1,0,1.0,0.37719298245614036,0.46365641394770846,0.31364554356475494,0.888361199885592,0.6159033710210277,0.0,0.33333333333333326,0.18501738134384846
1961,113,99.12280701754386,114,1,113,0,0,0.008771929824561403,13.008563692106529,12.932578924089995,184.2441452215165,9.834258071661889,5.1439389321130875,3.923469194632698,9.228070175438596,2.4305875750258568,0.5001015271156606,0.7036054857400063,0.0712314117336129,1.0,0.29639451425999375,0.1732540988497755,0,1,0,0,0,0.0,0.3684210526315789,0.453271404946303,0.3193853766594855,0.8956381382060807,0.6194686031539373,0.008771929824561403,0.3684210526315789,0.18455794585342827
1962,112,98.24561403508773,114,1,111,0,2,0.008771929824561403,12.965109879171958,12.889964470236198,183.5549797596783,9.845839150098637,5.226605683186145,4.056474483956561,9.228070175438596,2.4305875750258568,0.4977663099942635,0.9981501707992444,0.11764878756061681,1.0,0.0018498292007556039,0.08254562027484565,0,3,0,0,0,1.0,0.38596491228070173,0.45008055173119504,0.30931943508418247,0.8974813209103146,0.615888379760624,0.008771929824561403,0.3508771929824561,0.18448142091552425
1963,111,97.36842105263158,114,1,112,0,1,0.008771929824561403,13.122925687684434,13.032916367027255,190.08006976882317,9.860185671576954,5.134744453909413,3.998992307602411,9.228070175438596,2.4305875750258568,0.5010895346274462,0.9785549560481092,0.09636858597283714,1.0,0.02144504395189084,0.11322792928702885,1,1,0,0,0,1.0,0.37719298245614036,0.4562030363748326,0.3130669604260781,0.9025586916190209,0.6168876496323701,0.008771929824561403,0.38596491228070173,0.18544485234233682
1964,110,96.49122807017544,114,1,113,0,0,0.008771929824561403,13.07699836609771,12.996526330347276,189.7911194180492,9.873069108106337,5.243152468891545,4.0955148092172,9.228070175438596,2.4305875750258568,0.4988968658431703,0.7407190506968209,0.05805599538346966,1.0,0.25928094930317913,0.18396894074408765,0,1,0,0,0,0.0,0.3684210526315789,0.45328388874038184,0.3037940824012473,0.895565997613545,0.6199353397246984,0.008771929824561403,0.3684210526315789,0.18537178733816295
1965,110,96.49122807017544,114,0,114,0,0,0.0,13.125704507661254,13.044696374779438,200.22874569984802,9.88674573251918,5.236842629068527,4.145062825936699,9.228070175438596,2.4305875750258568,0.5000433664014747,0.0,0.0,0.0,0.0,0.0,0,0,0,0,0,0.0,0.37719298245614036,0.45953388774372245,0.28652236543428417,0.9044844565228293,0.6265169861148348,0.0,0.3684210526315789,0.18578152921281144
1966,109,95.6140350877193,114,2,112,0,0,0.017543859649122806,13.204177584597852,13.10046569980404,213.5923624592316,9.901561043825499,5.226066141380149,4.167499586149084,9.228070175438596,2.4305875750258568,0.5030358732488629,0.6681130726370674,0.07984768904509193,0.5,0.18353540527521206,0.10909168773745526,0,2,0,0,0,0.5,0.37719298245614036,0.4702104555855027,0.2756811640889427,0.9070476837648024,0.6333242439289591,0.017543859649122806,0.3508771929824561,0.18635394415540082
1967,109,95.6140350877193,114,1,112,1,0,0.008771929824561403,13.415221671784463,13.313342750006779,234.22158874787763,9.919628152302726,5.234121337584538,4.212658375245361,9.228070175438596,2.4305875750258568,0.5070536694130761,0.5142664339060103,0.0627750276706072,0.5,0.014266433964218003,0.016990053210219402,0,1,0,1,0,1.0,0.37719298245614036,0.48343310159003383,0.2672297585217045,0.9019586366800421,0.636175191166543,0.008771929824561403,0.3684210526315789,0.18762873303824085
1968,110,96.49122807017544,114,0,114,0,0,0.0,13.472833997361466,13.369736123172178,235.72201094798552,9.938493418962942,5.236089300534227,4.183607275678232,9.228070175438596,2.4305875750258568,0.5071695600850885,0.0,0.0,0.0,0.0,0.0,0,0,0,0,0,0.0,0.37719298245614036,0.48284031860551413,0.26378370876796126,0.9081044808263777,0.6367595432071758,0.0,0.40350877192982454,0.18814606307984522
1969,111,97.36842105263158,114,0,114,0,0,0.0,13.327565436596725,13.225801990596013,228.37745343848323,9.954101392681626,5.349011151960633,4.227814247356733,9.228070175438596,2.4305875750258568,0.5056376316487237,0.0,0.0,0.0,0.0,0.0,0,0,0,0,0,0.0,0.3508771929824561,0.47958020515428107,0.2734949293296832,0.8990740583360362,0.6336535393567309,0.0,0.40350877192982454,0.1876094030109813
1970,110,96.49122807017544,114,1,113,0,0,0.008771929824561403,13.170252764888717,13.058728763218596,214.93041995255564,9.966285605946611,5.4838286715857665,4.3163562488392095,9.228070175438596,2.4305875750258568,0.5021398989795733,0.9963363287891924,0.11067979791630317,1.0,0.003663671210807573,0.1218701665776365,0,1,0,0,0,1.0,0.3508771929824561,0.4703764260357573,0.2854322479655145,0.9100371576182167,0.6212047416716795,0.008771929824561403,0.3684210526315789,0.18697091363930796
1971,112,98.24561403508773,114,0,113,1,0,0.0,13.205525270535,13.09399374904514,220.79730564495566,9.978655094428046,5.474124389774763,4.308920905149138,9.228070175438596,2.4305875750258568,0.5025598810357974,0.37356489557134664,0.10039589723720282,0.0,0.37356489557134664,0.002492011130168059,0,0,0,1,0,0.0,0.37719298245614036,0.47427348892330196,0.28264343394166697,0.8957670838290619,0.6210534777820934,0.0,0.3684210526315789,0.18729760179260138
1972,113,99.12280701754386,114,0,113,1,0,0.0,13.282362969949352,13.168091053051906,242.6520847535455,9.99216473155105,5.395902646229261,4.271621446605982,9.228070175438596,2.4305875750258568,0.5091146093550571,0.3247000777906415,0.10009721309012791,0.0,0.3247000777906415,-0.0034866876714536588,0,0,0,1,0,0.0,0.38596491228070173,0.49451883512662936,0.2651347091878167,0.9160400576769975,0.6368526278315658,0.0,0.3684210526315789,0.18784597207034454
1973,112,98.24561403508773,114,1,113,0,0,0.008771929824561403,13.26253584543519,13.118075021977932,233.2247156170121,10.004996322036478,5.532783590906408,4.322685840350213,9.228070175438596,2.4305875750258568,0.506133341979274,0.833546163474209,0.12301403051516152,1.0,0.16645383652579104,-0.014696593208617159,0,1,0,0,0,0.0,0.3684210526315789,0.4861573581083986,0.2720837246326243,0.917360191585559,0.6294570106781623,0.008771929824561403,0.3508771929824561,0.18790277796978225
1974,112,98.24561403508773,114,0,114,0,0,0.0,13.173874031620523,13.031346133012285,229.49408496222145,10.015206748525353,5.511841726458216,4.3097103666997265,9.228070175438596,2.4305875750258568,0.5037126168079571,0.0,0.0,0.0,0.0,0.0,0,0,0,0,0,0.0,0.35964912280701755,0.4823039898076636,0.27433677309595417,0.9190303815785298,0.6250550771404639,0.0,0.3508771929824561,0.1875835555795068
1975,112,98.24561403508773,114,1,113,0,0,0.008771929824561403,13.330146711385906,13.207777844304827,235.7693392598196,10.02816547000775,5.368213770826902,4.230550188936639,9.228070175438596,2.4305875750258568,0.5073364557314821,0.45457789806870885,0.07732325313643318,0.0,0.45457789806870885,0.07425158659648279,0,1,0,0,0,0.0,0.3508771929824561,0.4870275988510863,0.2740803483172724,0.9116458878314369,0.6274329879573023,0.008771929824561403,0.36842105263157887,0.18852240551545035
1976,112,98.24561403508773,114,0,114,0,0,0.0,13.268705896786047,13.15019803448822,232.46344060934422,10.040123789704758,5.465686757327197,4.337558930396473,9.228070175438596,2.4305875750258568,0.5055801868313674,0.0,0.0,0.0,0.0,0.0,0,0,0,0,0,0.0,0.3684210526315789,0.4842994889463795,0.273221251195816,0.9047678656643325,0.6249065920837892,0.0,0.36842105263157887,0.18836053015881976
1977,111,97.36842105263158,114,1,113,0,0,0.008771929824561403,13.560416808358884,13.46236850407363,265.01340072263525,10.057258928205743,5.274863617759896,4.1185700679453605,9.228070175438596,2.4305875750258568,0.5159721667190191,0.4338422695690516,0.07057159616296613,0.0,0.4338422695690516,0.12588279843214822,0,1,0,0,0,0.0,0.3508771929824561,0.5091043302850817,0.2695678481003428,0.8994269737852445,0.6398084575849637,0.008771929824561403,0.4035087719298245,0.19002732699036815
1978,112,98.24561403508773,114,0,114,0,0,0.0,13.491435912455994,13.395774719832849,243.86735004526054,10.073285271043565,5.3265874221408,4.134070123241458,9.228070175438596,2.4305875750258568,0.5108067784446177,0.0,0.0,0.0,0.0,0.0,0,0,0,0,0,0.0,0.3508771929824561,0.49249635198357855,0.2792018110194296,0.9048295567941611,0.6315066227550697,0.0,0.36842105263157887,0.18987718965972727
1979,112,98.24561403508773,114,0,114,0,0,0.0,13.636093262419712,13.538446936166338,263.1707436286128,10.09169629811421,5.188440822647442,4.050919350036631,9.228070175438596,2.4305875750258568,0.5151317071267139,0.0,0.0,0.0,0.0,0.0,0,0,0,0,0,0.0,0.38596491228070173,0.5054775977476339,0.2786362983302962,0.9089428125566601,0.6334770683759933,0.0,0.36842105263157887,0.1908242244777527
1980,112,98.24561403508773,114,1,112,1,0,0.008771929824561403,13.801201116334921,13.718150390544203,290.3571615316383,10.11275983651616,5.111245484847645,4.0103759514745585,9.228070175438596,2.4305875750258568,0.519594734437125,0.7318892158552921,0.10349177404937623,1.0,0.26811078414470785,0.07467515715194395,0,1,0,1,0,0.0,0.35964912280701755,0.5211341805078611,0.27260570173705373,0.9100265317876706,0.6366387419400121,0.008771929824561403,0.38596491228070173,0.19190574762095808
1981,110,96.49122807017544,114,2,110,0,2,0.017543859649122806,13.706904246512623,13.61568815915032,281.49779493704,10.131918825149084,5.1982764441915945,4.127198364648294,9.228070175438596,2.4305875750258568,0.5182026356973033,0.9110339569611939,0.10721104553305957,1.0,0.08896604303880609,0.13456967610055515,0,4,0,0,0,0.5,0.3508771929824561,0.5155053022069344,0.27231563461103636,0.9127360473070563,0.6366631286405673,0.017543859649122806,0.38596491228070173,0.19166710127045283
1982,110,96.49122807017544,114,1,112,1,0,0.008771929824561403,13.625600448211934,13.531251033323635,249.1349430892648,10.14890791262953,5.202842094030685,4.03160209171622,9.228070175438596,2.4305875750258568,0.5128129942035049,0.6543323419941396,0.07227070529149157,0.5,0.32829238588035276,0.18378830141039626,0,1,0,1,0,0.0,0.34210526315789475,0.4937163648760334,0.2904775194808859,0.9089428125566601,0.6363982798222523,0.008771929824561403,0.36842105263157887,0.19146704960365435
1983,109,95.6140350877193,114,1,113,0,0,0.008771929824561403,13.618842957314392,13.504109375789934,254.14383336945696,10.165223266285944,5.283544437510509,4.068737443407706,9.228070175438596,2.4305875750258568,0.5118474342032946,0.30951801706560395,0.07967684031744204,0.0,0.30951801706560395,0.11456433425997137,0,1,0,0,0,0.0,0.35964912280701755,0.49514859767729746,0.2828237058529955,0.8969619421231804,0.6317523589389942,0.008771929824561403,0.38596491228070173,0.19163154162856383
1984,109,95.6140350877193,114,1,113,0,0,0.008771929824561403,13.684455927666937,13.553240780064373,266.8921510439896,10.181961776674493,5.250707309709457,4.048738800860119,9.228070175438596,2.4305875750258568,0.5135926325557649,0.546999905289676,0.08922420899474956,1.0,0.453000094710324,0.11943202121428698,0,1,0,0,0,0.0,0.3508771929824561,0.5034253329441557,0.27010659694880634,0.9047678656643325,0.6432355341228564,0.008771929824561403,0.36842105263157887,0.1921630285572008
1985,109,95.6140350877193,114,1,113,0,0,0.008771929824561403,13.660832299216118,13.5255537614196,251.29721675499704,10.197595912281399,5.35855685655269,4.121839235208254,9.228070175438596,2.4305875750258568,0.509888760369438,0.9758191198372872,0.12125552406957701,1.0,0.024180880162712803,0.01755698326301225,1,0,0,0,0,1.0,0.3508771929824561,0.49132025121276696,0.28887812706248317,0.9065794226642807,0.633228472492775,0.008771929824561403,0.38596491228070173,0.19223491109370877
1986,111,97.36842105263158,114,0,113,1,0,0.0,13.403281828928009,13.274152176230006,232.65413595593307,10.207846327874519,5.502583386985084,4.191303394220464,9.228070175438596,2.4305875750258568,0.5010394556229802,0.35209738675874747,0.098113981858287,0.0,0.35209738675874747,0.009477687188383044,0,0,0,1,0,0.0,0.3684210526315789,0.4729188292454706,0.2861844061696998,0.9070506028091119,0.6274865665413468,0.0,0.38596491228070173,0.19107173140616568
1987,112,98.24561403508773,114,0,112,2,0,0.0,13.473699316218953,13.342935475008634,235.7498579800556,10.21918506879089,5.4689026186673795,4.197469451296588,9.228070175438596,2.4305875750258568,0.5018835713315901,0.4736475785972232,0.10118196959860246,0.5,0.27175411215037615,0.013174662797597492,0,0,0,2,0,0.0,0.35964912280701755,0.47483157047087843,0.2847191696695824,0.9031423204681753,0.6275464766334355,0.0,0.38596491228070173,0.19156161785655923
1988,112,98.24561403508773,114,0,113,1,0,0.0,13.394262906462515,13.270046646911489,234.15189729834427,10.228830910239932,5.458025949694198,4.188888161992227,9.228070175438596,2.4305875750258568,0.5023850201480182,0.4068907437945549,0.09927756225172953,0.0,0.4068907437945549,0.009604516451826584,0,0,0,1,0,0.0,0.3684210526315789,0.4767838233087923,0.27592948568262626,0.894982336690306,0.6330577695006813,0.0,0.38596491228070173,0.1912816611196606
1989,112,98.24561403508773,114,1,112,1,0,0.008771929824561403,13.461296829680176,13.349077779706311,241.5106369096554,10.239543619911027,5.3546674539947965,4.19391534222479,9.228070175438596,2.4305875750258568,0.5022751677623847,0.5037061224625253,0.09492469141036801,0.5,0.4802361908283693,0.08127468032002438,0,1,0,1,0,0.0,0.3508771929824561,0.4794994741363381,0.27439595307531633,0.9031687843128369,0.6293628071904953,0.008771929824561403,0.3508771929824561,0.19174702163085602
1990,112,98.24561403508773,114,1,113,0,0,0.008771929824561403,13.469335751385294,13.355237361499833,236.51677514481545,10.250428559245286,5.194752361584592,4.10894228214736,9.228070175438596,2.4305875750258568,0.5039792594305534,0.625934260531518,0.10381598779416756,1.0,0.374065739468482,0.031062785250175473,0,1,0,0,0,0.0,0.35964912280701755,0.47969647023337547,0.2801328343253874,0.893417939912054,0.6371609003611516,0.008771929824561403,0.3157894736842105,0.1919195002308854
1991,111,97.36842105263158,114,1,113,0,0,0.008771929824561403,13.425524780689514,13.348099543012973,237.2193253477365,10.26012647436042,5.235690261972366,4.1259664257362445,9.228070175438596,2.4305875750258568,0.504198251490886,0.3189313204544397,0.06975897320411964,0.0,0.3189313204544397,0.13298136810380123,0,1,0,0,0,0.0,0.32456140350877194,0.48028383707293876,0.28270847073553024,0.9080944846077378,0.6314398248297437,0.008771929824561403,0.3157894736842105,0.19181830353731902
1992,110,96.49122807017544,114,1,112,1,0,0.008771929824561403,13.453012755184563,13.391698432070477,238.76838410489586,10.270850359369218,5.133752428017769,4.0661162778253,9.228070175438596,2.4305875750258568,0.5055479484048793,0.2999558088487221,0.098456629727762,0.0,0.2999558088487221,-0.013702976057639482,0,1,0,1,0,0.0,0.35964912280701755,0.4821734458259577,0.28416769980816825,0.8950887590619558,0.6355545125492363,0.008771929824561403,0.3333333333333333,0.1920860701180862
1993,110,96.49122807017544,114,0,113,1,0,0.0,13.596642898387424,13.533436789746249,249.68752500030223,10.284361973153336,5.077620165106282,3.9983149334253074,9.228070175438596,2.4305875750258568,0.5071137790284135,0.2309169149741793,0.08998601729605166,0.0,0.2309169149741793,-0.003125917719858151,0,0,0,1,0,0.0,0.3508771929824561,0.487874438616507,0.28335729288328876,0.9184391656597596,0.6382207638102342,0.0,0.3333333333333333,0.19296842663701164
1994,111,97.36842105263158,114,0,113,1,0,0.0,13.71611693296325,13.656848051400164,248.3672630997682,10.29994487036518,5.053340469993285,3.9242839218533163,9.228070175438596,2.4305875750258568,0.5057523587550168,0.3220563638595135,0.10291788169592944,0.0,0.3220563638595135,0.011460181025071847,0,0,0,1,0,0.0,0.3508771929824561,0.48170602632599,0.2793624400060911,0.9155106218898211,0.6400804160736115,0.0,0.2982456140350877,0.19375517479162085
1995,110,96.49122807017544,114,2,112,0,0,0.017543859649122806,13.764326236115545,13.662754059302877,232.69434414973497,10.3160683158958,5.190105894413519,3.977722913349237,9.228070175438596,2.4305875750258568,0.5032482704867365,0.7556779116646273,0.10725458445275214,1.0,0.24432208833537278,0.10177685766442046,0,2,0,0,0,0.0,0.3508771929824561,0.4697896209146595,0.2928370777656124,0.9177653322734816,0.6437208528885675,0.017543859649122806,0.3333333333333333,0.19419216853924898
1996,110,96.49122807017544,114,1,113,0,0,0.008771929824561403,13.930950703362393,13.892097075714695,252.40591253505553,10.33416949885065,5.07731641880914,3.9145342914291024,9.228070175438596,2.4305875750258568,0.506830865963799,0.9786930636973761,0.11735183805523944,1.0,0.021306936302623924,0.03049947964898614,0,1,0,0,0,1.0,0.35964912280701755,0.4810865346106524,0.2858417331685473,0.9194154369010725,0.6465188622542268,0.008771929824561403,0.33333333333333326,0.19524527342739986
1997,109,95.6140350877193,114,2,107,0,5,0.017543859649122806,13.897296372345082,13.799073625894549,238.22323133967222,10.352520184568677,5.270901349727583,4.041055714541769,9.228070175438596,2.4305875750258568,0.5038184363837133,0.9896727103188349,0.1328144480207303,1.0,0.01032728968116511,-0.1415902225499536,0,7,0,0,0,0.8571428571428571,0.3684210526315789,0.4725902906583622,0.3155267409099162,0.932068908464657,0.6301154342558406,0.017543859649122806,0.2807017543859649,0.19530001651581047
1998,109,95.6140350877193,114,1,110,1,2,0.008771929824561403,14.181213212275292,14.071736551960146,259.60693074383784,10.37461658882694,5.215554816293778,4.002923642360029,9.228070175438596,2.4305875750258568,0.5069635325190034,0.8687027459010905,0.10850111842362306,0.75,0.12792858548442798,0.2111430124620537,0,3,0,1,0,0.75,0.34210526315789475,0.48250795518457135,0.30884293515890526,0.9330954202278835,0.6310223473819097,0.008771929824561403,0.2631578947368421,0.19698813694367595
1999,108,94.73684210526316,114,1,112,0,1,0.008771929824561403,14.276234184290557,14.141939401152213,285.3305683078526,10.397827175959447,5.243710995950191,4.081748750996603,9.228070175438596,2.4305875750258568,0.5127400598969223,0.7908417321208359,0.052273933425032504,1.0,0.2091582678791642,0.22180980402415607,0,2,0,0,0,0.5,0.40350877192982454,0.5004506140443614,0.2915239893253995,0.937144703911033,0.6399788308274768,0.008771929824561403,0.2631578947368421,0.1977453186272189
2000,107,93.85964912280701,114,2,112,0,0,0.017543859649122806,14.271346270706273,14.132235537222074,288.7702395114925,10.419980124253675,5.250838665073377,4.104957618794062,9.228070175438596,2.4305875750258568,0.5150142202589725,0.9002847881480028,0.0989531016099605,1.0,0.09971521185199717,0.11162731386930869,0,2,0,0,0,0.0,0.38596491228070173,0.5070064827907839,0.2918457136392879,0.9323949792768748,0.6395157106971356,0.017543859649122806,0.33333333333333337,0.19799010246366822
