,satisfied_count,pct_satisfied,move_attempts,successful_moves,failed_searches,voluntary_stays,destination_conflicts,movement_success_rate,city_mean_income,mean_neighbor_income,mean_neighbor_income_variance,mean_rent,mean_utility,mean_value,mean_vision,rent_income_timescale_ratio,gini_coefficient,mean_qre_move_probability,mean_qre_accept_probability,mean_ne_move_probability,mean_qre_ne_move_gap,mean_delta_neighborhood_utility,move_accept_outcomes,move_reject_outcomes,stay_accept_outcomes,stay_reject_outcomes,qre_nonconvergence_count,ne_following_rate,homeless_fraction,theil_index,moran_i,spatial_entropy,neighborhood_heterogeneity,income_mobility_indicator,segregation_index,gentrification_indicator
0,0,0.0,0,0,0,0,0,0.0,0.597069872660499,0.5954312249032608,0.04870860300473059,0.4763449799226087,0.2875573591391957,1.0831349117361948,3.3047619047619046,3.1678296249359845,0.21700050836843743,0.0,0.0,0.0,0.0,0.0,0,0,0,0,0,0.0,0.19047619047619047,0.07485286821171541,-0.09088337655538689,0.9535509003017961,0.352652466545765,0.0,0.12445573294629897,0.010530248058744378
1,0,0.0,105,0,97,8,0,0.0,0.5994590559009955,0.5978461919908714,0.04890564928328567,0.47640618155687564,0.2868331647570655,1.0812390574026096,3.3047619047619046,3.1678296249359845,0.21662944088905411,0.10538124451098516,0.0004647086088753879,0.0,0.10538124451098516,-0.009346506122005237,0,0,0,8,0,0.25,0.18095238095238095,0.07473700142036768,-0.0851538576224867,0.9441080509177623,0.35057682719265265,0.0,0.14804063860667632,0.010543163356697487
2,0,0.0,105,1,99,5,0,0.009523809523809525,0.5981045635847556,0.5967422668127769,0.049854413280597275,0.47643053831955656,0.28447087506553825,1.0723321431015225,3.3047619047619046,3.1678296249359845,0.21911093310371932,0.12936591080050225,0.0005195492938504077,0.0,0.12936591080050225,-0.011634842405144433,0,1,0,5,0,0.16666666666666666,0.18095238095238095,0.07631029646142731,-0.08669523265374862,0.953306538902034,0.35367489420343085,0.009523809523809525,0.14804063860667632,0.01053677668548823
3,0,0.0,105,0,98,7,0,0.0,0.6016660259017169,0.6001406612195401,0.05156890031260254,0.47654717751034703,0.28303645858284365,1.0670521218862792,3.3047619047619046,3.1678296249359845,0.22199220737568415,0.08305699585970415,0.00040799173557583827,0.0,0.08305699585970415,-0.010153999626338842,0,0,0,7,0,0.42857142857142855,0.18095238095238095,0.07795938377246939,-0.07391313494707176,0.9594164972589762,0.36014583242831116,0.0,0.10994194484760522,0.010556431462493108
4,0,0.0,105,1,97,7,0,0.009523809523809525,0.5980061093096484,0.5961644702909797,0.04864828870292815,0.4765699207642918,0.28787741210954476,1.0731612326052247,3.3047619047619046,3.1678296249359845,0.21774769379067305,0.1021372354849123,0.00043526714294356804,0.0,0.1021372354849123,-0.007916815936697179,0,1,0,7,0,0.375,0.18095238095238095,0.07519396801258307,-0.06012821183984985,0.9440877147626361,0.35111873420091716,0.009523809523809525,0.12917271407837444,0.010538492113300834
5,102,97.14285714285714,105,1,98,6,0,0.009523809523809525,0.5915032293679914,0.5897729076348753,0.04722621003043461,0.47641812801056,0.29040404317470103,1.0747020649584562,3.3047619047619046,3.1678296249359845,0.21642725824372655,0.07199908418103713,0.0004628581981912845,0.0,0.07199908418103713,-0.011549198953930353,0,1,0,6,0,0.42857142857142855,0.2,0.07495235637803414,-0.048072730635256036,0.9594530451776451,0.34684200788122965,0.009523809523809525,0.09107402031930334,0.010503573445681938
6,100,95.23809523809524,105,2,102,1,0,0.01904761904761905,0.5892263930886913,0.5869183853570317,0.04755437959414539,0.47621502873542754,0.29552232612441703,1.0932599925561248,3.3047619047619046,3.1678296249359845,0.21819458620008447,0.13915675221038323,0.00042104330501517074,0.0,0.13915675221038323,-0.00850965150398611,0,2,0,1,0,0.0,0.19047619047619047,0.07582049178505558,-0.03245441668296847,0.9355031092072827,0.3425099538636774,0.01904761904761905,0.1672714078374456,0.0104889723447826
7,101,96.19047619047619,105,0,103,2,0,0.0,0.5900945783784045,0.5878179713066398,0.04796806082267987,0.47602620544534874,0.2915681141285882,1.0932622908948728,3.3047619047619046,3.1678296249359845,0.21884323647904602,0.021395482549364277,0.00034196593140023765,0.0,0.021395482549364277,-0.01012061976783532,0,0,0,2,0,1.0,0.20952380952380953,0.07603604987284869,-0.028107237181052843,0.9454497308319305,0.34646589348215234,0.0,0.1672714078374456,0.010490322471170217
8,101,96.19047619047619,105,0,102,3,0,0.0,0.5897809067774573,0.5874423369757923,0.04799144005332269,0.47583384419090075,0.2921313342547331,1.0868329317436887,3.3047619047619046,3.1678296249359845,0.2188296676382313,0.06446495106391341,0.0003735581355760607,0.0,0.06446495106391341,-0.009754166213185755,0,0,0,3,0,0.6666666666666666,0.21904761904761905,0.07608274526107969,-0.018861370343725727,0.9617463757521204,0.3445469088838817,0.0,0.12917271407837444,0.010485707274762831
9,102,97.14285714285714,105,0,102,3,0,0.0,0.5870719923541087,0.5847268033120007,0.046277835284447205,0.47557875782935666,0.296156490505476,1.1071275208593467,3.3047619047619046,3.1678296249359845,0.21588022181313438,0.03712047819956055,0.00034667831335797347,0.0,0.03712047819956055,-0.007824103650383015,0,0,0,3,0,0.6666666666666666,0.20952380952380953,0.07371029397183622,-0.011263412046143811,0.9607151179086418,0.3387906459692973,0.0,0.12917271407837444,0.010468122351981007
10,103,98.0952380952381,105,0,102,3,0,0.0,0.5845220419909469,0.5820714776462447,0.04558460468028262,0.47526445921467997,0.2947066000622999,1.1173185648124204,3.3047619047619046,3.1678296249359845,0.2155856590004408,0.07871145076657547,0.00037901486564268053,0.0,0.07871145076657547,-0.00816521062483642,0,0,0,3,0,0.3333333333333333,0.20952380952380953,0.07361825382733511,-0.002417686091810179,0.9606692606712846,0.3384394388094992,0.0,0.16291727140783746,0.010450394377851951
11,105,100.0,105,0,103,2,0,0.0,0.5796654038066938,0.5772343795068176,0.045085287709924635,0.4748375322223514,0.2921545113575075,1.0949663844978013,3.3047619047619046,3.1678296249359845,0.21691809688298713,0.1004743609241821,0.0003623044718625802,0.0,0.1004743609241821,-0.005258213176552173,0,0,0,2,0,0.0,0.20952380952380953,0.07395368275247126,0.003967489992665323,0.9699975319260372,0.3375124545265641,0.0,0.16291727140783746,0.01041934902706077
12,105,100.0,105,0,104,1,0,0.0,0.5787204431751762,0.5763019870210274,0.0456427654428,0.4744005002654544,0.2911199223030679,1.0850584332527378,3.3047619047619046,3.1678296249359845,0.21870987666151187,0.023383120214411954,0.00030851450205126826,0.0,0.023383120214411954,-0.01227146975491028,0,0,0,1,0,1.0,0.2,0.07536326933377288,0.004887707830606108,0.9672970861027422,0.3408912751510779,0.0,0.16291727140783746,0.01040770201000267
13,105,100.0,105,0,104,1,0,0.0,0.5771262213866422,0.5746966986055728,0.045696296778253424,0.4739366304947658,0.2960746963739388,1.089179507040742,3.3047619047619046,3.1678296249359845,0.21870087225601686,0.16519193877802762,0.0004704910952852549,0.0,0.16519193877802762,-0.012125507411353265,0,0,0,1,0,0.0,0.18095238095238095,0.07499353171335098,-0.006681690803505806,0.9727447840510627,0.3417659692369479,0.0,0.12481857764876632,0.010392383599051503
14,105,100.0,105,0,104,1,0,0.0,0.5750952323288556,0.5726006743424624,0.04621729028809004,0.47343433654605227,0.290018749692572,1.070387205756949,3.3047619047619046,3.1678296249359845,0.21976266085460705,0.16885117574565145,0.0004793066477422531,0.0,0.16885117574565145,-0.012740480866639592,0,0,0,1,0,0.0,0.19047619047619047,0.07614001970072679,-0.014109550842889469,0.9672674834768508,0.3452404464202416,0.0,0.16291727140783746,0.010374272745506766
15,105,100.0,105,0,101,4,0,0.0,0.5788552491127914,0.5763537429723276,0.048955512091747054,0.4730430670697712,0.2833212131329565,1.0521124183132768,3.3047619047619046,3.1678296249359845,0.22464294229296788,0.08499638348241763,0.0003584449457733355,0.0,0.08499638348241763,-0.005646670923651224,0,0,0,4,0,0.5,0.21904761904761905,0.07877017658332701,-0.009137542179721965,0.9543842417953008,0.3523224674202945,0.0,0.16291727140783746,0.010386875454234962
16,105,100.0,105,0,102,3,0,0.0,0.5786518212485903,0.5761894847794296,0.04876111422182047,0.4726600296081162,0.28508233248029935,1.0600304805745175,3.3047619047619046,3.1678296249359845,0.2236238793307357,0.08554707297379906,0.00036975427256076494,0.0,0.08554707297379906,-0.009212619214621992,0,0,0,3,0,0.3333333333333333,0.21904761904761905,0.07869877585849389,-0.025773867983572597,0.9503971183300752,0.35215034013674995,0.0,0.20101596516690856,0.010379791327821502
17,105,100.0,105,0,103,2,0,0.0,0.5782679403472897,0.5758839489724202,0.05082817722996293,0.47228138303759876,0.2824605516430099,1.0491546948828858,3.3047619047619046,3.1678296249359845,0.22701642139846867,0.09216783113548055,0.00037656146597061683,0.0,0.09216783113548055,-0.010373842270832406,0,0,0,2,0,0.5,0.21904761904761905,0.08127435406286242,-0.012667614029597101,0.9561613317213422,0.35741244442441333,0.0,0.16291727140783746,0.010371874484197671
18,105,100.0,105,0,103,2,0,0.0,0.5815313799265784,0.5789838551828819,0.05431855652521248,0.4719932911431401,0.2759264307611303,1.0413213617260293,3.3047619047619046,3.1678296249359845,0.23209470512381247,0.0410346998526966,0.00029705230372622507,0.0,0.0410346998526966,-0.008846835386896124,0,0,0,2,0,0.5,0.20952380952380953,0.08498174250587838,-0.0018424788712596014,0.9491403663469106,0.36474146027792237,0.0,0.16291727140783746,0.010383628551904264
19,105,100.0,105,0,103,2,0,0.0,0.5821721117289452,0.5796495654730482,0.05554706241607862,0.47173119636329175,0.27825192793288933,1.0458976896272634,3.3047619047619046,3.1678296249359845,0.23232072574676454,0.05916246065995029,0.00036166120929643776,0.0,0.05916246065995029,-0.010834002122676628,0,0,0,2,0,0.5,0.20952380952380953,0.0854762494383174,-0.008211552241737956,0.9665630153879958,0.368537442103288,0.0,0.16291727140783746,0.010382680852875376
20,105,100.0,105,0,104,1,0,0.0,0.5822979320499638,0.5798802557155809,0.058348290939618394,0.4714832505986006,0.2783666564179448,1.051087693064709,3.3047619047619046,3.1678296249359845,0.23550363679718878,0.018080938383197957,0.00030307061554009395,0.0,0.018080938383197957,-0.008435967684024437,0,0,0,1,0,1.0,0.2,0.0883906490247338,-0.01068251210968269,0.9522439541065,0.3764630756244591,0.0,0.12481857764876633,0.010379382704786638
21,105,100.0,105,0,105,0,0,0.0,0.5773981007553803,0.5750159217246986,0.055960570920614704,0.47111988428272195,0.2820751294627638,1.0652769009728396,3.3047619047619046,3.1678296249359845,0.2343573976300084,0.0,0.0,0.0,0.0,0.0,0,0,0,0,0,0.0,0.20952380952380953,0.08700555549261481,-0.014803482395837762,0.9430520002514189,0.373851659651541,0.0,0.16291727140783746,0.010349128135413
22,105,100.0,105,0,105,0,0,0.0,0.5723092282936495,0.5697720538862189,0.056004255437150444,0.4706351353535408,0.28009326479375146,1.0538459878249913,3.3047619047619046,3.1678296249359845,0.23610244160570804,0.0,0.0,0.0,0.0,0.0,0,0,0,0,0,0.0,0.22857142857142856,0.08856498136225342,-0.009780279749128259,0.9652641335336265,0.378152049099312,0.0,0.20101596516690853,0.010316005763011765
23,105,100.0,105,0,104,1,0,0.0,0.5718080861459257,0.5693070728772042,0.056688276505888424,0.4701539585996218,0.278995641944693,1.0647971087725772,3.3047619047619046,3.1678296249359845,0.23792376807915372,0.021095129010992558,0.00024399059250463387,0.0,0.021095129010992558,-0.0031850956738664615,0,0,0,1,0,1.0,0.21904761904761905,0.08952057654945858,-0.009627724923131627,0.9617579969845036,0.38051093531090296,0.0,0.16291727140783746,0.01030587862239367
24,105,100.0,105,0,105,0,0,0.0,0.5728358483464384,0.5702542996218746,0.06111887275681261,0.46971202992900807,0.2672856919538849,1.0010100450179151,3.3047619047619046,3.1678296249359845,0.2449490266467358,0.0,0.0,0.0,0.0,0.0,0,0,0,0,0,0.0,0.20952380952380953,0.09516277145322508,-0.002631976279493438,0.9595773212803088,0.3930643186115225,0.0,0.20101596516690853,0.01030401765972184
25,105,100.0,105,0,103,2,0,0.0,0.5732879915867857,0.5707635315441871,0.0619271720711156,0.46929700608549885,0.265047847545023,1.022484320605219,3.3047619047619046,3.1678296249359845,0.24591087073021733,0.02084586233496457,0.0002616970452888762,0.0,0.02084586233496457,-0.0035915070791821685,0,0,0,2,0,1.0,0.21904761904761905,0.09580185050584637,-0.00711646360431266,0.9610724586505821,0.3964821032849545,0.0,0.20101596516690853,0.01029970475179096
26,105,100.0,105,0,104,1,0,0.0,0.5801790695007268,0.5774667895137514,0.06293583113052893,0.4690650077236915,0.2597307569502075,1.0089115405668556,3.3047619047619046,3.1678296249359845,0.24489030711580595,0.020133650118541017,0.0002477172746458977,0.0,0.020133650118541017,-0.00661958595144338,0,0,0,1,0,1.0,0.2,0.09517841974521726,-0.0008383875470259453,0.9507748053185869,0.3949467911845616,0.0,0.16291727140783746,0.010330485484943315
27,105,100.0,105,0,102,3,0,0.0,0.5783328366900343,0.5756405624315873,0.0620588633753002,0.4687940772646968,0.26002656260099755,0.9914341922566197,3.3047619047619046,3.1678296249359845,0.24352585370345836,0.060982135551821574,0.00032736077897359863,0.0,0.060982135551821574,-0.0055551754490840806,0,0,0,3,0,0.6666666666666666,0.2,0.09423650536202195,-0.0021041090628062696,0.9774691177422248,0.39247770093020634,0.0,0.16291727140783746,0.010316963013218348
28,105,100.0,105,0,102,3,0,0.0,0.5791491814654239,0.5765577983348603,0.06385782138945187,0.4685549745975848,0.25752114294247297,0.9898825509924091,3.3047619047619046,3.1678296249359845,0.24669258890685608,0.0655884088116548,0.00028582704765750614,0.0,0.0655884088116548,-0.004459981714482521,0,0,0,3,0,0.6666666666666666,0.19047619047619047,0.09593172047271722,-0.011189597338870507,0.9769530073127825,0.39840194617675767,0.0,0.16291727140783746,0.010317257554533905
29,105,100.0,105,0,101,4,0,0.0,0.578467798232907,0.5758269938253388,0.062054768041118154,0.4683049257821931,0.25955518794308674,0.9922287350825664,3.3047619047619046,3.1678296249359845,0.2440914728907666,0.09312984905660118,0.00031001150724488716,0.0,0.09312984905660118,-0.005312782613671352,0,0,0,4,0,0.5,0.21904761904761905,0.09380495977737753,-0.005698028432105198,0.9769581445965266,0.39341416761237424,0.0,0.12481857764876633,0.01030989007814593
30,104,99.04761904761905,105,1,102,2,0,0.009523809523809525,0.5849749251564912,0.582529087097206,0.0680475628572233,0.46822580726968527,0.2535549552627835,0.9777231048962957,3.3047619047619046,3.1678296249359845,0.2499955701839225,0.11008652347552939,0.0003315529940719499,0.0,0.11008652347552939,-0.004604061165981989,0,1,0,2,0,0.3333333333333333,0.20952380952380953,0.09920088243300007,-0.009876115502112738,0.9738671408441184,0.40634849706607234,0.009523809523809525,0.12481857764876633,0.010341172542924834
31,104,99.04761904761905,105,0,102,3,0,0.0,0.5859105011155307,0.5834003525194897,0.0686166888313022,0.4681781147946752,0.2524566151200583,0.9983957886257395,3.3047619047619046,3.1678296249359845,0.25118599094374106,0.07358848015798904,0.000303896048257955,0.0,0.07358848015798904,-0.010418189643648055,0,0,0,3,0,0.6666666666666666,0.22857142857142856,0.10016400231268208,-0.005490926654841622,0.9770545054868163,0.40943056853751364,0.0,0.1248185776487663,0.010345095014543915
32,104,99.04761904761905,105,0,103,2,0,0.0,0.5852778477522912,0.5828404810650359,0.0708785991027366,0.4681177445169808,0.2510345942196905,0.9987169587370902,3.3047619047619046,3.1678296249359845,0.25356461115340756,0.027403428421148575,0.00019445112652608014,0.0,0.027403428421148575,-0.007351525254878408,0,0,0,2,0,1.0,0.22857142857142856,0.10262419931997363,-0.014133883169878481,0.9751202062696772,0.4149340800415375,0.0,0.16291727140783743,0.010340975533956989
33,104,99.04761904761905,105,0,102,3,0,0.0,0.5817173568966476,0.579396803447521,0.0648002403221457,0.46797201479502387,0.25673270193191033,1.0013534736188463,3.3047619047619046,3.1678296249359845,0.24656606562751926,0.07683146970894529,0.00030555069718460765,0.0,0.07683146970894529,-0.008011497216651306,0,0,0,3,0,0.6666666666666666,0.22857142857142856,0.09655975435798193,-0.024168285290725563,0.9781643789316143,0.40219715511239246,0.0,0.0486211901306241,0.010320864845026527
34,104,99.04761904761905,105,0,101,4,0,0.0,0.5846920684070086,0.5821793848956647,0.06524371454742642,0.46790141949393327,0.25506080885862387,0.9940966866412227,3.3047619047619046,3.1678296249359845,0.24698967814760753,0.06819843485568015,0.00026675984137267627,0.0,0.06819843485568015,-0.004700376478631939,0,0,0,4,0,0.5,0.21904761904761905,0.0968216908902915,-0.00782364527579559,0.9815489610561565,0.4000290311161574,0.0,0.08454281567489112,0.01033462023314745
35,104,99.04761904761905,105,1,101,3,0,0.009523809523809525,0.588458224871604,0.5859227059924262,0.06606850150001219,0.46792739130319094,0.25577923075150744,0.9875313824018338,3.3047619047619046,3.1678296249359845,0.24692563633694653,0.06815516913098213,0.0002778167183513228,0.0,0.06815516913098213,-0.005017128688461769,0,1,0,3,0,0.5,0.20952380952380953,0.09694352574231715,-0.02222728169088038,0.9877120490650443,0.4013942174532697,0.009523809523809525,0.04644412191582001,0.010353862386804327
36,104,99.04761904761905,105,0,101,4,0,0.0,0.588842302674029,0.5864145207776769,0.06625306833699637,0.46796553910959565,0.2542774711892996,0.996172483323065,3.3047619047619046,3.1678296249359845,0.24629942875657362,0.026566426749922052,0.00030222364675115915,0.0,0.026566426749922052,-0.0035541982675559858,0,0,0,4,0,1.0,0.22857142857142856,0.09643744414344772,-0.013778400835436619,0.9841152480177318,0.40083620888210847,0.0,0.05079825834542813,0.010356387004572726
37,104,99.04761904761905,105,0,101,4,0,0.0,0.5874077423720728,0.5849793482424195,0.06567637504195087,0.46796610740189515,0.2553925275092565,1.009195507025742,3.3047619047619046,3.1678296249359845,0.24549518824597727,0.031067667448451394,0.0002789153915855255,0.0,0.031067667448451394,-0.0011109670233218766,0,0,0,4,0,0.75,0.22857142857142856,0.09586821466948892,-0.021006642828288936,0.9841258682288937,0.40047957805949547,0.0,0.04644412191582002,0.010349223204328855
38,104,99.04761904761905,105,0,101,4,0,0.0,0.5877049464948285,0.5852128412992023,0.0663319215798343,0.46797257502144274,0.2585637171062438,1.0113776552039588,3.3047619047619046,3.1678296249359845,0.2467443595725125,0.02656819756508906,0.0002825186183645019,0.0,0.02656819756508906,-0.00228228417897227,0,0,0,4,0,1.0,0.22857142857142856,0.09650130747364224,-0.02593224499407597,0.9897938509614351,0.4037726907165852,0.0,0.04644412191582002,0.010350811666526662
39,104,99.04761904761905,105,0,102,3,0,0.0,0.5933868646620597,0.5907394450317278,0.06813500984744243,0.46811889647005567,0.2534862489742209,0.993004470385562,3.3047619047619046,3.1678296249359845,0.2479844344334281,0.019746578060281805,0.0002763082662707961,0.0,0.019746578060281805,-0.007649628166495846,0,0,0,3,0,1.0,0.21904761904761905,0.09741713851596855,-0.020439934614284658,0.9852029833097294,0.4069548189471244,0.0,0.08018867924528301,0.010381538864461217
40,104,99.04761904761905,105,1,101,3,0,0.009523809523809525,0.5995170954885516,0.5960954270212467,0.07069342806693606,0.4684073393592134,0.24717022895171573,0.9700788331653885,3.3047619047619046,3.1678296249359845,0.25233439448076367,0.056602001237951144,0.00023327389325145098,0.0,0.056602001237951144,-0.004075307267722726,0,1,0,3,0,0.5,0.20952380952380953,0.10059737545122044,-0.007944650130432697,0.9927749168493741,0.41096311363307153,0.009523809523809525,0.07184325108853411,0.010416758708240556
41,104,99.04761904761905,105,0,103,2,0,0.0,0.6018143831731506,0.598298774931104,0.07239408049891062,0.4687314615679351,0.24476731175925404,0.9639444905590151,3.3047619047619046,3.1678296249359845,0.25407047593282406,0.01536272720276762,0.00026895205018961314,0.0,0.01536272720276762,-0.006745636184273082,0,0,0,2,0,1.0,0.21904761904761905,0.10233298163181606,-0.0029820229333219375,0.9640773943766828,0.412369149458365,0.0,0.11828737300435412,0.010433378966337992
42,104,99.04761904761905,105,0,103,2,0,0.0,0.6020867685341291,0.5985989671109252,0.07310389834602059,0.46905292379875113,0.24290556514896194,0.9720319565766913,3.3047619047619046,3.1678296249359845,0.25468564511610126,0.031107027239889916,0.0002413253655295136,0.0,0.031107027239889916,0.0038565004226532446,0,0,0,2,0,1.0,0.2,0.1027148695337539,-0.0202310431258488,0.9809667608097676,0.41645985307198263,0.0,0.06748911465892599,0.01043983258103327
43,104,99.04761904761905,105,0,103,2,0,0.0,0.6046739946387434,0.6012601634568696,0.07075462101149624,0.4694316443867662,0.24062447258916822,0.9723133315641643,3.3047619047619046,3.1678296249359845,0.2513097796603003,0.028679941959394453,0.00024675217261686274,0.0,0.028679941959394453,0.0011293475210708143,0,0,0,2,0,1.0,0.2,0.09966200487927646,-0.0223101462761076,0.9851105381650083,0.41048457539575306,0.0,0.07184325108853411,0.010458767323047777
44,104,99.04761904761905,105,0,102,3,0,0.0,0.6078078752420624,0.6043699806595506,0.07058611528539123,0.46987717872030055,0.2446202198164176,0.9814644698367985,3.3047619047619046,3.1678296249359845,0.249500534994058,0.06223202916109549,0.0002748652787770726,0.0,0.06223202916109549,-0.004794468875241172,0,0,0,3,0,0.6666666666666666,0.18095238095238095,0.09871385117256004,-0.022959311172465618,0.987445855955147,0.40650062913224405,0.0,0.06748911465892599,0.010481493610367853
45,104,99.04761904761905,105,1,102,2,0,0.009523809523809525,0.6075602109946178,0.6031745878981354,0.07336750589678905,0.47029913410746577,0.23958079535899424,0.9688593490595299,3.3047619047619046,3.1678296249359845,0.2553758614899646,0.13478403835395256,0.00028517732058856894,0.0,0.13478403835395256,-0.0004434393658106217,0,1,0,2,0,0.6666666666666666,0.19047619047619047,0.10296025919357728,0.008494877599442681,0.9764859688042343,0.4107493420478432,0.009523809523809525,0.10558780841799709,0.010486938703009947
46,104,99.04761904761905,105,0,104,1,0,0.0,0.609066091306035,0.6045918948526137,0.0760719466363308,0.4707228117354744,0.23968393436195462,0.9534581660715659,3.3047619047619046,3.1678296249359845,0.2576435376930377,0.026187233909646813,0.00036190392104382677,0.0,0.026187233909646813,-0.007788780301087872,0,0,0,1,0,1.0,0.2,0.10534915592283667,0.0023709087376542204,0.97778553070164,0.41382360021003184,0.0,0.09107402031930333,0.010501178797274175
47,104,99.04761904761905,105,0,104,1,0,0.0,0.6085299012088452,0.6040315813097401,0.0749049181888555,0.4711188681553458,0.23956138423865386,0.9385406676096907,3.3047619047619046,3.1678296249359845,0.2561230393519862,0.02530400344802939,0.00031495730895599895,0.0,0.02530400344802939,-0.010840860546653674,0,0,0,1,0,1.0,0.20952380952380953,0.1042521368399064,-0.0050940825941974644,0.9740327349944463,0.4102288424911077,0.0,0.09107402031930333,0.0105047710430883
48,104,99.04761904761905,105,0,103,2,0,0.0,0.6065182543446094,0.6020880339618702,0.07196052255660539,0.4714531235676887,0.2399022353039764,0.9494527122988599,3.3047619047619046,3.1678296249359845,0.2538090927719554,0.03204797756212747,0.00027971833725325146,0.0,0.03204797756212747,-0.011375107637132023,0,0,0,2,0,1.0,0.21904761904761905,0.10203762150297993,0.0005048296944256937,0.9837744060056304,0.4049822579762894,0.0,0.09107402031930333,0.010500007129754695
49,104,99.04761904761905,105,0,104,1,0,0.0,0.6088092590454043,0.6044710568634482,0.07343771697734632,0.4718371824224125,0.23815009575427729,0.9534478187289288,3.3047619047619046,3.1678296249359845,0.2537481584869261,0.03180145333774215,0.0003049442444115484,0.0,0.03180145333774215,0.002330027224589082,0,0,0,1,0,1.0,0.20952380952380953,0.10218468087333499,-0.006522750958113658,0.9791329574520885,0.4070028371109059,0.0,0.12917271407837444,0.010517545318347235
50,105,100.0,105,0,104,1,0,0.0,0.6133190545759447,0.6087714447114244,0.07674251696377128,0.47231805811514754,0.2305587933702952,0.920036364233372,3.3047619047619046,3.1678296249359845,0.25807402322613493,0.03276323433759415,0.0002883414804339466,0.0,0.03276323433759415,0.0018801053926552624,0,0,0,1,0,1.0,0.20952380952380953,0.10550901020527284,-0.015001820072158245,0.9607041185304862,0.4133330365317332,0.0,0.16727140783744557,0.010547710957326727
51,105,100.0,105,0,104,1,0,0.0,0.6131957919441382,0.608910215057303,0.07834621022023716,0.47278721729173084,0.22616779438026546,0.9042808105265351,3.3047619047619046,3.1678296249359845,0.26027212311093084,0.020831059244189473,0.0001598331407745929,0.0,0.020831059244189473,0.0008919392261784453,0,0,0,1,0,1.0,0.22857142857142856,0.10710109853228567,-0.022969846650452798,0.9658886664017764,0.4185167371017231,0.0,0.14187227866473145,0.010554525725859649
52,105,100.0,105,0,102,3,0,0.0,0.6129091895994442,0.6086256444616788,0.0774663593618739,0.47323430253562465,0.2246285841775625,0.8760352359215487,3.3047619047619046,3.1678296249359845,0.2596624591445553,0.02836319883929252,0.0002547404127347713,0.0,0.02836319883929252,-0.00994502902478315,0,0,0,3,0,1.0,0.21904761904761905,0.10638702107680342,-0.025133358111339626,0.9716167401342233,0.4166946252458326,0.0,0.14368650217706821,0.010560174163538572
53,105,100.0,105,0,101,4,0,0.0,0.6119240855462257,0.6076618016383385,0.07848358333408763,0.47364279856191716,0.22238005613971382,0.848344606094905,3.3047619047619046,3.1678296249359845,0.2622092768512938,0.052895460724209066,0.00023363701340825094,0.0,0.052895460724209066,-0.006487434264956939,0,0,0,4,0,0.75,0.23809523809523808,0.10813387497781286,-0.01551977118776615,0.9680610600018204,0.4192828945123242,0.0,0.14187227866473145,0.01056171887234127
54,105,100.0,105,0,101,4,0,0.0,0.612389082215665,0.6080523691688277,0.08190388252758313,0.4740482521412211,0.21837222069904758,0.8345147168644392,3.3047619047619046,3.1678296249359845,0.26659188360894537,0.05886252438115705,0.00026231114268230693,0.0,0.05886252438115705,-0.007610034010475782,0,0,0,4,0,0.75,0.24761904761904763,0.11192090445466649,-0.009819625395209378,0.9831911753581296,0.4254431444858494,0.0,0.1436865021770682,0.010570465894988742
55,105,100.0,105,0,100,5,0,0.0,0.611095019582238,0.6068731106427069,0.07882299866168604,0.4744109761211684,0.2241776381300269,0.8475110659276603,3.3047619047619046,3.1678296249359845,0.2627088689167667,0.048930585959446445,0.00023734306372652077,0.0,0.048930585959446445,-0.007442932020545129,0,0,0,5,0,0.8,0.22857142857142856,0.10885587533835313,-0.010989901048583309,0.9824273449563837,0.4179263033882026,0.0,0.1436865021770682,0.010569740820668366
56,105,100.0,105,0,102,3,0,0.0,0.6134111339892959,0.6091441924838944,0.07938686850744096,0.47481976482611954,0.2253244289633864,0.8988653762317232,3.3047619047619046,3.1678296249359845,0.26218650873676963,0.05869787814455962,0.0002519235297799684,0.0,0.05869787814455962,-0.004184433122790617,0,0,0,3,0,0.6666666666666666,0.22857142857142856,0.10861931889990464,-0.010745626177028208,0.9813375526593986,0.41557358880880146,0.0,0.12917271407837444,0.010587796257553073
57,105,100.0,105,0,102,3,0,0.0,0.6057015804514053,0.6017139842998376,0.07546789976166435,0.4750273027325327,0.2335969117017576,0.9004250273531343,3.3047619047619046,3.1678296249359845,0.2573505760355852,0.04807411702180467,0.00032482659487777856,0.0,0.04807411702180467,-0.010064336858270545,0,0,0,3,0,0.6666666666666666,0.24761904761904763,0.1050363058376755,-0.0179936785536549,0.9763764011050994,0.4109182615718861,0.0,0.12917271407837444,0.010552535713504785
58,105,100.0,105,0,102,3,0,0.0,0.6059266158961041,0.6017456852360645,0.07417223447295249,0.4752290695769828,0.23816316968131812,0.917882482916197,3.3047619047619046,3.1678296249359845,0.25677310880429904,0.09534021562898297,0.0003073091169677386,0.0,0.09534021562898297,-0.00848361248290804,0,0,0,3,0,0.3333333333333333,0.22857142857142856,0.104376477957139,-0.019142800976946463,0.976350523303986,0.4099477594287081,0.0,0.14368650217706821,0.010556856705664173
59,105,100.0,105,0,102,3,0,0.0,0.6088684804109018,0.6046785214473912,0.07632408424219139,0.4754987705950438,0.23624331387515388,0.9104606813561511,3.3047619047619046,3.1678296249359845,0.2587762821594073,0.06053503900636392,0.00029050338203654146,0.0,0.06053503900636392,-0.005218408755595001,0,0,0,3,0,0.6666666666666666,0.23809523809523808,0.10672222640619396,-0.0019174978769144182,0.9814174834335708,0.4093417159948049,0.0,0.14368650217706821,0.010575837862612606
60,105,100.0,105,0,100,5,0,0.0,0.6138648154832632,0.6098834008898693,0.07711528500398125,0.4758918333146928,0.23997125582414436,0.9125353243580123,3.3047619047619046,3.1678296249359845,0.2561207846632323,0.09490748469746423,0.0003265679244974489,0.0,0.09490748469746423,-0.0073869502064544176,0,0,0,5,0,0.4,0.23809523809523808,0.10499302747791214,-0.006356306142611034,0.961259981773147,0.4059369513939025,0.0,0.14368650217706821,0.010607045316613224
61,105,100.0,105,0,101,4,0,0.0,0.6093564006883204,0.6051995275942273,0.07593851092354717,0.47615374277638095,0.24199547489899279,0.9395550881389356,3.3047619047619046,3.1678296249359845,0.2568730399462511,0.058790886643337134,0.0002762262537025439,0.0,0.058790886643337134,-0.004818769811929115,0,0,0,4,0,0.5,0.22857142857142856,0.10566316181419982,0.011988034797563022,0.96864852078583,0.4033825497227478,0.0,0.14368650217706821,0.010588651665397443
62,104,99.04761904761905,105,1,101,3,0,0.009523809523809525,0.6068976216679878,0.6022777756944497,0.0759629834721356,0.47634254034670925,0.24824166946644013,0.968956886804709,3.3047619047619046,3.1678296249359845,0.2563653036133562,0.049330790975775446,0.00028346585869316534,0.0,0.049330790975775446,-0.006099395784193634,0,1,0,3,0,0.75,0.23809523809523808,0.10572845342984187,0.019018098112150068,0.9661306745518462,0.40116395659949877,0.009523809523809525,0.12917271407837444,0.01057934816297779
63,104,99.04761904761905,105,0,102,3,0,0.0,0.6048481358963433,0.6002492844227201,0.07455918006407013,0.476464719961761,0.2470461719536338,0.9306438038018228,3.3047619047619046,3.1678296249359845,0.2571343411325151,0.03263058776163933,0.0002810016062593159,0.0,0.03263058776163933,-0.00815637301798298,0,0,0,3,0,0.6666666666666666,0.22857142857142856,0.10532836149650993,0.02821087269042498,0.9661735938163656,0.40182513528495395,0.0,0.16291727140783743,0.010571035955140189
64,104,99.04761904761905,105,0,102,3,0,0.0,0.6064752529297985,0.6018496997060871,0.07507427557890371,0.4766235878783462,0.24872540136300655,0.9644888866122893,3.3047619047619046,3.1678296249359845,0.25433266783248687,0.042378058230175104,0.0002814422307711268,0.0,0.042378058230175104,-0.006243724312012884,0,0,0,3,0,0.6666666666666666,0.22857142857142856,0.10436300226232963,0.027695621817155368,0.9463778693136281,0.39583531449702625,0.0,0.20101596516690856,0.010581687872770517
65,103,98.0952380952381,105,1,103,1,0,0.009523809523809525,0.6131529403924791,0.6083497736336059,0.0780859977225195,0.47695424749754667,0.2437271764791322,0.9707497696115212,3.3047619047619046,3.1678296249359845,0.25613012812607905,0.035341516334027434,0.0003376807363660357,0.0,0.035341516334027434,-0.009548279361809714,0,1,0,1,0,1.0,0.21904761904761905,0.10551650268176119,0.014659536240848663,0.9604126324424798,0.398510861660362,0.009523809523809525,0.20101596516690856,0.010620313676771286
66,103,98.0952380952381,105,0,102,3,0,0.0,0.6130631257301618,0.6083346328680918,0.07841343740279198,0.47726195332292165,0.23817213090418765,0.9595921556591879,3.3047619047619046,3.1678296249359845,0.25551907732978196,0.04118438085624193,0.00021952133710797386,0.0,0.04118438085624193,-0.005263924453722331,0,0,0,3,0,0.6666666666666666,0.20952380952380953,0.10542732237055881,0.0018512482892492888,0.9788015452618944,0.4014887294093683,0.0,0.16291727140783746,0.01062473840160664
67,103,98.0952380952381,105,1,102,2,0,0.009523809523809525,0.6132370253065279,0.6079713845979674,0.0784782551346926,0.47756379517101094,0.2422696957454849,0.9601130933672539,3.3047619047619046,3.1678296249359845,0.25386421292410666,0.0543172901172258,0.00022897440263723034,0.0,0.0543172901172258,-0.006954788962996302,0,1,0,2,0,0.3333333333333333,0.22857142857142856,0.10523112122806674,0.006232207167743866,0.9757784260821247,0.3980480333686459,0.009523809523809525,0.20101596516690856,0.010630388817230585
68,103,98.0952380952381,105,0,104,1,0,0.0,0.6161244417440022,0.6108371270311952,0.07770545178887976,0.47791561136577665,0.24012573600796744,0.9382017407666677,3.3047619047619046,3.1678296249359845,0.2522077288569138,0.025061833424184166,0.00023591646439404722,0.0,0.025061833424184166,0.0010436855953714352,0,0,0,1,0,1.0,0.18095238095238095,0.10343488941601052,-0.0048799499140349464,0.9695763603305327,0.3979265182079076,0.0,0.16291727140783746,0.01065039836823951
69,103,98.0952380952381,105,0,103,2,0,0.0,0.6154364595844835,0.6105219671622288,0.07684793904683784,0.4782482956407432,0.24242910935092135,0.9351749142121332,3.3047619047619046,3.1678296249359845,0.24928091486632287,0.031235233645945416,0.00027567837775463607,0.0,0.031235233645945416,-0.006867340662861099,0,0,0,2,0,1.0,0.19047619047619047,0.10169146713054403,-0.004051331149415855,0.960163290211367,0.39454950881340595,0.0,0.16291727140783746,0.010652227892951865
70,104,99.04761904761905,105,0,103,2,0,0.0,0.6184428781143949,0.6136717959941672,0.07957702406878152,0.4786502660133884,0.24269351341549136,0.9447776408708284,3.3047619047619046,3.1678296249359845,0.2489824281542956,0.03406154802354634,0.00025574943778766364,0.0,0.03406154802354634,-0.005084582033063417,0,0,0,2,0,1.0,0.18095238095238095,0.10224812566848168,-0.004301358667775721,0.9687530675419116,0.39347244740799947,0.0,0.12481857764876632,0.010673626853875483
71,104,99.04761904761905,105,0,101,4,0,0.0,0.6276226520001811,0.6226514871240718,0.0865529817301687,0.479267071702158,0.23774809421330842,0.9077013812027077,3.3047619047619046,3.1678296249359845,0.25276712907225596,0.03217647394137583,0.0002680822060543676,0.0,0.03217647394137583,-0.005247448888039137,0,0,0,4,0,0.75,0.19047619047619047,0.10626884755368984,-0.0061771423949777355,0.9632330104524143,0.39977347882151676,0.0,0.1672714078374456,0.01072929539997298
72,105,100.0,105,0,102,3,0,0.0,0.6282844415505299,0.623424083780833,0.08367980417882279,0.47988391767420985,0.24096324993624216,0.9042665263809129,3.3047619047619046,3.1678296249359845,0.24718302811882364,0.03890807492930792,0.00028298893709298743,0.0,0.03890807492930792,-0.004790273659558762,0,0,0,3,0,0.6666666666666666,0.17142857142857143,0.10248227864289726,-0.017234439391677313,0.9723187316128814,0.39315298019732164,0.0,0.09107402031930335,0.010742374662446165
73,104,99.04761904761905,105,1,102,2,0,0.009523809523809525,0.6331448746160964,0.6273642778196333,0.09117626741379681,0.48060190514878104,0.23843372256503523,0.8876464761813169,3.3047619047619046,3.1678296249359845,0.24939056675176463,0.034218830846225234,0.0002957102422414251,0.0,0.034218830846225234,-0.0025496245655356555,0,1,0,2,0,0.6666666666666666,0.19047619047619047,0.10662406292696461,-0.004473986996643658,0.9773157916757074,0.3938822133618298,0.009523809523809525,0.10595065312046445,0.010778049137735396
74,103,98.0952380952381,105,1,101,3,0,0.009523809523809525,0.6316485042899828,0.6255739787733032,0.092106588752072,0.4812387015789579,0.23952076553263182,0.8976019727531428,3.3047619047619046,3.1678296249359845,0.2513693475568235,0.06830619058348673,0.00027401819960241403,0.0,0.06830619058348673,-0.008653212622247997,0,1,0,3,0,0.5,0.17142857142857143,0.10818974660048535,0.0069958671223517115,0.9646931099928381,0.3939832218945975,0.009523809523809525,0.22024673439767778,0.010780653599087666
75,103,98.0952380952381,105,0,103,2,0,0.0,0.6268117265065463,0.6208587664877541,0.09128636130821727,0.48172807777073134,0.2413005236235194,0.8813145554181102,3.3047619047619046,3.1678296249359845,0.2510523475780033,0.03651584418418512,0.00022364357184528988,0.0,0.03651584418418512,-0.008764271399785056,0,0,0,2,0,1.0,0.18095238095238095,0.10856362445577634,0.010120916475447578,0.9587202494731716,0.39413627238661225,0.0,0.2583454281567489,0.010764221012160676
76,103,98.0952380952381,105,0,105,0,0,0.0,0.6291875928818054,0.62311050915777,0.0983490841501875,0.48225901645562685,0.2356676647510833,0.890518638041169,3.3047619047619046,3.1678296249359845,0.25706548268683993,0.0,0.0,0.0,0.0,0.0,0,0,0,0,0,0.0,0.19047619047619047,0.1144304728245681,0.015786910910410297,0.9713281171524788,0.40175130106611356,0.0,0.18214804063860668,0.010784509960512154
77,103,98.0952380952381,105,0,104,1,0,0.0,0.6292258905587516,0.6227534027398518,0.10045358705526808,0.4827640858892526,0.23476025838463155,0.8930983991194068,3.3047619047619046,3.1678296249359845,0.26032736165451453,0.03018567913173269,0.00025676341686582714,0.0,0.03018567913173269,-0.010163829711863609,0,0,0,1,0,1.0,0.2,0.11724544896133729,0.022970737008368894,0.971886898762558,0.40497276127947274,0.0,0.18214804063860668,0.01079270131846933
78,104,99.04761904761905,105,0,103,2,0,0.0,0.6339637746575387,0.6273801892178223,0.10017271605982225,0.4833704105539188,0.23599531608011187,0.8854630100490422,3.3047619047619046,3.1678296249359845,0.2584591123559239,0.0476391695319856,0.0003703117961244065,0.0,0.0476391695319856,-0.007106163076654293,0,0,0,2,0,0.5,0.18095238095238095,0.11616850916356891,0.026207556665278953,0.9780862930828947,0.40208099684660054,0.0,0.18214804063860668,0.01082599440513856
79,105,100.0,105,0,104,1,0,0.0,0.6387063722550067,0.6318808262895284,0.10997452206543896,0.48407158589780896,0.23200488594029936,0.8879341042680493,3.3047619047619046,3.1678296249359845,0.2642445172315493,0.04380508030918408,0.00013120570894318472,0.0,0.04380508030918408,-0.005643592412583248,0,0,0,1,0,1.0,0.21904761904761905,0.12263827015546974,0.03340068465385731,0.9699338638984032,0.4103209416497841,0.0,0.14404934687953558,0.01086081341325915
80,105,100.0,105,0,105,0,0,0.0,0.6385715625158708,0.6317172501234455,0.10800613546108764,0.4847464037500339,0.2339212491220176,0.9639925671951944,3.3047619047619046,3.1678296249359845,0.26329165562232104,0.0,0.0,0.0,0.0,0.0,0,0,0,0,0,0.0,0.21904761904761905,0.12138953367421176,0.03747712597603351,0.9752952389982503,0.40843551212337553,0.0,0.18214804063860668,0.010870827904482041
81,105,100.0,105,0,105,0,0,0.0,0.6431321824884219,0.6358558319684472,0.11671647921735573,0.48550472709981224,0.22603159591719219,0.9029359689245257,3.3047619047619046,3.1678296249359845,0.2703913583843811,0.0,0.0,0.0,0.0,0.0,0,0,0,0,0,0.0,0.20952380952380953,0.12834573481786593,0.0398233375895874,0.9742162477271763,0.4183182089394365,0.0,0.18214804063860668,0.010905642200208338
82,105,100.0,105,0,104,1,0,0.0,0.6424362155697502,0.6350842869115512,0.11300418111121752,0.48621947507155777,0.2305252131282637,0.9150794876600743,3.3047619047619046,3.1678296249359845,0.2695360902730217,0.036778551826437675,0.00017901045769776444,0.0,0.036778551826437675,-0.00857044859934264,0,0,0,1,0,1.0,0.21904761904761905,0.12624096641960117,0.05274074553092182,0.9752757680159118,0.41442159832263936,0.0,0.14404934687953555,0.010913483364611272
83,105,100.0,105,0,103,2,0,0.0,0.6397947606498542,0.6326480310857767,0.12008702347087273,0.4868498398982804,0.22670430897223964,0.9217012471390554,3.3047619047619046,3.1678296249359845,0.2721498736685557,0.030138386115469283,0.000262376553511415,0.0,0.030138386115469283,-0.0028365658565568247,0,0,0,2,0,1.0,0.20952380952380953,0.13064256390750173,0.04086393324252211,0.9716837759562864,0.4226657855843388,0.0,0.18214804063860668,0.01091026053187484
84,105,100.0,105,0,103,2,0,0.0,0.6446582090091915,0.6374232948382897,0.12803888924396478,0.4875812536171335,0.21840915927158872,0.9198810051082579,3.3047619047619046,3.1678296249359845,0.2769263740515753,0.028329053257877733,0.0003485172122216527,0.0,0.028329053257877733,-0.006694797668470198,0,0,0,2,0,1.0,0.21904761904761905,0.13576480062442156,0.0363481838346115,0.9624587649477567,0.4307134325802562,0.0,0.14840348330914369,0.010946162743904864
85,105,100.0,105,0,104,1,0,0.0,0.6421801449508847,0.635105164379117,0.12371728415503344,0.4882307498567758,0.22037589735675298,0.9259402089543634,3.3047619047619046,3.1678296249359845,0.2759575767015736,0.031893008897953795,0.00021298962099067627,0.0,0.031893008897953795,0.004544374304758819,0,0,0,1,0,1.0,0.22857142857142856,0.13383653211965324,0.024798562356415654,0.9720581997207361,0.42963549234426757,0.0,0.18214804063860668,0.010944059890759446
86,105,100.0,105,0,104,1,0,0.0,0.6461433535404714,0.6391677896228847,0.13015866683000507,0.48896262879894353,0.21962238950739066,0.9151932998360036,3.3047619047619046,3.1678296249359845,0.2762915873724814,0.033738587592686345,0.00012968369192578393,0.0,0.033738587592686345,0.009756118702867272,0,0,0,1,0,1.0,0.21904761904761905,0.13613219947697427,0.028667497883035502,0.9657456555928536,0.43364686154199145,0.0,0.18214804063860665,0.01097546827268171
87,105,100.0,105,0,104,1,0,0.0,0.645762551557721,0.6388880904304415,0.13396998766724658,0.4896642347480595,0.21919664352535886,0.9189377121159432,3.3047619047619046,3.1678296249359845,0.2786029899060003,0.036114259037405075,0.0002070997862774672,0.0,0.036114259037405075,0.005818565714153345,0,0,0,1,0,1.0,0.21904761904761905,0.13907588680995012,0.032779233913688394,0.972054718176687,0.4371759920880012,0.0,0.18214804063860665,0.01098467710332116
88,105,100.0,105,0,103,2,0,0.0,0.6472443068146456,0.6404442604732629,0.13055588791924766,0.4903830524685738,0.22311859425438124,0.9484511542675802,3.3047619047619046,3.1678296249359845,0.27800137257080637,0.03441112163084353,0.00026862620999056823,0.0,0.03441112163084353,-0.0006495856414700935,0,0,0,2,0,1.0,0.22857142857142856,0.13732742284990845,0.0335464460178465,0.9750424127215527,0.4351775913120057,0.0,0.14404934687953555,0.011003471339955655
89,105,100.0,105,0,102,3,0,0.0,0.6500408282107565,0.6433071141604026,0.1275336984817835,0.49115165153016405,0.2207438406787596,0.9345597065286617,3.3047619047619046,3.1678296249359845,0.2793712708499885,0.10638910375936596,0.0003433636771556874,0.0,0.10638910375936596,-0.004033826700883582,0,0,0,3,0,0.6666666666666666,0.22857142857142856,0.13607456264936976,0.033809626639913985,0.9708074623747538,0.43851250896710586,0.0,0.14404934687953555,0.011029627901321228
90,105,100.0,105,0,104,1,0,0.0,0.6499803809562101,0.6430406028062844,0.12023114407524849,0.4918891485824807,0.22192230528614662,0.9394428644248719,3.3047619047619046,3.1678296249359845,0.2770340155543818,0.03227844863855906,0.000396797567028149,0.0,0.03227844863855906,-0.012191503481700172,0,0,0,1,0,1.0,0.22857142857142856,0.13179418739960586,0.04406707873340882,0.9688985532354378,0.43085739891346875,0.0,0.14404934687953555,0.011041006990101652
91,105,100.0,105,0,103,2,0,0.0,0.6510238324078524,0.6441934084030704,0.11423386808220092,0.4926324981184614,0.22381962592298138,0.9316120185766492,3.3047619047619046,3.1678296249359845,0.2728316243028148,0.01467990535975054,0.00029715291431769525,0.0,0.01467990535975054,-0.008423948300255224,0,0,0,2,0,1.0,0.2,0.12706447141970523,0.051531185390731746,0.9670884185219689,0.42359596307785446,0.0,0.13751814223512335,0.011057998270768676
92,105,100.0,105,0,104,1,0,0.0,0.6502604163188023,0.6436602901540995,0.11384143021672637,0.49333878898536293,0.22863704307584057,0.9722602152786047,3.3047619047619046,3.1678296249359845,0.27005577583962803,0.021665537218639827,0.00013790674118834874,0.0,0.021665537218639827,0.0009571358593661039,0,0,0,1,0,1.0,0.22857142857142856,0.1254038000385385,0.05079121177549908,0.9657480271235852,0.42327047039167465,0.0,0.14187227866473145,0.011065368235983388
93,105,100.0,105,0,103,2,0,0.0,0.6415236243043364,0.6349830699415253,0.10945596287909276,0.4938028021189327,0.23959962164069418,0.9764566759777272,3.3047619047619046,3.1678296249359845,0.2693196943290863,0.028328564178903257,0.00028693509727660245,0.0,0.028328564178903257,-0.003962755607096649,0,0,0,2,0,1.0,0.22857142857142856,0.12476185407762688,0.05862777802034874,0.9661422408569953,0.4222993635635253,0.0,0.13751814223512338,0.011029033848665467
94,105,100.0,105,0,103,2,0,0.0,0.6422845806568332,0.6359783265227147,0.11127337999289448,0.49427733853325195,0.24382970067361232,0.9806870873366199,3.3047619047619046,3.1678296249359845,0.26832442805258694,0.02941579723962584,0.0003362669475572319,0.0,0.02941579723962584,-0.00612988940090041,0,0,0,2,0,1.0,0.21904761904761905,0.12476662268536609,0.05552896165451657,0.9708101346131824,0.421462918283462,0.0,0.13751814223512335,0.011040354882984908
95,105,100.0,105,0,103,2,0,0.0,0.6401824250075372,0.6340111455319493,0.12159682271010236,0.4946869888886962,0.24084741009757538,0.9700696839037293,3.3047619047619046,3.1678296249359845,0.27485818056864164,0.032378012239384225,0.0003014489402906902,0.0,0.032378012239384225,-0.00476098409071217,0,0,0,2,0,1.0,0.23809523809523808,0.13304030461889743,0.04808908578688019,0.9646837210013982,0.4345371080294339,0.0,0.13751814223512335,0.011036332617397636
96,105,100.0,105,0,104,1,0,0.0,0.6408907825723866,0.6345936462726399,0.11453724669830834,0.4950984243236452,0.24295119045637056,0.9772867836975656,3.3047619047619046,3.1678296249359845,0.2707097205513833,0.018159992337271294,0.0003977556726781409,0.0,0.018159992337271294,-0.010980963312502423,0,0,0,1,0,1.0,0.22857142857142856,0.12814655062648433,0.04770318558817708,0.9774771436205301,0.4285124690735375,0.0,0.13751814223512332,0.011046391192019783
97,105,100.0,105,0,103,2,0,0.0,0.633818111763227,0.627714158453127,0.11393930671337063,0.49532248182244615,0.24216669547550204,0.9820328483485112,3.3047619047619046,3.1678296249359845,0.2705769704088248,0.13202760171149586,0.0002209354722133178,0.0,0.13202760171149586,0.008705489775091349,0,0,0,2,0,0.0,0.24761904761904763,0.1281345828277168,0.03982036886360803,0.9703175869088222,0.4307127063755118,0.0,0.10377358490566038,0.011014576717885938
98,105,100.0,105,0,103,2,0,0.0,0.6360055746801334,0.6297490270661252,0.12189722853340368,0.495591010498024,0.2418037147184802,0.9861437407100222,3.3047619047619046,3.1678296249359845,0.2730248368378436,0.12116496164800092,0.0001725010800867493,0.0,0.12116496164800092,0.0077419843283376005,0,0,0,2,0,0.5,0.21904761904761905,0.13265935282532046,0.05595889328916171,0.9448626576259841,0.4306679641408034,0.0,0.13751814223512335,0.011029767297938673
99,104,99.04761904761905,105,1,103,1,0,0.009523809523809525,0.6456301873441994,0.6374376158382189,0.13206756726858418,0.4960934519293526,0.22844304450956598,0.9525614072273246,3.3047619047619046,3.1678296249359845,0.2790963985854371,0.12647663628881084,0.00015420575391421554,0.0,0.12647663628881084,0.008808713951908728,0,1,0,1,0,0.5,0.22857142857142856,0.13949602705080424,0.05029731328162862,0.9660127591560265,0.4409161120193494,0.009523809523809525,0.13751814223512338,0.011085848605513792
100,104,99.04761904761905,105,0,104,1,0,0.0,0.6491228229370654,0.6408913592918316,0.13655964007442475,0.4966199336664082,0.22745206804382417,0.9573046944374506,3.3047619047619046,3.1678296249359845,0.27977691175789454,0.0371889936689926,0.0004188881624003536,0.0,0.0371889936689926,-0.005189925829287512,0,0,0,1,0,1.0,0.21904761904761905,0.14101058654894796,0.04136763174697787,0.9713785719645311,0.4437112537725119,0.0,0.09941944847605223,0.011111650805696285
101,104,99.04761904761905,105,0,103,2,0,0.0,0.6464889888349151,0.6383102234248872,0.13172511414604787,0.49706432456970523,0.23003896135603738,0.961573050674275,3.3047619047619046,3.1678296249359845,0.27877367423261834,0.1633691527717137,0.0003762641536389897,0.0,0.1633691527717137,0.0030074831997043416,0,0,0,2,0,0.5,0.21904761904761905,0.13877406920385826,0.044445021736102604,0.963170039026872,0.43786492273350686,0.0,0.12264150943396224,0.011105520408528117
102,103,98.0952380952381,105,1,102,2,0,0.009523809523809525,0.6522516747953587,0.6432522327212905,0.14276331452961394,0.49764096818093245,0.22584856967412612,0.9700881114812443,3.3047619047619046,3.1678296249359845,0.28200932856872085,0.16732662087013658,0.00030598430840356286,0.0,0.16732662087013658,0.0016369440263153863,0,1,0,2,0,0.3333333333333333,0.19047619047619047,0.14399520839279414,0.038182442311820636,0.9590584538079797,0.44308152942068607,0.009523809523809525,0.10341074020319302,0.01114346738190371
103,102,97.14285714285714,105,1,103,1,0,0.009523809523809525,0.652524984516753,0.642852020287867,0.13666253495231925,0.49818032725009037,0.2333510694110996,0.9686512069305088,3.3047619047619046,3.1678296249359845,0.28094541591540945,0.23114461996449037,0.0002738886787285013,0.0,0.23114461996449037,0.003526908759726735,0,1,0,1,0,0.0,0.19047619047619047,0.14175774685278444,0.041573529857871556,0.9820336528123597,0.44104779932704197,0.009523809523809525,0.0653120464441219,0.011153376918699465
104,103,98.0952380952381,105,0,105,0,0,0.0,0.6506085222259733,0.6410932869397209,0.135414281028628,0.4986458177115808,0.23766567374660935,0.9796358889685582,3.3047619047619046,3.1678296249359845,0.2800418454650464,0.0,0.0,0.0,0.0,0.0,0,0,0,0,0,0.0,0.19047619047619047,0.14073922206456094,0.03502453798123219,0.9820336528123597,0.4404259443989804,0.0,0.0653120464441219,0.011151167579615739
105,103,98.0952380952381,105,0,103,2,0,0.0,0.6544618233149538,0.6451637316229674,0.1366411463893558,0.499199718030365,0.22872488837103105,0.9600851873149268,3.3047619047619046,3.1678296249359845,0.2801426154029263,0.039284776108812855,0.00039091142722956696,0.0,0.039284776108812855,-0.004734396964950399,0,0,0,2,0,1.0,0.20952380952380953,0.1404829163062085,0.032342597691723145,0.9864096262685056,0.4443131072099321,0.0,0.0653120464441219,0.011179207394256173
106,103,98.0952380952381,105,0,105,0,0,0.0,0.6518220821209182,0.642716271346369,0.1286211956559351,0.4996740466333975,0.23451458885093812,0.9720681990319169,3.3047619047619046,3.1678296249359845,0.27671624240745585,0.0,0.0,0.0,0.0,0.0,0,0,0,0,0,0.0,0.19047619047619047,0.13579872106745916,0.03541857957568363,0.9867939348238776,0.44206611043223415,0.0,0.027213352685050776,0.011173521649289198
107,104,99.04761904761905,105,0,104,1,0,0.0,0.6567121422482893,0.6473154309575067,0.1352609273225862,0.5002499041469515,0.2252432188751235,0.9424081961077564,3.3047619047619046,3.1678296249359845,0.28268275474973814,0.05166049335895151,0.00033288766591787946,0.0,0.05166049335895151,0.004542450999097836,0,0,0,1,0,0.0,0.21904761904761905,0.14082340635942456,0.03931063343198111,0.9796646872141929,0.4498431692295121,0.0,0.06095791001451378,0.011207093042381945
108,105,100.0,105,0,105,0,0,0.0,0.6604704244287772,0.6510240261335134,0.1489275445030549,0.5009015050569172,0.21898241250147146,0.9415417645178695,3.3047619047619046,3.1678296249359845,0.2899593079307068,0.0,0.0,0.0,0.0,0.0,0,0,0,0,0,0.0,0.22857142857142856,0.1495171984861662,0.03019350571352673,0.9756157567202189,0.4653180084296699,0.0,0.06531204644412192,0.011236205256615507
109,105,100.0,105,0,103,2,0,0.0,0.6592967423831689,0.6504142779081288,0.14053479733249388,0.5015170117322837,0.225417393641769,0.9425098148644908,3.3047619047619046,3.1678296249359845,0.2862803298158685,0.18535691519319222,0.00033599758333157753,0.0,0.18535691519319222,-0.00010785847293488804,0,0,0,2,0,0.5,0.21904761904761905,0.1437489543697689,0.02765744178106887,0.9835881104289623,0.4599648091753816,0.0,0.06531204644412192,0.011240085947790326
110,105,100.0,105,0,104,1,0,0.0,0.6615431158617183,0.6524654747130831,0.13615763416745638,0.502165002940887,0.23240303789535527,0.9620288266480566,3.3047619047619046,3.1678296249359845,0.28303945542979925,0.3213456128004698,0.00040243082821511287,0.0,0.3213456128004698,-0.005330669099907065,0,0,0,1,0,0.0,0.2,0.1399141098449857,0.03286349085661775,0.989205606294067,0.4560250704302168,0.0,0.06531204644412192,0.01126158144391963
111,104,99.04761904761905,105,1,103,1,0,0.009523809523809525,0.6638447990227023,0.6538262376853438,0.13656570613326469,0.5028442421454131,0.2220828493859724,0.934173416194751,3.3047619047619046,3.1678296249359845,0.2862828808976927,0.33509344173240396,0.0008015630242822393,0.0,0.33509344173240396,-0.005705551028074976,0,1,0,1,0,0.0,0.2571428571428571,0.1416661314199141,0.04093182494440558,0.987162452996114,0.45992801913452996,0.009523809523809525,0.06531204644412189,0.011283848430097129
112,104,99.04761904761905,105,0,104,1,0,0.0,0.6612366174475801,0.6510592346451697,0.13731016408585425,0.5034145511242228,0.22238753490803037,0.9297578934078715,3.3047619047619046,3.1678296249359845,0.28862275098000767,0.33472491727280873,0.0006432780318489531,0.0,0.33472491727280873,-0.0026902632049737862,0,0,0,1,0,0.0,0.24761904761904763,0.14373475633177366,0.041555444318141274,0.9766145038725155,0.46251904595186794,0.0,0.1269956458635704,0.011279840730613722
113,103,98.0952380952381,105,1,104,0,0,0.009523809523809525,0.662988917664198,0.652188525557409,0.12958756436339228,0.5040037497126805,0.22677637390369149,0.9432766140800164,3.3047619047619046,3.1678296249359845,0.2873385974275102,0.33696262485466644,0.0006543977285144444,0.0,0.33696262485466644,-0.0004495741011891763,0,1,0,0,0,0.0,0.24761904761904763,0.13944914477768236,0.04124678785823069,0.987162452996114,0.4540821630722771,0.009523809523809525,0.06531204644412189,0.011297934635414241
114,103,98.0952380952381,105,0,105,0,0,0.0,0.6652083905968714,0.6542535572854709,0.13452791090449712,0.5046182800264032,0.22309966127948563,0.9495751726687085,3.3047619047619046,3.1678296249359845,0.28867385585115213,0.0,0.0,0.0,0.0,0.0,0,0,0,0,0,0.0,0.22857142857142856,0.14201921384059657,0.027388828377197322,0.9917824321924562,0.4578458282026119,0.0,0.02902757619738751,0.01131876563674377
115,103,98.0952380952381,105,0,105,0,0,0.0,0.6691959338173463,0.6582141800874091,0.138425606507912,0.5053137156927552,0.22117561532998029,0.9433821589904033,3.3047619047619046,3.1678296249359845,0.2908316327970686,0.0,0.0,0.0,0.0,0.0,0,0,0,0,0,0.0,0.21904761904761905,0.14406678237271137,0.02709186163861912,0.9854958409396379,0.46221152581641345,0.0,0.027213352685050776,0.011349718461376678
116,104,99.04761904761905,105,1,104,0,0,0.009523809523809525,0.6768216599691739,0.6647311175167401,0.14248216574164643,0.5061761470505141,0.21918839612742883,0.9321843243357962,3.3047619047619046,3.1678296249359845,0.29249744176072,0.39100216617220895,0.00038207997527433933,0.0,0.39100216617220895,0.01724721477980809,0,1,0,0,0,0.0,0.21904761904761905,0.14541845725814204,0.03306170364789694,0.9909725696692134,0.46017823210611003,0.009523809523809525,0.02721335268505079,0.011401507270158727
117,104,99.04761904761905,105,0,105,0,0,0.0,0.6803651756298312,0.6685543911605712,0.14598687252687947,0.5070842803594843,0.21477145215780513,0.9098420441875363,3.3047619047619046,3.1678296249359845,0.2939671313450434,0.0,0.0,0.0,0.0,0.0,0,0,0,0,0,0.0,0.22857142857142856,0.1469782487070741,0.035597758128672746,0.9909725696692134,0.4639385232600092,0.0,0.02721335268505079,0.01143360890645975
118,104,99.04761904761905,105,0,103,2,0,0.0,0.6846258757303813,0.6726794854187772,0.1452953462923497,0.5080681863188334,0.21808473842425663,0.9102131050713983,3.3047619047619046,3.1678296249359845,0.28980162290591727,0.016373967587502997,0.000225461670885015,0.0,0.016373967587502997,0.0006940608374642193,0,0,0,2,0,1.0,0.2571428571428571,0.14400543682108718,0.0453507421254227,0.9904087693804231,0.4547441057381788,0.0,0.05261248185776489,0.011470496639193386
119,104,99.04761904761905,105,0,104,1,0,0.0,0.6882554982541255,0.6759860414179069,0.15160043307677912,0.5091047206621253,0.21010413949173853,0.9059952987820793,3.3047619047619046,3.1678296249359845,0.29480199519312955,0.01937617422341275,0.0003316695782117005,0.0,0.01937617422341275,0.0018032338295077,0,0,0,1,0,1.0,0.24761904761904763,0.14896531409528016,0.04508458857091084,0.9871900180007556,0.46528388255050795,0.0,0.06531204644412189,0.011505062572811826
120,104,99.04761904761905,105,0,103,2,0,0.0,0.6895447730605652,0.6779253474760681,0.1517821697485977,0.5101575664928806,0.2112194339425894,0.9104237829579453,3.3047619047619046,3.1678296249359845,0.2918009473422294,0.013855860149494087,0.00022476448133701776,0.0,0.013855860149494087,-0.0007663061748263006,0,0,0,2,0,1.0,0.20952380952380953,0.14667052506043576,0.036240477230342794,0.9861559875231531,0.46444366079284305,0.0,0.05079825834542814,0.011528185127909808
121,105,100.0,105,0,104,1,0,0.0,0.6836897839005505,0.6723646077823947,0.13791175612775883,0.5110361361539989,0.21783732471998304,0.9142986861610205,3.3047619047619046,3.1678296249359845,0.2857583198117666,0.01114860109459144,0.00018607248885845292,0.0,0.01114860109459144,-0.00639064564137648,0,0,0,1,0,1.0,0.23809523809523808,0.13879322505620725,0.030567772488500258,0.9797000666553896,0.4543953140028471,0.0,0.05079825834542814,0.011512825977110038
122,105,100.0,105,0,104,1,0,0.0,0.686605153125081,0.6752998110728832,0.14080999573020483,0.5119612600166271,0.22124813416009467,0.8974036279203496,3.3047619047619046,3.1678296249359845,0.2847927716990817,0.010916175743430137,0.00022040864453899228,0.0,0.010916175743430137,-0.008056813095341314,0,0,0,1,0,1.0,0.2,0.13857556325737536,0.03887399140717171,0.9737041019690681,0.45151061811036347,0.0,0.0653120464441219,0.011542055997126535
123,105,100.0,105,0,103,2,0,0.0,0.6883926278683901,0.6773916714865055,0.14689839804627972,0.5129100907905838,0.21625313216345968,0.872405623595176,3.3047619047619046,3.1678296249359845,0.28847006096315475,0.025829776742862784,0.0003585804970384971,0.0,0.025829776742862784,-0.006566493062066858,0,0,0,2,0,1.0,0.2,0.142168004700138,0.020261635528139477,0.9796027661285402,0.4631337889105934,0.0,0.0653120464441219,0.011566022042017034
124,105,100.0,105,0,102,3,0,0.0,0.6872220497934912,0.6758740610976892,0.14495571448037986,0.513790403973002,0.21935311760762086,0.8881691774536571,3.3047619047619046,3.1678296249359845,0.2872223855699443,0.13203953027024276,0.0003897376492686467,0.0,0.13203953027024276,-4.9207376228858436e-05,0,0,0,3,0,0.6666666666666666,0.20952380952380953,0.14118875291822305,0.02101113948656032,0.9670377593111932,0.45961403275881363,0.0,0.1288098693759071,0.011574112562534971
125,104,99.04761904761905,105,1,102,2,0,0.009523809523809525,0.6854638664712155,0.6747254628678724,0.14348980103451936,0.5146016041173254,0.21979620237195413,0.8931918700660529,3.3047619047619046,3.1678296249359845,0.28723346685244766,0.09698996257553044,0.0004157869514211411,0.0,0.09698996257553044,-0.003460918227512766,0,1,0,2,0,0.6666666666666666,0.22857142857142856,0.1406886500452834,0.029687875873531264,0.9854869370694691,0.45902744862034367,0.009523809523809525,0.052612481857764876,0.01157817036516829
126,103,98.0952380952381,105,1,101,3,0,0.009523809523809525,0.7005215838018911,0.6904407549458186,0.16238809861989575,0.5157690052847483,0.2044982890495191,0.8693440733067594,3.3047619047619046,3.1678296249359845,0.2934814884055561,0.1307007329702028,0.00037546562280981594,0.0,0.1307007329702028,0.0028104435315964398,0,1,0,3,0,0.25,0.2,0.14865192101398061,0.028826137784572204,0.9896810978569393,0.46638671065109727,0.009523809523809525,0.06785195936139332,0.011671949591833406
127,102,97.14285714285714,105,1,102,2,0,0.009523809523809525,0.6945487368671839,0.6848331577620469,0.1423469735680899,0.5167848451938147,0.22135251619665064,0.8917928739045197,3.3047619047619046,3.1678296249359845,0.2839299293229629,0.03708594701345775,0.00019104169059880227,0.0,0.03708594701345775,-0.002202373592443065,0,1,0,2,0,0.6666666666666666,0.2,0.13713084710410187,0.039187219570746036,0.9902936749377099,0.45332656913958164,0.009523809523809525,0.04825834542815674,0.011658175395950534
128,100,95.23809523809524,105,2,100,3,0,0.01904761904761905,0.701671350485606,0.6933797860649885,0.15203440355858414,0.5179394391581126,0.22180346737935464,0.9127132599380169,3.3047619047619046,3.1678296249359845,0.2873198769024792,0.1400586483843707,0.0004108086821442468,0.0,0.1400586483843707,-0.00139823498580105,0,2,0,3,0,0.6,0.2,0.1419304992156214,0.050706764918271266,0.973126763541721,0.4581349749735213,0.01904761904761905,0.14332365747460085,0.01171207624886702
129,99,94.28571428571429,105,1,98,6,0,0.009523809523809525,0.7043623486983311,0.6955797317276248,0.15757477925841998,0.5191682421116292,0.22310271152220268,0.9450900106902923,3.3047619047619046,3.1678296249359845,0.28830978678930164,0.05376620172209813,0.00025882476073307365,0.0,0.05376620172209813,-0.0004705659176724798,0,1,0,6,0,0.7142857142857143,0.20952380952380953,0.14408784258536012,0.060405501579520834,0.9803133298451817,0.4550731556784803,0.009523809523809525,0.08635703918722785,0.01174499443192744
130,100,95.23809523809524,105,0,100,5,0,0.0,0.7075275257125606,0.6985900696609032,0.15244991589438472,0.5204259912816209,0.2305158105050091,0.943191262100468,3.3047619047619046,3.1678296249359845,0.2856637607423702,0.019332139176680935,0.0002452201099967646,0.0,0.019332139176680935,-0.003523673225466928,0,0,0,5,0,1.0,0.20952380952380953,0.14024201946262863,0.07593741009111261,0.9691983679502325,0.44566200697579894,0.0,0.052612481857764876,0.01178074199240578
131,101,96.19047619047619,105,0,101,4,0,0.0,0.7129453994116345,0.7040380144239797,0.16083321465317552,0.5217819623873221,0.23050419776639072,1.003933741520758,3.3047619047619046,3.1678296249359845,0.28672707385533824,0.018724236646133072,0.0003261324945802324,0.0,0.018724236646133072,-0.005061434745230929,0,0,0,4,0,1.0,0.18095238095238095,0.14297416703332747,0.06210216683851786,0.9746049517796714,0.4516848063504275,0.0,0.08635703918722784,0.011829308788097136
132,102,97.14285714285714,105,0,101,4,0,0.0,0.718499538524991,0.709366020422327,0.17770258878078898,0.5232300043605784,0.2155995985416944,0.9740925250680471,3.3047619047619046,3.1678296249359845,0.295650176436298,0.07246753469124953,0.0003457630068403005,0.0,0.07246753469124953,0.000473219186677927,0,0,0,4,0,0.75,0.2,0.1526805124291954,0.04955813849129609,0.9684669457229851,0.46619353025885335,0.0,0.08635703918722785,0.01188001523496908
133,104,99.04761904761905,105,0,102,3,0,0.0,0.7253874685163954,0.7159309739847616,0.1929839161182561,0.5247985480662759,0.20857674667364026,0.9602208125650464,3.3047619047619046,3.1678296249359845,0.29962183220407557,0.08357017448157107,0.00044153534880525834,0.0,0.08357017448157107,-0.0006729988149966245,0,0,0,3,0,0.6666666666666666,0.20952380952380953,0.1589355441794225,0.045426218094525184,0.9698257398551007,0.47255073235760414,0.0,0.12445573294629898,0.011939299281020678
134,105,100.0,105,0,103,2,0,0.0,0.7314975397399913,0.7220188896738056,0.19767319553519871,0.5264716868171749,0.20244877127197433,0.9219512905715587,3.3047619047619046,3.1678296249359845,0.3020377818720581,0.054373305498615375,0.000188645562809083,0.0,0.054373305498615375,-0.002843827573433641,0,0,0,2,0,0.5,0.22857142857142856,0.16067537183787947,0.04330573150610683,0.9680948245513884,0.4767460691667416,0.0,0.12445573294629898,0.011996350729647288
135,105,100.0,105,0,103,2,0,0.0,0.7280223424698106,0.7184329667996173,0.20283425800626614,0.5280009466413481,0.2064423013949334,0.9356248568431051,3.3047619047619046,3.1678296249359845,0.3024179660363746,0.04237634420104386,0.0002183265388913008,0.0,0.04237634420104386,-0.0014987386615888248,0,0,0,2,0,1.0,0.22857142857142856,0.1632765150447713,0.04845030175674219,0.9577346807530627,0.47728336081695305,0.0,0.08635703918722785,0.012003196916172586
136,104,99.04761904761905,105,1,102,2,0,0.009523809523809525,0.7263210819729115,0.7160128224209089,0.19339845617108486,0.5294406341395004,0.21629961841929182,0.9474646673440588,3.3047619047619046,3.1678296249359845,0.3003292502255799,0.10026154891985535,0.0003708389863634886,0.0,0.10026154891985535,0.0027762684667240376,0,1,0,2,0,0.3333333333333333,0.22857142857142856,0.1594324006669697,0.04545149882808429,0.9821394339339595,0.47429334480670926,0.009523809523809525,0.10558780841799709,0.012017494037224574
137,104,99.04761904761905,105,0,102,3,0,0.0,0.7315947866075553,0.7209597751216447,0.19445255496357056,0.5309398787569205,0.2167827849793942,0.9383803805656654,3.3047619047619046,3.1678296249359845,0.3000832475548978,0.04482962030276207,0.00028016083886066973,0.0,0.04482962030276207,0.0018732431740594118,0,0,0,3,0,0.6666666666666666,0.22857142857142856,0.15868720500923206,0.04797795370331452,0.9821065939666678,0.4735188171302066,0.0,0.06748911465892597,0.012067609317968239
138,104,99.04761904761905,105,0,102,3,0,0.0,0.727739202459623,0.7175887148689858,0.19554291686103967,0.5323061983029134,0.21848921496732962,0.9509778757951044,3.3047619047619046,3.1678296249359845,0.2982249820499816,0.03769248171562568,0.00015989751879783885,0.0,0.03769248171562568,-0.0029755140566572655,0,0,0,3,0,1.0,0.21904761904761905,0.15848953291427062,0.03776176532476144,0.9798601172075814,0.47479266767699024,0.0,0.1055878084179971,0.012069972734903206
139,104,99.04761904761905,105,0,103,2,0,0.0,0.7239141980805361,0.7140831589016442,0.19891919453097123,0.5335403951411951,0.220816743003445,0.9777168491342849,3.3047619047619046,3.1678296249359845,0.29877162037270333,0.04965326592180917,0.0002588981319027546,0.0,0.04965326592180917,-0.005767858866300463,0,0,0,2,0,0.5,0.24761904761904763,0.16033272285774608,0.03597450679876798,0.9695083036616311,0.4765750716055138,0.0,0.06748911465892597,0.012070396339544327
140,104,99.04761904761905,105,0,102,3,0,0.0,0.7211911876684103,0.7112343417682576,0.201906625130155,0.5346632981879145,0.22143912654401735,0.9665468018856996,3.3047619047619046,3.1678296249359845,0.30032388594196724,0.03681682765577977,0.00023730075665747322,0.0,0.03681682765577977,0.0005533886136702785,0,0,0,3,0,1.0,0.24761904761904763,0.1626011250298135,0.03740338178881979,0.9846273757425235,0.4792455327309046,0.0,0.06748911465892596,0.01207456711517034
141,105,100.0,105,0,102,3,0,0.0,0.7327323166883641,0.7223804576281541,0.23071850860838222,0.5360331015474521,0.20757616336496806,0.9390998526106962,3.3047619047619046,3.1678296249359845,0.30553424538162566,0.039362616913956566,0.00021642932482516533,0.0,0.039362616913956566,0.0011664223772876504,0,0,0,3,0,1.0,0.2571428571428571,0.17272691104721621,0.03024835709010531,0.9765669349954542,0.49037197453000914,0.0,0.06349782293178519,0.01215396927858351
142,105,100.0,105,0,103,2,0,0.0,0.7349792649488619,0.7247861719451191,0.22297530286012568,0.5374204790150223,0.20355044695183572,0.9148505283084389,3.3047619047619046,3.1678296249359845,0.3068049347379287,0.19883305921721262,0.00039852016976233513,0.0,0.19883305921721262,-0.0064298100751254,0,0,0,2,0,0.0,0.2571428571428571,0.16993929191701554,0.02801511404488122,0.9766295011540488,0.49397328353950176,0.0,0.08708272859216254,0.012187178897099686
143,104,99.04761904761905,105,1,99,4,1,0.009523809523809525,0.7265973681975648,0.7161639883469192,0.2004459835581869,0.5385575681876964,0.21660726785911752,0.9342063042574631,3.3047619047619046,3.1678296249359845,0.3024926466717901,0.10669538853320232,0.000288354873904727,0.0,0.10669538853320232,-0.005171260661076825,0,2,0,4,0,0.5,0.2571428571428571,0.16172146899626533,0.029981545170606527,0.9694155709346589,0.4837957435399827,0.009523809523809525,0.09107402031930333,0.012163279937180155
144,104,99.04761904761905,105,0,101,4,0,0.0,0.7287465600868304,0.7182166720994294,0.2024394875841183,0.5396984864033079,0.21326636603050536,0.9328751209403625,3.3047619047619046,3.1678296249359845,0.3029111678421239,0.029556647301809815,0.0001869965671498213,0.0,0.029556647301809815,-0.0041535699493210135,0,0,0,4,0,1.0,0.24761904761904763,0.1626375131746453,0.03127372522498605,0.9743250299169208,0.48735408294262605,0.0,0.06748911465892596,0.012192097069241698
145,104,99.04761904761905,105,0,102,3,0,0.0,0.7250952951956138,0.7149470467597417,0.19530293852288913,0.5407204013455806,0.21919028717966524,0.936878263732324,3.3047619047619046,3.1678296249359845,0.30068996725257735,0.03746207403879303,0.00017401332047006684,0.0,0.03746207403879303,-0.0049500607846156746,0,0,0,3,0,0.6666666666666666,0.26666666666666666,0.15978149874264794,0.03067364143419229,0.9727430748899809,0.48063483779435934,0.0,0.06748911465892597,0.012190027006927097
146,104,99.04761904761905,105,0,103,2,0,0.0,0.7267405796542982,0.7167223764730245,0.1982818180506215,0.5417549353000488,0.21464780337022393,0.9564191328384304,3.3047619047619046,3.1678296249359845,0.30255361644312395,0.019861833258693982,0.0001448376455137756,0.0,0.019861833258693982,0.0011657926052717482,0,0,0,2,0,1.0,0.2761904761904762,0.1611360396984458,0.02409865943555736,0.9753010797204498,0.48455405101730864,0.0,0.1055878084179971,0.012214639565765352
147,104,99.04761904761905,105,0,101,4,0,0.0,0.7328655813510316,0.7228715854769681,0.20026027060316962,0.5429125341530482,0.2064102856604692,0.8967152233736252,3.3047619047619046,3.1678296249359845,0.30365176906491276,0.03242562394960296,0.00016872861678321826,0.0,0.03242562394960296,-0.00406228306013761,0,0,0,4,0,0.75,0.2571428571428571,0.16106892710935777,0.021880006562684635,0.9737444666653833,0.48530327579440413,0.0,0.06349782293178519,0.012263599953950637
148,105,100.0,105,0,101,4,0,0.0,0.7312088125967996,0.7212964406312469,0.195621740009187,0.5439935439225976,0.21793707929022305,0.8900680677779262,3.3047619047619046,3.1678296249359845,0.30166828459024564,0.026557393648249997,0.00021971087110741653,0.0,0.026557393648249997,-0.00646073734752442,0,0,0,4,0,1.0,0.2571428571428571,0.1588184526757898,0.021802535014256542,0.975735547598058,0.4822954957850914,0.0,0.029390420899854858,0.012272438384043596
149,105,100.0,105,0,103,2,0,0.0,0.7339392641694714,0.7239266026006983,0.20181711326675794,0.5451069643844604,0.21374861118007366,0.8837431092429469,3.3047619047619046,3.1678296249359845,0.30281629455060655,0.02460366822196114,0.00012968378086067285,0.0,0.02460366822196114,-0.003702252861724667,0,0,0,2,0,1.0,0.2571428571428571,0.16104523586602576,0.023439996537844943,0.9726754107558616,0.4825340967596469,0.0,0.05297532656023221,0.012303726273527448
150,105,100.0,105,0,102,3,0,0.0,0.7330484434647389,0.7230949240668507,0.2156298811321944,0.5461640366558987,0.21886145292162426,0.9272570952770167,3.3047619047619046,3.1678296249359845,0.3029850678050765,0.03218113024882988,0.00019824559082786517,0.0,0.03218113024882988,-0.007036462488883927,0,0,0,3,0,1.0,0.26666666666666666,0.1652626719565255,0.02304644519821961,0.9606086874215445,0.48211350234383554,0.0,0.06567489114658924,0.01231601529428959
151,105,100.0,105,0,102,3,0,0.0,0.7374444023961654,0.7276222642796861,0.2197116247963315,0.5473023574183524,0.213490379707227,0.9044750503235481,3.3047619047619046,3.1678296249359845,0.3037925488376836,0.03531937827714021,0.00018925026190377568,0.0,0.03531937827714021,-0.006818921704716614,0,0,0,3,0,1.0,0.24761904761904763,0.16604260590909511,0.022115727988520066,0.9879126483694838,0.48566628796707845,0.0,0.027213352685050776,0.012356025120116625
152,105,100.0,105,0,102,3,0,0.0,0.7383533102170844,0.728545775610279,0.24779318489308694,0.5484280223308824,0.2079952267182738,0.9269311703018345,3.3047619047619046,3.1678296249359845,0.30642205314825643,0.02594126633578138,0.0001889906357340396,0.0,0.02594126633578138,-0.004325556530893791,0,0,0,3,0,1.0,0.24761904761904763,0.17515240151149042,0.018068883832954918,0.9732138574341482,0.4914334764728337,0.0,0.04208998548621189,0.012378399232509538
153,105,100.0,105,0,102,3,0,0.0,0.7447321860610502,0.7347357105364695,0.25970583916606743,0.5496748973707208,0.20610590260842968,0.9471656887310462,3.3047619047619046,3.1678296249359845,0.3070241033065291,0.021692686330711242,0.00018978704046915748,0.0,0.021692686330711242,-0.004682422636664962,0,0,0,3,0,1.0,0.2571428571428571,0.17771715641320251,0.01963051211585859,0.9844754520949116,0.4936416117853955,0.0,0.04208998548621189,0.012430043050178334
154,105,100.0,105,0,102,3,0,0.0,0.7454990885393624,0.7353714459557732,0.26108882610668827,0.5508983847456203,0.2041383670651197,0.9252689009986858,3.3047619047619046,3.1678296249359845,0.31157048361714756,0.0272600431241752,0.0001280822016206063,0.0,0.0272600431241752,-0.0016887390467849688,0,0,0,3,0,1.0,0.2761904761904762,0.18077420342168699,0.022059904058827927,0.9750572582996142,0.5015643800925478,0.0,0.027213352685050776,0.012453256560329602
155,105,100.0,105,0,101,4,0,0.0,0.7494470539950454,0.7392835936149844,0.260515482614511,0.5521822582630161,0.19958249468904038,0.9154474463248237,3.3047619047619046,3.1678296249359845,0.31169286538630714,0.03073162892291869,0.0002009645258431322,0.0,0.03073162892291869,-0.0017227176781798234,0,0,0,4,0,0.75,0.24761904761904763,0.18023479694008862,0.01750746652852959,0.9720467230858396,0.5047610281216398,0.0,0.027576197387518125,0.012493331850423405
156,105,100.0,105,0,99,6,0,0.0,0.7504456351819444,0.7404089685624416,0.272375949577098,0.553453980823563,0.19513155634647417,0.9046910253638544,3.3047619047619046,3.1678296249359845,0.31146257407973676,0.12642572456822748,0.00033937953694004815,0.0,0.12642572456822748,0.005136285002494967,0,0,0,6,0,0.3333333333333333,0.22857142857142856,0.1838016542798868,0.0200974372920034,0.9599976772437272,0.504942848993294,0.0,0.06567489114658924,0.012518467758367898
157,105,100.0,105,0,101,4,0,0.0,0.7501983652270158,0.7400433488993385,0.2857504391052642,0.5546761516136879,0.1974803982083602,0.9089322378421032,3.3047619047619046,3.1678296249359845,0.3156394768657902,0.06892167332691262,0.00021236405360125182,0.0,0.06892167332691262,0.00413342062241091,0,0,0,4,0,0.5,0.24761904761904763,0.18959992236227488,0.024339679813047226,0.9594418150363515,0.5082068562512017,0.0,0.05079825834542813,0.0125365895527717
158,104,99.04761904761905,105,1,100,4,0,0.009523809523809525,0.7521003969967738,0.7434499719380928,0.30449032964198186,0.555905038144943,0.1936972755009168,0.9323877791837778,3.3047619047619046,3.1678296249359845,0.31902815947374874,0.09577538958112738,0.00030580156869137765,0.0,0.09577538958112738,0.004126493362466494,0,1,0,4,0,0.4,0.23809523809523808,0.19667865828095132,0.023225781764865675,0.9748920749258201,0.5132790272952639,0.009523809523809525,0.08454281567489114,0.012565564227417465
159,104,99.04761904761905,105,0,102,3,0,0.0,0.7476859875359042,0.7391059822859268,0.279602646854012,0.557025808273298,0.20868856409660286,0.9643745924622845,3.3047619047619046,3.1678296249359845,0.3138535910216942,0.043127140223665796,0.0003355453252640879,0.0,0.043127140223665796,-0.003219786960637775,0,0,0,3,0,0.3333333333333333,0.24761904761904763,0.18821381262669235,0.025215452357829463,0.97203731880405,0.5038688769737671,0.0,0.05079825834542813,0.012561244224189846
160,104,99.04761904761905,105,0,103,2,0,0.0,0.7396752975314465,0.7315234192043542,0.26254006262047674,0.5579189121697974,0.21563284788178297,0.960461121586745,3.3047619047619046,3.1678296249359845,0.3114064672427985,0.028823232117641335,0.00023747184463166813,0.0,0.028823232117641335,-0.005861620350469873,0,0,0,2,0,1.0,0.2571428571428571,0.18330040018105523,0.016017562441792435,0.9767107824291859,0.50229054539316,0.0,0.027213352685050776,0.012535336779074941
161,104,99.04761904761905,105,0,102,3,0,0.0,0.7366226708344468,0.7285984722902515,0.24927015372871614,0.5587095981885953,0.22177111484559572,0.9696676530651562,3.3047619047619046,3.1678296249359845,0.31185655251878885,0.026729486592600007,0.0003262157334202903,0.0,0.026729486592600007,-0.008317351486688523,0,0,0,3,0,0.6666666666666666,0.2571428571428571,0.18134331221418354,0.020228070637557525,0.9708920625285826,0.5059601162672044,0.0,0.027213352685050776,0.012532597438561797
162,104,99.04761904761905,105,0,101,4,0,0.0,0.7346444207883167,0.7267905342845199,0.247664218708827,0.5594294187048524,0.21939628169186967,0.9713275757544853,3.3047619047619046,3.1678296249359845,0.31114302261142046,0.03173716263716286,0.00026178470581181724,0.0,0.03173716263716286,-0.006074483670151863,0,0,0,4,0,0.75,0.2571428571428571,0.1803446234571385,0.02326858110631935,0.9586753694411787,0.5063491546162838,0.0,0.06531204644412188,0.012534107532111326
163,105,100.0,105,0,101,4,0,0.0,0.7369401678642494,0.7288842805068121,0.257720592649647,0.5601794975840301,0.21395728434845182,0.9785765885163117,3.3047619047619046,3.1678296249359845,0.31419258798851457,0.03902867020357343,0.00017645308967825107,0.0,0.03902867020357343,-0.001292079627900393,0,0,0,4,0,0.75,0.2571428571428571,0.18469863404398038,0.0330202683546182,0.9804889111688418,0.5064743213910473,0.0,0.0653120464441219,0.01255746687796348
164,105,100.0,105,0,101,4,0,0.0,0.7341781675997114,0.726168662459483,0.2581061103963805,0.5608369943198599,0.2155988162223889,0.9837472809299738,3.3047619047619046,3.1678296249359845,0.3162313399247143,0.05646668075415463,0.0003292805852876888,0.0,0.05646668075415463,-0.006946587425375975,0,0,0,4,0,0.5,0.29523809523809524,0.18613109896489557,0.028215014520132788,0.9786993446354806,0.5099690188360538,0.0,0.0653120464441219,0.01255407106483109
165,104,99.04761904761905,105,1,102,2,0,0.009523809523809525,0.7330510736971914,0.7239131986354983,0.24357670226552988,0.5614425465110638,0.22583517049670215,1.000376929392245,3.3047619047619046,3.1678296249359845,0.31482100493588794,0.03895173468984265,0.0002214071349549585,0.0,0.03895173468984265,-0.007468417242401937,0,1,0,2,0,0.6666666666666666,0.2761904761904762,0.18267232860650084,0.04570542466212076,0.9597018138445172,0.5001513483833414,0.009523809523809525,0.0700290275761974,0.012558027026172194
166,104,99.04761904761905,105,0,102,3,0,0.0,0.7430115215741098,0.7337553265611927,0.2736164073285675,0.5622522980831723,0.21685765386028372,1.0019882558848983,3.3047619047619046,3.1678296249359845,0.3183167318735707,0.04952301469505251,0.00029308829113116995,0.0,0.04952301469505251,-0.0012756959119765432,0,0,0,3,0,0.3333333333333333,0.24761904761904763,0.19141930084398076,0.0427006555828102,0.9785767621835662,0.5078728817134229,0.0,0.07002902757619738,0.012620655040651605
167,104,99.04761904761905,105,0,103,2,0,0.0,0.739895554506826,0.7308624912515935,0.26439125622484966,0.5629630860299407,0.22640440498721626,1.008252089020711,3.3047619047619046,3.1678296249359845,0.31473707169592524,0.04773746902510604,0.00022359122945524558,0.0,0.04773746902510604,0.000882828489028091,0,0,0,2,0,0.5,0.24761904761904763,0.1866905075209948,0.038518505492321345,0.9724746404398502,0.4985675688418378,0.0,0.01523947750362846,0.012616333480889287
168,104,99.04761904761905,105,0,104,1,0,0.0,0.742625096812656,0.7335855883944482,0.2716330372914504,0.5637203678879668,0.22706424903175032,1.0205332259898607,3.3047619047619046,3.1678296249359845,0.31403481135314526,0.08362258106789322,0.0003852591905823948,0.0,0.08362258106789322,-0.0026322769629051335,0,0,0,1,0,0.0,0.24761904761904763,0.18821458769656485,0.03270667030144513,0.9715390505972222,0.5013451783601053,0.0,0.04898403483309144,0.012641975891939845
169,104,99.04761904761905,105,0,103,2,0,0.0,0.7537229998780957,0.744720773817535,0.2688962015838062,0.5647358553090491,0.22843777717436572,1.0192515990199564,3.3047619047619046,3.1678296249359845,0.3135989557064678,0.06308137204627333,0.0003410251481174736,0.0,0.06308137204627333,0.0012023667562170437,0,0,0,2,0,0.0,0.24761904761904763,0.18495667916402617,0.030862832618372766,0.9793033307764368,0.5019104129495117,0.0,0.033381712626995644,0.012713549862948316
170,105,100.0,105,0,104,1,0,0.0,0.7519766729150962,0.7428529076058372,0.26223117234836085,0.5656718371634023,0.22529412274085853,0.9916335355344544,3.3047619047619046,3.1678296249359845,0.3154833627884768,0.09413626076757614,0.00037998835445379037,0.0,0.09413626076757614,-0.0025534285636539256,0,0,0,1,0,0.0,0.2761904761904762,0.1844968564009289,0.02849381671285829,0.9736657332485222,0.5026398407991421,0.0,0.07002902757619738,0.012719643383366432
171,105,100.0,105,0,105,0,0,0.0,0.7551475705390169,0.7459846085150814,0.27368940151299515,0.5666575342666231,0.21733117925261702,0.9801124036653276,3.3047619047619046,3.1678296249359845,0.321085641592465,0.0,0.0,0.0,0.0,0.0,0,0,0,0,0,0.0,0.2761904761904762,0.19050798278286785,0.023844787334886413,0.9744289566698698,0.5130334845948422,0.0,0.07002902757619738,0.012751110473910017
172,105,100.0,105,0,105,0,0,0.0,0.755388680054334,0.7460860636981319,0.2753889356542385,0.5676145773068717,0.22361463804383255,1.0025492944055954,3.3047619047619046,3.1678296249359845,0.32399800349300834,0.0,0.0,0.0,0.0,0.0,0,0,0,0,0,0.0,0.26666666666666666,0.19318043490802994,0.028603342214833568,0.971409170524835,0.5164475687688538,0.0,0.10377358490566033,0.012767474767962793
173,105,100.0,105,0,103,2,0,0.0,0.7549466335621593,0.7458816631952715,0.28584081558007024,0.5685361228064216,0.21728068221452734,0.9885881647398694,3.3047619047619046,3.1678296249359845,0.3263451308437153,0.08187076553132874,0.0003562247879876957,0.0,0.08187076553132874,-0.0069314698204104574,0,0,0,2,0,0.5,0.2761904761904762,0.19727472159711945,0.020570120951087196,0.9752241008114406,0.5250800559171266,0.0,0.08708272859216254,0.012779861031172925
174,105,100.0,105,0,103,2,0,0.0,0.7591975317882625,0.749915955518749,0.28857417708227284,0.5695307149205332,0.21627400385002798,0.985616858508055,3.3047619047619046,3.1678296249359845,0.32692302294208764,0.06657786746578903,0.000358824879460244,0.0,0.06657786746578903,-0.008734044344211572,0,0,0,2,0,0.5,0.3047619047619048,0.19745634756035885,0.025706353601172103,0.962581338630678,0.5222143093608923,0.0,0.0718432510885341,0.012816869014122493
175,104,99.04761904761905,105,1,104,0,0,0.009523809523809525,0.7522909667347101,0.7459168374950921,0.27163633140060905,0.5703317434378762,0.22566823276180886,1.013279215612192,3.3047619047619046,3.1678296249359845,0.324527299629513,0.1310724682658556,0.0003996836043960885,0.0,0.1310724682658556,-0.0002009996259617064,0,1,0,0,0,0.0,0.2761904761904762,0.1920310145882802,0.03833128630735064,0.982169734775683,0.5136427112672044,0.009523809523809525,0.08599419448476052,0.012795023798193018
176,104,99.04761904761905,105,0,104,1,0,0.0,0.7556455583280947,0.7491959388170158,0.26991522954652203,0.5712512062277673,0.22171307725233846,0.9827717735081136,3.3047619047619046,3.1678296249359845,0.3265967471398017,0.18931742142730307,0.0003774604056648979,0.0,0.18931742142730307,0.010156659058931206,0,0,0,1,0,0.0,0.26666666666666666,0.19200367951932548,0.04428307120484122,0.9831031657005793,0.5143523672945935,0.0,0.07002902757619739,0.012826360263484158
177,104,99.04761904761905,105,0,104,1,0,0.0,0.7530207758598267,0.7466008301200396,0.26174652173916696,0.5720757751053286,0.2234729265858726,0.9986976550524976,3.3047619047619046,3.1678296249359845,0.3261212135634084,0.04971834080274946,0.00034651668211086524,0.0,0.04971834080274946,-0.011075802157651193,0,0,0,1,0,1.0,0.2571428571428571,0.18963881353168816,0.044507291831405116,0.9898744627519968,0.5116164803339169,0.0,0.06567489114658924,0.012826296819733513
178,104,99.04761904761905,105,0,103,2,0,0.0,0.7581514840793214,0.7517761951429136,0.2702688514970855,0.5730053804428227,0.21274864210824163,0.9655886801755414,3.3047619047619046,3.1678296249359845,0.32933360100006426,0.02842336008318274,0.0003140482979546633,0.0,0.02842336008318274,-0.006632225477166964,0,0,0,2,0,1.0,0.2571428571428571,0.19299915098410483,0.05085795057740486,0.9883184001175445,0.5153981024132424,0.0,0.07184325108853411,0.012866674517469048
179,104,99.04761904761905,105,0,104,1,0,0.0,0.7665459893881184,0.7601109958213128,0.3013629954730096,0.5741167632950968,0.19880845911078235,0.9381788227928004,3.3047619047619046,3.1678296249359845,0.3357516707786876,0.022427298886624366,0.0003197708012496435,0.0,0.022427298886624366,-0.012663270441573338,0,0,0,1,0,1.0,0.23809523809523808,0.20408561701319908,0.04455351245449307,0.9748845403811585,0.5282244292401439,0.0,0.04789550072568942,0.012926250401633432
180,105,100.0,105,0,104,1,0,0.0,0.7654646028661306,0.7591729283505285,0.2944389239161731,0.5751691663287367,0.1973418058259361,0.9454858101288739,3.3047619047619046,3.1678296249359845,0.3346353878850228,0.02012097706966645,0.0003344076489235967,0.0,0.02012097706966645,-0.014207693554172673,0,0,0,1,0,1.0,0.2571428571428571,0.2019706529069875,0.044461597390401016,0.9795662951409312,0.527453405433967,0.0,0.08599419448476052,0.012937512636560178
181,105,100.0,105,0,103,2,0,0.0,0.7699081143705503,0.7636032586877377,0.29653231000162394,0.576300507280827,0.20001274880090752,0.9454768414482099,3.3047619047619046,3.1678296249359845,0.3354451990677736,0.03596552176500442,0.0003077585045416066,0.0,0.03596552176500442,-0.010230247398130138,0,0,0,2,0,1.0,0.26666666666666666,0.20200774721866205,0.04598411372304672,0.981308150910679,0.5235168335735114,0.0,0.08599419448476052,0.012977649671001951
182,105,100.0,105,0,102,3,0,0.0,0.7757241366918464,0.7692001205889212,0.2967521534314905,0.5775378485185759,0.20432092809613683,0.9631138582292377,3.3047619047619046,3.1678296249359845,0.3342337326736531,0.13792455689821867,0.00046781398947580666,0.0,0.13792455689821867,-0.008116670549053276,0,0,0,3,0,0.6666666666666666,0.2761904761904762,0.200520455153825,0.05496408860245664,0.968466063450609,0.5176337851923215,0.0,0.10377358490566034,0.01302632821375391
183,105,100.0,105,0,102,3,0,0.0,0.7817139132233619,0.7748589717432853,0.3243664453579169,0.578879403104673,0.20315828370149974,0.9824001995054691,3.3047619047619046,3.1678296249359845,0.33962946565392915,0.12323166628828952,0.0003987805313429775,0.0,0.12323166628828952,-0.0041858850125614895,0,0,0,3,0,0.6666666666666666,0.2761904761904762,0.2102819869543764,0.054247609984700663,0.981224916336957,0.527011321346932,0.0,0.06567489114658924,0.013077526178218023
184,105,100.0,105,0,102,3,0,0.0,0.7809538839914704,0.7740807505133434,0.32707970006379894,0.5801587373490215,0.2018644098676805,0.96731917220607,3.3047619047619046,3.1678296249359845,0.3426294977624291,0.13554486475664249,0.0005149896139924697,0.0,0.13554486475664249,-0.008929971145363277,0,0,0,3,0,0.3333333333333333,0.29523809523809524,0.21342922122647753,0.0449159270453535,0.9698863423822311,0.5375410153287581,0.0,0.07002902757619739,0.013093989596655777
185,105,100.0,105,0,103,2,0,0.0,0.7812438109984446,0.7742084098462549,0.33132182823389617,0.5814007796883089,0.20146125872084814,0.954949841080708,3.3047619047619046,3.1678296249359845,0.3455074083494567,0.19670031183425987,0.0005893076659966655,0.0,0.19670031183425987,-0.011624181745175904,0,0,0,2,0,0.5,0.2761904761904762,0.21612287348450387,0.04614602987242802,0.9628665338713034,0.5383080172745521,0.0,0.07002902757619739,0.013115112124279748
186,104,99.04761904761905,105,1,103,1,0,0.009523809523809525,0.7814630065075485,0.7731312843162831,0.3279310020402245,0.582609642443475,0.20557574448001448,0.9724961361771672,3.3047619047619046,3.1678296249359845,0.3467839542888034,0.20717744189486378,0.0006521984223867704,0.0,0.20717744189486378,-0.011721928160907252,0,1,0,1,0,0.0,0.2761904761904762,0.21681227649541968,0.055225541338727036,0.9671494005964598,0.539067584276886,0.009523809523809525,0.07002902757619739,0.01313535545806675
187,104,99.04761904761905,105,0,104,1,0,0.0,0.7823595245901633,0.7739023880630306,0.3312840312107052,0.5837662888861354,0.20450659005917907,0.9612618977779448,3.3047619047619046,3.1678296249359845,0.3480031110686206,0.08978972371382216,0.0004489582851372195,0.0,0.08978972371382216,-0.007805448118514524,0,0,0,1,0,0.0,0.2761904761904762,0.21853259704333566,0.055474989032476316,0.9743358082915339,0.5408398999393036,0.0,0.08599419448476052,0.013158158342813007
188,104,99.04761904761905,105,0,103,2,0,0.0,0.7880793001785836,0.7794609375754585,0.33906741575394805,0.5850271630426661,0.19979294840048586,0.9524212081347205,3.3047619047619046,3.1678296249359845,0.3497778791591901,0.04608283493081478,0.00041993807904864666,0.0,0.04608283493081478,-0.0029106524752350593,0,0,0,2,0,0.5,0.2857142857142857,0.22074491372449503,0.06554289137902562,0.9828998663136173,0.5418802462173143,0.0,0.04789550072568942,0.013206728393286979
189,104,99.04761904761905,105,0,103,2,0,0.0,0.8016702082248994,0.792720068523224,0.3694375502598432,0.5865841161966714,0.18251071175962327,0.9291805494357963,3.3047619047619046,3.1678296249359845,0.35290947835174546,0.021081918409111635,0.00016749815818755835,0.0,0.021081918409111635,-0.0029642731564548386,0,0,0,2,0,1.0,0.29523809523809524,0.2270186592813664,0.06555805758628634,0.979475776106393,0.5463451746649964,0.0,0.08599419448476052,0.013299343745148035
190,104,99.04761904761905,105,0,103,2,0,0.0,0.7978791918122677,0.788879346834206,0.35088355885541533,0.5879944137118366,0.1970033063767026,0.9456760971466533,3.3047619047619046,3.1678296249359845,0.34928957235643954,0.02176711655590255,0.00033584969805743487,0.0,0.02176711655590255,-0.008879241466137,0,0,0,2,0,1.0,0.3142857142857143,0.22066892946001296,0.06475501998753656,0.9740159549750323,0.537511054092149,0.0,0.04789550072568942,0.013302726574327446
191,105,100.0,105,0,103,2,0,0.0,0.7954262991335451,0.7863649254516474,0.3436694539571977,0.5892963133361548,0.20415590401977263,0.9551686449433898,3.3047619047619046,3.1678296249359845,0.3477066598141676,0.03798116055258535,0.00047428794919708193,0.0,0.03798116055258535,-0.010976862462909465,0,0,0,2,0,0.5,0.3047619047619048,0.21858171127401058,0.06751139248147185,0.985060111872311,0.5374570879781569,0.0,0.08599419448476052,0.013311083091926875
192,105,100.0,105,0,103,2,0,0.0,0.8063509489997636,0.7973320470906804,0.372274178811417,0.5908349067811143,0.19095983198680566,0.9446977020321893,3.3047619047619046,3.1678296249359845,0.3527044417570844,0.029076777428929428,0.0003691567681766238,0.0,0.029076777428929428,-0.012996047384309872,0,0,0,2,0,1.0,0.29523809523809524,0.22579001413281116,0.06324946074682097,0.9722068813157663,0.5460366101904044,0.0,0.08236574746008708,0.013390076350736342
193,105,100.0,105,0,103,2,0,0.0,0.8025864190341183,0.7936308579025468,0.380064314725806,0.5922309623130555,0.19171675030909105,0.9561121235035647,3.3047619047619046,3.1678296249359845,0.3535931715430565,0.042708013863107235,0.0005000359582703113,0.0,0.042708013863107235,-0.01286999533107655,0,0,0,2,0,0.5,0.3047619047619048,0.2294689317808194,0.06358661676065536,0.9777048485341224,0.5487460027895005,0.0,0.0859941944847605,0.01339336603126881
194,104,99.04761904761905,105,1,103,1,0,0.009523809523809525,0.8027961825710991,0.793967983898913,0.3810514461774704,0.5935907863856822,0.19469692752348397,0.9480863804462355,3.3047619047619046,3.1678296249359845,0.3525722687899344,0.1915689281871768,0.0003522481287512283,0.0,0.1915689281871768,0.005200642429060119,0,1,0,1,0,0.5,0.29523809523809524,0.22848351551020044,0.0611261852289651,0.9770319982955225,0.5407074203312212,0.009523809523809525,0.09071117561683599,0.013415953303863554
195,104,99.04761904761905,105,0,102,3,0,0.0,0.8072315388958937,0.7983597723495194,0.37450769571851633,0.5950193835093138,0.19401276635512443,0.9379110872202698,3.3047619047619046,3.1678296249359845,0.3527120122147285,0.09473374518633215,0.0004116063754135455,0.0,0.09473374518633215,-0.005045662020963321,0,0,0,3,0,0.6666666666666666,0.3047619047619048,0.2259565793929523,0.06228451713407218,0.9568180628551626,0.5427735523375087,0.0,0.09071117561683598,0.01346075784693922
196,103,98.0952380952381,105,1,101,3,0,0.009523809523809525,0.8055860063101048,0.7996247394038541,0.3697004037006275,0.5963650327557012,0.1987779432146778,0.9129723362635637,3.3047619047619046,3.1678296249359845,0.3514418511125965,0.12305703191768136,0.00037805201479919716,0.0,0.12305703191768136,0.0002539964482863588,0,1,0,3,0,0.5,0.2761904761904762,0.22370767835619448,0.06714382468098537,0.9740121392660956,0.5372772566317422,0.009523809523809525,0.1288098693759071,0.01347384412174767
197,103,98.0952380952381,105,0,99,6,0,0.0,0.8053939409122923,0.7995094184369476,0.36117869499092303,0.5977348815444261,0.20551479456938856,0.9372882137448504,3.3047619047619046,3.1678296249359845,0.3461723068190774,0.05512308939247215,0.0001322671618130651,0.0,0.05512308939247215,0.0023473401511469156,0,0,0,6,0,0.5,0.2761904761904762,0.2178851971009003,0.07375522874139809,0.9769661195880159,0.527436287627615,0.0,0.1288098693759071,0.013494581032631634
198,102,97.14285714285714,105,1,100,4,0,0.009523809523809525,0.8083808164660851,0.8021883476763195,0.3773557629558195,0.5991371930975066,0.20600108532015038,0.9588956369110013,3.3047619047619046,3.1678296249359845,0.34679793043860907,0.08724236326625909,0.00019043629649799742,0.0,0.08724236326625909,0.0007641037391043076,0,1,0,4,0,0.4,0.2761904761904762,0.22091187670366497,0.07540258087984889,0.9860659280962976,0.5330059718033302,0.009523809523809525,0.06712626995645864,0.013531726830806789
199,101,96.19047619047619,105,2,101,2,0,0.01904761904761905,0.8104131521045475,0.8016035964356982,0.3982418419242292,0.6005310092853727,0.1973726724454413,0.9955986952661208,3.3047619047619046,3.1678296249359845,0.3526900258437038,0.15717332694942382,0.00038857251233090546,0.0,0.15717332694942382,0.001753372547940355,0,2,0,2,0,0.25,0.26666666666666666,0.23050119985250325,0.07050995817422245,0.984563241077528,0.5374184015688568,0.01904761904761905,0.08635703918722784,0.013563965370057291
200,100,95.23809523809524,105,1,103,1,0,0.009523809523809525,0.8130976395101367,0.8039598069897411,0.3646206625265734,0.6018999542886446,0.20501289981728388,0.977796007512222,3.3047619047619046,3.1678296249359845,0.3497448080772452,0.34681264606348916,0.0004807704105951399,0.0,0.34681264606348916,0.016237329568155254,0,1,0,1,0,0.0,0.26666666666666666,0.22085415016911986,0.07864513398453656,0.9880435725366543,0.5361951914374968,0.009523809523809525,0.06748911465892596,0.013599070729766601
201,101,96.19047619047619,105,0,102,3,0,0.0,0.8105488794891241,0.801526829049198,0.35489844911168666,0.6031455926981573,0.21277180715655422,1.0098537371414669,3.3047619047619046,3.1678296249359845,0.3460563225492168,0.09748354718303986,0.0004134421599527232,0.0,0.09748354718303986,0.0012670524037606083,0,0,0,3,0,0.3333333333333333,0.2761904761904762,0.21625991384791243,0.08681741684082006,0.9837958658788457,0.5313604458627463,0.0,0.1055878084179971,0.0136060567809396
202,100,95.23809523809524,105,1,102,2,0,0.009523809523809525,0.8132932847352521,0.8034483287906964,0.34886695507075005,0.604428005167162,0.2154417322508848,1.0202713388432936,3.3047619047619046,3.1678296249359845,0.34400379655331625,0.23702571138151282,0.0005918954573939814,0.0,0.23702571138151282,0.0021125839938717084,0,1,0,2,0,0.0,0.2761904761904762,0.21444065662215644,0.11508412866525462,0.9701254132220576,0.5181317669460431,0.009523809523809525,0.12917271407837444,0.01364009112822374
203,101,96.19047619047619,105,0,103,2,0,0.0,0.8131887225571461,0.8032671813898855,0.34161382275903024,0.6056376643496326,0.21934506976926868,1.0281082216784436,3.3047619047619046,3.1678296249359845,0.3403659815653266,0.19359904408100187,0.0005445864225729531,0.0,0.19359904408100187,0.010494885281333105,0,0,0,2,0,0.0,0.26666666666666666,0.20961304112402054,0.11054361723060288,0.9692390486646514,0.5119700448928661,0.0,0.1436865021770682,0.013658728288304743
204,103,98.0952380952381,105,0,103,2,0,0.0,0.806717738175689,0.7971427029103042,0.3121194986691329,0.6066537931552413,0.23236854716914218,1.0467123878939657,3.3047619047619046,3.1678296249359845,0.3353193976357105,0.22722229831188265,0.0004175739159400755,0.0,0.22722229831188265,0.011959510798574463,0,0,0,2,0,0.0,0.2761904761904762,0.20100811673838972,0.12512195140049134,0.9742373342002166,0.5048849590689901,0.0,0.1055878084179971,0.013642467981063246
205,104,99.04761904761905,105,0,103,2,0,0.0,0.807497224858895,0.7982939761381915,0.32288438795361185,0.6076669090310195,0.23775180371456223,1.0637111589479455,3.3047619047619046,3.1678296249359845,0.3325392782558927,0.1738940872237248,0.0003874000930486868,0.0,0.1738940872237248,0.00959500904895462,0,0,0,2,0,0.0,0.2571428571428571,0.20165354097698285,0.11806769069172139,0.9664841989336133,0.5060599096339116,0.0,0.1055878084179971,0.013662412306903193
206,104,99.04761904761905,105,0,103,2,0,0.0,0.8195549100237701,0.8100998966769427,0.35996187902531196,0.6089471242806085,0.2134330811738443,1.015766434175936,3.3047619047619046,3.1678296249359845,0.337824554923853,0.19189274467003792,0.00014224689434153592,0.0,0.19189274467003792,0.018167430933048498,0,0,0,2,0,0.0,0.23809523809523808,0.21224500894899548,0.11710537525610278,0.9739142744735596,0.514209067140624,0.0,0.10558780841799709,0.013742978251697284
207,104,99.04761904761905,105,1,103,1,0,0.009523809523809525,0.8192637723903788,0.8082448626511824,0.34165959728043005,0.6101819153386915,0.22637373682637274,1.0303235506897488,3.3047619047619046,3.1678296249359845,0.3342190303793162,0.22891460651242682,0.0003355455439024648,0.0,0.22891460651242682,0.011604883151627263,0,1,0,1,0,0.0,0.22857142857142856,0.2058003948480039,0.11124431186720297,0.9544390503505048,0.5118241025201553,0.009523809523809525,0.1055878084179971,0.013761080602002332
208,104,99.04761904761905,105,0,104,1,0,0.0,0.8183785528825193,0.8074683194505256,0.35847202447332377,0.611315768367012,0.224192492920912,1.0404186189730438,3.3047619047619046,3.1678296249359845,0.33488912579713226,0.05429662929737331,0.00047226303092706283,0.0,0.05429662929737331,-0.0065548495540361795,0,0,0,1,0,0.0,0.24761904761904763,0.210232058568335,0.10752554541287271,0.9603161880134247,0.5147885268061458,0.0,0.10558780841799709,0.013774613770530221
209,104,99.04761904761905,105,0,103,2,0,0.0,0.823193534305583,0.8121579457521133,0.3802623663736345,0.6125325503602222,0.21882412944549048,0.9925944490980894,3.3047619047619046,3.1678296249359845,0.3380475840025887,0.04154289250589673,0.0004498063851867045,0.0,0.04154289250589673,-0.007503560604059906,0,0,0,2,0,0.5,0.26666666666666666,0.21564097513594419,0.10089498319882302,0.9720407388846237,0.5207873167355614,0.0,0.06748911465892599,0.01381796146787144
210,104,99.04761904761905,105,0,102,3,0,0.0,0.8282698273417939,0.8169524970938546,0.38691006344578655,0.6138322933472098,0.22079709959714966,0.9830006449351718,3.3047619047619046,3.1678296249359845,0.33855256836558123,0.030400586060119066,0.00037699615760324365,0.0,0.030400586060119066,-0.0033685942372755537,0,0,0,3,0,1.0,0.2761904761904762,0.21649093730556365,0.11274298115945128,0.9681497769181321,0.5179752697144994,0.0,0.06748911465892599,0.013863929754747404
211,103,98.0952380952381,105,1,101,3,0,0.009523809523809525,0.8292877373304222,0.8172280217564493,0.3810146468925337,0.615114211574019,0.22170719990424292,1.0146187032241993,3.3047619047619046,3.1678296249359845,0.33713895702616936,0.02723951330565367,0.0004227459970776781,0.0,0.02723951330565367,-0.0063458608150372825,0,1,0,3,0,1.0,0.23809523809523808,0.21426355455564408,0.11791605498903654,0.9752603849078206,0.5182329383036868,0.009523809523809525,0.14368650217706824,0.013889323797368704
212,104,99.04761904761905,105,0,102,3,0,0.0,0.8294865134833946,0.8173571101227444,0.3935996347990288,0.616342425893377,0.21454075637752046,1.015486405989267,3.3047619047619046,3.1678296249359845,0.34173433328735237,0.06994521507647693,0.0003399461171333133,0.0,0.06994521507647693,0.005209273458301578,0,0,0,3,0,0.3333333333333333,0.2571428571428571,0.2193457214528235,0.11146426254831678,0.9632716439322435,0.5245675886180696,0.0,0.14368650217706824,0.01390977154666673
213,104,99.04761904761905,105,0,104,1,0,0.0,0.834863520537434,0.8225215553094509,0.4124316590628131,0.6176626131353391,0.2077232294399764,0.9522438575579616,3.3047619047619046,3.1678296249359845,0.3456374519500174,0.07527566624032392,0.0003303824592869007,0.0,0.07527566624032392,9.821594535036615e-05,0,0,0,1,0,0.0,0.2571428571428571,0.22441069740311081,0.1093354768791196,0.9747289238819965,0.5289779445533211,0.0,0.10558780841799709,0.013957567223214676
214,104,99.04761904761905,105,0,104,1,0,0.0,0.8292598515043464,0.8171056266776048,0.4183843915313753,0.6188037251814137,0.21456028348986428,1.0195229029082569,3.3047619047619046,3.1678296249359845,0.3435201234852139,0.06157947538019825,0.0004623697767264358,0.0,0.06157947538019825,-0.0016291590065096728,0,0,0,1,0,0.0,0.24761904761904763,0.22496046582600057,0.10267293729004644,0.9822084980689954,0.527238788624486,0.0,0.10558780841799709,0.013947623120773871
215,104,99.04761904761905,105,0,103,2,0,0.0,0.8363813175290655,0.8243798766579983,0.4177638938042429,0.6200930374187356,0.2170220916874641,0.9810283501288655,3.3047619047619046,3.1678296249359845,0.34508446721888775,0.042693157631744985,0.0003518287747618845,0.0,0.042693157631744985,0.008260927894028769,0,0,0,2,0,0.5,0.2571428571428571,0.22415865613076894,0.10024769108098128,0.9807510803473274,0.5309282520190959,0.0,0.06748911465892597,0.01400365205840337
216,105,100.0,105,0,102,3,0,0.0,0.8377225389960702,0.8260430480278866,0.4199862989352401,0.6213836555893408,0.21223702207831782,0.948093050017649,3.3047619047619046,3.1678296249359845,0.3477422336148557,0.06230486604153321,0.00026434000237528075,0.0,0.06230486604153321,0.010196474402149325,0,0,0,3,0,0.3333333333333333,0.2857142857142857,0.22565728199862276,0.09682969049255777,0.979412352563517,0.5345575178028215,0.0,0.1055878084179971,0.014030800458115014
217,105,100.0,105,0,103,2,0,0.0,0.8345599983623267,0.8228207669882409,0.37469443900442184,0.6225517280764948,0.21978471206502556,0.9665942493415398,3.3047619047619046,3.1678296249359845,0.34215380713420473,0.04694752489384158,0.0003144321644004854,0.0,0.04694752489384158,0.009235983863559588,0,0,0,2,0,0.5,0.26666666666666666,0.21247080413564107,0.10116518974994049,0.9717795999508676,0.5240598345993773,0.0,0.1055878084179971,0.014033489028090693
218,105,100.0,105,0,102,3,0,0.0,0.8351147764999064,0.8235887920504935,0.3831484944946881,0.6237022617977189,0.2167142606283008,0.9612206875678164,3.3047619047619046,3.1678296249359845,0.3445125477171369,0.06475845906211403,0.0002703282669150331,0.0,0.06475845906211403,0.011061753127510704,0,0,0,3,0,0.3333333333333333,0.2857142857142857,0.21553017025514648,0.09839431151834103,0.9717537221497544,0.5271780691200926,0.0,0.1055878084179971,0.014054486392811498
219,105,100.0,105,0,101,4,0,0.0,0.8376401123580238,0.825810272764069,0.39436960358522033,0.624872646750203,0.21182810484724984,0.9535708852627891,3.3047619047619046,3.1678296249359845,0.3456767140726027,0.09594016715041126,0.0004019775031914012,0.0,0.09594016715041126,0.007162810909045796,0,0,0,4,0,0.5,0.29523809523809524,0.21887181698579602,0.09707469395472257,0.9577576908366283,0.5295326709682696,0.0,0.1055878084179971,0.014085650972727378
220,105,100.0,105,0,102,3,0,0.0,0.8453699496804354,0.8331862679746098,0.41026980511643435,0.626192883070567,0.2062266232884851,0.9444113637100106,3.3047619047619046,3.1678296249359845,0.3473263076668325,0.058754391694054664,0.00026658973978195094,0.0,0.058754391694054664,0.009030703744915472,0,0,0,3,0,0.3333333333333333,0.2857142857142857,0.22179233703171117,0.09326677659600903,0.9656200751894356,0.5341906002867923,0.0,0.10159651669085633,0.014145211577977265
221,105,100.0,105,0,102,3,0,0.0,0.843830741735114,0.8318611049795007,0.39236235624315785,0.6274377134289052,0.20707271120215473,0.9333381095069662,3.3047619047619046,3.1678296249359845,0.34580241182699867,0.09981803737513185,0.00032467513397131615,0.0,0.09981803737513185,0.005409927231234383,0,0,0,3,0,0.3333333333333333,0.2857142857142857,0.21759727302595985,0.09286965174248248,0.9544425055328513,0.536786892840095,0.0,0.10159651669085633,0.014157232590686474
222,104,99.04761904761905,105,1,102,2,0,0.009523809523809525,0.8494305415314448,0.8399538173319303,0.4154652773470979,0.628776432863114,0.2048017104079185,0.9399154856093398,3.3047619047619046,3.1678296249359845,0.3505898844092701,0.12075335426752927,0.00036285286550750306,0.0,0.12075335426752927,0.005104414312076764,0,1,0,2,0,0.6666666666666666,0.26666666666666666,0.2248100991527473,0.09030422386318734,0.9613122089201765,0.5447520047089739,0.009523809523809525,0.13969521044992744,0.014206435765083947
223,104,99.04761904761905,105,0,102,3,0,0.0,0.8527990846264063,0.8436184619447243,0.40675897790401283,0.630237383195392,0.2060493896551231,0.932151136309484,3.3047619047619046,3.1678296249359845,0.3502233850042471,0.04830237939894507,0.00023713700123559464,0.0,0.04830237939894507,0.002954687432560101,0,0,0,3,0,0.3333333333333333,0.26666666666666666,0.22195357496417742,0.09072197410487991,0.9766011884314393,0.5428220725359774,0.0,0.1055878084179971,0.014246418689274506
224,104,99.04761904761905,105,0,102,3,0,0.0,0.8517142989367359,0.8426161862100393,0.3986062087732159,0.6316266528001209,0.21401816931909654,0.9347211315545064,3.3047619047619046,3.1678296249359845,0.346927642663748,0.05212180621909864,0.0002806736277044638,0.0,0.05212180621909864,0.004919465763752869,0,0,0,3,0,0.3333333333333333,0.23809523809523808,0.21808243638192526,0.08916056903006063,0.9776036999207804,0.5378747496355878,0.0,0.10558780841799709,0.01426299960788057
225,104,99.04761904761905,105,0,101,4,0,0.0,0.8562733734680537,0.846982124862415,0.40649873449845525,0.6330825571091704,0.20728536306245698,0.9299678437321577,3.3047619047619046,3.1678296249359845,0.3473870251086417,0.054108403101175644,0.00019222297702598163,0.0,0.054108403101175644,0.007423857217785476,0,0,0,4,0,0.25,0.2761904761904762,0.2184822008964772,0.08851498511218997,0.9814117002902808,0.5398308049292081,0.0,0.14368650217706824,0.014308855264543556
226,104,99.04761904761905,105,0,103,2,0,0.0,0.8556303713526003,0.8465101165342321,0.4265766462012124,0.634480378914485,0.20513494128858356,0.9438961392342526,3.3047619047619046,3.1678296249359845,0.3487548403515861,0.03844534945085421,0.0003074806897874061,0.0,0.03844534945085421,-0.00027093688545078154,0,0,0,2,0,0.5,0.2857142857142857,0.22328424331346974,0.07905592601827312,0.982241980785043,0.5427790225665164,0.0,0.14368650217706821,0.014327780560592574
227,105,100.0,105,0,102,3,0,0.0,0.8529870725923386,0.8438790600381448,0.42049729018361176,0.6357672421968414,0.2062779709854326,0.9429199561894726,3.3047619047619046,3.1678296249359845,0.34833011513918,0.08195323839492699,0.00022995256170138556,0.0,0.08195323839492699,0.006122407239112772,0,0,0,3,0,0.0,0.2857142857142857,0.22225331537464257,0.07762014958896188,0.9751786422527771,0.5428784397441906,0.0,0.18178519593613934,0.01433494688493672
228,105,100.0,105,0,101,4,0,0.0,0.8617652885264562,0.8522335314457177,0.43861560313047365,0.637225064179112,0.19461595323900674,0.9292574795220183,3.3047619047619046,3.1678296249359845,0.3528479468765684,0.05834217529666319,0.00023139285019322886,0.0,0.05834217529666319,0.005394298642039698,0,0,0,4,0,0.25,0.26666666666666666,0.2277335542021518,0.07526051858938297,0.9800035874409984,0.5499092129446933,0.0,0.1436865021770682,0.014401928622923905
229,105,100.0,105,0,101,4,0,0.0,0.8668803771392648,0.8572853952306073,0.44776064053830705,0.6387647323948206,0.19081928127778305,0.9105761845806255,3.3047619047619046,3.1678296249359845,0.3569475680143097,0.08180399883343664,0.000173792168635626,0.0,0.08180399883343664,0.008670042117646687,0,0,0,4,0,0.0,0.2857142857142857,0.23140384458146243,0.07886069899490211,0.978726208341571,0.5565495473551927,0.0,0.18178519593613934,0.01445189109891942
230,105,100.0,105,0,102,3,0,0.0,0.8685986924625825,0.8590037531576498,0.4488030138083271,0.6402991742658464,0.18284683788502665,0.8666656824981928,3.3047619047619046,3.1678296249359845,0.3599062793393002,0.06244765804723292,0.00021267241252063916,0.0,0.06244765804723292,0.004812161617736815,0,0,0,3,0,0.3333333333333333,0.2761904761904762,0.2339235238279841,0.07525258067285304,0.9619957093442041,0.5639829403892981,0.0,0.18178519593613934,0.014484786927619897
231,104,99.04761904761905,105,1,102,2,0,0.009523809523809525,0.8743514310653326,0.8673960924206457,0.5026554013798057,0.6419397279729437,0.17663356821742862,0.8709153628552331,3.3047619047619046,3.1678296249359845,0.36254055381940486,0.09518854808297694,0.00011334976479563217,0.0,0.09518854808297694,0.02421277872406008,0,1,0,2,0,0.3333333333333333,0.29523809523809524,0.24315955846268184,0.07247023443183633,0.9664643072694884,0.5661300239945503,0.009523809523809525,0.21988388969521047,0.014539535593806855
232,103,98.0952380952381,105,1,95,9,0,0.009523809523809525,0.8809558265689699,0.8709786245459207,0.4956133565491952,0.6437504670684219,0.18617433538863934,0.8885088503054764,3.3047619047619046,3.1678296249359845,0.362939180009211,0.1692421581031669,9.120884405955176e-05,0.1,0.15286514155311498,0.016720598905729543,0,1,0,9,0,0.3,0.2761904761904762,0.2422468591164284,0.07889632375393563,0.9624543969324331,0.5653442718378286,0.009523809523809525,0.21988388969521047,0.014601238136073467
233,103,98.0952380952381,105,0,101,4,0,0.0,0.8812876193725193,0.8718308624766188,0.47855308475913794,0.64545204213466,0.19161803649771283,0.9001686356405817,3.3047619047619046,3.1678296249359845,0.36069178282896086,0.2019604654334124,0.000449545839014111,0.0,0.2019604654334124,0.008034869988925115,0,0,0,4,0,0.25,0.2761904761904762,0.23736029784172843,0.08070011553258269,0.9696021254004275,0.565416174477136,0.0,0.21988388969521044,0.014629848599610624
234,103,98.0952380952381,105,0,100,5,0,0.0,0.8812692065922102,0.8720661801555368,0.4770235995127551,0.6471056777723757,0.1940236671707106,0.9053260905569206,3.3047619047619046,3.1678296249359845,0.3600045479409444,0.15805150084929673,0.00039580121952082793,0.0,0.15805150084929673,0.006532996775210858,0,0,0,5,0,0.2,0.2857142857142857,0.235635704428422,0.0751529185065938,0.9723897472859536,0.5670991522496234,0.0,0.21988388969521044,0.014655948715519106
235,103,98.0952380952381,105,0,101,4,0,0.0,0.881989858744318,0.872530929142598,0.498212007118905,0.6487187070153464,0.18271105629810908,0.909163445155337,3.3047619047619046,3.1678296249359845,0.36403442054567914,0.169453011596634,0.00017343688013628233,0.0,0.169453011596634,0.010776900518066294,0,0,0,4,0,0.25,0.2857142857142857,0.24257256477684755,0.07979847379642611,0.9588529126897665,0.5728232816054308,0.0,0.25798258345428154,0.0146851009853885
236,103,98.0952380952381,105,1,102,2,0,0.009523809523809525,0.8824847221459297,0.8741273114343113,0.5222401400268291,0.6502896618168234,0.18423379206174914,0.8958546602934451,3.3047619047619046,3.1678296249359845,0.36383076973767037,0.13529588712492077,0.00031914206050242237,0.0,0.13529588712492077,-0.008481745970376162,0,1,0,2,0,0.3333333333333333,0.2857142857142857,0.24630261372734014,0.06694552009400101,0.9722510153690346,0.5719192786516922,0.009523809523809525,0.16255442670537013,0.014712457888194329
237,104,99.04761904761905,105,0,102,3,0,0.0,0.8840727120123758,0.8756352016190375,0.5358058900985977,0.6518804983204987,0.18166047468349716,0.8854182401958932,3.3047619047619046,3.1678296249359845,0.3659935931105185,0.2573798150735231,3.484512907040134e-05,0.0,0.2573798150735231,0.016212439489604154,0,0,0,3,0,0.3333333333333333,0.26666666666666666,0.2505641231740103,0.06463988070281394,0.9878019382762159,0.5787537218801562,0.0,0.1288098693759071,0.01474559533255042
238,104,99.04761904761905,105,0,100,5,0,0.0,0.9000342425072423,0.8909037582534675,0.6131353528376494,0.6538078853224186,0.1643403718462814,0.8588568029528287,3.3047619047619046,3.1678296249359845,0.37305375266876917,0.1969829211345997,0.0002618001430659591,0.0,0.1969829211345997,0.004672109453676071,0,0,0,5,0,0.2,0.26666666666666666,0.2651570860415429,0.06468207804911152,0.9832918964106208,0.5878356705192282,0.0,0.1288098693759071,0.014855931153241745
239,103,98.0952380952381,105,2,101,2,0,0.01904761904761905,0.9072394211860126,0.8981907871593207,0.6344210321285824,0.6558544890313,0.14933685769573682,0.8631436800205674,3.3047619047619046,3.1678296249359845,0.3786841661730005,0.19524486388561224,0.00024443342212217473,0.0,0.19524486388561224,0.002454501465392587,0,2,0,2,0,0.25,0.26666666666666666,0.2718815567541432,0.06865002355044478,0.9788859439544589,0.6058124590096549,0.01904761904761905,0.21988388969521044,0.014924373505933088
240,103,98.0952380952381,105,0,102,3,0,0.0,0.9020958448580679,0.8929851377636467,0.6363468206895564,0.6577087344235755,0.1555921535675146,0.8607772620780981,3.3047619047619046,3.1678296249359845,0.38026818897838943,0.1675305898814203,0.00032356377579987504,0.0,0.1675305898814203,-0.0011943462386166854,0,0,0,3,0,0.3333333333333333,0.2761904761904762,0.2749623730858943,0.07337132242789954,0.9830781710402808,0.6040860347758958,0.0,0.18178519593613934,0.01492802529172112
241,103,98.0952380952381,105,0,103,2,0,0.0,0.9037700650303915,0.8948958321169437,0.5853765911212075,0.6595526625144082,0.1604702966902571,0.8788401091371364,3.3047619047619046,3.1678296249359845,0.377655990967817,0.17104688476168617,0.00024892072558560773,0.0,0.17104688476168617,0.005157763747320188,0,0,0,2,0,0.0,0.2857142857142857,0.26427984060252246,0.07450328309853055,0.9773145837577999,0.598968448806385,0.0,0.18178519593613934,0.0149656026427447
242,102,97.14285714285714,105,1,101,3,0,0.009523809523809525,0.9009581655629239,0.8912030102263587,0.5917105661324505,0.6612671699904784,0.16674497154450477,0.8771680126726229,3.3047619047619046,3.1678296249359845,0.3751832377740316,0.19490952080781593,0.0004322655928626469,0.0,0.19490952080781593,0.006340346310198211,0,1,0,3,0,0.0,0.2857142857142857,0.26410283896239506,0.07766886311390309,0.9826449306501385,0.6007233663532173,0.009523809523809525,0.18178519593613934,0.014978699483281704
243,102,97.14285714285714,105,0,103,2,0,0.0,0.9071581907492404,0.8972858462226423,0.5877568337276882,0.6630589421651429,0.16884075112978122,0.8929538618111349,3.3047619047619046,3.1678296249359845,0.3735519854858931,0.17448923833273627,0.0002824737944988904,0.0,0.17448923833273627,0.0028034600421760897,0,0,0,2,0,0.0,0.2761904761904762,0.26112278397663236,0.07658836453501702,0.9789164706283026,0.5989389703962893,0.0,0.18178519593613934,0.015038079754093481
244,103,98.0952380952381,105,1,102,2,0,0.009523809523809525,0.9115529170332113,0.9038641026859884,0.5883150226812125,0.6649134927042403,0.17744964651019077,0.9054180062647126,3.3047619047619046,3.1678296249359845,0.37491446238436765,0.16591592740485894,0.0003254831365225442,0.0,0.16591592740485894,0.0058227431585200955,0,1,0,2,0,0.0,0.3047619047619048,0.26130858393660694,0.08366758360690649,0.9729224794660173,0.5950799069850755,0.009523809523809525,0.20065312046444123,0.015089427886206801
245,102,97.14285714285714,105,1,101,3,0,0.009523809523809525,0.9038463180549203,0.8935414029889043,0.5839990403894708,0.6665583936151118,0.19642639189083141,0.9255193717028731,3.3047619047619046,3.1678296249359845,0.3769684472176673,0.21135131162149148,0.00040799672172660474,0.0,0.21135131162149148,0.006017889668076315,0,1,0,3,0,0.25,0.3047619047619048,0.2647735119311762,0.0992028840530367,0.9710907637114364,0.584119640285074,0.009523809523809525,0.23875181422351233,0.015076948720493063
246,102,97.14285714285714,105,0,102,3,0,0.0,0.9044764071967524,0.8942902876125768,0.5648881070853595,0.668106633485808,0.1940624633410957,0.9164358261546779,3.3047619047619046,3.1678296249359845,0.3784389018519698,0.1394332501503463,0.000287268877591808,0.0,0.1394332501503463,0.005321261059963667,0,0,0,3,0,0.3333333333333333,0.3047619047619048,0.26323332367501434,0.10588290826446718,0.9713326403492352,0.5862390848720995,0.0,0.23875181422351233,0.015104621966846716
247,103,98.0952380952381,105,0,103,2,0,0.0,0.8956118189142978,0.8857338592198999,0.5433020745202152,0.6693889852964475,0.19780216683587748,0.9308434581407914,3.3047619047619046,3.1678296249359845,0.37717807851089313,0.12536627535396871,0.000487067101719671,0.0,0.12536627535396871,0.009548007955146001,0,0,0,2,0,0.0,0.3333333333333333,0.2603329880040159,0.10028337962051455,0.9733021147766847,0.5893175580717789,0.0,0.23875181422351235,0.015080610385711112
248,103,98.0952380952381,105,0,102,3,0,0.0,0.8976890827390118,0.8876604393624905,0.5644387910227063,0.6706795390077378,0.19109974938748267,0.9214951572122028,3.3047619047619046,3.1678296249359845,0.3804501753402709,0.19372953749609442,0.00046237010653416103,0.0,0.19372953749609442,0.004737715669788496,0,0,0,3,0,0.0,0.38095238095238093,0.2665166609918023,0.0974237919945082,0.9810089918927929,0.5962230065338019,0.0,0.20065312046444123,0.015111437976230664
249,104,99.04761904761905,105,0,102,3,0,0.0,0.8943194344277366,0.884422087147239,0.5840948394716869,0.6718471417915685,0.1968621385890763,0.942179347875789,3.3047619047619046,3.1678296249359845,0.38230977082740614,0.16978512754387562,0.00044205515460499006,0.0,0.16978512754387562,-0.0033427949370492815,0,0,0,3,0,0.3333333333333333,0.34285714285714286,0.27184251446845653,0.0911710825415207,0.9738327317264454,0.6000672469657901,0.0,0.147677793904209,0.01511308356811817
250,104,99.04761904761905,105,1,102,2,0,0.009523809523809525,0.8980350931094778,0.8890677483889762,0.6635844295883603,0.6730596708908096,0.17619505145731726,0.9275283835296484,3.3047619047619046,3.1678296249359845,0.38981983625943384,0.13432417260731708,0.00044441136327389694,0.0,0.13432417260731708,-0.002613610542417169,0,1,0,2,0,0.3333333333333333,0.34285714285714286,0.28992012657774574,0.06120626098929854,0.9808000945235569,0.6150047202376195,0.009523809523809525,0.147677793904209,0.015150867289535243
251,104,99.04761904761905,105,1,102,2,0,0.009523809523809525,0.9011395847291864,0.8904413127980726,0.6472780760783245,0.6743533731289207,0.17569893259482833,0.931910419494692,3.3047619047619046,3.1678296249359845,0.3882544480575385,0.13740903335656107,0.0004714087742054833,0.0,0.13740903335656107,-0.003309234985553707,0,1,0,2,0,0.3333333333333333,0.34285714285714286,0.2861517732253579,0.06764187061538643,0.9787770179143107,0.6045563406513957,0.009523809523809525,0.1857764876632801,0.015186880889012457
252,104,99.04761904761905,105,0,104,1,0,0.0,0.8871382158017121,0.8771190668756386,0.5810880848815123,0.6752195173153467,0.1984465855809194,0.9643318804315473,3.3047619047619046,3.1678296249359845,0.3807108278117186,0.01999245620329809,9.710604184837824e-05,0.0,0.01999245620329809,0.006387589606333552,0,0,0,1,0,1.0,0.3619047619047619,0.27187895028135056,0.05947128909634408,0.9853310489005919,0.5982925422956983,0.0,0.147677793904209,0.015130593030441217
253,104,99.04761904761905,105,0,103,2,0,0.0,0.873518094280616,0.8641110975142584,0.5222801580302502,0.6757285672840141,0.21308955388079465,0.9729088672339894,3.3047619047619046,3.1678296249359845,0.3747450344737524,0.047715702349629366,0.0005299586047687332,0.0,0.047715702349629366,-0.0035810109067642704,0,0,0,2,0,0.5,0.3333333333333333,0.25971049870091556,0.0636378607543429,0.980845198501169,0.5911200992430823,0.0,0.147677793904209,0.015070555340692324
254,103,98.0952380952381,105,1,103,1,0,0.009523809523809525,0.8748806326362001,0.8641613179721684,0.5264796778181061,0.6762567448451701,0.21055461291642139,0.9768447015099703,3.3047619047619046,3.1678296249359845,0.37477420358416524,0.10907388887014934,0.0004441617390322415,0.0,0.10907388887014934,0.0033181059615857156,0,1,0,1,0,0.5,0.3523809523809524,0.2609174014497191,0.057261363740259426,0.9773518053475925,0.5969362731253872,0.009523809523809525,0.1669085631349782,0.015085733915097526
255,103,98.0952380952381,105,0,104,1,0,0.0,0.8837846528385602,0.8728541069745629,0.5453250925945844,0.6769545081279055,0.20417772778548576,0.9647880438957015,3.3047619047619046,3.1678296249359845,0.3779137550470135,0.0064588529138178905,0.0005649113878143364,0.0,0.0064588529138178905,-0.014441379821408473,0,0,0,1,0,1.0,0.3238095238095238,0.2652197189681778,0.061735962606317744,0.9624147725059733,0.6042131748552896,0.0,0.20500725689404933,0.015141305992100534
256,103,98.0952380952381,105,1,102,2,0,0.009523809523809525,0.8800890976316995,0.8679837973860822,0.4999861586049935,0.6775388920925489,0.21553602384116452,0.9667944425092319,3.3047619047619046,3.1678296249359845,0.37479379465054796,0.16886860665818312,0.0007248822290105072,0.0,0.16886860665818312,-0.005092178583262913,0,1,0,2,0,0.3333333333333333,0.3047619047619048,0.255861186080286,0.07449152031613851,0.9697250125053438,0.5930042804619516,0.009523809523809525,0.20500725689404933,0.015132084360243906
257,103,98.0952380952381,105,1,101,3,0,0.009523809523809525,0.8912019155306126,0.8799840312254636,0.5287610409953786,0.6783453119013302,0.20450870660169587,0.9531134939490655,3.3047619047619046,3.1678296249359845,0.3783397292288435,0.19158358181406618,0.00027023476758930077,0.0,0.19158358181406618,0.009686380917194742,0,1,0,3,0,0.0,0.3238095238095238,0.2605498938413556,0.07465576419809457,0.9722724111421794,0.5987874029272874,0.009523809523809525,0.20500725689404936,0.015200421452540434
258,102,97.14285714285714,105,1,103,1,0,0.009523809523809525,0.8916501511393683,0.8773283403005382,0.5343321279629122,0.6791693646383605,0.21552486559684655,0.9760234185217518,3.3047619047619046,3.1678296249359845,0.37627549258853876,0.13418148604579822,0.0007970746202326834,0.0,0.13418148604579822,0.0033924956726233135,0,1,0,1,0,0.0,0.3333333333333333,0.2604560963008167,0.07677581986879609,0.9647723666986971,0.583744864630806,0.009523809523809525,0.2195210449927431,0.015215714923948586
259,103,98.0952380952381,105,0,104,1,0,0.0,0.8984284512445915,0.8843529526404335,0.5276526973185741,0.6800662721600488,0.21185890244196115,0.9611480098784753,3.3047619047619046,3.1678296249359845,0.3753469664387634,0.07063026743843269,0.0003356136618716993,0.0,0.07063026743843269,0.00774264191018359,0,0,0,1,0,0.0,0.3238095238095238,0.25745662379692297,0.07714765240128574,0.9535825546642348,0.5826951350624909,0.0,0.2195210449927431,0.01526381267556486
260,103,98.0952380952381,105,0,104,1,0,0.0,0.8955335016731093,0.8818878240215701,0.5182416701370728,0.6808722943198119,0.2233608821898675,0.9690496485631297,3.3047619047619046,3.1678296249359845,0.3714073909039117,0.1924838695782734,0.0004103126413270904,0.0,0.1924838695782734,0.012135321205121508,0,0,0,1,0,0.0,0.3047619047619048,0.2534205466602862,0.07483959181316603,0.9538726216965929,0.5775396069535562,0.0,0.2195210449927431,0.015262104632087712
261,103,98.0952380952381,105,0,103,2,0,0.0,0.8935429814285176,0.8799368704009327,0.5222621300608334,0.6816033407614038,0.21760468433220037,0.9639594766058535,3.3047619047619046,3.1678296249359845,0.37266763294021654,0.12898433269150625,0.00019864185691844717,0.0,0.12898433269150625,0.01888600128227594,0,0,0,2,0,0.0,0.3238095238095238,0.2550950412610375,0.07450107744939699,0.9754818422288216,0.5791600794159435,0.0,0.18142235123367195,0.015263731183739148
262,104,99.04761904761905,105,0,104,1,0,0.0,0.8978234131375064,0.8838848714025335,0.5248861451957305,0.6824112816535041,0.22392856925630306,0.9765688161697866,3.3047619047619046,3.1678296249359845,0.3715000862070985,0.1697553786611831,0.00042979469819974433,0.0,0.1697553786611831,0.01624349358839894,0,0,0,1,0,0.0,0.3142857142857143,0.2540995211609511,0.08010557200490107,0.9649458783779213,0.5756209160867765,0.0,0.2195210449927431,0.015297930437750053
263,105,100.0,105,0,104,1,0,0.0,0.8975521039820299,0.8835891928909603,0.4959137400769779,0.6831861350814851,0.24843784591152746,1.0086693369185362,3.3047619047619046,3.1678296249359845,0.36279218713164263,0.07055957779396319,0.00044757049207881416,0.0,0.07055957779396319,0.0051110966027362315,0,0,0,1,0,0.0,0.29523809523809524,0.24288158929170037,0.08923874317732378,0.9789316219082856,0.55903850390412,0.0,0.18142235123367195,0.01530884691019338
264,105,100.0,105,0,104,1,0,0.0,0.9003746258608809,0.8864218193764792,0.4938465721281601,0.6840082286978023,0.25141068363963365,1.0181858032149418,3.3047619047619046,3.1678296249359845,0.3636259291174635,0.17350688662256394,0.0005092253974940577,0.0,0.17350688662256394,0.013895576928766418,0,0,0,1,0,0.0,0.3142857142857143,0.24274159522059463,0.09730389133195814,0.9662215769424015,0.5563755795871987,0.0,0.18142235123367198,0.015335980782148838
265,105,100.0,105,0,105,0,0,0.0,0.8982924147001333,0.8849545682298383,0.47913415181797536,0.6847670957758009,0.26089963173114483,1.0463495419007842,3.3047619047619046,3.1678296249359845,0.35543196709508895,0.0,0.0,0.0,0.0,0.0,0,0,0,0,0,0.0,0.2761904761904762,0.23414152577707334,0.08398885775189256,0.9614344773796477,0.546007995678524,0.0,0.18142235123367198,0.01533758953440046
266,104,99.04761904761905,105,1,104,0,0,0.009523809523809525,0.9053941181326222,0.8916043291021282,0.4730688665334977,0.6856898730274305,0.2612183948853432,1.0294294850025494,3.3047619047619046,3.1678296249359845,0.3546063244830615,0.27093807380154306,8.267067009451196e-05,0.0,0.27093807380154306,0.028503086743657043,0,1,0,0,0,0.0,0.2571428571428571,0.23008375646464585,0.07587745097327124,0.9475327901610335,0.5492511891643532,0.009523809523809525,0.16219158200290273,0.015387714057137552
267,104,99.04761904761905,105,0,103,2,0,0.0,0.9005094600776985,0.8869186515617152,0.468034529569727,0.6864452435290853,0.267605933742083,1.025716652777631,3.3047619047619046,3.1678296249359845,0.353146626734808,0.12486076875781381,0.00034903319518197573,0.0,0.12486076875781381,0.008975421318241528,0,0,0,2,0,0.0,0.2761904761904762,0.22882041368679196,0.0684751221840111,0.9510311614040232,0.5512528045636016,0.0,0.238388969521045,0.015375255192127658
268,104,99.04761904761905,105,0,104,1,0,0.0,0.9035419011271986,0.8898811772096468,0.4598355368486082,0.6872517633923081,0.2737380812866832,1.0433317290047346,3.3047619047619046,3.1678296249359845,0.35093979136186837,0.07111880262531539,0.00047056346127452044,0.0,0.07111880262531539,0.005568874284354541,0,0,0,1,0,0.0,0.2857142857142857,0.22536055802691274,0.07571047461792169,0.9560100995714046,0.5443233425533749,0.0,0.2002902757619739,0.01540319198495424
269,104,99.04761904761905,105,0,105,0,0,0.0,0.8911024841352407,0.8779679890186052,0.42932167966932744,0.6877308224765404,0.28344500471030276,1.053512787151627,3.3047619047619046,3.1678296249359845,0.3466693302086008,0.0,0.0,0.0,0.0,0.0,0,0,0,0,0,0.0,0.2761904761904762,0.21918400222918424,0.07647984997563603,0.9550285525598029,0.540124582989717,0.0,0.20029027576197386,0.01534858278779008
270,104,99.04761904761905,105,0,105,0,0,0.0,0.8918893009733136,0.8780851450850362,0.41547861785206536,0.6881976748288454,0.2869031413264779,1.0649429733163596,3.3047619047619046,3.1678296249359845,0.3457353688527429,0.0,0.0,0.0,0.0,0.0,0,0,0,0,0,0.0,0.2571428571428571,0.21628171925134654,0.08842383090676684,0.9605337966549989,0.5341292980437056,0.0,0.21988388969521044,0.01535991141554096
271,104,99.04761904761905,105,1,104,0,0,0.009523809523809525,0.9031156067355692,0.8907414970652333,0.44184355287890326,0.6889327020153457,0.27960143923650826,1.0671756055858062,3.3047619047619046,3.1678296249359845,0.34621829365318146,0.3055198388444489,0.000557265340515776,0.0,0.3055198388444489,0.012983296123064925,0,1,0,0,0,0.0,0.2857142857142857,0.22009115455242037,0.0855434415103597,0.9705720759718336,0.5303533501655403,0.009523809523809525,0.1857764876632801,0.015427685148834882
272,104,99.04761904761905,105,0,105,0,0,0.0,0.8982411274315053,0.8860590056594886,0.4381729847693394,0.6895635595255873,0.2847128941252211,1.070459402032093,3.3047619047619046,3.1678296249359845,0.34435115421911644,0.0,0.0,0.0,0.0,0.0,0,0,0,0,0,0.0,0.2857142857142857,0.21893046645150013,0.0867681482813633,0.970961327391456,0.5299999386743814,0.0,0.10957910014513786,0.015413304997864846
273,103,98.0952380952381,105,1,104,0,0,0.009523809523809525,0.9032296930658641,0.8892251358871768,0.4541337217591241,0.6902925054562273,0.2766094678737958,1.0593291848772,3.3047619047619046,3.1678296249359845,0.3481485947787193,0.22883306783104285,0.0011501107303388551,0.0,0.22883306783104285,0.0006557714649706448,0,1,0,0,0,0.0,0.29523809523809524,0.2233332144790989,0.08101302179962097,0.9695841398834162,0.5374911443176124,0.009523809523809525,0.1857764876632801,0.01544979370860693
274,103,98.0952380952381,105,0,105,0,0,0.0,0.9073527379357026,0.8932892677777843,0.46821567935034514,0.6910635206185028,0.27566171933958095,1.0550962738748142,3.3047619047619046,3.1678296249359845,0.34926591328472556,0.0,0.0,0.0,0.0,0.0,0,0,0,0,0,0.0,0.2857142857142857,0.22585174936104666,0.07408362388797758,0.9779120814081872,0.5399573676276901,0.0,0.1817851959361393,0.015482621156317778
275,103,98.0952380952381,105,0,104,1,0,0.0,0.9086931675363268,0.8949897452434606,0.4850017031286952,0.6918532059171936,0.2684415199111402,1.0272775602816202,3.3047619047619046,3.1678296249359845,0.34952073119483895,0.07118398074215196,0.00028283733745988613,0.0,0.07118398074215196,0.00980817098415604,0,0,0,1,0,0.0,0.2761904761904762,0.22878431674971741,0.06910385136019713,0.9749527184646523,0.5453572164722224,0.0,0.147677793904209,0.015501831246738743
276,104,99.04761904761905,105,0,104,1,0,0.0,0.9130303203270852,0.8987535520691,0.5238921731092175,0.6927132601211669,0.25588587012700387,1.0240740757951647,3.3047619047619046,3.1678296249359845,0.3536411714143428,0.07277928547239612,0.0002491409913677984,0.0,0.07277928547239612,0.011120372985171628,0,0,0,1,0,0.0,0.2761904761904762,0.23799913848570822,0.06474978365945744,0.9749527184646523,0.5489692504088046,0.0,0.147677793904209,0.015537139536624521
277,104,99.04761904761905,105,0,104,1,0,0.0,0.9148739413378344,0.9004409585647465,0.5511077405260948,0.693588832603566,0.24711184170002687,1.0070301952389522,3.3047619047619046,3.1678296249359845,0.35524800543034796,0.08331345847872643,0.0002033544655914585,0.0,0.08331345847872643,0.015313572113550139,0,0,0,1,0,0.0,0.26666666666666666,0.24276156000286725,0.05899672311088667,0.9679275205857829,0.5497950415025415,0.0,0.1857764876632801,0.015560225963920881
278,105,100.0,105,0,103,2,0,0.0,0.9160168174952624,0.9012147026057744,0.5625667427229734,0.6944562771558421,0.2455214723372578,1.0047286148289158,3.3047619047619046,3.1678296249359845,0.3571998533639247,0.14953577177381397,0.0005044468074199328,0.0,0.14953577177381397,0.0012013510629576285,0,0,0,2,0,0.0,0.2857142857142857,0.2458606619312673,0.06089197299256386,0.9814044826024012,0.5489554999524281,0.0,0.147677793904209,0.015579679927461471
279,105,100.0,105,0,102,3,0,0.0,0.9058150961680691,0.8915812692726433,0.5230723187402896,0.6950521059385909,0.259483336546974,1.026288582920665,3.3047619047619046,3.1678296249359845,0.3520085326199993,0.15958033015485315,0.0006392319590004541,0.0,0.15958033015485315,0.0019280247919976252,0,0,0,3,0,0.0,0.2761904761904762,0.2369158527542871,0.0641689629558186,0.9789388662649215,0.5392545553615858,0.0,0.10957910014513787,0.015538108741172408
280,105,100.0,105,0,103,2,0,0.0,0.9095878853591036,0.8952632005254427,0.5542812226220485,0.6957223697278428,0.25330802005202074,1.028971777852658,3.3047619047619046,3.1678296249359845,0.35489899229458244,0.1936534589313682,0.0007544584740310082,0.0,0.1936534589313682,-0.00026086634513927676,0,0,0,2,0,0.0,0.2857142857142857,0.24436235552855465,0.060086163714626196,0.9627098009427298,0.5458691467734622,0.0,0.06748911465892597,0.015567589094568153
281,105,100.0,105,0,102,3,0,0.0,0.9248785046423459,0.9101930538120959,0.6355743494299874,0.6967497625545129,0.2262534766760984,0.9485618000745549,3.3047619047619046,3.1678296249359845,0.36104247681384516,0.2416314548991915,0.0006259106490255686,0.0,0.2416314548991915,0.003150802292458362,0,0,0,3,0,0.0,0.2761904761904762,0.2592511670496705,0.05350421362156613,0.9764315524193122,0.5618903798229522,0.0,0.1436865021770682,0.015660315218148226
282,105,100.0,105,0,102,3,0,0.0,0.9250202452941179,0.9103210742431905,0.6482649038021652,0.6977478537021689,0.22224325331030517,0.9510259114216691,3.3047619047619046,3.1678296249359845,0.3623192941622182,0.25943621042961035,0.0005083841675069754,0.0,0.25943621042961035,0.00416165013736088,0,0,0,3,0,0.0,0.24761904761904763,0.26233523136625825,0.05125406532073043,0.9465820871283583,0.5624906524547626,0.0,0.10558780841799709,0.01567683283493674
283,102,97.14285714285714,105,3,100,2,0,0.02857142857142857,0.9210477953528617,0.9062156973098363,0.6180301942943058,0.6986207603481951,0.23514589221740523,0.9930090053120854,3.3047619047619046,3.1678296249359845,0.3585301144104087,0.2628219796242499,0.0006433738405316255,0.0,0.2628219796242499,0.003185989468717304,0,3,0,2,0,0.0,0.26666666666666666,0.2561814994834994,0.050148513816169075,0.9572008388947333,0.563938424481835,0.02857142857142857,0.052612481857764876,0.015670796682895886
284,101,96.19047619047619,105,2,102,1,0,0.01904761904761905,0.9240092314130318,0.9104556105837004,0.645971778781572,0.699530144581586,0.2404538633546955,1.0222743999893413,3.3047619047619046,3.1678296249359845,0.36007609261483897,0.263591627591585,0.0007366346119846105,0.0,0.263591627591585,-0.00031854264309659025,0,2,0,1,0,0.3333333333333333,0.26666666666666666,0.2609418600435225,0.05643361696734201,0.9594737886050387,0.5532758836932312,0.01904761904761905,0.06567489114658923,0.015700007734771662
285,100,95.23809523809524,105,1,104,0,0,0.009523809523809525,0.9213826799425426,0.9088881341006351,0.6405757297910828,0.7003838536043139,0.23395810517000143,1.0236209868190065,3.3047619047619046,3.1678296249359845,0.3613294296463545,0.10307847980462617,0.0006760085484707498,0.0,0.10307847980462617,0.0026440107460655726,0,1,0,0,0,0.0,0.2761904761904762,0.26111083329370033,0.05942618510878694,0.9620147684206817,0.5494693098864113,0.009523809523809525,0.10377358490566033,0.01570039700108558
286,100,95.23809523809524,105,0,104,1,0,0.0,0.9153598147170271,0.9032611526916062,0.6313826786350829,0.7010879059099704,0.24008636210714773,1.0402136609836337,3.3047619047619046,3.1678296249359845,0.3602161765285741,0.05819153879880998,0.0004113676216455285,0.0,0.05819153879880998,0.007664603513164947,0,0,0,1,0,0.0,0.29523809523809524,0.25969448300796805,0.055035711160590896,0.9639630704971593,0.5475681230893142,0.0,0.10377358490566035,0.01568143426371482
287,100,95.23809523809524,105,0,104,1,0,0.0,0.922391901050253,0.9101008544852829,0.6681978101151439,0.7019429911178555,0.23041170839687075,1.0232167215592012,3.3047619047619046,3.1678296249359845,0.360547790799731,0.056371444565560355,0.00048039923325400764,0.0,0.056371444565560355,0.0026917779415913112,0,0,0,1,0,0.0,0.2857142857142857,0.2640625426612527,0.05780139052899678,0.9642926984446355,0.5455757653219448,0.0,0.1288098693759071,0.01573013851664786
288,102,97.14285714285714,105,0,104,1,0,0.0,0.9124278318321398,0.9002728408932317,0.6303507442428409,0.702521920902317,0.23680096245551255,1.0406976316689915,3.3047619047619046,3.1678296249359845,0.3604110245884584,0.12546499697683522,0.00045439841259057993,0.0,0.12546499697683522,0.011244475177278335,0,0,0,1,0,0.0,0.3142857142857143,0.2604354921391567,0.06127692444699457,0.9619779273919113,0.5456342801583082,0.0,0.10377358490566035,0.01568948792516717
289,104,99.04761904761905,105,0,104,1,0,0.0,0.9139738019288203,0.902089209405367,0.6299399695729028,0.7031285427454194,0.23500152990003417,1.0369023891373124,3.3047619047619046,3.1678296249359845,0.3578600486861403,0.05746732762911156,0.00046079045457457865,0.0,0.05746732762911156,-8.407800798293508e-05,0,0,0,1,0,0.0,0.3142857142857143,0.25751058014529293,0.05594325899714995,0.9667606013506654,0.5467709736786733,0.0,0.1288098693759071,0.01570682614887914
290,105,100.0,105,0,103,2,0,0.0,0.9128886936354637,0.9010380723100261,0.6365031666390978,0.7036893092562206,0.24529678673155828,1.071728529267596,3.3047619047619046,3.1678296249359845,0.3573716980626369,0.043257717475233215,0.00027540081736564877,0.0,0.043257717475233215,-0.0008851304312283495,0,0,0,2,0,0.5,0.3238095238095238,0.25761358046808414,0.05158806380257353,0.9734396568708956,0.5446253313020907,0.0,0.14187227866473148,0.015710282671240295
291,105,100.0,105,0,102,3,0,0.0,0.9078524910284467,0.8961259869740822,0.6074820469076384,0.7041078264437866,0.2613057386742093,1.0930522711179622,3.3047619047619046,3.1678296249359845,0.35165739379395755,0.08954519299151231,0.00025491274682958254,0.0,0.08954519299151231,0.009082311430323555,0,0,0,3,0,0.3333333333333333,0.2857142857142857,0.2505423900664031,0.05374459917678334,0.969281411869785,0.5354186463348548,0.0,0.10377358490566035,0.015691730613931792
292,105,100.0,105,0,103,2,0,0.0,0.9066412509080211,0.8946082373380392,0.6106031522811266,0.7044746219418171,0.2528529337078305,1.0858114915681287,3.3047619047619046,3.1678296249359845,0.3560891700260831,0.06332671604832533,0.0002679467094185237,0.0,0.06332671604832533,0.0025075683104170826,0,0,0,2,0,0.5,0.29523809523809524,0.25600060220154064,0.06081612443246024,0.9687075662736537,0.5411705114270778,0.0,0.1669085631349782,0.015691484141554433
293,105,100.0,105,0,104,1,0,0.0,0.9010347145867879,0.889112765285206,0.5727152666382556,0.7046905282300221,0.2538506189196736,1.081401756004971,3.3047619047619046,3.1678296249359845,0.35646492642519667,0.03704660439189797,0.0004969597275147012,0.0,0.03704660439189797,0.0006383253711023107,0,0,0,1,0,1.0,0.3047619047619048,0.2510750087560791,0.05823042596746349,0.9498961755983448,0.5497179746621655,0.0,0.12409288824383163,0.015666871231628198
294,105,100.0,105,0,104,1,0,0.0,0.9049187982844816,0.892915465044601,0.561797887981934,0.7049959654144881,0.24460809547293827,1.06032899030546,3.3047619047619046,3.1678296249359845,0.3578704759748288,0.30660662787142734,0.000724305695297659,0.0,0.30660662787142734,0.016054758154437854,0,0,0,1,0,0.0,0.3142857142857143,0.2494548218356905,0.06006097860289104,0.9684469986606745,0.5537716524687476,0.0,0.09905660377358488,0.01569112951492421
295,105,100.0,105,0,104,1,0,0.0,0.9083074710492249,0.8961795858999378,0.5555069447281731,0.7053744482992979,0.2368358565458916,1.0123061534584321,3.3047619047619046,3.1678296249359845,0.36082167253998754,0.28925587849403833,0.00041434351151942823,0.0,0.28925587849403833,0.018570660430771685,0,0,0,1,0,0.0,0.2761904761904762,0.2500220917793129,0.0626772628250384,0.9625386889956427,0.5589679652236069,0.0,0.13715529753265598,0.015714067725223085
296,105,100.0,105,0,104,1,0,0.0,0.9144612057242588,0.9020124617423709,0.5612038400786656,0.7058887619462955,0.24110482167728994,1.032419322927832,3.3047619047619046,3.1678296249359845,0.36198985304830544,0.1157870769014934,0.000619755014843389,0.0,0.1157870769014934,0.006556177322250167,0,0,0,1,0,0.0,0.2761904761904762,0.25056659319872654,0.07612668426654129,0.9725356095339754,0.5512053937730227,0.0,0.14187227866473148,0.01575298268863559
297,105,100.0,105,0,103,2,0,0.0,0.9157689346588842,0.9032622034998299,0.5642077165161319,0.7064184547649204,0.23349583626848472,1.0276743575867804,3.3047619047619046,3.1678296249359845,0.3617012219982756,0.12326392423202387,0.00034639967413218795,0.0,0.12326392423202387,0.011512779988045951,0,0,0,2,0,0.0,0.26666666666666666,0.25186758732584114,0.07131104339041007,0.9674752509814794,0.5534381422112529,0.0,0.10377358490566035,0.0157679112163235
298,105,100.0,105,0,101,4,0,0.0,0.9075926012123501,0.8958208311454958,0.5515842753751139,0.7067427838191621,0.23978576339594435,1.0366616240186137,3.3047619047619046,3.1678296249359845,0.3586697219086501,0.07393684453354873,0.0003341509799382299,0.0,0.07393684453354873,0.004288216228557833,0,0,0,4,0,0.5,0.26666666666666666,0.2484189415937391,0.06472550250516892,0.9663947637884565,0.5471280123889515,0.0,0.21806966618287368,0.0157321666450221
299,105,100.0,105,0,102,3,0,0.0,0.9102486016580451,0.8981227296103288,0.5469581495143306,0.7071151748587452,0.24445465581546447,1.0410769685080328,3.3047619047619046,3.1678296249359845,0.3581020575646714,0.08013012212757863,0.0002831080984681963,0.0,0.08013012212757863,0.005999992844566972,0,0,0,3,0,0.6666666666666666,0.24761904761904763,0.2476184517366297,0.07614660145251516,0.9623703036364817,0.5423094553971671,0.0,0.17997097242380258,0.015751345004086835
300,104,99.04761904761905,105,1,104,0,0,0.009523809523809525,0.9012725582332309,0.8885335997792637,0.5142777319658085,0.7072451390064304,0.2645795631405098,1.0626330882205481,3.3047619047619046,3.1678296249359845,0.3553979766136133,0.23310340410418018,0.0003426188335613465,0.0,0.23310340410418018,0.01859357343762058,0,1,0,0,0,0.0,0.2857142857142857,0.24249732221012066,0.07915084565894305,0.9664631498348569,0.5461006139239568,0.009523809523809525,0.14187227866473148,0.01570852330834885
301,104,99.04761904761905,105,0,104,1,0,0.0,0.903794437856227,0.890867725943036,0.5269856071978104,0.7074177553651987,0.2679673627333487,1.0653515760953107,3.3047619047619046,3.1678296249359845,0.35711703662499206,0.027226666498919014,0.00020598332797938773,0.0,0.027226666498919014,-0.005984123972109373,0,0,0,1,0,1.0,0.3047619047619048,0.24587550412160347,0.07833585970355225,0.9647800343344083,0.5462607790932065,0.0,0.1288098693759071,0.0157238668025391
302,104,99.04761904761905,105,0,103,2,0,0.0,0.8981710610358555,0.8857279164722208,0.5066638800877622,0.7074546472061509,0.2762311705319596,1.0750692466910088,3.3047619047619046,3.1678296249359845,0.3547877505277819,0.06695797817010006,0.00047138810843073335,0.0,0.06695797817010006,-0.0018178904256618,0,0,0,2,0,0.5,0.3142857142857143,0.23993392279989176,0.0669917164608222,0.9683028705808658,0.5473112746945602,0.0,0.17997097242380258,0.01569633425377068
303,104,99.04761904761905,105,0,104,1,0,0.0,0.9028032401553965,0.8900854294922907,0.500321641901563,0.7076008012471247,0.2749621413026648,1.06243645364528,3.3047619047619046,3.1678296249359845,0.3576476837382423,0.03065774425112798,0.0001993916006768144,0.0,0.03065774425112798,-0.009319129829320205,0,0,0,1,0,1.0,0.3142857142857143,0.2402068293024684,0.07815483505144123,0.9547772409754266,0.5510614079315777,0.0,0.14187227866473148,0.015721810104872388
304,104,99.04761904761905,105,0,105,0,0,0.0,0.9129391287490249,0.8999084787408815,0.5137077327511467,0.7079912673484252,0.2706100140374862,1.042503865085251,3.3047619047619046,3.1678296249359845,0.35806171499471495,0.0,0.0,0.0,0.0,0.0,0,0,0,0,0,0.0,0.29523809523809524,0.24079721996215617,0.08560451065951528,0.9609135484285298,0.5504652002688853,0.0,0.14187227866473148,0.015778674198256695
305,104,99.04761904761905,105,1,104,0,0,0.009523809523809525,0.9201131658659216,0.9085400695387954,0.5544658745797733,0.7085463697862909,0.26501323550560213,1.0444123134924301,3.3047619047619046,3.1678296249359845,0.3604167816383437,0.09120765297718308,0.0006463981962105813,0.0,0.09120765297718308,0.00036086908461679945,0,1,0,0,0,0.0,0.26666666666666666,0.24777396417759925,0.08717779703264211,0.9656508357742174,0.5489658716949756,0.009523809523809525,0.17997097242380258,0.015823336733578906
306,104,99.04761904761905,105,0,105,0,0,0.0,0.9316987542325289,0.9193533945228574,0.6046263003754189,0.7093996673294319,0.2496387606780717,1.035697571910469,3.3047619047619046,3.1678296249359845,0.3677871782776203,0.0,0.0,0.0,0.0,0.0,0,0,0,0,0,0.0,0.3047619047619048,0.2596022969947494,0.08609811496064318,0.9558544152517506,0.5569665876797802,0.0,0.14187227866473145,0.01589478018159218
307,104,99.04761904761905,105,0,103,2,0,0.0,0.9266012243845348,0.914486849365502,0.5792350565062852,0.7101026027728481,0.26220934466785417,1.0448510039299599,3.3047619047619046,3.1678296249359845,0.364468680104723,0.17015281571864901,0.0006179255347998421,0.0,0.17015281571864901,0.000903009971096061,0,0,0,2,0,0.5,0.2857142857142857,0.2536479113550679,0.0893577856961854,0.9599993601501132,0.5484331534385829,0.0,0.17997097242380258,0.015880426430962564
308,103,98.0952380952381,105,1,102,2,0,0.009523809523809525,0.9350953462877805,0.9211254331580647,0.6175639377398109,0.7109891909180579,0.26099476031212326,1.0740285521449375,3.3047619047619046,3.1678296249359845,0.36683269107819805,0.1533120149889407,0.0004022603235027497,0.0,0.1533120149889407,0.008206799935322862,0,1,0,2,0,0.3333333333333333,0.29523809523809524,0.2602315854336916,0.08505461061944276,0.9572276008794257,0.5544962289211446,0.009523809523809525,0.1992017416545718,0.015936939841436355
309,103,98.0952380952381,105,0,105,0,0,0.0,0.9406338815075254,0.9263168480846627,0.6677869891687179,0.7119415763255823,0.24877704692698477,1.0510479734544462,3.3047619047619046,3.1678296249359845,0.3685598143805333,0.0,0.0,0.0,0.0,0.0,0,0,0,0,0,0.0,0.3142857142857143,0.26722695532982416,0.07543179489745672,0.9572276008794257,0.5603473658090038,0.0,0.1992017416545718,0.015979717491076642
310,104,99.04761904761905,105,0,104,1,0,0.0,0.9461007517105612,0.9317750430335153,0.6822779693634985,0.7130021168392848,0.23966003788975263,1.0288320129214914,3.3047619047619046,3.1678296249359845,0.3732028477846061,0.01414576764685912,0.0004399009303277904,0.0,0.01414576764685912,-0.012096483141241954,0,0,0,1,0,1.0,0.2857142857142857,0.2728255321531817,0.07544411650367151,0.9449751589112867,0.5713999179640891,0.0,0.1992017416545718,0.016023849900380582
311,104,99.04761904761905,105,0,105,0,0,0.0,0.95040100313498,0.9354133538486162,0.6998778006650621,0.7141212656266884,0.23877535096436064,1.033477207530766,3.3047619047619046,3.1678296249359845,0.3766017326701363,0.0,0.0,0.0,0.0,0.0,0,0,0,0,0,0.0,0.3142857142857143,0.276437205144659,0.08281151730556582,0.960709620104799,0.5737553354918815,0.0,0.1611030478955007,0.016063077520919917
312,104,99.04761904761905,105,0,105,0,0,0.0,0.9434616939064734,0.9288968277350363,0.6716108620147246,0.7150398157314631,0.25119945533072735,1.0461102670352613,3.3047619047619046,3.1678296249359845,0.37373742770072194,0.0,0.0,0.0,0.0,0.0,0,0,0,0,0,0.0,0.3238095238095238,0.27161980975025335,0.08583233623855113,0.9566069850164112,0.5686096526528049,0.0,0.1611030478955007,0.01604293002594685
313,105,100.0,105,0,104,1,0,0.0,0.9456630422058558,0.9309228371362989,0.7013207090341429,0.7159806121547129,0.24512058194875141,1.0482781902154492,3.3047619047619046,3.1678296249359845,0.37744694148955027,0.014591144500043427,0.0004767848071907245,0.0,0.014591144500043427,-0.014983904269032566,0,0,0,1,0,1.0,0.3333333333333333,0.2789009271180658,0.0820215547135656,0.9623401574341204,0.5786146962479565,0.0,0.16690856313497823,0.016068838181346783
314,105,100.0,105,0,105,0,0,0.0,0.9429841023413295,0.9282081104761344,0.7039210201530303,0.716822807417855,0.24944450802317422,1.0724530203345906,3.3047619047619046,3.1678296249359845,0.3767059848838954,0.0,0.0,0.0,0.0,0.0,0,0,0,0,0,0.0,0.3142857142857143,0.27997043935527866,0.08319942857239515,0.9670685314595495,0.5771367540557645,0.0,0.1611030478955007,0.016068783137546963
315,105,100.0,105,0,105,0,0,0.0,0.9315948907972799,0.9170623304168509,0.6752805700935864,0.717355859911833,0.26082038555978887,1.0942010734217997,3.3047619047619046,3.1678296249359845,0.37648545579074466,0.0,0.0,0.0,0.0,0.0,0,0,0,0,0,0.0,0.3047619047619048,0.2782333399516474,0.08430634240803261,0.9588911713425509,0.5754869550945789,0.0,0.23730043541364293,0.016020280177237063
316,105,100.0,105,0,105,0,0,0.0,0.9356701891653527,0.920641141940716,0.680925338465053,0.7179627227323293,0.2631329634645378,1.0913222985865931,3.3047619047619046,3.1678296249359845,0.37645585048279284,0.0,0.0,0.0,0.0,0.0,0,0,0,0,0,0.0,0.3238095238095238,0.27825243970786984,0.09162538676268983,0.9680071537700519,0.5690133721652002,0.0,0.19920174165457183,0.016050268859182627
317,105,100.0,105,0,105,0,0,0.0,0.9288961353172229,0.9141236467671795,0.6236167572407046,0.7183851906582861,0.2703591964680188,1.0989839643645893,3.3047619047619046,3.1678296249359845,0.3708700036930548,0.0,0.0,0.0,0.0,0.0,0,0,0,0,0,0.0,0.3142857142857143,0.2660761983198649,0.09413104897502796,0.9632420919646433,0.5624046149308398,0.0,0.1992017416545718,0.016023090121999137
318,105,100.0,105,0,105,0,0,0.0,0.9250249276766122,0.910362277598771,0.62812583978067,0.7186989525066728,0.2746723182730088,1.109516317292576,3.3047619047619046,3.1678296249359845,0.37060538902849105,0.0,0.0,0.0,0.0,0.0,0,0,0,0,0,0.0,0.34285714285714286,0.26709652441611076,0.09448801630318258,0.9569178905564089,0.563582957021678,0.0,0.23730043541364296,0.016008703804188555
319,105,100.0,105,0,105,0,0,0.0,0.9320117531433407,0.9170762227835023,0.6534412553838479,0.7191729239899256,0.2766588205215668,1.114125650424039,3.3047619047619046,3.1678296249359845,0.37285183397422017,0.0,0.0,0.0,0.0,0.0,0,0,0,0,0,0.0,0.34285714285714286,0.27152971020713573,0.09985566177123034,0.9512068703734439,0.5615118006904859,0.0,0.23730043541364296,0.016051145236052312
320,105,100.0,105,0,105,0,0,0.0,0.9291642039269434,0.9140386267892049,0.6625432261921241,0.7195549001714836,0.27406215082834545,1.107204226828164,3.3047619047619046,3.1678296249359845,0.37291376844275614,0.0,0.0,0.0,0.0,0.0,0,0,0,0,0,0.0,0.3238095238095238,0.272738739314702,0.09042128175173221,0.9641857439966205,0.5632436377751315,0.0,0.16690856313497823,0.016042957667290123
321,105,100.0,105,0,105,0,0,0.0,0.9354308290115901,0.9195702830095407,0.7161204473281402,0.720064962754,0.2682377277193314,1.1184611251090895,3.3047619047619046,3.1678296249359845,0.37859769765012685,0.0,0.0,0.0,0.0,0.0,0,0,0,0,0,0.0,0.3142857142857143,0.2847982804074199,0.08947339954659554,0.9743797463006357,0.5647816202894529,0.0,0.1611030478955007,0.01608236974951069
322,105,100.0,105,0,105,0,0,0.0,0.942479640515539,0.9265335705821364,0.7210015552487569,0.720735335492197,0.25734744829517847,1.103205543501853,3.3047619047619046,3.1678296249359845,0.378387587473366,0.0,0.0,0.0,0.0,0.0,0,0,0,0,0,0.0,0.3238095238095238,0.28405322933671806,0.09214712657759212,0.9710321080156802,0.5672803998220003,0.0,0.1611030478955007,0.016128231940129484
323,105,100.0,105,0,104,1,0,0.0,0.9469808838619814,0.9305923676130593,0.7188265907806416,0.7214873325840051,0.25867452244063843,1.066479017276847,3.3047619047619046,3.1678296249359845,0.3809196151546639,0.05646775907243877,0.00029269059798223054,0.0,0.05646775907243877,0.011949061123621957,0,0,0,1,0,0.0,0.3142857142857143,0.2844617411997882,0.0970418884859569,0.9798267525727198,0.5682475131601992,0.0,0.1611030478955007,0.016162649150188172
324,105,100.0,105,0,105,0,0,0.0,0.9527256767617854,0.9359702981237003,0.7420913920254971,0.7223517986299,0.24931218687588422,1.0836461637057229,3.3047619047619046,3.1678296249359845,0.38290282261891107,0.0,0.0,0.0,0.0,0.0,0,0,0,0,0,0.0,0.3238095238095238,0.2886024283556746,0.10317490804815861,0.9716385138715531,0.5670723049059125,0.0,0.1611030478955007,0.016205065520436875
325,105,100.0,105,0,104,1,0,0.0,0.9524854142229308,0.9359977518103937,0.7097607903070097,0.7231895756131116,0.24450786538174124,1.0358524648041605,3.3047619047619046,3.1678296249359845,0.3799246096797422,0.020125728203136684,0.0004113181885849321,0.0,0.020125728203136684,-0.005971961153020289,0,0,0,1,0,1.0,0.3333333333333333,0.2814039891988607,0.10296603722820431,0.9727650716020056,0.5691741977007767,0.0,0.1669085631349782,0.016217133881475138
326,105,100.0,105,0,104,1,0,0.0,0.9471933868740622,0.9307502657339631,0.7143643221280577,0.7238678281140632,0.24757902376318186,1.0464302701939576,3.3047619047619046,3.1678296249359845,0.38182437945375924,0.11364791159632859,0.0003017369726802042,0.0,0.11364791159632859,0.010847157267434793,0,0,0,1,0,0.0,0.3238095238095238,0.2857048733139144,0.10131403721028166,0.9712763787380532,0.5716310630974585,0.0,0.16219158200290276,0.016201416686559306
327,104,99.04761904761905,105,1,104,0,0,0.009523809523809525,0.9491255556332127,0.9325527743410068,0.7195712032098459,0.7245690247857716,0.24392713518266468,1.0326872131732199,3.3047619047619046,3.1678296249359845,0.38474371865200685,0.08675865053746849,0.00030972690310109426,0.0,0.08675865053746849,0.013374036511696719,0,1,0,0,0,0.0,0.3523809523809524,0.28848100221729117,0.10598943731798997,0.9744618672020218,0.5732657645606322,0.009523809523809525,0.1611030478955007,0.01622218388830278
328,104,99.04761904761905,105,0,105,0,0,0.0,0.9427327104872779,0.926540156993291,0.6951594569500182,0.7250968834296279,0.24968452889690698,1.0475159019245037,3.3047619047619046,3.1678296249359845,0.3807731740108724,0.0,0.0,0.0,0.0,0.0,0,0,0,0,0,0.0,0.3333333333333333,0.28272299427722636,0.10115940153412609,0.9567482746693099,0.5687717422067763,0.0,0.19448476052249639,0.016198580493822036
329,104,99.04761904761905,105,0,105,0,0,0.0,0.9413867556049941,0.925218693835063,0.6656734475881856,0.7255745310498587,0.26371599639968063,1.0737145423054417,3.3047619047619046,3.1678296249359845,0.37703606779022114,0.0,0.0,0.0,0.0,0.0,0,0,0,0,0,0.0,0.3047619047619048,0.2755156372298142,0.1053453303379006,0.9488130888009927,0.5597802194606358,0.0,0.19920174165457186,0.016199416250818853
330,104,99.04761904761905,105,0,105,0,0,0.0,0.9398837840218249,0.9239442200030952,0.6711446821888314,0.7260047490795843,0.2686026898975453,1.0790168584308508,3.3047619047619046,3.1678296249359845,0.37748293892012863,0.0,0.0,0.0,0.0,0.0,0,0,0,0,0,0.0,0.3238095238095238,0.2771070111631059,0.09997308083332691,0.9625567891048495,0.5606268818903148,0.0,0.16690856313497823,0.01619871568000174
331,104,99.04761904761905,105,0,105,0,0,0.0,0.9525694275069979,0.9359595847978203,0.7702213328743063,0.7267258395635217,0.2486788266034918,1.0878178036556159,3.3047619047619046,3.1678296249359845,0.38435844238229344,0.0,0.0,0.0,0.0,0.0,0,0,0,0,0,0.0,0.3047619047619048,0.29521058035800024,0.09441679837442393,0.9309736849570291,0.5703369905051213,0.0,0.20500725689404936,0.016273565356413985
332,105,100.0,105,0,105,0,0,0.0,0.9533574162526437,0.9367577067394215,0.7331041339206681,0.7274443136441336,0.25106505684106944,1.0695833845749827,3.3047619047619046,3.1678296249359845,0.3832025264828358,0.0,0.0,0.0,0.0,0.0,0,0,0,0,0,0.0,0.3333333333333333,0.2887839414701161,0.09307168722745204,0.9514869220939632,0.5713867158998762,0.0,0.20500725689404933,0.016288885317528774
333,105,100.0,105,0,105,0,0,0.0,0.958897198283943,0.9421585158035981,0.7298477925064368,0.7282768984335893,0.250215253636853,1.0469177539456274,3.3047619047619046,3.1678296249359845,0.38338185476968634,0.0,0.0,0.0,0.0,0.0,0,0,0,0,0,0.0,0.34285714285714286,0.28745814303526407,0.09393292686319642,0.9624665312454743,0.5721065678442856,0.0,0.20029027576197383,0.016329771661491813
334,105,100.0,105,0,105,0,0,0.0,0.9645088640588455,0.9476288958448252,0.7626073245125996,0.729221742211066,0.248617077203091,1.046747821408904,3.3047619047619046,3.1678296249359845,0.3841661334432771,0.0,0.0,0.0,0.0,0.0,0,0,0,0,0,0.0,0.3238095238095238,0.2918084205620809,0.08968805741390357,0.9535863489975497,0.5720660769867288,0.0,0.20029027576197383,0.01637279551091246
335,105,100.0,105,0,105,0,0,0.0,0.970391612726247,0.9534874499575074,0.7516751434935554,0.73028512615767,0.25251656539117606,1.074476906186866,3.3047619047619046,3.1678296249359845,0.3812153777286651,0.0,0.0,0.0,0.0,0.0,0,0,0,0,0,0.0,0.3333333333333333,0.28598320249264947,0.09270330248668932,0.9425996366815619,0.5653364179168987,0.0,0.238388969521045,0.016419052350093135
336,105,100.0,105,0,105,0,0,0.0,0.9704146141564991,0.9534379113536344,0.7607055098902062,0.7313135684737313,0.2452511646814733,1.0505354972073784,3.3047619047619046,3.1678296249359845,0.3811654735008949,0.0,0.0,0.0,0.0,0.0,0,0,0,0,0,0.0,0.3523809523809524,0.28674645513280256,0.09538078341693984,0.9528055757602425,0.5633867996877767,0.0,0.20029027576197386,0.01643545700742618
337,105,100.0,105,0,105,0,0,0.0,0.9702863790053524,0.9530466733083386,0.7738067481661722,0.7322995164856667,0.24916562779170326,1.078816758553245,3.3047619047619046,3.1678296249359845,0.38152333482218537,0.0,0.0,0.0,0.0,0.0,0,0,0,0,0,0.0,0.3619047619047619,0.2897378378659586,0.09975629132313966,0.9693172980088695,0.5597959487749995,0.0,0.16219158200290276,0.016450432408274727
338,105,100.0,105,0,104,1,0,0.0,0.9703272918814797,0.9533410597080954,0.7667064033724879,0.7332616918720601,0.24675994230247397,1.0789248656796537,3.3047619047619046,3.1678296249359845,0.3817890712250862,0.08659892148731288,0.00045163241773307327,0.0,0.08659892148731288,0.005268977537119246,0,0,0,1,0,0.0,0.3523809523809524,0.2906393466071779,0.10897179043269961,0.9528055757602425,0.5610559018190978,0.0,0.20029027576197386,0.016465877011122367
339,105,100.0,105,0,104,1,0,0.0,0.9742617454822268,0.9573658876160931,0.7608001731692995,0.7342953869341773,0.25207122780616037,1.0793596697281973,3.3047619047619046,3.1678296249359845,0.3809755965771795,0.10032424590865534,0.00041466388364544025,0.0,0.10032424590865534,0.006751553436334046,0,0,0,1,0,0.0,0.3333333333333333,0.2884158303936649,0.11573795868858788,0.9579274537072503,0.5598123517782584,0.0,0.20029027576197383,0.016501922128330727
340,105,100.0,105,0,105,0,0,0.0,0.9755308082322542,0.9582957195865698,0.7934358672010706,0.7353199006919836,0.2501176032133984,1.0754501338217866,3.3047619047619046,3.1678296249359845,0.38653595661569096,0.0,0.0,0.0,0.0,0.0,0,0,0,0,0,0.0,0.3142857142857143,0.29772730944790643,0.11742558605127097,0.9572955422636924,0.5628537529723736,0.0,0.20029027576197383,0.016524494867246532
341,105,100.0,105,0,103,2,0,0.0,0.9841645620634542,0.9671265727937288,0.8293421750166519,0.7365357567066834,0.23049609914557853,1.0484827833555688,3.3047619047619046,3.1678296249359845,0.389715983948697,0.18792884080017214,0.0003419588624832427,0.0,0.18792884080017214,0.014719312700756923,0,0,0,2,0,0.0,0.3142857142857143,0.30317741870478276,0.1059171518116846,0.9518872018446489,0.5726698745728999,0.0,0.23838896952104496,0.016586921759917644
342,105,100.0,105,0,103,2,0,0.0,0.9891152168982834,0.9726590304793085,0.8588970800642408,0.7378533035411936,0.22083375714353967,1.0392805344548268,3.3047619047619046,3.1678296249359845,0.3886111266457606,0.16229762960463484,0.0005152227146407002,0.0,0.16229762960463484,0.005064647557311647,0,0,0,2,0,0.0,0.34285714285714286,0.304407009686252,0.09415887102444476,0.9445818513605988,0.5749986760892469,0.0,0.238388969521045,0.016632543853564802
343,104,99.04761904761905,105,1,103,1,0,0.009523809523809525,0.9921468363372264,0.976730250392968,0.9272137804111668,0.7392199646991287,0.2170546124887614,1.0425397651753425,3.3047619047619046,3.1678296249359845,0.3901893762499664,0.19771436163513154,0.0005233934605368684,0.0,0.19771436163513154,0.010164424334287436,0,1,0,1,0,0.0,0.34285714285714286,0.3137274055899079,0.09268999270799438,0.9770135720107289,0.5672506779106665,0.009523809523809525,0.14296081277213354,0.016669348699276294
344,104,99.04761904761905,105,0,103,2,0,0.0,1.0078543337230443,0.992273652010863,1.008935166981001,0.7409495666310156,0.20242289074093997,1.031087807750504,3.3047619047619046,3.1678296249359845,0.39501025931005485,0.1563533172092368,0.00033865602420796506,0.0,0.1563533172092368,0.021065566043443347,0,0,0,2,0,0.0,0.3238095238095238,0.3244094293608752,0.0911772296348547,0.9767417195747308,0.5724567208246487,0.0,0.1669085631349782,0.016775281607401275
345,104,99.04761904761905,105,0,102,3,0,0.0,1.0092096307868426,0.9930079147220523,1.0510035694765485,0.7426429858738629,0.1977697203153049,1.0350821588518897,3.3047619047619046,3.1678296249359845,0.398856285265911,0.1472609356421716,0.0002936143698526457,0.0,0.1472609356421716,0.014901480531536901,0,0,0,3,0,0.0,0.29523809523809524,0.33318398928616666,0.08879789707252586,0.9753206535066887,0.5726935562529253,0.0,0.1669085631349782,0.01680888041094491
346,103,98.0952380952381,105,1,101,3,0,0.009523809523809525,1.017901491021186,1.0039035945901569,1.0916312374991184,0.7445074384325288,0.2041288290096054,1.0475550724899034,3.3047619047619046,3.1678296249359845,0.3994523751128267,0.22043302374461549,0.0003765686531111938,0.0,0.22043302374461549,0.016974768733962725,0,1,0,3,0,0.0,0.3047619047619048,0.33733986639769414,0.09882813310975253,0.9718999355846519,0.5639024381716043,0.009523809523809525,0.1669085631349782,0.016881871052364772
347,102,97.14285714285714,105,1,101,3,0,0.009523809523809525,1.027013929828072,1.0116870522976011,1.1369708101556646,0.7465872342240151,0.19819323594271368,1.0432860821348304,3.3047619047619046,3.1678296249359845,0.40443062428113463,0.37514731742369684,0.0007736114016142929,0.25,0.17248722588725549,0.014591863176201782,0,1,0,3,0,0.0,0.3142857142857143,0.3477656808409243,0.1079984421515697,0.953395899422098,0.5816221802330026,0.009523809523809525,0.22423802612481855,0.01696037544000964
348,101,96.19047619047619,105,2,102,1,0,0.01904761904761905,1.0418936102528158,1.0280037463784035,1.222198309543098,0.7489420134932775,0.20229865860653012,1.078525141852577,3.3047619047619046,3.1678296249359845,0.40834806143260094,0.47984215988327045,0.0011200028931417506,0.3333333333333333,0.21875985641214424,0.0014864132675409258,0,2,0,1,0,0.0,0.3142857142857143,0.35428535652043786,0.1207083354917591,0.962805150942099,0.5639792144874534,0.01904761904761905,0.2053701015965167,0.01707207153978013
349,101,96.19047619047619,105,0,104,1,0,0.0,1.0333223748189173,1.0194125298230419,1.1694197437802976,0.7510514082122803,0.21843858293137638,1.0991829431493867,3.3047619047619046,3.1678296249359845,0.40785536620833596,0.24685304797322416,0.0006586278623717272,0.0,0.24685304797322416,-0.0019839464527496298,0,0,0,1,0,0.0,0.2857142857142857,0.35061861964554114,0.12543080951465754,0.9579358725071816,0.5604583776397617,0.0,0.20537010159651667,0.017062626378018343
350,101,96.19047619047619,105,0,105,0,0,0.0,1.0342131155166514,1.020930875860428,1.2542786060309818,0.7531324597929329,0.2093701766836558,1.0955144563450203,3.3047619047619046,3.1678296249359845,0.4121002696505127,0.0,0.0,0.0,0.0,0.0,0,0,0,0,0,0.0,0.3142857142857143,0.3626328884438739,0.11822311570809055,0.9507386945792611,0.5698048128069326,0.0,0.24346879535558777,0.017100042165748067
351,101,96.19047619047619,105,1,104,0,0,0.009523809523809525,1.030700491889399,1.0179935095866564,1.1908210850260799,0.7550569286074795,0.21594010925102222,1.1244132098370965,3.3047619047619046,3.1678296249359845,0.40975773140258953,0.25297465047574275,0.0006129197927122962,0.0,0.25297465047574275,-0.0026640754738651573,0,1,0,0,0,0.0,0.3047619047619048,0.35460699704538395,0.1066773305626912,0.9675829884550109,0.5758522856618021,0.009523809523809525,0.14840348330914369,0.01711296099422674
352,102,97.14285714285714,105,0,105,0,0,0.0,1.0363636138081276,1.0228540384291063,1.2129203044871244,0.7570598301372892,0.2183726581477312,1.134460814176138,3.3047619047619046,3.1678296249359845,0.411385398884083,0.0,0.0,0.0,0.0,0.0,0,0,0,0,0,0.0,0.3142857142857143,0.3569103131124529,0.1075538180836485,0.9345040746376457,0.5793676312949826,0.0,0.1865021770682148,0.017173000857830183
353,104,99.04761904761905,105,0,105,0,0,0.0,1.0397460750288674,1.0265548517405838,1.2158886766794554,0.7590930715274349,0.21138009442331432,1.1250058515545949,3.3047619047619046,3.1678296249359845,0.4085864034214217,0.0,0.0,0.0,0.0,0.0,0,0,0,0,0,0.0,0.3142857142857143,0.3536006035205889,0.10744822318529612,0.9345040746376457,0.5793345146671653,0.0,0.1865021770682148,0.017222117975485632
354,104,99.04761904761905,105,0,105,0,0,0.0,1.0515497291592757,1.038802205877958,1.3485727849008087,0.7613722835445846,0.19179425887698665,1.1087065767852822,3.3047619047619046,3.1678296249359845,0.41444258830473046,0.0,0.0,0.0,0.0,0.0,0,0,0,0,0,0.0,0.29523809523809524,0.36977884236894215,0.10239233667036711,0.9363116629973818,0.5904278883341744,0.0,0.2246008708272859,0.017317237022884856
355,104,99.04761904761905,105,0,105,0,0,0.0,1.0562261582621453,1.0430316258148096,1.3986541194684634,0.7636864786624181,0.18337335071703237,1.1143189848115969,3.3047619047619046,3.1678296249359845,0.4175369482824749,0.0,0.0,0.0,0.0,0.0,0,0,0,0,0,0.0,0.29523809523809524,0.3766271990347405,0.09641802541483609,0.9112497799698054,0.5973766891634054,0.0,0.2576197387518142,0.01737727404765998
356,105,100.0,105,0,105,0,0,0.0,1.0488517522447027,1.0362407901800434,1.3235185816125368,0.765755266339315,0.19465215034343022,1.1184553119896878,3.3047619047619046,3.1678296249359845,0.4135886828921833,0.0,0.0,0.0,0.0,0.0,0,0,0,0,0,0.0,0.3047619047619048,0.36621569733230047,0.09868772192638096,0.9312785480377886,0.5915413018546355,0.0,0.2576197387518142,0.01737316985202565
357,105,100.0,105,0,105,0,0,0.0,1.0657570593273862,1.0520861462093738,1.417979484115504,0.7681600814532848,0.1718361305395354,1.0867769067960158,3.3047619047619046,3.1678296249359845,0.42190521119186797,0.0,0.0,0.0,0.0,0.0,0,0,0,0,0,0.0,0.29523809523809524,0.3810534205401082,0.09958259574693616,0.933283673658965,0.6030845719918209,0.0,0.2246008708272859,0.017495786610241704
358,105,100.0,105,0,104,1,0,0.0,1.051981216180529,1.0388993709582095,1.3281969521801928,0.7701545284632656,0.1889538691828868,1.1064264922252,3.3047619047619046,3.1678296249359845,0.41947302632736627,0.31420152903360654,5.869248641909825e-06,0.0,0.31420152903360654,0.03562950451704831,0,0,0,1,0,0.0,0.3142857142857143,0.37201865762478076,0.10031313070949197,0.9233668079871928,0.6017727748107592,0.0,0.1865021770682148,0.01745849773612533
359,105,100.0,105,0,105,0,0,0.0,1.058186793678377,1.0452356847987139,1.28967757343038,0.7722463736915851,0.193159017576595,1.1035043514190783,3.3047619047619046,3.1678296249359845,0.41908898695864494,0.0,0.0,0.0,0.0,0.0,0,0,0,0,0,0.0,0.3142857142857143,0.3650141490979963,0.09899243251672132,0.921791052033706,0.6052983239702414,0.0,0.21952104499274308,0.017522658670039826
360,105,100.0,105,0,104,1,0,0.0,1.0527329604107571,1.0402586635803648,1.274814557532896,0.7741458219849787,0.20812129065252413,1.1112064071050176,3.3047619047619046,3.1678296249359845,0.41789900955865233,0.2336435391728268,0.0005059299924305989,0.0,0.2336435391728268,0.007558844528984421,0,0,0,1,0,0.0,0.3047619047619048,0.363881612366735,0.10431976006740756,0.9398281129701711,0.6025165326669136,0.0,0.1865021770682148,0.01752547514657596
361,104,99.04761904761905,105,1,103,1,0,0.009523809523809525,1.0686643182226583,1.058050631114705,1.503703598826381,0.7763938949336675,0.1690169117079212,1.0749729866220887,3.3047619047619046,3.1678296249359845,0.43007807117196717,0.259684653512637,0.00036587402856428725,0.0,0.259684653512637,0.014445553380752922,0,1,0,1,0,0.0,0.2857142857142857,0.39480187133375155,0.08986235600276551,0.9181741854115453,0.6217144295754933,0.009523809523809525,0.238388969521045,0.01764073949606483
362,104,99.04761904761905,105,0,105,0,0,0.0,1.0690179313007502,1.058390423007697,1.4818769328187689,0.7786214634177827,0.1712186071219668,1.0880868470919127,3.3047619047619046,3.1678296249359845,0.43150211168151764,0.0,0.0,0.0,0.0,0.0,0,0,0,0,0,0.0,0.3238095238095238,0.393141092528828,0.0912141172756579,0.9273531672841038,0.6243975141750583,0.0,0.23838896952104496,0.017677790348633062
363,104,99.04761904761905,105,0,105,0,0,0.0,1.0728443191806707,1.0617774779052953,1.4696791694135392,0.7808643032303099,0.1652302321348019,1.0781718418575252,3.3047619047619046,3.1678296249359845,0.433886643679958,0.0,0.0,0.0,0.0,0.0,0,0,0,0,0,0.0,0.3238095238095238,0.3935136245533696,0.08740053610835796,0.9167619807911769,0.6301446511930099,0.0,0.2764876632801161,0.01773244696004321
364,104,99.04761904761905,105,0,103,2,0,0.0,1.0704121029428526,1.059638226238416,1.388141687824551,0.7829818794203715,0.1721925313730366,1.073581696216572,3.3047619047619046,3.1678296249359845,0.42863536248316714,0.2740210404323963,0.0006941295941240848,0.0,0.2740210404323963,0.007726730985058924,0,0,0,2,0,0.0,0.3142857142857143,0.3810557245894032,0.08558820378588052,0.936141568242054,0.6297978349795786,0.0,0.23838896952104496,0.0177538264817938
365,104,99.04761904761905,105,0,103,2,0,0.0,1.0776966555308554,1.0661554743817938,1.513188858773334,0.7851975386584871,0.1453866404048812,1.043783000494444,3.3047619047619046,3.1678296249359845,0.4354115649572383,0.26976696944947964,0.00019232468897073507,0.0,0.26976696944947964,0.025067425458228328,0,0,0,2,0,0.0,0.34285714285714286,0.3988251343850344,0.07698182750342088,0.9330176568506593,0.6452904117294556,0.0,0.24346879535558777,0.017825343399600145
366,104,99.04761904761905,105,1,102,2,0,0.009523809523809525,1.0789181704905013,1.0650412706571835,1.4799098287860786,0.7873730480136263,0.1628339580069069,1.058353374336831,3.3047619047619046,3.1678296249359845,0.43374884323042173,0.19611652105109578,0.0003478642005917588,0.0,0.19611652105109578,0.011041670832685951,0,1,0,2,0,0.3333333333333333,0.3333333333333333,0.3939746026439684,0.08429229818653669,0.935796484261389,0.6355164950386144,0.009523809523809525,0.2053701015965167,0.01786590918932105
367,104,99.04761904761905,105,0,103,2,0,0.0,1.0943396022055147,1.079616584717803,1.573265035661723,0.7897907425450194,0.14443696195116584,1.0218508982053298,3.3047619047619046,3.1678296249359845,0.4404637135313405,0.39298315319578847,0.00027996507337824474,0.0,0.39298315319578847,0.025698960105170258,0,0,0,2,0,0.0,0.3619047619047619,0.40489978622401956,0.08012045968919608,0.9254214142156798,0.6441747213106267,0.0,0.238388969521045,0.01798131056969908
368,102,97.14285714285714,105,2,103,0,0,0.01904761904761905,1.0962903592598505,1.0817351530548518,1.5237811894051545,0.7921794753657476,0.1714764228137969,1.0724715034410033,3.3047619047619046,3.1678296249359845,0.4373254332927248,0.17084089430915064,0.0005061250074882933,0.0,0.17084089430915064,-4.02586636451957e-05,0,2,0,0,0,0.0,0.34285714285714286,0.3962871633972349,0.08163498073907674,0.9248432152071459,0.6386571116125379,0.01904761904761905,0.2576197387518142,0.01802889984794856
369,101,96.19047619047619,105,1,101,2,1,0.009523809523809525,1.0850317432619185,1.0698387653059538,1.4282409785483783,0.7942238241530862,0.2034723463684996,1.1228443692758276,3.3047619047619046,3.1678296249359845,0.4319471291211876,0.39613428674719336,1.125832969975885e-05,0.5,0.35902415546229505,0.02511461430302716,0,2,0,2,0,0.0,0.34285714285714286,0.38434778671424097,0.09483509969724216,0.9109567177211684,0.6193683292818927,0.009523809523809525,0.2576197387518142,0.018004987511220066
370,101,96.19047619047619,105,0,104,1,0,0.0,1.0916322788923274,1.0764825659131305,1.4381730926131058,0.7963450734674788,0.20750997910823873,1.130423857180352,3.3047619047619046,3.1678296249359845,0.4322931478320091,0.3829859276186396,0.001569843069954219,0.0,0.3829859276186396,-0.0032615282498411613,0,0,0,1,0,0.0,0.34285714285714286,0.384091655750445,0.0940779590061622,0.918305591040815,0.6181173748250881,0.0,0.2576197387518142,0.018071588971472152
371,102,97.14285714285714,105,0,104,1,0,0.0,1.086010476698275,1.071102733053491,1.4080191851929003,0.7982627860663919,0.21919479373368622,1.139568945692224,3.3047619047619046,3.1678296249359845,0.4272299745114494,0.4111785595070223,0.0014384410078130726,0.0,0.4111785595070223,0.002558705847005238,0,0,0,1,0,0.0,0.3238095238095238,0.37890911358671064,0.09161379474301877,0.9120324621796085,0.6130591568532646,0.0,0.2576197387518142,0.01807385489441664
372,101,96.19047619047619,105,1,103,1,0,0.009523809523809525,1.0932691003110597,1.0756545077827542,1.4696960450602476,0.8003081750036241,0.2207959864217406,1.1494430125644572,3.3047619047619046,3.1678296249359845,0.4303584275837167,0.38787975823601895,0.0014432203782305027,0.0,0.38787975823601895,0.0010768773812777077,0,1,0,1,0,0.0,0.3142857142857143,0.3875430201831336,0.09296964715620572,0.8994814572267134,0.616202144989664,0.009523809523809525,0.2710449927431059,0.018142545230829962
373,102,97.14285714285714,105,1,103,1,0,0.009523809523809525,1.104303073729152,1.087700587278225,1.5271031922448468,0.8024853960075193,0.21170864831014238,1.1579668350349686,3.3047619047619046,3.1678296249359845,0.42954436147954,0.3728910384082274,0.0006788614896721598,0.0,0.3728910384082274,0.01889845576284003,0,1,0,1,0,0.0,0.3047619047619048,0.3892462009204065,0.08662073336113776,0.892995635274474,0.616499701710163,0.009523809523809525,0.29571843251088537,0.018232200423901286
374,103,98.0952380952381,105,0,104,1,0,0.0,1.0911638492541798,1.0748222033539052,1.4515920608058863,0.804302854835596,0.239533463921198,1.1836191176675115,3.3047619047619046,3.1678296249359845,0.4264437961140479,0.0475282594174546,0.000588332707412577,0.0,0.0475282594174546,0.002960997560850609,0,0,0,1,0,1.0,0.34285714285714286,0.3816268798673587,0.0841324381323078,0.9133420005167895,0.6113315843579515,0.0,0.29571843251088537,0.01819529130111484
375,103,98.0952380952381,105,0,104,1,0,0.0,1.1046772807369523,1.0878456108983532,1.5913367183501748,0.8063927871543913,0.22451444856980654,1.1815372273243123,3.3047619047619046,3.1678296249359845,0.43023925843701716,0.31519831571189594,0.0011809916840954486,0.0,0.31519831571189594,-0.0030664504285990435,0,0,0,1,0,0.0,0.3238095238095238,0.3950843120313718,0.07263467905811014,0.9139299247627837,0.6193701148732992,0.0,0.29571843251088537,0.018295961206096657
376,103,98.0952380952381,105,0,104,1,0,0.0,1.095366175733571,1.0790606651901111,1.5229912790490592,0.8081938802879064,0.23332660225001606,1.1791596440287517,3.3047619047619046,3.1678296249359845,0.4269891166043105,0.15386675153508378,0.0007399721910274022,0.0,0.15386675153508378,-0.014728311809481476,0,0,0,1,0,0.0,0.34285714285714286,0.3883494079285612,0.06965121925206635,0.9139299247627837,0.6168043831681222,0.0,0.29571843251088537,0.018277933462007838
377,104,99.04761904761905,105,0,102,3,0,0.0,1.0903656495435203,1.0742488154068344,1.461670866903005,0.8098159728972119,0.236149281724527,1.1754631671827147,3.3047619047619046,3.1678296249359845,0.4234848030366194,0.21302560830293035,0.00043820039600050244,0.0,0.21302560830293035,0.010972488775729034,0,0,0,3,0,0.0,0.3523809523809524,0.37949612212119443,0.0652452765731017,0.9040061653836033,0.6160113362694253,0.0,0.29571843251088537,0.01827862339616832
378,104,99.04761904761905,105,1,102,2,0,0.009523809523809525,1.0916264247437755,1.0745838501936615,1.441758497350101,0.8114200674443374,0.24490568431533427,1.1749233042028888,3.3047619047619046,3.1678296249359845,0.4223925413395839,0.34010216484896794,0.00023768491481150275,0.3333333333333333,0.29883338457208236,0.026886073700564127,0,1,0,2,0,0.0,0.34285714285714286,0.3762616165747643,0.05937524069068077,0.9040061653836033,0.621438987169069,0.009523809523809525,0.29571843251088537,0.018310334763307512
379,104,99.04761904761905,105,0,102,3,0,0.0,1.08905692948306,1.071843138250787,1.403179155419487,0.8128789937382417,0.2458683330907153,1.1874527351004607,3.3047619047619046,3.1678296249359845,0.42024308607507055,0.17881849341551623,0.0007156821689553039,0.0,0.17881849341551623,0.006708702418044998,0,0,0,3,0,0.0,0.34285714285714286,0.370952767513827,0.06463279908667986,0.910293240794962,0.616396031718587,0.0,0.29571843251088537,0.018320595436676076
380,104,99.04761904761905,105,0,101,4,0,0.0,1.0812915320041572,1.0645573135640327,1.323843902700221,0.8141070617225235,0.25638643384822823,1.1847166054695448,3.3047619047619046,3.1678296249359845,0.41837494235848705,0.12868779462791988,0.000833784808592999,0.0,0.12868779462791988,0.0014291842316680042,0,0,0,4,0,0.0,0.34285714285714286,0.36215334667617116,0.06492889544446605,0.9100860679200561,0.6155065158015939,0.0,0.2710449927431059,0.018301219999991777
381,104,99.04761904761905,105,0,102,3,0,0.0,1.0809619779332151,1.0641083986637805,1.3109055509278538,0.815284849918024,0.274150393985427,1.210546830398858,3.3047619047619046,3.1678296249359845,0.414018906466177,0.08991128807438915,0.0008930269442088227,0.0,0.08991128807438915,0.0003224581287245565,0,0,0,3,0,0.0,0.3142857142857143,0.356760347848618,0.059666490664945795,0.929249378787882,0.6098924859288649,0.0,0.23802612481857763,0.018318227391325097
382,103,98.0952380952381,105,1,103,1,0,0.009523809523809525,1.0796375690605235,1.0612417089067743,1.2770005383045748,0.8163898413292529,0.28762165867106276,1.2308915846627486,3.3047619047619046,3.1678296249359845,0.4119001123192543,0.45973560792274115,0.001526931431979437,0.5,0.10171679282538469,0.009897771827228646,0,1,0,1,0,0.0,0.3333333333333333,0.3526255851823926,0.06696579645384171,0.9225844954038348,0.6078908745308321,0.009523809523809525,0.252177068214804,0.018329107469600592
383,104,99.04761904761905,105,0,103,2,0,0.0,1.0659676242238605,1.0479390090948393,1.212198420304771,0.8170855399857505,0.29719612931759876,1.2424732973955552,3.3047619047619046,3.1678296249359845,0.40724044655620006,0.18348228649328074,0.0011951528160338294,0.0,0.18348228649328074,-0.004311158560817513,0,0,0,2,0,0.0,0.2857142857142857,0.3459649396355728,0.07689763539914098,0.9136166465361288,0.6018943870906261,0.0,0.252177068214804,0.018271777019487685
384,104,99.04761904761905,105,0,103,2,0,0.0,1.08247233012243,1.063618615591657,1.3210035406368767,0.8181565626698509,0.2919187014633091,1.2295653589330247,3.3047619047619046,3.1678296249359845,0.41316281791973264,0.12803376581926346,0.0007664263660395672,0.0,0.12803376581926346,0.006151213363328661,0,0,0,2,0,0.0,0.3047619047619048,0.35925279638350033,0.07411683859441529,0.9159762512983616,0.6103464355400174,0.0,0.252177068214804,0.018371264635918892
385,103,98.0952380952381,105,1,101,3,0,0.009523809523809525,1.0719827298094582,1.0526841424367268,1.292782522322708,0.8189339396805806,0.3072181602210042,1.2353203761107243,3.3047619047619046,3.1678296249359845,0.41135043744372135,0.2492570210560628,0.0011948891871259293,0.0,0.2492570210560628,0.004312619038154872,0,1,0,3,0,0.0,0.29523809523809524,0.3567361536870608,0.07299743846480854,0.9231352116910321,0.6072329057013678,0.009523809523809525,0.19992743105950653,0.0183311296239757
386,103,98.0952380952381,105,0,104,1,0,0.0,1.0661196295894981,1.0470421768881686,1.1986156496994804,0.8195263175427543,0.31950182859566306,1.246572951927622,3.3047619047619046,3.1678296249359845,0.4066062589065884,0.08050570624896088,0.0007508978111204977,0.0,0.08050570624896088,-0.006099573661449698,0,0,0,1,0,0.0,0.3047619047619048,0.3434369695603823,0.07895608209592914,0.9301116056285248,0.5985407384449656,0.0,0.19992743105950653,0.01831119688358065
387,104,99.04761904761905,105,0,103,2,0,0.0,1.0645977581489672,1.045576977472986,1.1989782875609425,0.8200627978666075,0.31719152303326253,1.2440743440716036,3.3047619047619046,3.1678296249359845,0.40576878238578673,0.15198683923337825,0.0009496633355178382,0.0,0.15198683923337825,0.0020778678155488894,0,0,0,2,0,0.0,0.3047619047619048,0.343398128523318,0.0754905296349975,0.9301116056285248,0.5971965295876875,0.0,0.19992743105950653,0.018312084917693483
388,103,98.0952380952381,105,1,103,1,0,0.009523809523809525,1.0624657960421287,1.04661978419031,1.1634842305863984,0.8205264591265826,0.3129736618751798,1.2294606014618805,3.3047619047619046,3.1678296249359845,0.4030677503464062,0.09076995083951997,0.0005104418544056862,0.0,0.09076995083951997,0.00589536950076365,0,1,0,1,0,0.0,0.3238095238095238,0.33640049901965957,0.08767103332919848,0.9168777250565692,0.584202719121286,0.009523809523809525,0.2710449927431059,0.018308769106535713
389,101,96.19047619047619,105,2,102,1,0,0.01904761904761905,1.0777629086782665,1.0636724860066045,1.276808115363463,0.8214450197106393,0.30218986603408116,1.223559544187152,3.3047619047619046,3.1678296249359845,0.4066066917145297,0.1458484421032948,0.0009837280370734115,0.0,0.1458484421032948,0.002326959619008843,0,2,0,1,0,0.0,0.3142857142857143,0.3474015974455685,0.08228542645057034,0.9436229934793022,0.5786952107580013,0.01904761904761905,0.23802612481857763,0.01839980388686877
390,102,97.14285714285714,105,0,104,1,0,0.0,1.0757537920572964,1.0616018322532361,1.2404414600333475,0.8223268308964696,0.30024695204733803,1.2293323805225629,3.3047619047619046,3.1678296249359845,0.4066195946690221,0.20871969606350566,0.0009935760209287036,0.0,0.20871969606350566,0.005027687358923838,0,0,0,1,0,0.0,0.3333333333333333,0.34412565497353026,0.08985215975995042,0.9421924329150386,0.581579775554619,0.0,0.23802612481857763,0.018403725441754285
391,102,97.14285714285714,105,0,104,1,0,0.0,1.0710440868925069,1.056517925996465,1.1968567544389308,0.8230518682155142,0.306013862221416,1.2239764763421523,3.3047619047619046,3.1678296249359845,0.40194870189878595,0.3128777307382573,0.0011349333397767192,0.0,0.3128777307382573,0.0015908553454292984,0,0,0,1,0,0.0,0.3238095238095238,0.33684223902645327,0.09074539806349574,0.9458379383904316,0.5764378827883186,0.0,0.23802612481857763,0.018391660889422602
392,102,97.14285714285714,105,0,105,0,0,0.0,1.0759542514862723,1.0609533644679439,1.2590573107639698,0.8238663432946904,0.2967722712260487,1.2261919224677693,3.3047619047619046,3.1678296249359845,0.404607865967493,0.0,0.0,0.0,0.0,0.0,0,0,0,0,0,0.0,0.3238095238095238,0.3448407012091614,0.0860623433725412,0.9373380335219468,0.5817201505757159,0.0,0.2710449927431059,0.018429112303814364
393,103,98.0952380952381,105,0,104,1,0,0.0,1.0784620041816633,1.0631216949611704,1.3082990211956864,0.8247099684036057,0.28699964243075893,1.218186811185504,3.3047619047619046,3.1678296249359845,0.4076575741772681,0.3162987683039692,0.0011435407281325531,0.0,0.3162987683039692,0.00018832856253853114,0,0,0,1,0,0.0,0.3333333333333333,0.35255852832181406,0.08149094642153872,0.9186291394049242,0.5901359456873568,0.0,0.2710449927431059,0.018455013370353126
394,105,100.0,105,0,105,0,0,0.0,1.0708831002710004,1.0565146123956728,1.1558801991233776,0.8253594280113142,0.3142672152254432,1.2318233018993374,3.3047619047619046,3.1678296249359845,0.39870976434967087,0.0,0.0,0.0,0.0,0.0,0,0,0,0,0,0.0,0.3333333333333333,0.3289884408973165,0.08394481973897405,0.9382891089895389,0.5803087711711145,0.0,0.2710449927431059,0.018427405737727304
395,105,100.0,105,0,105,0,0,0.0,1.074394073429407,1.0598687749310869,1.1733473196320257,0.8260733171687401,0.3169636939993174,1.2384211087238013,3.3047619047619046,3.1678296249359845,0.39705196932015907,0.0,0.0,0.0,0.0,0.0,0,0,0,0,0,0.0,0.3238095238095238,0.3281654198012092,0.07835490748639196,0.9339618162729801,0.5788123261436915,0.0,0.2710449927431059,0.018456267999628406
396,105,100.0,105,0,104,1,0,0.0,1.0905941819162155,1.0744634766240702,1.3126377932737077,0.8271344597610689,0.29735600454784417,1.2048544371314482,3.3047619047619046,3.1678296249359845,0.4041295199129251,0.21946004650486922,0.0009331368392129228,0.0,0.21946004650486922,0.0016938814950904213,0,0,0,1,0,0.0,0.3523809523809524,0.3452763545208699,0.07592052639455654,0.9355491749314943,0.591304784219134,0.0,0.23802612481857763,0.018554076136763756
397,105,100.0,105,0,104,1,0,0.0,1.0954945043321083,1.0794721946852857,1.353181760454092,0.8282889212876532,0.291067524072976,1.19985700744463,3.3047619047619046,3.1678296249359845,0.4091904300343092,0.04552460778318264,0.0007026638740660376,0.0,0.04552460778318264,-0.012349202389927594,0,0,0,1,0,1.0,0.34285714285714286,0.35279768217643503,0.07307844866813282,0.9460561753043655,0.5981688803599772,0.0,0.23802612481857763,0.01859686343596703
398,105,100.0,105,0,103,2,0,0.0,1.0924809662116564,1.0769054395068205,1.3045863702127265,0.8293417630952356,0.2937130614492492,1.189490890713668,3.3047619047619046,3.1678296249359845,0.41013034292963546,0.032308924356381455,0.000371472000206166,0.0,0.032308924356381455,-0.01162148417355717,0,0,0,2,0,1.0,0.37142857142857144,0.349074246829791,0.07882940753588158,0.936159641294521,0.6005155693927807,0.0,0.23802612481857763,0.018598471862706925
399,105,100.0,105,0,104,1,0,0.0,1.0944739349272667,1.0787587299185286,1.3155129462982194,0.8304082199342923,0.28216159699428645,1.1614665459536437,3.3047619047619046,3.1678296249359845,0.41214581078882406,0.04198613858474308,0.000776372054460954,0.0,0.04198613858474308,-0.015059178731692102,0,0,0,1,0,1.0,0.3619047619047619,0.35137793720318344,0.07794591569320757,0.9189040544138547,0.6082678327670447,0.0,0.23802612481857763,0.018625328474127373
400,105,100.0,105,0,103,2,0,0.0,1.076926086890569,1.0623884284211285,1.166595933298829,0.8310260266292432,0.29925140186258453,1.1711720457668666,3.3047619047619046,3.1678296249359845,0.4027795925794295,0.04353823445237828,0.0003302367742021209,0.0,0.04353823445237828,-0.010653568427973797,0,0,0,2,0,1.0,0.3523809523809524,0.33140430514387503,0.08106632634935206,0.9317105506215589,0.5947764230540149,0.0,0.19992743105950653,0.01854737476569763
401,104,99.04761904761905,105,1,104,0,0,0.009523809523809525,1.0734515699436618,1.057980386082696,1.112557719391004,0.8315504883902127,0.30398895147243576,1.1825514762336864,3.3047619047619046,3.1678296249359845,0.4035623738344072,0.24552568889732534,0.0009164705383154612,0.0,0.24552568889732534,-0.0014539807755517553,0,1,0,0,0,0.0,0.34285714285714286,0.3264907737798116,0.08360279895456828,0.930055839583928,0.597040612644592,0.009523809523809525,0.21915820029027575,0.018538309208480822
402,104,99.04761904761905,105,0,105,0,0,0.0,1.0798592118786308,1.0640881821112789,1.1433384025689788,0.8321751862073787,0.3098048809468799,1.194123685336345,3.3047619047619046,3.1678296249359845,0.4022669679062407,0.0,0.0,0.0,0.0,0.0,0,0,0,0,0,0.0,0.3523809523809524,0.3265124630777183,0.08159421675631846,0.9396873777077541,0.5938943559149159,0.0,0.18105950653120464,0.018580242099414924
403,104,99.04761904761905,105,0,103,2,0,0.0,1.0977194925471985,1.0818259704633153,1.1630693811397044,0.8332296169934056,0.2958850835887738,1.172581100256777,3.3047619047619046,3.1678296249359845,0.4076582085346019,0.16366954688587554,0.00041136163080686123,0.0,0.16366954688587554,0.007022560481783374,0,0,0,2,0,0.0,0.34285714285714286,0.3294729334410138,0.08665050815750903,0.9123552503367091,0.5991717850642742,0.0,0.18105950653120464,0.018686244788164864
404,104,99.04761904761905,105,0,104,1,0,0.0,1.0811192345359772,1.0662094762569547,1.048539200725554,0.833854882064742,0.30914046847421894,1.1770361705195298,3.3047619047619046,3.1678296249359845,0.40026862004748276,0.3015265223772047,0.0008328202830801513,0.0,0.3015265223772047,0.018000909612006732,0,0,0,1,0,0.0,0.3619047619047619,0.313330803094969,0.08796161762102732,0.9193823999772738,0.5862734073681142,0.0,0.20537010159651667,0.018613147164190845
405,103,98.0952380952381,105,1,104,0,0,0.009523809523809525,1.0731146679075725,1.0584228289146067,1.0308812062691508,0.8342627614103381,0.30918452542333724,1.169833346162333,3.3047619047619046,3.1678296249359845,0.3996270531248147,0.291140235888028,0.0008987654167960017,0.0,0.291140235888028,0.0179922616038819,0,1,0,0,0,0.0,0.34285714285714286,0.3105071505440515,0.08521703279094021,0.908940993495225,0.5918166081644809,0.009523809523809525,0.18142235123367198,0.018579584792420712
406,104,99.04761904761905,105,0,104,1,0,0.0,1.0742092041298539,1.0595423586279709,1.095809123227938,0.8346863358848622,0.30002452690777737,1.1640048723876397,3.3047619047619046,3.1678296249359845,0.40260190593312783,0.0697322212966468,0.00017794468347891783,0.0,0.0697322212966468,0.0009533022505402167,0,0,0,1,0,0.0,0.3619047619047619,0.3191702713738073,0.08350235554117158,0.9168298366508271,0.5955834236898881,0.0,0.19992743105950653,0.01859176653237594
407,104,99.04761904761905,105,0,104,1,0,0.0,1.0718431467695306,1.057493000090909,0.9925586883639768,0.8350445560922123,0.3083136038552955,1.1547084738612652,3.3047619047619046,3.1678296249359845,0.39530217821415947,0.058802306198080356,0.0001890790397456505,0.0,0.058802306198080356,0.00865700638140654,0,0,0,1,0,0.0,0.3333333333333333,0.3015746048578482,0.08565675628601559,0.9111005794076346,0.5836103450739396,0.0,0.16727140783744557,0.018585610148499798
408,104,99.04761904761905,105,0,104,1,0,0.0,1.0829736221356892,1.0677145947344158,1.0623929364453388,0.8356504706563177,0.29485449226442806,1.1492791611399755,3.3047619047619046,3.1678296249359845,0.3986159582902262,0.03691194206422993,0.00022811622964923875,0.0,0.03691194206422993,0.00607113147103025,0,0,0,1,0,1.0,0.34285714285714286,0.3095708576917975,0.07994911187048248,0.9156218357462377,0.5884184814761441,0.0,0.2195210449927431,0.018650859695862356
409,104,99.04761904761905,105,0,102,3,0,0.0,1.077041130611968,1.0625997433037562,1.0199127709034732,0.8361075670562459,0.29768269987770807,1.1560685113630687,3.3047619047619046,3.1678296249359845,0.39909383533548537,0.11497202543087133,0.00025555958272422384,0.0,0.11497202543087133,0.010579100298473773,0,0,0,3,0,0.3333333333333333,0.3047619047619048,0.30698684358567524,0.07833196206893654,0.9177247165871267,0.5923136104912694,0.0,0.2195210449927431,0.01862843725582947
410,104,99.04761904761905,105,1,104,0,0,0.009523809523809525,1.0746882814155276,1.0572142819744972,1.0536327580767388,0.8364834994989379,0.3070207228050557,1.171330478559403,3.3047619047619046,3.1678296249359845,0.4006799569185029,0.31610953644672773,0.0004648190450898907,0.0,0.31610953644672773,0.036720460767259044,0,1,0,0,0,0.0,0.3523809523809524,0.3130567124456618,0.08493931517429257,0.9099692375234796,0.5894483655604749,0.009523809523809525,0.2006531204644412,0.01862262745949194
411,104,99.04761904761905,105,0,104,1,0,0.0,1.0806124199720997,1.0630275540265475,1.0957167106186498,0.8369250488162576,0.29149879749873914,1.1489805780176996,3.3047619047619046,3.1678296249359845,0.40250160543880353,0.2579682861601038,0.0006304536188181227,0.0,0.2579682861601038,0.016546327095094404,0,0,0,1,0,0.0,0.3238095238095238,0.31792290769456044,0.07794891777767247,0.9198118326998755,0.5939687673574112,0.0,0.20537010159651664,0.01865924191731618
412,104,99.04761904761905,105,0,104,1,0,0.0,1.0784623428427516,1.0611735875469284,1.0335411550879519,0.8373056262039922,0.30050237966613436,1.1446338740602042,3.3047619047619046,3.1678296249359845,0.40057741999596863,0.025353755986416968,0.0006726827874540206,0.0,0.025353755986416968,-0.00963126243764345,0,0,0,1,0,1.0,0.3523809523809524,0.3098659778473944,0.09156898264739027,0.9193393794484275,0.5860593902002725,0.0,0.2053701015965167,0.018654519553286668
413,104,99.04761904761905,105,0,105,0,0,0.0,1.0758579183186998,1.058654299329718,1.0331899708173966,0.8376103021417068,0.3105896885220914,1.168968774789428,3.3047619047619046,3.1678296249359845,0.40331042032501907,0.0,0.0,0.0,0.0,0.0,0,0,0,0,0,0.0,0.3333333333333333,0.31320809099454044,0.10089871773620002,0.9238596063551142,0.5850461254193468,0.0,0.2434687953555878,0.018646323237973897
414,104,99.04761904761905,105,0,104,1,0,0.0,1.0721782050963242,1.0548107923470396,1.060676674329996,0.8378079218625389,0.3129113089619256,1.1839735233075932,3.3047619047619046,3.1678296249359845,0.39993747927375844,0.03346399534273757,0.0008190311843727324,0.0,0.03346399534273757,-0.011793215548159042,0,0,0,1,0,1.0,0.37142857142857144,0.3129488809953485,0.09770273424410642,0.92414332817166,0.5755103314715824,0.0,0.2434687953555878,0.01863105479989264
415,105,100.0,105,0,104,1,0,0.0,1.086362556679756,1.0686139762438123,1.1767266470655864,0.8383490904062435,0.28854991515432876,1.1547974680272275,3.3047619047619046,3.1678296249359845,0.4083873941937761,0.05817340763635707,0.0007104805243111929,0.0,0.05817340763635707,-0.01610657943225202,0,0,0,1,0,0.0,0.3523809523809524,0.3290958825900486,0.08983309365995908,0.9198439809683753,0.5899633467778338,0.0,0.2815674891146589,0.01871054820653395
416,105,100.0,105,0,104,1,0,0.0,1.0894536290939936,1.071450897347944,1.179181100835514,0.8389450107142375,0.28181969120459716,1.1263839261912443,3.3047619047619046,3.1678296249359845,0.4100461320305411,0.17424548689678826,0.0005113337578984036,0.0,0.17424548689678826,-0.0002830102299662962,0,0,0,1,0,0.0,0.3333333333333333,0.3297654931830359,0.08791771485859597,0.914294623268178,0.5935328302639338,0.0,0.2815674891146589,0.01873544243863396
417,105,100.0,105,0,105,0,0,0.0,1.0925710982548338,1.0742059443266676,1.1834908962104131,0.8395918734376722,0.27470092320337786,1.132976812541243,3.3047619047619046,3.1678296249359845,0.4106718533439677,0.0,0.0,0.0,0.0,0.0,0,0,0,0,0,0.0,0.3333333333333333,0.32917699258093747,0.09000314541404984,0.9151285188146314,0.5909113879238302,0.0,0.2815674891146589,0.018761275538930977
418,105,100.0,105,0,103,2,0,0.0,1.0917143710527495,1.0742184847608662,1.1022450954189416,0.8402185624597933,0.2817039457579433,1.1283036166170635,3.3047619047619046,3.1678296249359845,0.40523441874764154,0.13867565358964404,0.0005301664493250343,0.0,0.13867565358964404,-0.0017168746438650934,0,0,0,2,0,0.0,0.3333333333333333,0.3166170920510307,0.09484659999995514,0.908402746074886,0.5816178980645366,0.0,0.2815674891146589,0.018766918123170044
419,105,100.0,105,0,103,2,0,0.0,1.0896264671241782,1.0725470469839906,1.0543493313801386,0.8407830404005685,0.28382891271522015,1.1305508630685879,3.3047619047619046,3.1678296249359845,0.4066472008426609,0.09498690035779218,0.0007207117121528041,0.0,0.09498690035779218,-0.011770348244896145,0,0,0,2,0,0.0,0.3238095238095238,0.3142490324383874,0.10443756390452945,0.9307108886726214,0.5852595601423272,0.0,0.2815674891146589,0.01876541945324424
420,105,100.0,105,0,103,2,0,0.0,1.0854094903248337,1.0689836685558225,1.0115835339224162,0.8412393312359131,0.29420134253209046,1.1249059477712964,3.3047619047619046,3.1678296249359845,0.4031506392604083,0.11136941360793037,0.0005195367923138198,0.0,0.11136941360793037,-0.002269482735250461,0,0,0,2,0,0.0,0.3238095238095238,0.30777869977787164,0.11151666997745693,0.9241756906812709,0.5789839827754606,0.0,0.2815674891146589,0.018751561827376473
421,104,99.04761904761905,105,1,102,2,0,0.009523809523809525,1.0759864902804388,1.0579089001239803,0.9308852779001793,0.8414558854239325,0.3116164654781513,1.1494174390925314,3.3047619047619046,3.1678296249359845,0.3997544317807944,0.22463780327857116,0.0005989252368768856,0.0,0.22463780327857116,0.007750560978861777,0,1,0,2,0,0.0,0.3238095238095238,0.2985620107630554,0.11801845126373053,0.9355736800921597,0.5806424288684074,0.009523809523809525,0.2815674891146589,0.018707876861015556
422,104,99.04761904761905,105,0,101,4,0,0.0,1.0865358297744123,1.0679564885862625,1.0038807373422414,0.8418648302261952,0.29839580625587414,1.1182982841623703,3.3047619047619046,3.1678296249359845,0.4020506408022593,0.2036658157850288,0.0006278383950687743,0.0,0.2036658157850288,0.005561597158640533,0,0,0,4,0,0.0,0.29523809523809524,0.30733209059444544,0.10290934358217392,0.9313844107120628,0.5889966339968812,0.0,0.2815674891146589,0.018767100895783283
423,102,97.14285714285714,105,2,101,2,0,0.01904761904761905,1.0880354170310496,1.0668682875250595,1.012557646809306,0.842305216930006,0.3186723413923259,1.1796864063321018,3.3047619047619046,3.1678296249359845,0.40128703811169397,0.25802376956588113,0.0006408359886967297,0.0,0.25802376956588113,0.005972893297585102,0,2,0,2,0,0.0,0.3047619047619048,0.3080867228316115,0.1117349373358231,0.9119152098536213,0.5823845490833459,0.01904761904761905,0.3007982583454281,0.018781574182300267
424,101,96.19047619047619,105,1,104,0,0,0.009523809523809525,1.0722146130710584,1.0508670800869524,0.9420778085797129,0.8422714725798358,0.33493481999814967,1.2202109788285116,3.3047619047619046,3.1678296249359845,0.40033394125163624,0.25139749393203414,0.00045348938362619196,0.0,0.25139749393203414,-0.0007129018050607006,0,1,0,0,0,0.0,0.3142857142857143,0.30264588890711225,0.1173825804668881,0.907469819213611,0.5796006475029655,0.009523809523809525,0.3007982583454281,0.018701935680739596
425,101,96.19047619047619,105,0,104,1,0,0.0,1.0825260462687984,1.0607135192142103,0.9890304528815518,0.8424710250269623,0.32558202280354137,1.2019782288922833,3.3047619047619046,3.1678296249359845,0.4030928674070222,0.09400335631749837,0.000673535647853466,0.0,0.09400335631749837,0.002978305798680747,0,0,0,1,0,0.0,0.3333333333333333,0.30817839778880013,0.11049312013388332,0.9104995719840792,0.5869820624375494,0.0,0.30079825834542817,0.018756653587496973
426,102,97.14285714285714,105,0,105,0,0,0.0,1.0959507116175213,1.07382806802414,1.0297401507500161,0.8429966132424535,0.30993580436030793,1.1783095218642419,3.3047619047619046,3.1678296249359845,0.4071986576831399,0.0,0.0,0.0,0.0,0.0,0,0,0,0,0,0.0,0.3142857142857143,0.313757850574856,0.11658622319690885,0.9122333324565555,0.5883406253039992,0.0,0.30079825834542817,0.018832101783838342
427,102,97.14285714285714,105,0,104,1,0,0.0,1.106378413023118,1.0839924883371712,1.0805657683317282,0.8437631449330525,0.2952640090933513,1.1611546607778513,3.3047619047619046,3.1678296249359845,0.4112265754109339,0.39600520457169786,0.0005688055986418763,0.0,0.39600520457169786,0.017099230588735442,0,0,0,1,0,0.0,0.3619047619047619,0.3201914818111467,0.11546304976848394,0.9104995719840792,0.5947236375059021,0.0,0.30079825834542817,0.018896381499855983
428,103,98.0952380952381,105,1,104,0,0,0.009523809523809525,1.114547340455931,1.0922093432274642,1.149735832896294,0.8447070214686275,0.2825958964053499,1.1551792525186126,3.3047619047619046,3.1678296249359845,0.41491163391764707,0.3890152294624075,0.0008289609423893196,0.0,0.3890152294624075,0.005556536604587381,0,1,0,0,0,0.0,0.3523809523809524,0.32795442869090835,0.10837159333478957,0.9124839825150013,0.6036683657545892,0.009523809523809525,0.262699564586357,0.01895217633727843
429,104,99.04761904761905,105,0,105,0,0,0.0,1.1118125429966799,1.0899290596407265,1.1527060523146404,0.8455698187122982,0.29242624473965284,1.1612712663083637,3.3047619047619046,3.1678296249359845,0.4137714784817259,0.0,0.0,0.0,0.0,0.0,0,0,0,0,0,0.0,0.37142857142857144,0.32799830167967503,0.10971778433009234,0.8968416361280891,0.6045407667271534,0.0,0.3388969521044993,0.01895216832332624
430,104,99.04761904761905,105,1,104,0,0,0.009523809523809525,1.1186918728599549,1.0945011623208316,1.1750765607139997,0.8465637471268777,0.2874914747896766,1.1528358348463794,3.3047619047619046,3.1678296249359845,0.417032687749638,0.48818599399399515,0.00026066170493233834,0.0,0.48818599399399515,0.038882554547952364,0,1,0,0,0,0.0,0.37142857142857144,0.3321418164466477,0.10553673502835312,0.8965580690984287,0.6078404039602148,0.009523809523809525,0.33889695210449927,0.019002307952026468
431,104,99.04761904761905,105,0,105,0,0,0.0,1.1292066827421172,1.1049650799561161,1.2046152012983105,0.8477487788698623,0.28717053794083025,1.1438643191485316,3.3047619047619046,3.1678296249359845,0.41789219899241337,0.0,0.0,0.0,0.0,0.0,0,0,0,0,0,0.0,0.3238095238095238,0.33316819709518986,0.10218040840540829,0.9124703183121314,0.6094220257549193,0.0,0.3007982583454281,0.019073651894746864
432,104,99.04761904761905,105,0,104,1,0,0.0,1.1277354112309572,1.1034009652153645,1.1684845716345593,0.8488566320341273,0.29849537984789654,1.1518985890989688,3.3047619047619046,3.1678296249359845,0.41670983471237544,0.02000435295444418,0.00028395201726820045,0.0,0.02000435295444418,-0.00967466288751645,0,0,0,1,0,1.0,0.3333333333333333,0.3288744648918684,0.11156351797770936,0.8965580690984287,0.6039556295516831,0.0,0.33889695210449927,0.01908384298756025
433,104,99.04761904761905,105,0,105,0,0,0.0,1.1237925663126158,1.099744079100856,1.1377594888932423,0.8498367151603055,0.3072298953033645,1.159224909083513,3.3047619047619046,3.1678296249359845,0.41453270069454695,0.0,0.0,0.0,0.0,0.0,0,0,0,0,0,0.0,0.3523809523809524,0.32378254844182847,0.11428072732590965,0.9003351505469311,0.6021425340145958,0.0,0.33889695210449927,0.019079652444778578
434,104,99.04761904761905,105,0,104,1,0,0.0,1.1317424525822604,1.1075394387791766,1.2029001513759734,0.8509833058934715,0.3115879848533284,1.1623945718805344,3.3047619047619046,3.1678296249359845,0.4136066895802166,0.05878369865799933,0.0005416601838352291,0.0,0.05878369865799933,-0.0040257899844258205,0,0,0,1,0,0.0,0.34285714285714286,0.3273701911848127,0.10541129414365873,0.8999696421820412,0.600643884739413,0.0,0.33889695210449927,0.0191375628965878
435,105,100.0,105,0,104,1,0,0.0,1.1340579469035534,1.1092493843836693,1.2643066049107705,0.8521369091164593,0.2948362797855276,1.162832423047318,3.3047619047619046,3.1678296249359845,0.4179909966969655,0.03091689851373117,0.0002444737174810747,0.0,0.03091689851373117,0.002274967406242334,0,0,0,1,0,1.0,0.3523809523809524,0.338002743914627,0.10873751918762775,0.9007304461384712,0.6068075284385994,0.0,0.3388969521044993,0.01916741246052028
436,105,100.0,105,0,104,1,0,0.0,1.135485367559466,1.1103100114841389,1.291393660905075,0.8532808472423941,0.31680571625808235,1.2079682500453293,3.3047619047619046,3.1678296249359845,0.41276826969439684,0.03707109742461379,0.00028566309232857135,0.0,0.03707109742461379,0.004856450523894218,0,0,0,1,0,1.0,0.3238095238095238,0.33582997539382037,0.10982038987641614,0.9065207328789441,0.5973812698973245,0.0,0.30079825834542817,0.019192668569221992
437,105,100.0,105,0,103,2,0,0.0,1.135339312294517,1.1101974640446317,1.332342590122706,0.8543856951085798,0.31147275247463996,1.1986806139207813,3.3047619047619046,3.1678296249359845,0.4150435031378559,0.05099682714621327,0.00048700600864365513,0.0,0.05099682714621327,0.0010602257862487863,0,0,0,2,0,0.5,0.3333333333333333,0.3418945270045102,0.10671200916732562,0.8992995490729969,0.600577538882038,0.0,0.3388969521044993,0.019209438141904997
438,105,100.0,105,0,103,2,0,0.0,1.1327289445314628,1.1075832914463062,1.2683197399367963,0.8553892932495368,0.3140679558390158,1.2012380876624464,3.3047619047619046,3.1678296249359845,0.4115303974914688,0.07010449296980345,0.0004690533305368429,0.0,0.07010449296980345,0.0030087490933236316,0,0,0,2,0,0.5,0.37142857142857144,0.33331639974260097,0.11063687576960836,0.9141996539054954,0.5968331327256806,0.0,0.262699564586357,0.019212282442702
439,105,100.0,105,0,104,1,0,0.0,1.139169015265691,1.1135927142800104,1.255980844385574,0.8565133937327201,0.304999411924746,1.1899997784426926,3.3047619047619046,3.1678296249359845,0.4121658829498178,0.2868159901185876,0.001005076323210753,0.0,0.2868159901185876,-0.0029783174962547676,0,0,0,1,0,0.0,0.34285714285714286,0.3314897083839093,0.11328092188551955,0.8995748625423381,0.5957054190655798,0.0,0.3007982583454281,0.019262287590433306
440,105,100.0,105,0,102,3,0,0.0,1.1425631694287763,1.1168241207370027,1.2606150462548158,0.8576837769886205,0.286906880635457,1.1288526086887636,3.3047619047619046,3.1678296249359845,0.4131881246324116,0.12963072882969498,0.0006391188853773317,0.0,0.12963072882969498,-0.0030766154151965672,0,0,0,3,0,0.3333333333333333,0.34285714285714286,0.33170565288609616,0.11308396770357905,0.9039756866159151,0.5965212239968973,0.0,0.3007982583454281,0.019297796235001583
441,104,99.04761904761905,105,1,101,3,0,0.009523809523809525,1.1409031429243706,1.116655468522449,1.203440009123437,0.8587762137250183,0.2951407907398838,1.1154414566050774,3.3047619047619046,3.1678296249359845,0.4106040248422238,0.11030454247108111,0.0005489761453708397,0.0,0.11030454247108111,-0.004462347397042016,0,1,0,3,0,0.5,0.3523809523809524,0.3240112428186215,0.1173153214011884,0.8954372494433978,0.5906160670799925,0.009523809523809525,0.3577648766328012,0.019306799369764205
442,104,99.04761904761905,105,0,103,2,0,0.0,1.1406067251549812,1.116556234010286,1.157052380036045,0.8598681257427716,0.31174263060219876,1.1424736062340652,3.3047619047619046,3.1678296249359845,0.4079037010700337,0.06823220712624431,0.000401502561426917,0.0,0.06823220712624431,0.0035613467558489875,0,0,0,2,0,0.5,0.3619047619047619,0.31732344637637666,0.1256652125935907,0.8859887676188971,0.5862763499738567,0.0,0.3577648766328012,0.019322612237105567
443,104,99.04761904761905,105,0,104,1,0,0.0,1.145269119317227,1.1216705327714562,1.1156851598839197,0.8610550576651593,0.30846636944275385,1.1236857094287442,3.3047619047619046,3.1678296249359845,0.40414939931441873,0.12549211027268747,0.0006717431397541191,0.0,0.12549211027268747,0.011785391213492868,0,0,0,1,0,0.0,0.3619047619047619,0.3089351899424344,0.1266460585194594,0.902805152613245,0.5829405340029469,0.0,0.31966618287373005,0.01936472419844941
444,104,99.04761904761905,105,0,105,0,0,0.0,1.1397626777423688,1.1161783269380479,1.029330898754369,0.8620652026277197,0.3171450745002626,1.0822506675901,3.3047619047619046,3.1678296249359845,0.4004069119200111,0.0,0.0,0.0,0.0,0.0,0,0,0,0,0,0.0,0.3333333333333333,0.2984287409769539,0.1447329554859975,0.8919535958883068,0.5721980559555333,0.0,0.3577648766328012,0.019353191826264507
445,104,99.04761904761905,105,0,105,0,0,0.0,1.146527797168661,1.1225655848646925,1.0332586887878679,0.863205217877958,0.3058033184702973,1.060731205929362,3.3047619047619046,3.1678296249359845,0.4033199687420359,0.0,0.0,0.0,0.0,0.0,0,0,0,0,0,0.0,0.3619047619047619,0.3005839416859085,0.15130277025672845,0.9017891306280957,0.5787274544774794,0.0,0.3577648766328012,0.019405074293808888
446,105,100.0,105,0,105,0,0,0.0,1.1487094357713292,1.1248413780377693,1.049367257368286,0.8643667939876418,0.30681204603640067,1.0582395514282081,3.3047619047619046,3.1678296249359845,0.4032018174893619,0.0,0.0,0.0,0.0,0.0,0,0,0,0,0,0.0,0.3619047619047619,0.30125327796324447,0.14787111842673684,0.8896782508609062,0.5811286634473907,0.0,0.3577648766328012,0.0194343808628816
447,105,100.0,105,0,105,0,0,0.0,1.1478446665060158,1.1245156323540313,0.9768012762763508,0.8654833180905895,0.3076759659924942,1.045410203631241,3.3047619047619046,3.1678296249359845,0.40062840311805337,0.0,0.0,0.0,0.0,0.0,0,0,0,0,0,0.0,0.37142857142857144,0.29199320320841654,0.15342314944293373,0.8916113040477035,0.5775219205716139,0.0,0.3577648766328012,0.019447741807206397
448,105,100.0,105,0,105,0,0,0.0,1.1471228298332137,1.1237011361766414,0.9765983834198311,0.8665438311312735,0.2981058392632243,1.0303240287844004,3.3047619047619046,3.1678296249359845,0.4024827408174161,0.0,0.0,0.0,0.0,0.0,0,0,0,0,0,0.0,0.3523809523809524,0.29381330808889344,0.15691082953821178,0.8939151950380927,0.5789663930733595,0.0,0.3577648766328012,0.019460930246981936
449,105,100.0,105,0,105,0,0,0.0,1.13658807037171,1.1128515013626181,0.9296293051452758,0.8672957905690099,0.3202685171741575,1.0627207599008344,3.3047619047619046,3.1678296249359845,0.3975328491584742,0.0,0.0,0.0,0.0,0.0,0,0,0,0,0,0.0,0.3619047619047619,0.28655287551584885,0.1546582452151255,0.8900257141135293,0.5707245885983664,0.0,0.3577648766328012,0.019420166846592472
450,105,100.0,105,0,105,0,0,0.0,1.141935465332191,1.1171898474158308,0.9958500166888037,0.8681338743421146,0.2992402442325715,1.0482085496647553,3.3047619047619046,3.1678296249359845,0.40314053182742837,0.0,0.0,0.0,0.0,0.0,0,0,0,0,0,0.0,0.3523809523809524,0.2975187638717353,0.14835004210390046,0.894444482541015,0.5771698882135047,0.0,0.35776487663280115,0.019460178354417976
451,105,100.0,105,0,104,1,0,0.0,1.1537811001665983,1.1286366770861946,1.0371534767708406,0.8692355018983041,0.29551185476879993,1.0426590702407028,3.3047619047619046,3.1678296249359845,0.4062175628409064,0.028022874973563643,0.00021533114350839937,0.0,0.028022874973563643,-0.005377462426481516,0,0,0,1,0,1.0,0.3619047619047619,0.30236956468881504,0.14920957209614122,0.8849090980151376,0.5839377973136056,0.0,0.35776487663280115,0.019536855370630726
452,105,100.0,105,0,104,1,0,0.0,1.157671637086171,1.1314108947915689,1.04628086725096,0.8703725377626772,0.2861369852683326,1.0278400261512222,3.3047619047619046,3.1678296249359845,0.4115215574643205,0.035712973723658156,0.00017608235753891908,0.0,0.035712973723658156,-0.0035695039813018192,0,0,0,1,0,1.0,0.3523809523809524,0.3077999146161827,0.15487942381338457,0.8624575150027033,0.5879320137903475,0.0,0.3577648766328012,0.01957431773470747
453,105,100.0,105,0,104,1,0,0.0,1.1666718490419559,1.139772295331342,1.1441136776404162,0.8716854542067792,0.2789537820849264,1.034322298749792,3.3047619047619046,3.1678296249359845,0.41644339553930965,0.038323743598306016,0.0001660968776016655,0.0,0.038323743598306016,0.007389799800900876,0,0,0,1,0,1.0,0.37142857142857144,0.3202911111528983,0.15389025395817396,0.8703274060735247,0.5923112763783765,0.0,0.3577648766328012,0.019640114272519854
454,105,100.0,105,0,105,0,0,0.0,1.1699705875686817,1.1428144964968074,1.1453475169935976,0.8730338770946302,0.2844237609495855,1.0375794075923246,3.3047619047619046,3.1678296249359845,0.41484734251015953,0.0,0.0,0.0,0.0,0.0,0,0,0,0,0,0.0,0.3523809523809524,0.3181533496925083,0.1558779348900422,0.895540783673257,0.588106484615838,0.0,0.31966618287373005,0.019677965835008863
455,105,100.0,105,0,105,0,0,0.0,1.1599115688295156,1.1335238264002305,1.0917630424467821,0.874104134163031,0.3031542025307858,1.0430007118437898,3.3047619047619046,3.1678296249359845,0.4102275621082989,0.0,0.0,0.0,0.0,0.0,0,0,0,0,0,0.0,0.3238095238095238,0.3103746124051372,0.15849573508315593,0.8703274060735247,0.5836160465085892,0.0,0.3577648766328012,0.01964462270155092
456,104,99.04761904761905,105,1,103,1,0,0.009523809523809525,1.1625466111522174,1.1371322477822476,1.068095325382141,0.8752101971764567,0.31605184779834633,1.068663429874322,3.3047619047619046,3.1678296249359845,0.40866408872828175,0.25400270220313304,0.0006267488932146584,0.0,0.25400270220313304,-0.0026686814438570683,0,1,0,1,0,0.0,0.3142857142857143,0.30593231725385356,0.1610881485815932,0.8826059126695509,0.5853662195718655,0.009523809523809525,0.3577648766328012,0.019675317009069306
457,104,99.04761904761905,105,0,104,1,0,0.0,1.163977210710986,1.138087749067608,1.0783951975483241,0.8763271739680248,0.31023518037093023,1.080014217621547,3.3047619047619046,3.1678296249359845,0.4098369333039247,0.3215951843218686,0.0008523619141268668,0.0,0.3215951843218686,0.0032670125106640246,0,0,0,1,0,0.0,0.3047619047619048,0.3075661754206924,0.16610479468286896,0.8766410844001412,0.5845966201372944,0.0,0.3577648766328012,0.019700161967716626
458,103,98.0952380952381,105,1,104,0,0,0.009523809523809525,1.1573189066953613,1.1321394409311738,1.0447324290508277,0.877254225873105,0.321890222454919,1.0969780584076978,3.3047619047619046,3.1678296249359845,0.4082056807882273,0.3243068161317846,0.0008192319867946932,0.0,0.3243068161317846,0.0016326528687856667,0,1,0,0,0,0.0,0.3142857142857143,0.30403419239051904,0.17298795295969935,0.8866123862053863,0.5812174196865044,0.009523809523809525,0.3577648766328012,0.019681554160082333
459,103,98.0952380952381,105,0,105,0,0,0.0,1.157054271230141,1.1328895524362017,0.9984852649736852,0.878174715307797,0.3297335110799185,1.09795435779025,3.3047619047619046,3.1678296249359845,0.4059871864135751,0.0,0.0,0.0,0.0,0.0,0,0,0,0,0,0.0,0.3047619047619048,0.2975578907676027,0.16994132046566685,0.8854846579266311,0.5819265121110874,0.0,0.3577648766328012,0.019694810751259523
460,103,98.0952380952381,105,0,105,0,0,0.0,1.1535793440448723,1.130011892161551,0.961736426425675,0.878993117705734,0.33055753932089904,1.0697286779786386,3.3047619047619046,3.1678296249359845,0.40336366204537644,0.0,0.0,0.0,0.0,0.0,0,0,0,0,0,0.0,0.3238095238095238,0.29162316228304225,0.16422871486859505,0.8779575458484374,0.5832306046003908,0.0,0.3577648766328012,0.0196903989121397
461,104,99.04761904761905,105,0,105,0,0,0.0,1.1585293512628787,1.1349542425664074,0.9432311262189013,0.8799108467022924,0.32913982385843826,1.0604554162266628,3.3047619047619046,3.1678296249359845,0.4009436689083916,0.0,0.0,0.0,0.0,0.0,0,0,0,0,0,0.0,0.3047619047619048,0.2867342609359655,0.17171219708183466,0.8809838573386524,0.5781869392600617,0.0,0.3577648766328012,0.01972968499374453
462,104,99.04761904761905,105,0,105,0,0,0.0,1.162476364136734,1.138590599147151,0.9454192148642363,0.8808916584726477,0.3292784580473342,1.0568522794103266,3.3047619047619046,3.1678296249359845,0.402021657620651,0.0,0.0,0.0,0.0,0.0,0,0,0,0,0,0.0,0.29523809523809524,0.2874628487218211,0.17242213264119283,0.8929319810365042,0.5792900500932823,0.0,0.31966618287373005,0.019764955281026897
463,105,100.0,105,0,105,0,0,0.0,1.165978271126197,1.141577519527028,1.0010399256773408,0.8819170962361106,0.323730157023036,1.064890348911736,3.3047619047619046,3.1678296249359845,0.40310680806629384,0.0,0.0,0.0,0.0,0.0,0,0,0,0,0,0.0,0.3047619047619048,0.29338388976111107,0.16715162308969925,0.899591761053087,0.5827457488201392,0.0,0.31966618287373,0.01979870687660234
464,105,100.0,105,0,104,1,0,0.0,1.174576682870393,1.1498928803542026,1.0077401637025845,0.8831207830492801,0.324875789630834,1.0640992327487393,3.3047619047619046,3.1678296249359845,0.4022108701521918,0.3332522965752648,0.0008584742691763075,0.0,0.3332522965752648,0.013830974248699557,0,0,0,1,0,0.0,0.2761904761904762,0.2919524096173697,0.1696695539135957,0.9015508638594328,0.5815280379426293,0.0,0.31966618287373,0.019860764309052835
465,105,100.0,105,0,104,1,0,0.0,1.1685825199057043,1.1441803253916334,0.9117244867543464,0.8841415679082344,0.32924625886102293,1.0612853190954126,3.3047619047619046,3.1678296249359845,0.397242383407588,0.0557638511333888,0.0004484628939973749,0.0,0.0557638511333888,-0.002656768891184491,0,0,0,1,0,0.0,0.29523809523809524,0.27933949913874123,0.19424485646954961,0.8859629688124906,0.5693995708253009,0.0,0.31966618287373,0.0198469618568138
466,105,100.0,105,0,103,2,0,0.0,1.1637410057465734,1.1398389569800795,0.8530232167335424,0.8850199943182848,0.3471045172603597,1.0801772229844655,3.3047619047619046,3.1678296249359845,0.3911080813498433,0.22126884598122587,0.0008269183014614059,0.0,0.22126884598122587,0.006152800536726927,0,0,0,2,0,0.0,0.29523809523809524,0.26888650253842356,0.20950864091769242,0.9134946690073458,0.55815746357282,0.0,0.2815674891146589,0.019836667812043567
467,105,100.0,105,0,104,1,0,0.0,1.1624969789601065,1.1387619811876606,0.8261315513991639,0.8858433002697199,0.3519217935313856,1.0760418640381129,3.3047619047619046,3.1678296249359845,0.391843163757005,0.3435281929133476,0.0011665564567353236,0.0,0.3435281929133476,0.01047956549353568,0,0,0,1,0,0.0,0.2857142857142857,0.2671028655622312,0.22150432245323676,0.9171697046452038,0.5568100376892667,0.0,0.24346879535558777,0.019843488143027943
468,105,100.0,105,0,103,2,0,0.0,1.1582860698634723,1.1348928475597548,0.7927375860971693,0.8865424712422871,0.3640134418564325,1.0858153083150432,3.3047619047619046,3.1678296249359845,0.3907673246946115,0.07331402452082986,0.0004863655747896252,0.0,0.07331402452082986,-0.0030964886436035954,0,0,0,2,0,0.5,0.3047619047619048,0.26338546921332484,0.23804276070537347,0.9157963023363274,0.5521521599585713,0.0,0.2815674891146589,0.01983350787014374
469,105,100.0,105,0,103,2,0,0.0,1.1460823859810672,1.1231340145870716,0.7693698144560415,0.8869214938340921,0.37747232419350274,1.1038481868163683,3.3047619047619046,3.1678296249359845,0.3864254053334677,0.04439875504747927,0.0005315237434670283,0.0,0.04439875504747927,-0.0053351770638152,0,0,0,2,0,0.5,0.3047619047619048,0.25888980046916094,0.22965128600934084,0.9173353762604222,0.5479579120205811,0.0,0.2815674891146589,0.019778492845705913
470,105,100.0,105,0,103,2,0,0.0,1.1590868974385609,1.1360987653393524,0.8073036987406896,0.8876170706080525,0.3595037579654924,1.102053384522822,3.3047619047619046,3.1678296249359845,0.38936148003513193,0.04625388240744966,0.0004987716466466098,0.0,0.04625388240744966,-0.007518512866567739,0,0,0,2,0,0.5,0.3333333333333333,0.2633139379639235,0.2304103769688635,0.9216997034718626,0.5538508930068841,0.0,0.2815674891146589,0.019854532746548227
471,104,99.04761904761905,105,1,103,1,0,0.009523809523809525,1.155755851191003,1.1322781614702344,0.7913614134168571,0.8882189487911349,0.37131676519975276,1.087138043058313,3.3047619047619046,3.1678296249359845,0.3872589621631508,0.24408541415365786,0.0006383365109118519,0.0,0.24408541415365786,0.010516644066663167,0,1,0,1,0,0.0,0.3333333333333333,0.26022289361537443,0.22122943211535337,0.9207594905944129,0.5541838501366542,0.009523809523809525,0.262699564586357,0.019847410753005293
472,104,99.04761904761905,105,0,103,2,0,0.0,1.1544607201090495,1.1310988456477795,0.7356916294439924,0.8887467132528261,0.37892085661230285,1.0955705011415386,3.3047619047619046,3.1678296249359845,0.38401021679153247,0.048762106297257475,0.0005317944182207728,0.0,0.048762106297257475,-0.006711637840093709,0,0,0,2,0,0.5,0.3238095238095238,0.2519190231954978,0.2371799901147066,0.9161678670944335,0.5450532389565363,0.0,0.262699564586357,0.019849294437079192
473,104,99.04761904761905,105,0,105,0,0,0.0,1.16656042486508,1.1426140470384583,0.8060498005477907,0.8895495846043693,0.3617394612002947,1.0920294371472725,3.3047619047619046,3.1678296249359845,0.39018366450442277,0.0,0.0,0.0,0.0,0.0,0,0,0,0,0,0.0,0.3238095238095238,0.26277157452721156,0.22887954860163492,0.9106479446988883,0.5565926599201799,0.0,0.262699564586357,0.0199225097591215
474,104,99.04761904761905,105,0,105,0,0,0.0,1.1678322494939641,1.1440587885065827,0.7992125358335986,0.8903636359179733,0.3653321410892561,1.0912642607429561,3.3047619047619046,3.1678296249359845,0.3881246308761195,0.0,0.0,0.0,0.0,0.0,0,0,0,0,0,0.0,0.3238095238095238,0.26013435703200793,0.230668805465513,0.9151801593584975,0.5553819869400604,0.0,0.262699564586357,0.019941762761603185
475,104,99.04761904761905,105,0,104,1,0,0.0,1.1748871382848083,1.1503666908928016,0.8733764013772087,0.891311758353305,0.3566167634612974,1.0903747190003472,3.3047619047619046,3.1678296249359845,0.39280717894260153,0.03510098550445928,0.0005503292104841141,0.0,0.03510098550445928,-0.007080104903102014,0,0,0,1,0,1.0,0.3142857142857143,0.27098364770391975,0.21601782286664445,0.9208473051284128,0.5619140487467159,0.0,0.262699564586357,0.019992054657250957
476,105,100.0,105,0,105,0,0,0.0,1.1863205719876548,1.1617385764471917,0.9215329719127778,0.8925180394528542,0.3440085786780316,1.0610107657875811,3.3047619047619046,3.1678296249359845,0.3942760491417643,0.0,0.0,0.0,0.0,0.0,0,0,0,0,0,0.0,0.3047619047619048,0.2749150655130382,0.20490985151390884,0.9106479446988883,0.5670239095552593,0.0,0.262699564586357,0.02006832829078095
477,105,100.0,105,0,105,0,0,0.0,1.1997664105889998,1.1744532216256012,0.9764913145359362,0.8940083302597054,0.3438458525957065,1.0711790282405604,3.3047619047619046,3.1678296249359845,0.39801575532651534,0.0,0.0,0.0,0.0,0.0,0,0,0,0,0,0.0,0.3142857142857143,0.28162736368874547,0.202190286871727,0.9119187168059992,0.5735110790458637,0.0,0.262699564586357,0.02015916242062624
478,105,100.0,105,0,105,0,0,0.0,1.2057616848729182,1.1803670009176555,0.9235381416489787,0.8956012819547734,0.3500452040748042,1.1011474631228786,3.3047619047619046,3.1678296249359845,0.393289005200401,0.0,0.0,0.0,0.0,0.0,0,0,0,0,0,0.0,0.2857142857142857,0.2718086078777603,0.2219542315024091,0.9150258742490476,0.562737295823512,0.0,0.262699564586357,0.020214369789899475
479,105,100.0,105,0,105,0,0,0.0,1.2013803912687813,1.1764564435665432,0.8389106482659442,0.8970446678187188,0.37619169516835627,1.1310375254998688,3.3047619047619046,3.1678296249359845,0.3909825768427293,0.0,0.0,0.0,0.0,0.0,0,0,0,0,0,0.0,0.29523809523809524,0.26233463878737884,0.23497142391692685,0.9043147885923185,0.5559155266912035,0.0,0.2772133526850508,0.02021532532437889
480,105,100.0,105,0,105,0,0,0.0,1.2094126544205166,1.1840204286412677,0.8528876872944438,0.8986340210056828,0.37304557352783285,1.0980828472946043,3.3047619047619046,3.1678296249359845,0.3939699789690705,0.0,0.0,0.0,0.0,0.0,0,0,0,0,0,0.0,0.2761904761904762,0.2651023051426883,0.24234873067289112,0.9173124330653262,0.5573084187886437,0.0,0.262699564586357,0.02028066064068832
481,105,100.0,105,0,104,1,0,0.0,1.2187265605945306,1.1932065744149254,0.9182659788076141,0.900405827349311,0.35652783314492603,1.0821356352282405,3.3047619047619046,3.1678296249359845,0.4005405913781208,0.3816826502485753,0.0008298776488430948,0.0,0.3816826502485753,0.010108804969546692,0,0,0,1,0,0.0,0.3047619047619048,0.27574398462978045,0.23120881783464783,0.9113761526309931,0.5703086173467079,0.0,0.262699564586357,0.020355294074683367
482,104,99.04761904761905,105,1,104,0,0,0.009523809523809525,1.2076632172673376,1.1822049881248788,0.8965355618872154,0.9018463791311233,0.36506123994108275,1.0940922481308206,3.3047619047619046,3.1678296249359845,0.39948044948398787,0.3564704454994273,0.0005285204337846349,0.0,0.3564704454994273,0.02581326147733254,0,1,0,0,0,0.0,0.2857142857142857,0.2741139910410433,0.2268547283952748,0.9164628816688903,0.5721982069423793,0.009523809523809525,0.2434687953555878,0.0203227944711008
483,104,99.04761904761905,105,0,104,1,0,0.0,1.214124905713048,1.188146408113762,0.9493503592480268,0.9033881854846677,0.3491346401955782,1.0663144547918948,3.3047619047619046,3.1678296249359845,0.4040527268708991,0.04233631913330177,0.0004614845893692335,0.0,0.04233631913330177,-0.013563582333924795,0,0,0,1,0,1.0,0.2857142857142857,0.28231413430912133,0.21429159318075297,0.9287451937444646,0.5814154435113078,0.0,0.20537010159651667,0.020379523812542714
484,104,99.04761904761905,105,0,102,3,0,0.0,1.2233652097611103,1.1974917906676887,0.9431639931250686,0.9051179866774707,0.33989353098549113,1.0053565747689561,3.3047619047619046,3.1678296249359845,0.4069184028427759,0.2101869858470289,0.0005872869795730916,0.0,0.2101869858470289,0.0029612993741074956,0,0,0,3,0,0.3333333333333333,0.3142857142857143,0.28236890744916704,0.21407090722285196,0.9262756112592886,0.5889405783871655,0.0,0.2434687953555878,0.020453123910102077
485,103,98.0952380952381,105,1,101,3,0,0.009523809523809525,1.2249511079679225,1.1979988539562678,0.936415068957923,0.906827156911415,0.3501496231212755,1.033247007980646,3.3047619047619046,3.1678296249359845,0.40516025446218973,0.14590341925433226,0.0005966838610085261,0.0,0.14590341925433226,-0.00039776566197063934,0,1,0,3,0,0.0,0.3142857142857143,0.28054280258305836,0.22565958012818763,0.9189946588150285,0.5812708873525305,0.009523809523809525,0.24346879535558777,0.02048812520164188
486,101,96.19047619047619,105,2,102,1,0,0.01904761904761905,1.2196015734754782,1.1932856852775242,0.863452640892881,0.9083363240323287,0.3762045923568888,1.102187487089484,3.3047619047619046,3.1678296249359845,0.3991867530553068,0.3277650553340896,0.0007100974337399318,0.0,0.3277650553340896,0.012778923046367444,0,2,0,1,0,0.0,0.3047619047619048,0.2691944652169007,0.2514890400301342,0.9221420063041423,0.5570602336517139,0.01904761904761905,0.18613933236574742,0.020485281450752707
487,102,97.14285714285714,105,0,104,1,0,0.0,1.2299541828495486,1.2032720956796374,0.9281138382876085,0.9100558647980002,0.3726672201325047,1.1064235435520104,3.3047619047619046,3.1678296249359845,0.4013920009498615,0.2018535037854146,0.0010184456580099861,0.0,0.2018535037854146,-0.006048509452826256,0,0,0,1,0,0.0,0.3142857142857143,0.2759019621659775,0.2289355492145952,0.9222614409172801,0.5658115812267471,0.0,0.22423802612481852,0.020564280558516952
488,102,97.14285714285714,105,0,104,1,0,0.0,1.225866117068233,1.199236012662112,0.9181211972100751,0.9116186484550709,0.3594505891508411,1.0767463663027776,3.3047619047619046,3.1678296249359845,0.40185286814511567,0.15297962331514944,0.0008757669438682375,0.0,0.15297962331514944,-0.01405150731022492,0,0,0,1,0,0.0,0.3047619047619048,0.27583248900365337,0.2297977271911362,0.9345143177090864,0.5645293755992853,0.0,0.22423802612481852,0.02056859339144155
489,102,97.14285714285714,105,0,105,0,0,0.0,1.2235796849924288,1.1973904478625357,0.9000602307687872,0.9130851543097045,0.36717176081165565,1.0872312037347653,3.3047619047619046,3.1678296249359845,0.3985110259106477,0.0,0.0,0.0,0.0,0.0,0,0,0,0,0,0.0,0.2857142857142857,0.2713112302151593,0.23237139244931107,0.9271899067121914,0.5613208169900077,0.0,0.22423802612481855,0.02058038943451978
490,103,98.0952380952381,105,0,105,0,0,0.0,1.227069175127764,1.2006729105751135,0.9112184614266706,0.9145883900184129,0.3593237863612546,1.0764174290319137,3.3047619047619046,3.1678296249359845,0.40089123863139964,0.0,0.0,0.0,0.0,0.0,0,0,0,0,0,0.0,0.3047619047619048,0.2737196948613654,0.23195887672821403,0.9320539500730703,0.5658073434468699,0.0,0.22423802612481855,0.020621646858252997
491,104,99.04761904761905,105,1,103,1,0,0.009523809523809525,1.2166586049156347,1.1899151726300021,0.8661639961932197,0.9158057258772332,0.3712540806736664,1.1140075960127587,3.3047619047619046,3.1678296249359845,0.39593146419705816,0.2242111835019326,0.0006164798709067843,0.0,0.2242111835019326,0.011221365208594167,0,1,0,1,0,0.0,0.3047619047619048,0.265979306882751,0.22695289335223995,0.9320539500730703,0.5606166443452114,0.009523809523809525,0.22423802612481855,0.02058887557017769
492,104,99.04761904761905,105,0,105,0,0,0.0,1.2209206056821198,1.1939130457124176,0.8776152854229827,0.917051465712477,0.3628590593268396,1.1223748027276466,3.3047619047619046,3.1678296249359845,0.3952097588925392,0.0,0.0,0.0,0.0,0.0,0,0,0,0,0,0.0,0.3523809523809524,0.2659393373075814,0.23957033537563757,0.9320539500730703,0.5571829056680112,0.0,0.22423802612481855,0.020629917031785353
493,104,99.04761904761905,105,0,103,2,0,0.0,1.224498729117321,1.1974691470834289,0.9225082198989729,0.9183478636183492,0.34531617355195904,1.0822355162921398,3.3047619047619046,3.1678296249359845,0.3973650484483302,0.3088087046923634,0.0003322517747271652,0.5,0.2701508004373127,0.022474720040459525,0,0,0,2,0,0.0,0.3333333333333333,0.2713097388581043,0.22624642523616062,0.907007891527106,0.5645438335594033,0.0,0.26233671988388974,0.020668341487420996
494,103,98.0952380952381,105,1,102,2,0,0.009523809523809525,1.2400768895788128,1.213305563322389,1.0248380698210522,0.9199813761840742,0.3434032253745525,1.090951656964532,3.3047619047619046,3.1678296249359845,0.4012279994995047,0.2707601618467401,0.00034136226292915566,0.3333333333333333,0.20635464035433207,0.016187585768640007,0,1,0,2,0,0.0,0.3523809523809524,0.28151416028424275,0.20694427448998132,0.9299856373859601,0.5684083866783379,0.009523809523809525,0.22423802612481855,0.0207721057372205
495,103,98.0952380952381,105,0,103,2,0,0.0,1.2498978307938122,1.2225296001087047,1.080807500536592,0.9218200574821052,0.3331262821241794,1.076805072898,3.3047619047619046,3.1678296249359845,0.40365541899963486,0.23713819565755773,0.0008425271346388117,0.0,0.23713819565755773,0.004092094880337294,0,0,0,2,0,0.0,0.3238095238095238,0.28676760803697954,0.19778573164746158,0.9158691341312815,0.5739520529635241,0.0,0.26233671988388974,0.020850333588729085
496,104,99.04761904761905,105,0,104,1,0,0.0,1.254136681055526,1.2257651772380551,1.1296526207787025,0.9236824905459421,0.32495695972478955,1.1155561113660568,3.3047619047619046,3.1678296249359845,0.40509974059742193,0.1304331449545127,0.0006993727413617411,0.0,0.1304331449545127,-0.0043402620412023585,0,0,0,1,0,0.0,0.3047619047619048,0.29151905145072726,0.2017196654504845,0.8872292852097201,0.5712611213546663,0.0,0.26233671988388974,0.02090102719320807
497,103,98.0952380952381,105,1,103,1,0,0.009523809523809525,1.2429605099859908,1.2153501587426434,1.116841705755057,0.9251990998804933,0.34632764956157763,1.1519231687120137,3.3047619047619046,3.1678296249359845,0.40244961017583636,0.26235981467645286,0.0008819580989481069,0.0,0.26235981467645286,0.008177296725246364,0,1,0,1,0,0.0,0.3142857142857143,0.28946076381738556,0.19746707328637023,0.9108600518712422,0.568243770872118,0.009523809523809525,0.28120464441219156,0.020869168137757625
498,103,98.0952380952381,105,0,103,2,0,0.0,1.2585172118442498,1.2303320330134928,1.1465742949787214,0.9270702268063409,0.33547184246091954,1.1317872835800462,3.3047619047619046,3.1678296249359845,0.40489401151670323,0.20236993557168936,0.0007373975142787759,0.0,0.20236993557168936,0.0003757389351774776,0,0,0,2,0,0.0,0.3142857142857143,0.29217394627573895,0.21066642161701749,0.9208480226598645,0.56834670953631,0.0,0.3193033381712627,0.020976588703587495
499,103,98.0952380952381,105,1,104,0,0,0.009523809523809525,1.2517832490127752,1.2248891470894585,1.0754455183740157,0.9287122201075476,0.34853289300226986,1.1611088929866304,3.3047619047619046,3.1678296249359845,0.40441771591658204,0.2939440331700259,0.0008904208285731841,0.0,0.2939440331700259,-0.0019694741027954654,0,1,0,0,0,0.0,0.3047619047619048,0.287212093093802,0.22868729814741973,0.9092595714212786,0.5646105451443262,0.009523809523809525,0.3193033381712627,0.020968926664547666
500,103,98.0952380952381,105,0,103,2,0,0.0,1.2377864934290979,1.2114165668920875,0.9969395733026432,0.9299926895784921,0.36973265327676674,1.1805767881773772,3.3047619047619046,3.1678296249359845,0.4019047366432724,0.11055452417193591,0.0007208429275717896,0.0,0.11055452417193591,-4.032000049927764e-05,0,0,0,2,0,0.0,0.3047619047619048,0.2806128297220231,0.23489848955151144,0.9072148504564119,0.5591073678885913,0.0,0.28120464441219156,0.020919224432248702
501,101,96.19047619047619,105,2,103,0,0,0.01904761904761905,1.2463128654827287,1.2217833881391216,0.9762897230569031,0.9314327287444791,0.3709491362610904,1.1790407128724596,3.3047619047619046,3.1678296249359845,0.40366460300111306,0.1618526026219646,0.0007569408312645177,0.0,0.1618526026219646,0.00036005565204011436,0,2,0,0,0,0.0,0.29523809523809524,0.2798522038177188,0.25286322967405095,0.9011545967427136,0.5569250188074806,0.01904761904761905,0.3193033381712627,0.020984665286172266
502,102,97.14285714285714,105,0,104,1,0,0.0,1.2530433657862208,1.2277130025661183,1.0762002318191328,0.9330400117905464,0.3597017361573026,1.1736226917923005,3.3047619047619046,3.1678296249359845,0.40758697397322297,0.33508576254063727,0.0011659594814172453,0.0,0.33508576254063727,0.008143096236812475,0,0,0,1,0,0.0,0.3047619047619048,0.29107245443668567,0.23868765743737777,0.8917134416861127,0.5638984897255688,0.0,0.2812046444121916,0.02104377578193467
503,102,97.14285714285714,105,0,105,0,0,0.0,1.2560604019753032,1.2305105880604033,1.1268493563591186,0.9346672770417805,0.3597610026419638,1.1771472220866923,3.3047619047619046,3.1678296249359845,0.4070357452420579,0.0,0.0,0.0,0.0,0.0,0,0,0,0,0,0.0,0.3333333333333333,0.294200918204553,0.223244649136544,0.9169837277272793,0.5679642584071173,0.0,0.2812046444121916,0.021084635458232526
504,103,98.0952380952381,105,0,104,1,0,0.0,1.2522156842188614,1.2273664372668294,1.1063622390206818,0.9361633122300765,0.37274677621705193,1.2189486554369264,3.3047619047619046,3.1678296249359845,0.4020433330964224,0.32411727337156665,0.0011558117231443127,0.0,0.32411727337156665,0.007038871266853763,0,0,0,1,0,0.0,0.3238095238095238,0.28834455499885037,0.2191087063697788,0.9135176724294257,0.5625670868360467,0.0,0.2812046444121916,0.02108910779239747
505,103,98.0952380952381,105,0,104,1,0,0.0,1.2628993697727904,1.2373606270983446,1.1013127976589343,0.9378652346974823,0.35896837153237915,1.1393169348147854,3.3047619047619046,3.1678296249359845,0.4045573573240253,0.2512535260475281,0.0006403600878713655,0.0,0.2512535260475281,-0.009057990697411311,0,0,0,1,0,0.0,0.3238095238095238,0.28908426359010386,0.21350676072375036,0.9043309356950764,0.5713804162717909,0.0,0.2431059506531204,0.021169483222225075
506,105,100.0,105,0,104,1,0,0.0,1.2746992354932103,1.2486438741504402,1.160659221600158,0.9397991903949887,0.3452483036118456,1.1826328064184612,3.3047619047619046,3.1678296249359845,0.407974116060849,0.3386653093204479,0.0011982364068664818,0.0,0.3386653093204479,-0.011407985497723816,0,0,0,1,0,0.0,0.29523809523809524,0.2949339385379192,0.2103965167527176,0.9043309356950764,0.5769627955736127,0.0,0.2431059506531204,0.021259114761586546
507,105,100.0,105,0,104,1,0,0.0,1.2670464669605532,1.2414584320143383,1.0966297733498744,0.9414897836192405,0.35182933614236284,1.2028518079226482,3.3047619047619046,3.1678296249359845,0.4039481236972391,0.49938736733017175,0.0016954999336021243,0.0,0.49938736733017175,0.004473090290434856,0,0,0,1,0,0.0,0.3047619047619048,0.2871861588217705,0.20613177586228715,0.9018940823488446,0.5753655816093775,0.0,0.24310595065312046,0.021247628475420766
508,104,99.04761904761905,105,1,103,1,0,0.009523809523809525,1.271179042917941,1.2448239853931324,1.1087438165455623,0.9432348850057524,0.3591353461756839,1.2076974826951985,3.3047619047619046,3.1678296249359845,0.4035732209264058,0.453286790214754,0.0007648465393471826,0.5,0.44012321015084305,0.011256527649261341,0,1,0,1,0,0.0,0.29523809523809524,0.2876195823871223,0.19891822998791997,0.9173839071885519,0.5722130520775209,0.009523809523809525,0.2623367198838896,0.021295932274561252
509,103,98.0952380952381,105,1,103,1,0,0.009523809523809525,1.2816329156967083,1.2563755457435708,1.1451250377953706,0.9451498031177545,0.3622274611139235,1.1697390515993176,3.3047619047619046,3.1678296249359845,0.4073465841724493,0.19626143645399138,0.0004432078258965736,0.0,0.19626143645399138,0.006191226665062999,0,1,0,1,0,0.5,0.29523809523809524,0.2924497764372983,0.20077596432806533,0.9099625897074549,0.5682073861890001,0.009523809523809525,0.2623367198838896,0.021378532310077723
510,103,98.0952380952381,105,0,104,1,0,0.0,1.2955270251157442,1.2701870727927034,1.2262769353043186,0.9473989575617937,0.35562726795863603,1.1834522483092051,3.3047619047619046,3.1678296249359845,0.40910883373620455,0.1397047462516649,0.0006304743366360365,0.0,0.1397047462516649,0.015125167559919606,0,0,0,1,0,0.0,0.29523809523809524,0.2980450462556201,0.18132871153322785,0.9099625897074549,0.5757934925512449,0.0,0.2623367198838896,0.021483627547567323
511,103,98.0952380952381,105,0,105,0,0,0.0,1.3014027045022296,1.2762581921385068,1.2317668911361057,0.9497307207988054,0.3568624040105606,1.1830348594178373,3.3047619047619046,3.1678296249359845,0.4101626469174171,0.0,0.0,0.0,0.0,0.0,0,0,0,0,0,0.0,0.3047619047619048,0.2988051740740397,0.18100788278250932,0.8996774121471957,0.5771284618400314,0.0,0.2623367198838897,0.021549939087802457
512,103,98.0952380952381,105,0,104,1,0,0.0,1.282006072958693,1.2575143631235302,1.0701405339236651,0.9515135996945048,0.3797443461114273,1.2056108926713793,3.3047619047619046,3.1678296249359845,0.4055251601174179,0.003759820830113064,0.0001684295114981256,0.0,0.003759820830113064,-0.005637842607209259,0,0,0,1,0,1.0,0.3047619047619048,0.28462560377234913,0.1997588649793589,0.9131891857419312,0.5674010390879889,0.0,0.2623367198838896,0.021481195213002124
513,103,98.0952380952381,105,1,102,2,0,0.009523809523809525,1.2637896159069437,1.2383119972536996,0.960553854723595,0.9527851801639368,0.39835059415748825,1.2077758147241897,3.3047619047619046,3.1678296249359845,0.40104157458741296,0.15243601026060374,0.0010273444329674099,0.0,0.15243601026060374,0.0034569203529621804,0,1,0,2,0,0.3333333333333333,0.3142857142857143,0.27424601340203625,0.21278526404865197,0.9150299104030671,0.5603241168229005,0.009523809523809525,0.2623367198838896,0.021410253679151163
514,104,99.04761904761905,105,0,105,0,0,0.0,1.2789368980212847,1.2528656460684622,1.0338056773635647,0.9543534882421457,0.3814832501279955,1.1674739506240344,3.3047619047619046,3.1678296249359845,0.4045602154096082,0.0,0.0,0.0,0.0,0.0,0,0,0,0,0,0.0,0.3142857142857143,0.2815430606319477,0.21132832343889352,0.9023499435442329,0.5627855941650033,0.0,0.3004354136429608,0.02151083075367875
515,104,99.04761904761905,105,0,104,1,0,0.0,1.2880404121625497,1.261607708927909,1.0479842292785517,0.9560936619181166,0.38122452151325203,1.1697305463037644,3.3047619047619046,3.1678296249359845,0.4043383341929023,0.0031524393688133886,0.00017711627827561946,0.0,0.0031524393688133886,-0.002676261417937864,0,0,0,1,0,1.0,0.3238095238095238,0.2812862753318993,0.21286356037649828,0.9033340193955975,0.5626726819329384,0.0,0.30043541364296084,0.021583911193001445
516,104,99.04761904761905,105,0,104,1,0,0.0,1.3011154167041956,1.2745390243972157,1.062527910616537,0.9581064234907193,0.3685477802014485,1.1582696494717255,3.3047619047619046,3.1678296249359845,0.40484837869337587,0.002207768606347232,0.00020833324669214772,0.0,0.002207768606347232,-0.008079477912883853,0,0,0,1,0,1.0,0.34285714285714286,0.28125397545651337,0.20771150714649478,0.9158529168242371,0.5660001945418571,0.0,0.33853410740203194,0.021681166644397794
517,104,99.04761904761905,105,0,104,1,0,0.0,1.2983344253253177,1.2717779642579896,1.1031213883080335,0.9599854516611036,0.3672988530162553,1.165572589732774,3.3047619047619046,3.1678296249359845,0.4019183493830971,0.0035638317406744453,0.00013543617627837266,0.0,0.0035638317406744453,-0.0026711792595313644,0,0,0,1,0,1.0,0.3333333333333333,0.2816744156754148,0.19580004027303663,0.9260067135784494,0.563354539068472,0.0,0.3004354136429608,0.021697023893024567
518,105,100.0,105,0,105,0,0,0.0,1.3015372087887815,1.2754308490186244,1.058598518705402,0.9618975291529352,0.3797837066673463,1.18025332692561,3.3047619047619046,3.1678296249359845,0.3990961139911111,0.0,0.0,0.0,0.0,0.0,0,0,0,0,0,0.0,0.3142857142857143,0.27540210670891685,0.2011500130167607,0.919331599651576,0.5627530303502992,0.0,0.30043541364296084,0.021743323488960874
519,105,100.0,105,0,104,1,0,0.0,1.3065398170472893,1.2802626697352997,1.048005856422206,0.9638714863659982,0.3750241832104837,1.155284527398181,3.3047619047619046,3.1678296249359845,0.39954518866329347,0.002354904345949522,0.00020957334041595672,0.0,0.002354904345949522,-0.008266042798557666,0,0,0,1,0,1.0,0.3142857142857143,0.2743625129696583,0.21037548400923814,0.919331599651576,0.5622077412879007,0.0,0.30043541364296084,0.021799602330942896
520,105,100.0,105,0,105,0,0,0.0,1.2988049286966914,1.2732036483260736,1.0465704628403698,0.9656040177605367,0.37586563589232647,1.1626625830103001,3.3047619047619046,3.1678296249359845,0.39980155345105395,0.0,0.0,0.0,0.0,0.0,0,0,0,0,0,0.0,0.29523809523809524,0.2751173012381935,0.18301873900677912,0.9100325832343894,0.5731920679763308,0.0,0.3004354136429608,0.02178836971057866
521,105,100.0,105,0,105,0,0,0.0,1.2890388887624955,1.2637608145353645,1.032152388313709,0.9670423592032931,0.3802239462773477,1.145645072268961,3.3047619047619046,3.1678296249359845,0.3998807459061584,0.0,0.0,0.0,0.0,0.0,0,0,0,0,0,0.0,0.29523809523809524,0.2750299440571966,0.18063249326740888,0.9383613320309352,0.5752363693882274,0.0,0.3004354136429608,0.021762321614073366
522,105,100.0,105,0,105,0,0,0.0,1.280176400181522,1.2556872029928308,1.0135223338449166,0.9682305298331209,0.3894950469222753,1.1752325563333739,3.3047619047619046,3.1678296249359845,0.39581830001896434,0.0,0.0,0.0,0.0,0.0,0,0,0,0,0,0.0,0.3238095238095238,0.27075189018230894,0.1625874209935557,0.9271580708281244,0.5714758043017577,0.0,0.3004354136429608,0.021736828781771734
523,105,100.0,105,0,103,2,0,0.0,1.2882672527090264,1.2638929312136415,0.994539033315022,0.9695890160333587,0.39031177650182153,1.1433351717961833,3.3047619047619046,3.1678296249359845,0.3913791945777394,0.11687179378460272,0.0005460843279869973,0.0,0.11687179378460272,-0.0031711235850700736,0,0,0,2,0,0.5,0.3142857142857143,0.2642113489891534,0.1557130437112462,0.929079428468625,0.5658335098039045,0.0,0.3004354136429608,0.021798800308560157
524,105,100.0,105,0,104,1,0,0.0,1.2952767591103818,1.2698199719211323,1.073734035322047,0.9710546745464257,0.3706738982871057,1.1274541715766924,3.3047619047619046,3.1678296249359845,0.39696970598784764,0.09388255144816243,0.00032648139562748443,0.0,0.09388255144816243,0.00028346711620474974,0,0,0,1,0,0.0,0.29523809523809524,0.27502082349165036,0.14481073000638822,0.9157011147343266,0.5720263556272002,0.0,0.3385341074020319,0.0218570626228556
525,105,100.0,105,0,103,2,0,0.0,1.285053327136987,1.2601623428849718,1.01566727483413,0.9722291537079765,0.3820819910927534,1.142250827144605,3.3047619047619046,3.1678296249359845,0.3922565151835371,0.06322208404526453,0.00021883607036992926,0.0,0.06322208404526453,0.0022637833088162,0,0,0,2,0,0.0,0.3142857142857143,0.26721369091194513,0.142892417849357,0.9274050465800785,0.5685935351664972,0.0,0.3004354136429608,0.02182454821239778
526,105,100.0,105,0,103,2,0,0.0,1.2896770805394875,1.2640275168644042,1.0812221947373106,0.9734643810718093,0.36788799757034374,1.1575976897673284,3.3047619047619046,3.1678296249359845,0.39901683714103386,0.07386739162697441,0.00022264064740132783,0.0,0.07386739162697441,0.0006734776128280301,0,0,0,2,0,0.0,0.3047619047619048,0.27796801010535593,0.13687471050112515,0.9189156783983186,0.5827076899497531,0.0,0.3004354136429608,0.02186723192859369
527,105,100.0,105,0,103,2,0,0.0,1.2855342760212796,1.2596468565233834,1.0904337932395747,0.9745494610524349,0.3714930135578914,1.1794205142957113,3.3047619047619046,3.1678296249359845,0.39967575274617895,0.055513721733258956,0.0002115686622163539,0.0,0.055513721733258956,-0.004640077895296892,0,0,0,2,0,0.5,0.3142857142857143,0.2799654349383342,0.14240248193979976,0.9254732038973844,0.5817555920670089,0.0,0.2623367198838896,0.0218637046485429
528,105,100.0,105,0,103,2,0,0.0,1.275339956955215,1.2497779535519529,1.0696503305334708,0.975350063522392,0.3713005845479229,1.1740651375164195,3.3047619047619046,3.1678296249359845,0.3960378057343694,0.07666722868841748,0.0002456943138439564,0.0,0.07666722868841748,0.0034202182256094123,0,0,0,2,0,0.0,0.3238095238095238,0.27603734068150265,0.13820241525143542,0.9189156783983186,0.5750218992732239,0.0,0.3004354136429608,0.021825413914323216
529,105,100.0,105,0,102,3,0,0.0,1.282831277828961,1.2569160309665837,1.0781278899878513,0.9763062019749209,0.37695832580529076,1.1602210722803077,3.3047619047619046,3.1678296249359845,0.3952644749777512,0.11649339061699986,0.00031141318767191704,0.0,0.11649339061699986,-0.0007124997786373105,0,0,0,3,0,0.0,0.3238095238095238,0.27484536720536296,0.15144652167614034,0.9189156783983186,0.5702702971903327,0.0,0.3004354136429608,0.021878014937269253
530,105,100.0,105,0,103,2,0,0.0,1.2642208810768856,1.2393081587935408,0.9145452771223371,0.9767858216774804,0.4017163804857168,1.1949555945174266,3.3047619047619046,3.1678296249359845,0.38702962984845035,0.0773650495097696,0.00045924283862975955,0.0,0.0773650495097696,-0.009724349969195245,0,0,0,2,0,0.5,0.3333333333333333,0.2567853807828784,0.18062931489629738,0.9233549656254993,0.552884964185219,0.0,0.3004354136429608,0.021792559721021232
531,105,100.0,105,0,102,3,0,0.0,1.262157679010915,1.2371116426724031,0.8825157088412444,0.9771945823342936,0.40867217085643276,1.183582052863783,3.3047619047619046,3.1678296249359845,0.3862814377316657,0.08116934208459968,0.0003982518177159863,0.0,0.08116934208459968,-0.0038993422187891444,0,0,0,3,0,0.3333333333333333,0.34285714285714286,0.2539045123036362,0.2001201873490187,0.9233549656254993,0.5469653204076,0.0,0.3004354136429608,0.02178871813128218
532,105,100.0,105,0,102,3,0,0.0,1.2649081756634828,1.2394906505471204,0.9223495793974315,0.9776506844829133,0.3993008792751472,1.1975852813801748,3.3047619047619046,3.1678296249359845,0.38802329942342073,0.04840210671168053,0.0002099761001782227,0.0,0.04840210671168053,-0.0006813322984107889,0,0,0,3,0,0.3333333333333333,0.3619047619047619,0.25857850965210294,0.19894081241916245,0.9233868597691767,0.5472912729544073,0.0,0.3004354136429608,0.021809694884036994
533,104,99.04761904761905,105,1,100,3,1,0.009523809523809525,1.2658602523378046,1.2387548537378343,0.92328340268868,0.9781106829733358,0.4035250354622041,1.1483953247861745,3.3047619047619046,3.1678296249359845,0.38635172733207335,0.07937225028005523,0.00022986742389458819,0.0,0.07937225028005523,-0.0008185322555145202,0,2,0,3,0,0.4,0.3142857142857143,0.2577861270528644,0.19993899639388735,0.9233868597691767,0.5405051552391463,0.009523809523809525,0.3004354136429608,0.021821741251635534
534,104,99.04761904761905,105,0,101,4,0,0.0,1.2508471179041047,1.2236578195006134,0.915461680685789,0.9781365189246315,0.41743912684074314,1.1826800318445312,3.3047619047619046,3.1678296249359845,0.3832272501019538,0.23513569104025134,0.0008418238668799873,0.0,0.23513569104025134,-0.0017939343866825164,0,0,0,4,0,0.25,0.3333333333333333,0.25627182292703105,0.2018437455697075,0.9233868597691767,0.5319632188879663,0.0,0.3004354136429608,0.02174708479892655
535,103,98.0952380952381,105,1,103,1,0,0.009523809523809525,1.2416261701098377,1.2125452740058165,0.8207515910515596,0.9779351879294174,0.4445719066855974,1.2434031572683408,3.3047619047619046,3.1678296249359845,0.37748391697650807,0.08935274153353316,0.0006013140218798022,0.0,0.08935274153353316,-0.011992215448631188,0,1,0,1,0,0.5,0.3523809523809524,0.24502673318692017,0.23273991698912422,0.9312677774853608,0.5192542700333537,0.009523809523809525,0.3004354136429608,0.02169779114849993
536,103,98.0952380952381,105,0,105,0,0,0.0,1.237108419860333,1.2080786695050216,0.7866044534005954,0.9775717665216058,0.4444423702244126,1.2837676812171168,3.3047619047619046,3.1678296249359845,0.3772259457288947,0.0,0.0,0.0,0.0,0.0,0,0,0,0,0,0.0,0.3333333333333333,0.24233032701331947,0.2509615970566246,0.9281218250699074,0.5172363673269181,0.0,0.3004354136429608,0.0216694461117424
537,103,98.0952380952381,105,0,104,1,0,0.0,1.2479548541911056,1.2182618190930499,0.7897443302066274,0.9774779255483351,0.43446635687945434,1.263871802016983,3.3047619047619046,3.1678296249359845,0.3781330135268497,0.02294660492139903,0.0010584471361426207,0.0,0.02294660492139903,-0.02749410370164307,0,0,0,1,0,1.0,0.3333333333333333,0.24256548390677812,0.26341419692427137,0.9096337460158945,0.5174530932018659,0.0,0.3004354136429608,0.02172219192232046
538,104,99.04761904761905,105,0,105,0,0,0.0,1.2635177346083841,1.2327905730880473,0.8691408758974273,0.9777552542357665,0.4241085294562744,1.2989410600699425,3.3047619047619046,3.1678296249359845,0.3829616521566155,0.0,0.0,0.0,0.0,0.0,0,0,0,0,0,0.0,0.3238095238095238,0.2521468319391304,0.2547494525395276,0.909379472815873,0.521777735481666,0.0,0.3004354136429608,0.021804398974566302
539,104,99.04761904761905,105,0,105,0,0,0.0,1.2594199980169873,1.228363036265285,0.8441511959808907,0.9779115921643775,0.41869299096630425,1.2900504875711611,3.3047619047619046,3.1678296249359845,0.3822447163614753,0.0,0.0,0.0,0.0,0.0,0,0,0,0,0,0.0,0.34285714285714286,0.2500522093813993,0.27601814601979224,0.9042407816338335,0.5152886066759143,0.0,0.3004354136429608,0.021786386551218097
540,104,99.04761904761905,105,1,104,0,0,0.009523809523809525,1.266229581162897,1.2348157229202221,0.8713993239504333,0.9782353687262306,0.41639337256220194,1.2724922481440937,3.3047619047619046,3.1678296249359845,0.3832079490238858,0.6620898616354678,0.0026150682004333348,1.0,0.3379101383645322,0.020897663479923057,0,1,0,0,0,0.0,0.3333333333333333,0.2524499413964625,0.27302877590931884,0.8965842597292084,0.5181994067702156,0.009523809523809525,0.30043541364296084,0.021825562811870133
541,104,99.04761904761905,105,0,105,0,0,0.0,1.264203443025246,1.233220957501768,0.8216327243211805,0.9784996099802475,0.4272628552079696,1.2487715881847807,3.3047619047619046,3.1678296249359845,0.3803133796313656,0.0,0.0,0.0,0.0,0.0,0,0,0,0,0,0.0,0.3238095238095238,0.24590272733360707,0.28962328774102974,0.9263648385622342,0.5125909925554686,0.0,0.3004354136429608,0.021819617477544906
542,103,98.0952380952381,105,1,103,1,0,0.009523809523809525,1.2616017751519866,1.2306847612743177,0.8335174758707307,0.9786959083086245,0.4299050183719169,1.288649581927346,3.3047619047619046,3.1678296249359845,0.3796277011366682,0.27370766387153445,0.001132336436253461,0.0,0.27370766387153445,-0.0032181504701740693,0,1,0,1,0,0.0,0.34285714285714286,0.2465661313017351,0.28556238565577147,0.9205521881747402,0.5153416521413815,0.009523809523809525,0.3004354136429608,0.021809718336478396
543,103,98.0952380952381,105,0,105,0,0,0.0,1.2635398224689989,1.2328818941201634,0.7895205698772326,0.9789369676931161,0.4351332716475517,1.2688010046004552,3.3047619047619046,3.1678296249359845,0.3775040026952059,0.0,0.0,0.0,0.0,0.0,0,0,0,0,0,0.0,0.34285714285714286,0.24050205000140368,0.29297336153983444,0.9203421501154654,0.5126122648440821,0.0,0.30043541364296084,0.021823226748361266
544,103,98.0952380952381,105,0,103,2,0,0.0,1.2564387592177,1.2265745014043212,0.7178321553311876,0.9790105447630011,0.4547149491107731,1.2975959778314983,3.3047619047619046,3.1678296249359845,0.3725760960592237,0.26711807536023696,0.0008956774656116212,0.0,0.26711807536023696,0.012813657013224483,0,0,0,2,0,0.0,0.34285714285714286,0.2300713054281898,0.31119789705752643,0.9130509363395054,0.5048260135747382,0.0,0.3004354136429608,0.02178888683021326
545,104,99.04761904761905,105,0,105,0,0,0.0,1.2634282570495263,1.2330484707306988,0.7656538442589578,0.9792458584912533,0.4516863834208242,1.3147447469322506,3.3047619047619046,3.1678296249359845,0.37682049017631236,0.0,0.0,0.0,0.0,0.0,0,0,0,0,0,0.0,0.34285714285714286,0.23721582415652478,0.29611271781874865,0.9291360295166546,0.5146914338905054,0.0,0.2623367198838897,0.021827561488369947
546,104,99.04761904761905,105,0,105,0,0,0.0,1.252132740931361,1.2224504740727589,0.7128397508282376,0.9792051366992864,0.4693903196753356,1.3531186076815025,3.3047619047619046,3.1678296249359845,0.3732762654721289,0.0,0.0,0.0,0.0,0.0,0,0,0,0,0,0.0,0.3333333333333333,0.2305363460432681,0.3045693797919026,0.9291360295166546,0.5075133481736569,0.0,0.2623367198838897,0.021770438909284255
547,103,98.0952380952381,105,2,103,0,0,0.01904761904761905,1.2473965649676373,1.2188812590154563,0.7029313386919525,0.979055200734885,0.47704110737742744,1.2928014970867423,3.3047619047619046,3.1678296249359845,0.37404406798155043,0.4267957721717087,0.00140093554388335,0.0,0.4267957721717087,0.010953707250109135,0,2,0,0,0,0.0,0.34285714285714286,0.23050188967922078,0.3071153945465139,0.9427506125275064,0.5120781415475762,0.01904761904761905,0.2812046444121916,0.021744383171516266
548,102,97.14285714285714,105,1,100,2,2,0.009523809523809525,1.250021709417459,1.2215663255080615,0.6923416650237764,0.9790099465277469,0.4828450372861994,1.3241561860375568,3.3047619047619046,3.1678296249359845,0.3736003487759312,0.52789770084691,0.0021964055193722277,0.6,0.2367460655903038,0.016216396573113377,0,3,0,2,0,0.0,0.3333333333333333,0.22895571811584475,0.31511046170664037,0.9409098878663705,0.5137861725055974,0.009523809523809525,0.2812046444121916,0.02175679210567525
549,100,95.23809523809524,105,2,101,2,0,0.01904761904761905,1.262609421634495,1.2366795768144605,0.7141415905969395,0.9792764734796054,0.4764645458802691,1.315910948267871,3.3047619047619046,3.1678296249359845,0.3743009957440906,0.14532482464208707,0.0009575375338138437,0.0,0.14532482464208707,-0.005947367039379911,0,2,0,2,0,0.5,0.3142857142857143,0.23055420529699838,0.3153583882967193,0.9304596497042068,0.5116001353946616,0.01904761904761905,0.3000725689404935,0.02182395222663014
550,99,94.28571428571429,105,1,104,0,0,0.009523809523809525,1.260217796045659,1.2339227982077778,0.7075547148862961,0.9795499524941096,0.479775121473199,1.3336638081486287,3.3047619047619046,3.1678296249359845,0.3737938278361246,0.4958688222960166,0.0011062155285873915,0.0,0.4958688222960166,0.033411580151470166,0,1,0,0,0,0.0,0.3142857142857143,0.22981441495597726,0.32027609505716254,0.9250761931008666,0.5076229394710822,0.009523809523809525,0.3381712626995646,0.02181632577330568
551,99,94.28571428571429,105,0,105,0,0,0.0,1.2541343592660807,1.2286381033564004,0.6947503907063157,0.9796564083650553,0.4896201693901005,1.3849184092538955,3.3047619047619046,3.1678296249359845,0.3690763290536725,0.0,0.0,0.0,0.0,0.0,0,0,0,0,0,0.0,0.3047619047619048,0.22489802075719637,0.30292525073773163,0.930159544830535,0.5051976984713664,0.0,0.3000725689404935,0.02178759475971644
552,101,96.19047619047619,105,0,105,0,0,0.0,1.2693282161083923,1.2429280242679697,0.7210528631196881,0.9801216361737972,0.48928705964167835,1.3901292525059668,3.3047619047619046,3.1678296249359845,0.3696331959062509,0.0,0.0,0.0,0.0,0.0,0,0,0,0,0,0.0,0.2761904761904762,0.22710068219532928,0.2988004212913099,0.9093187787482803,0.5041206113060859,0.0,0.3000725689404935,0.02187093285610238
553,102,97.14285714285714,105,0,105,0,0,0.0,1.2615538043256873,1.235473107793343,0.6982378094900519,0.9803831991161122,0.5001088434608095,1.3790995118005236,3.3047619047619046,3.1678296249359845,0.3670598709395616,0.0,0.0,0.0,0.0,0.0,0,0,0,0,0,0.0,0.2761904761904762,0.22365141221088677,0.299085726433594,0.9159915319405274,0.5017486182118034,0.0,0.3000725689404935,0.021836203731376107
554,104,99.04761904761905,105,0,105,0,0,0.0,1.2633820324681664,1.236870713681763,0.691830170448583,0.9806718952087513,0.5023169342631659,1.3674444512448247,3.3047619047619046,3.1678296249359845,0.363895164984682,0.0,0.0,0.0,0.0,0.0,0,0,0,0,0,0.0,0.2761904761904762,0.22040458825756093,0.2938972703053783,0.9129082281293481,0.4983419038402226,0.0,0.3000725689404935,0.02184991757226283
555,105,100.0,105,0,104,1,0,0.0,1.264715893021809,1.2382364871834475,0.7061098956097145,0.9809860582031185,0.5002103330255411,1.323548478568824,3.3047619047619046,3.1678296249359845,0.3657547282314728,0.11385109734067905,0.0012211581531237656,0.0,0.11385109734067905,-0.02432556326723123,0,0,0,1,0,0.0,0.2857142857142857,0.2229112999654964,0.29443178951128324,0.9144703071044301,0.5006791761358463,0.0,0.3381712626995646,0.02186156294923412
556,105,100.0,105,0,105,0,0,0.0,1.2624131505530574,1.2355262343112179,0.6935497153604075,0.9812215840943616,0.5044311195473866,1.3767328481862486,3.3047619047619046,3.1678296249359845,0.36616442598811916,0.0,0.0,0.0,0.0,0.0,0,0,0,0,0,0.0,0.2857142857142857,0.22276126221233358,0.30102458512261127,0.927792682758526,0.4961951153314373,0.0,0.3000725689404935,0.021853779766368958
557,105,100.0,105,0,105,0,0,0.0,1.25748688385647,1.2307094872210536,0.6915979507445247,0.9813275798536233,0.5081613077520077,1.3710262435716571,3.3047619047619046,3.1678296249359845,0.3619185643794769,0.0,0.0,0.0,0.0,0.0,0,0,0,0,0,0.0,0.2571428571428571,0.21989508949179468,0.2813221674743043,0.9341591652302655,0.49245765254217533,0.0,0.3000725689404935,0.021830827315417557
558,105,100.0,105,0,105,0,0,0.0,1.2630557550876413,1.2358996044450106,0.7038020368568935,0.9815617491046135,0.498566593079806,1.370200619845359,3.3047619047619046,3.1678296249359845,0.364742402268446,0.0,0.0,0.0,0.0,0.0,0,0,0,0,0,0.0,0.2857142857142857,0.22261074382694968,0.2778207761067441,0.9428014206021715,0.4968806401464792,0.0,0.3000725689404935,0.02186238071302609
559,105,100.0,105,0,105,0,0,0.0,1.2647958267490333,1.2370043669409438,0.728531735685316,0.9818164978676034,0.48776648206190415,1.3533455101720062,3.3047619047619046,3.1678296249359845,0.3711001400080194,0.0,0.0,0.0,0.0,0.0,0,0,0,0,0,0.0,0.3047619047619048,0.2299333682266768,0.28010092549486404,0.9262037477002516,0.5050768416490734,0.0,0.3381712626995646,0.021875116074724626
560,105,100.0,105,0,105,0,0,0.0,1.2786237214774119,1.250595496419414,0.7667754069678208,0.9824076116845961,0.47176719781534243,1.3424874661966255,3.3047619047619046,3.1678296249359845,0.3743661755696799,0.0,0.0,0.0,0.0,0.0,0,0,0,0,0,0.0,0.2857142857142857,0.23465690881217763,0.26571627800520903,0.9240953261864158,0.513050360834071,0.0,0.33817126269956455,0.02195361828767241
561,105,100.0,105,0,105,0,0,0.0,1.2751446817282037,1.2474543852927373,0.7410297949931105,0.9829003959839183,0.48106195677134145,1.3538835849570376,3.3047619047619046,3.1678296249359845,0.3692538197997095,0.0,0.0,0.0,0.0,0.0,0,0,0,0,0,0.0,0.29523809523809524,0.22854254525771334,0.2640582721382128,0.9201318174883593,0.5106265448642453,0.0,0.3381712626995646,0.021944028372436853
562,105,100.0,105,0,105,0,0,0.0,1.2737348511408288,1.2454020225733138,0.7520175862877579,0.9833255574328302,0.48344554896145253,1.351789715958159,3.3047619047619046,3.1678296249359845,0.37077293194666017,0.0,0.0,0.0,0.0,0.0,0,0,0,0,0,0.0,0.3047619047619048,0.23129808522321693,0.2681142101703665,0.9201318174883593,0.5099233982863752,0.0,0.3381712626995646,0.021943713414666197
563,105,100.0,105,0,105,0,0,0.0,1.283675759551015,1.2541292956263865,0.7918705718306458,0.983958422604389,0.4753168070480347,1.3383076254163768,3.3047619047619046,3.1678296249359845,0.37374782851949706,0.0,0.0,0.0,0.0,0.0,0,0,0,0,0,0.0,0.29523809523809524,0.23716150822693974,0.2750773644655032,0.936528291740965,0.5104100918009504,0.0,0.3000725689404935,0.0220034420019124
564,105,100.0,105,0,105,0,0,0.0,1.275384284655462,1.2473023884868646,0.7670595673867772,0.9843982278560912,0.48153599507024003,1.3382699767063195,3.3047619047619046,3.1678296249359845,0.3688409569482263,0.0,0.0,0.0,0.0,0.0,0,0,0,0,0,0.0,0.2857142857142857,0.23176557665324504,0.2684384090329481,0.9278842012882464,0.5063989816992914,0.0,0.3000725689404935,0.021968950767962354
565,105,100.0,105,0,105,0,0,0.0,1.2840446662133076,1.2551322181342135,0.8284966595117439,0.9850225293572586,0.46752117163142454,1.3293178599831357,3.3047619047619046,3.1678296249359845,0.37427118813721383,0.0,0.0,0.0,0.0,0.0,0,0,0,0,0,0.0,0.2857142857142857,0.24115872117787443,0.26180177174956903,0.9156610784932753,0.5119185635647112,0.0,0.3000725689404935,0.022022141079703038
566,105,100.0,105,0,105,0,0,0.0,1.2946481214515921,1.2650235834385948,0.8604517258939356,0.9858777273308612,0.4643405256552689,1.320916595368234,3.3047619047619046,3.1678296249359845,0.3757123780719842,0.0,0.0,0.0,0.0,0.0,0,0,0,0,0,0.0,0.29523809523809524,0.24363326145701275,0.25604190425076967,0.914831793197844,0.5142723420386331,0.0,0.26197387518142234,0.022088703963274274
567,105,100.0,105,0,105,0,0,0.0,1.2885083022053765,1.2595581876873312,0.8353547358097954,0.9865673265491215,0.47277676626300513,1.3295519337297783,3.3047619047619046,3.1678296249359845,0.37281508713144973,0.0,0.0,0.0,0.0,0.0,0,0,0,0,0,0.0,0.2857142857142857,0.23946143997140695,0.26027380503821984,0.9226703779208274,0.5101703857592589,0.0,0.26197387518142234,0.022068927531207885
568,105,100.0,105,0,105,0,0,0.0,1.2945717690995018,1.2659532654919317,0.8676090531005964,0.9873971485744376,0.45817147402449787,1.3196747752626117,3.3047619047619046,3.1678296249359845,0.37244346796694283,0.0,0.0,0.0,0.0,0.0,0,0,0,0,0,0.0,0.29523809523809524,0.24071014691927614,0.23581579908624298,0.934073894893777,0.5157053860683165,0.0,0.3000725689404935,0.022112388539654616
569,105,100.0,105,0,105,0,0,0.0,1.2947255986214952,1.2666228753268984,0.8684178308884097,0.9882176529307808,0.45286696067393817,1.3203723899581934,3.3047619047619046,3.1678296249359845,0.37393333791579053,0.0,0.0,0.0,0.0,0.0,0,0,0,0,0,0.0,0.29523809523809524,0.24227906958723291,0.23634057021563737,0.9152746026822591,0.5186424098320737,0.0,0.3000725689404935,0.02212615377730165
570,105,100.0,105,0,105,0,0,0.0,1.295857251368339,1.2675631063040922,0.8847879739282475,0.9890359930394003,0.4527905024573527,1.3232999966942736,3.3047619047619046,3.1678296249359845,0.374077610649971,0.0,0.0,0.0,0.0,0.0,0,0,0,0,0,0.0,0.29523809523809524,0.24346773027796142,0.22430086255859735,0.9414752366226004,0.5184434238009915,0.0,0.3000725689404935,0.022144773851232657
571,105,100.0,105,0,105,0,0,0.0,1.3226462023945702,1.2929578616315078,0.9853522187221576,0.9904719795935797,0.4255658886562101,1.2962715220311993,3.3047619047619046,3.1678296249359845,0.38289803219143836,0.0,0.0,0.0,0.0,0.0,0,0,0,0,0,0.0,0.2857142857142857,0.2566772063408659,0.21898141214814718,0.9095436938673033,0.5333283502248888,0.0,0.26197387518142234,0.02230146341010051
572,105,100.0,105,0,105,0,0,0.0,1.3284001498249935,1.2982556790113915,0.9733015091615311,0.9919967372030337,0.42366561123358043,1.2992971861601335,3.3047619047619046,3.1678296249359845,0.3815838763822401,0.0,0.0,0.0,0.0,0.0,0,0,0,0,0,0.0,0.2571428571428571,0.25428384075129407,0.22441567412691965,0.9172253967209852,0.5287556631858686,0.0,0.26197387518142234,0.022354384008883003
573,105,100.0,105,0,105,0,0,0.0,1.3389304928128827,1.3086098488241107,0.9849230458309075,0.9937355950562219,0.41511571872964864,1.266947988194634,3.3047619047619046,3.1678296249359845,0.38284850098255685,0.0,0.0,0.0,0.0,0.0,0,0,0,0,0,0.0,0.2761904761904762,0.2545615939872789,0.22631934790993605,0.9321087499146892,0.5331529135473712,0.0,0.26197387518142234,0.02243457775092686
574,105,100.0,105,0,105,0,0,0.0,1.3379414324460805,1.3080648062112212,0.9670628288867276,0.9954055560381133,0.4109388396241427,1.2634187037678666,3.3047619047619046,3.1678296249359845,0.38347076933052593,0.0,0.0,0.0,0.0,0.0,0,0,0,0,0,0.0,0.24761904761904763,0.2537363220499687,0.23722234988567914,0.9172253967209852,0.5326607364280898,0.0,0.26197387518142234,0.022456083208447462
575,105,100.0,105,0,105,0,0,0.0,1.331283712084408,1.3013861118122485,0.9673296270327839,0.996853359773512,0.4141360547003328,1.2631852914764599,3.3047619047619046,3.1678296249359845,0.38540326022303883,0.0,0.0,0.0,0.0,0.0,0,0,0,0,0,0.0,0.2761904761904762,0.2562148283132404,0.23863353806942372,0.9333040661934231,0.536295763487477,0.0,0.22387518142235124,0.022445726584459542
576,105,100.0,105,0,105,0,0,0.0,1.326288923885555,1.2976741901246047,0.9564191029593038,0.9981612296693694,0.4031933122737264,1.2189679043959971,3.3047619047619046,3.1678296249359845,0.3848479505565663,0.0,0.0,0.0,0.0,0.0,0,0,0,0,0,0.0,0.3047619047619048,0.25468558409403985,0.21637790210549568,0.9194748759348054,0.5422235743487344,0.0,0.26197387518142234,0.022441468188473576
577,105,100.0,105,0,104,1,0,0.0,1.3317305871667326,1.3036799222274527,0.9776734566101438,0.9995798695638086,0.40488832011077797,1.2328273878881222,3.3047619047619046,3.1678296249359845,0.38621400940198014,0.07517694931435065,0.0007695226274875297,0.0,0.07517694931435065,0.0034546631592941024,0,0,0,1,0,0.0,0.2761904761904762,0.25709842800356975,0.21817841301943144,0.9350343275233446,0.5415229152480645,0.0,0.26197387518142234,0.022491146552303068
578,105,100.0,105,0,105,0,0,0.0,1.3493044562147372,1.3210141208859583,1.0580937188199242,1.0013928636676803,0.3738709505431183,1.166453386377631,3.3047619047619046,3.1678296249359845,0.3909335002903618,0.0,0.0,0.0,0.0,0.0,0,0,0,0,0,0.0,0.2761904761904762,0.2655005176352267,0.20131525944265946,0.9250368635019879,0.5544177938582403,0.0,0.26197387518142234,0.022607732179703483
579,105,100.0,105,0,104,1,0,0.0,1.3510962874627657,1.3227353591240067,1.0854879735382537,1.0031920459230876,0.37524825381819576,1.169948705522723,3.3047619047619046,3.1678296249359845,0.39375185962152814,0.07981782878872437,0.0007496032385755007,0.0,0.07981782878872437,0.0051879933801854405,0,0,0,1,0,0.0,0.2857142857142857,0.2699900667713056,0.19229486808394528,0.9318134844036782,0.5632248724873351,0.0,0.26197387518142234,0.022645188850190318
580,105,100.0,105,0,105,0,0,0.0,1.3546973383243937,1.3258703421686195,1.0836685381353848,1.0050136818873008,0.36414776502725327,1.1487419977542441,3.3047619047619046,3.1678296249359845,0.39497325267308825,0.0,0.0,0.0,0.0,0.0,0,0,0,0,0,0.0,0.2857142857142857,0.27056462324258646,0.19232355171986767,0.937309795023897,0.564338875093712,0.0,0.26197387518142234,0.022692047266364875
581,105,100.0,105,0,104,1,0,0.0,1.3589090709515084,1.3295319946001394,1.0892589201934002,1.0068704074561714,0.3568790767539604,1.1480522178925905,3.3047619047619046,3.1678296249359845,0.3937499668092821,0.34189548688270643,0.000715584844189268,0.0,0.34189548688270643,0.024110561850617995,0,0,0,1,0,0.0,0.2857142857142857,0.26976861417345716,0.1901011592150813,0.9466030838860308,0.5654226636462468,0.0,0.26197387518142234,0.02274251488081267
582,105,100.0,105,0,105,0,0,0.0,1.360741442893164,1.3314874751127286,1.0766212766699734,1.0087178721552075,0.3634497327018325,1.1551610872795766,3.3047619047619046,3.1678296249359845,0.3938535587687284,0.0,0.0,0.0,0.0,0.0,0,0,0,0,0,0.0,0.2857142857142857,0.2689400260498876,0.2040347918679115,0.9514500607976989,0.5636989984579739,0.0,0.26197387518142234,0.022780939007544097
583,104,99.04761904761905,105,1,104,0,0,0.009523809523809525,1.3647326597264187,1.336161024315141,1.1040766534812625,1.010611382731469,0.36256957837269715,1.162296211979754,3.3047619047619046,3.1678296249359845,0.39498849011647796,0.19901773245881904,0.0012093224290744748,0.0,0.19901773245881904,0.012479400766304272,0,1,0,0,0,0.0,0.2857142857142857,0.2708966214231839,0.20098730063726322,0.9408477720799753,0.5666444439737737,0.009523809523809525,0.3000725689404935,0.02283088668620343
584,103,98.0952380952381,105,1,104,0,0,0.009523809523809525,1.3591483424858941,1.3296886515725537,1.104096674295137,1.0123077520187023,0.3764327255910481,1.196071443171546,3.3047619047619046,3.1678296249359845,0.3935545718971414,0.049208860670884626,0.0002827855518737518,0.0,0.049208860670884626,-0.00034972245580991435,0,1,0,0,0,1.0,0.29523809523809524,0.27049568028749366,0.19900676925064967,0.9485853005719675,0.5637780748768249,0.009523809523809525,0.3000725689404935,0.02282983414441545
585,103,98.0952380952381,105,0,104,1,0,0.0,1.3641317257069463,1.335283563234676,1.083606720161837,1.0140791737891692,0.37978250840318545,1.196801421095464,3.3047619047619046,3.1678296249359845,0.3913677351859419,0.36518837389566944,0.0010544584897870671,0.0,0.36518837389566944,0.02514844085262591,0,0,0,1,0,0.0,0.2761904761904762,0.2662456594611424,0.2043868093831195,0.9342227107847763,0.5641283120318534,0.0,0.3000725689404935,0.022882808872334418
586,103,98.0952380952381,105,0,104,1,0,0.0,1.3769361360403904,1.3481597125553655,1.0954069545705252,1.0161207955141944,0.37654378884950473,1.1931087433634762,3.3047619047619046,3.1678296249359845,0.3895766256747031,0.2968846320640207,0.0013796083935584986,0.0,0.2968846320640207,0.004091639230856092,0,0,0,1,0,0.0,0.3047619047619048,0.2638672830513785,0.20904051752491265,0.9416954382305031,0.5610870879920837,0.0,0.3000725689404935,0.02297916847291888
587,103,98.0952380952381,105,0,104,1,0,0.0,1.388601357843796,1.3595068821546874,1.118753826015307,1.0183853093415123,0.37522246172954954,1.1938472524110701,3.3047619047619046,3.1678296249359845,0.38935268838397086,0.32783287078449996,0.0014658422720901282,0.0,0.32783287078449996,0.005664127130835972,0,0,0,1,0,0.0,0.2761904761904762,0.2642698896311707,0.2012036310659298,0.9442175619132234,0.5615837650436841,0.0,0.3000725689404935,0.02307336255187718
588,104,99.04761904761905,105,0,103,2,0,0.0,1.394695682272752,1.364595181870819,1.186487778451945,1.0207070381615984,0.3721469584969421,1.180431247403749,3.3047619047619046,3.1678296249359845,0.39307405037189325,0.1730064562907036,0.0010118147406332283,0.0,0.1730064562907036,0.0007013551363525827,0,0,0,2,0,0.0,0.29523809523809524,0.27134242885370424,0.19179519826181837,0.9542986002099428,0.5673396463301541,0.0,0.26197387518142234,0.02314060838070864
589,104,99.04761904761905,105,1,104,0,0,0.009523809523809525,1.388960792367664,1.3658931100903517,1.2278419394487927,1.0228311523143112,0.3874930837159306,1.193092961289718,3.3047619047619046,3.1678296249359845,0.3955774993228365,0.3975979024423526,0.0013443819513078057,0.0,0.3975979024423526,0.03103169696625091,0,1,0,0,0,0.0,0.3142857142857143,0.27567381485954967,0.1899542311595312,0.9402791626736575,0.5638151383477744,0.009523809523809525,0.3000725689404935,0.023145578089881748
590,103,98.0952380952381,105,1,101,3,0,0.009523809523809525,1.3959242235177967,1.371267195702942,1.2740274966396081,1.025217196008771,0.37353406341334694,1.1954480881798053,3.3047619047619046,3.1678296249359845,0.40224374185748735,0.561455656712847,0.0008794351710279958,0.75,0.3220337597219717,0.0270797402005543,0,1,0,3,0,0.0,0.3333333333333333,0.28393915706834294,0.19358113430393864,0.9548067115390346,0.5758100869045566,0.009523809523809525,0.26197387518142234,0.02321818814514092
591,102,97.14285714285714,105,1,101,2,1,0.009523809523809525,1.3955206742928423,1.3656593298951474,1.2490800922630498,1.0274839096302035,0.38808767356869545,1.2118273430062236,3.3047619047619046,3.1678296249359845,0.4008295481447448,0.5478314677926823,0.0009441413927782372,0.5,0.23005893295518084,0.0253095349438215,0,2,0,2,0,0.0,0.2857142857142857,0.2819027087828349,0.18799126966289534,0.9365181563944007,0.5719584792960279,0.009523809523809525,0.2812046444121916,0.023252073211822245
592,102,97.14285714285714,105,0,104,1,0,0.0,1.3955461972976295,1.3665523731949023,1.2490690170659977,1.0295670106841548,0.38633626291932477,1.1998028513684436,3.3047619047619046,3.1678296249359845,0.3989687453384969,0.15727421735154745,0.001228541056959556,0.0,0.15727421735154745,-0.0015203240976729981,0,0,0,1,0,0.0,0.3333333333333333,0.27945697013716214,0.18091395345227945,0.9333761357140782,0.5735619202592459,0.0,0.2812046444121916,0.02328519537299839
593,102,97.14285714285714,105,0,104,1,0,0.0,1.4028630239183992,1.373578104710502,1.3004976405860877,1.0317621732092572,0.3712082555966585,1.1753570731803904,3.3047619047619046,3.1678296249359845,0.4023009226824026,0.200982364716043,0.0012817016764344567,0.0,0.200982364716043,0.00038664333513882543,0,0,0,1,0,0.0,0.3238095238095238,0.2854227498181506,0.17687223244434885,0.9281843258736951,0.5824309879262292,0.0,0.24310595065312046,0.023356549010495085
594,103,98.0952380952381,105,0,104,1,0,0.0,1.410266100227591,1.3808006838728883,1.2740429073765387,1.0340708359274862,0.38621990580740984,1.2075886808715581,3.3047619047619046,3.1678296249359845,0.39750751319419964,0.14929766986624293,0.0010248546117638414,0.0,0.14929766986624293,-0.0027518727025493406,0,0,0,1,0,0.0,0.3047619047619048,0.2778641604482093,0.1761861244243485,0.9085915969126773,0.5763418417170119,0.0,0.3193033381712628,0.023430131642805
595,103,98.0952380952381,105,1,103,1,0,0.009523809523809525,1.4054755746563277,1.3825916932355735,1.293358160518318,1.0362003897276975,0.3920509585866384,1.2036446546874677,3.3047619047619046,3.1678296249359845,0.39751290258768157,0.24670141717228283,0.0014461273854328132,0.0,0.24670141717228283,-0.00844819943682934,0,1,0,1,0,0.0,0.2857142857142857,0.2795999425622167,0.17563583257630463,0.9075025748496287,0.570747317628859,0.009523809523809525,0.33817126269956466,0.023439909333029703
596,104,99.04761904761905,105,0,103,2,0,0.0,1.405553157680244,1.382430473313607,1.373642790961286,1.0384097604704183,0.3745381748772516,1.16556763042444,3.3047619047619046,3.1678296249359845,0.4006190053134866,0.1950085036777965,0.000975351037264864,0.0,0.1950085036777965,-0.0032605715728566687,0,0,0,2,0,0.0,0.3047619047619048,0.2877869890550878,0.1555517310416129,0.9336656623428902,0.5791794257459774,0.0,0.26197387518142234,0.023475291798605576
597,104,99.04761904761905,105,0,103,2,0,0.0,1.3971698567514232,1.3749739948527115,1.2822900114529423,1.0403601752852976,0.38201117434346965,1.2009337584512767,3.3047619047619046,3.1678296249359845,0.39643889763816453,0.5014264593413694,0.0013652423011053644,0.5,0.25638841796470113,0.026011375257651376,0,0,0,2,0,0.0,0.3238095238095238,0.27896046898076016,0.1593760658022584,0.9346734482782595,0.5758806010367951,0.0,0.3000725689404935,0.023464268203118914
598,104,99.04761904761905,105,0,102,3,0,0.0,1.3953299354245403,1.372814473325908,1.2978932423319998,1.0421940763117157,0.3787879585751835,1.1921193614593357,3.3047619047619046,3.1678296249359845,0.3994902549270889,0.34915149822444197,0.0009373216532575871,0.3333333333333333,0.3321116655133714,0.021833675164953843,0,0,0,3,0,0.0,0.3333333333333333,0.2827002697868433,0.1630871305473599,0.9235533306374412,0.5785058826678813,0.0,0.33817126269956466,0.023484116026487936
599,103,98.0952380952381,105,1,101,3,0,0.009523809523809525,1.4015702376885955,1.3771798115133433,1.2664526942899317,1.044136660371322,0.3915064883832855,1.199644924129229,3.3047619047619046,3.1678296249359845,0.39695599598116926,0.33107679456047995,0.0012182547574692976,0.25,0.3086058958214885,0.012645899499290639,0,1,0,3,0,0.0,0.3238095238095238,0.2775724770512018,0.17590893260191195,0.9459324786240255,0.5684911938309788,0.009523809523809525,0.22387518142235122,0.023546086414472964
600,104,99.04761904761905,105,0,104,1,0,0.0,1.4058171723978525,1.3814799009353873,1.1910478562062898,1.046070533570756,0.3975421655890293,1.1511524260068489,3.3047619047619046,3.1678296249359845,0.3957181490932311,0.013773056272745554,0.0007624502175787404,0.0,0.013773056272745554,-0.023402057793582454,0,0,0,1,0,1.0,0.3523809523809524,0.27057219557376855,0.201834974448637,0.9445277202859463,0.5612563164404775,0.0,0.22387518142235122,0.02359795199207943
601,103,98.0952380952381,105,1,103,1,0,0.009523809523809525,1.418339866076887,1.3914460676413771,1.2238990177505504,1.0482377812738273,0.39000905099224187,1.177784528409401,3.3047619047619046,3.1678296249359845,0.3984957424148743,0.4144309759693052,0.001154431318468362,0.5,0.09441408255777194,0.006481973280221834,0,1,0,1,0,0.5,0.3333333333333333,0.27437487258179893,0.2062351898944193,0.9429717530125155,0.5640558685654884,0.009523809523809525,0.25653120464441215,0.02369489281786642
602,103,98.0952380952381,105,0,104,1,0,0.0,1.4470724839500064,1.4194059507161252,1.245297378251449,1.051002884062775,0.38838564186001406,1.1359876251574383,3.3047619047619046,3.1678296249359845,0.4004818140352959,0.16188366820956143,0.0008615162317004406,0.0,0.16188366820956143,-0.016627676375833622,0,0,0,1,0,0.0,0.3142857142857143,0.274616495476702,0.21706639212293172,0.9431238300007405,0.5678825030182655,0.0,0.24310595065312043,0.023882352779886127
603,103,98.0952380952381,105,0,104,1,0,0.0,1.4569236685471654,1.428958877706708,1.2673364597767502,1.0539224894674195,0.40306970315965934,1.176030784058704,3.3047619047619046,3.1678296249359845,0.4000272876998836,0.15317409563917153,0.0009394881970913758,0.0,0.15317409563917153,-0.019030268007984796,0,0,0,1,0,0.0,0.29523809523809524,0.2749857614893868,0.23070375905931254,0.9429611203472683,0.5596442904946121,0.0,0.24310595065312043,0.0239778527653417
604,104,99.04761904761905,105,0,104,1,0,0.0,1.4539697569752823,1.426459612509463,1.2480708602519481,1.0566862687764653,0.41040725791546656,1.1853644731488415,3.3047619047619046,3.1678296249359845,0.39724676114950275,0.009449126828310558,0.0007241635963860712,0.0,0.009449126828310558,-0.01988773407358918,0,0,0,1,0,1.0,0.3047619047619048,0.27163904126842936,0.2213162934209678,0.9382388359617482,0.5589876063040521,0.0,0.24310595065312043,0.02400685911734219
605,104,99.04761904761905,105,0,105,0,0,0.0,1.4604635228701455,1.432724613263438,1.2658471173732597,1.0595212679057007,0.4152035932316072,1.2006740460639318,3.3047619047619046,3.1678296249359845,0.3969056438901464,0.0,0.0,0.0,0.0,0.0,0,0,0,0,0,0.0,0.3047619047619048,0.2723241133911291,0.22388968231733256,0.9360281646479718,0.5603421439743639,0.0,0.24310595065312043,0.024084231917957798
606,105,100.0,105,0,105,0,0,0.0,1.4708508424104283,1.4421762593764909,1.3867580612640331,1.0625059887291441,0.39097293468840655,1.1898840423674013,3.3047619047619046,3.1678296249359845,0.4040853336752277,0.0,0.0,0.0,0.0,0.0,0,0,0,0,0,0.0,0.2857142857142857,0.2856023563357484,0.20576282730305775,0.9370298285802254,0.5716356701980247,0.0,0.24310595065312043,0.02418344395089255
607,105,100.0,105,0,103,2,0,0.0,1.4790274911849208,1.4498454640253393,1.4530076047833937,1.0655905165516115,0.37477389358603247,1.17814998284478,3.3047619047619046,3.1678296249359845,0.41011288916772326,0.07436546380200892,0.0009432892816581596,0.0,0.07436546380200892,-0.008039902640134738,0,0,0,2,0,0.5,0.3333333333333333,0.29483511569500886,0.20560056180852435,0.933529917566841,0.5821803505802077,0.0,0.25653120464441215,0.024273183487839772
608,105,100.0,105,0,105,0,0,0.0,1.5009394773961096,1.4710173260760928,1.5452110910931705,1.069113882602485,0.3531347574898897,1.1614401745684884,3.3047619047619046,3.1678296249359845,0.4135540376340321,0.0,0.0,0.0,0.0,0.0,0,0,0,0,0,0.0,0.3047619047619048,0.3013535776601506,0.2045922770965702,0.9344339649037612,0.5866874429524276,0.0,0.25653120464441215,0.024438550535672968
609,105,100.0,105,0,105,0,0,0.0,1.509080881976798,1.4784042832140438,1.5487269708444436,1.0727128393930818,0.36200508528769204,1.1625613832916257,3.3047619047619046,3.1678296249359845,0.4132230523571998,0.0,0.0,0.0,0.0,0.0,0,0,0,0,0,0.0,0.2761904761904762,0.3004223146834304,0.2149359134072298,0.9281214744243975,0.5828926421981583,0.0,0.25653120464441215,0.024536261968276997
610,105,100.0,105,0,104,1,0,0.0,1.5159221359590547,1.4848599293902496,1.5253775332863544,1.076361390461918,0.3648503263275864,1.1109578983953834,3.3047619047619046,3.1678296249359845,0.41269872442196553,0.011706482149828513,0.0008704958967474324,0.0,0.011706482149828513,-0.020979878958166054,0,0,0,1,0,1.0,0.2571428571428571,0.29827431378203273,0.22937085897572473,0.9247048521155197,0.5814067022068432,0.0,0.2946298984034833,0.024628258179008038
611,105,100.0,105,0,102,3,0,0.0,1.5087020973038323,1.4777862742369359,1.4276952430270013,1.079715096574305,0.3786392899247775,1.1074889263488932,3.3047619047619046,3.1678296249359845,0.40687509403051547,0.10822680967506493,0.0010600339039103588,0.0,0.10822680967506493,-0.004913460400768714,0,0,0,3,0,0.3333333333333333,0.26666666666666666,0.28771314285552907,0.23532815601918947,0.9247757442041946,0.5745131084358222,0.0,0.25653120464441215,0.024645277833612665
612,105,100.0,105,0,104,1,0,0.0,1.5096144521262311,1.4793286598675492,1.4850584453831637,1.0830016511100802,0.3732710651794071,1.1225369525497289,3.3047619047619046,3.1678296249359845,0.40723466976378986,0.10881236353860388,0.0010017873277889402,0.0,0.10881236353860388,0.006494713215216774,0,0,0,1,0,0.0,0.24761904761904763,0.2910710791932992,0.215600854356554,0.9291878368767184,0.5755006568025102,0.0,0.2946298984034833,0.024701895831836643
613,104,99.04761904761905,105,1,101,3,0,0.009523809523809525,1.5263380171852974,1.4955725791534769,1.6728325196388596,1.0865580244377255,0.35226206408170535,1.0985700476195432,3.3047619047619046,3.1678296249359845,0.41585057519864077,0.1347551225644882,0.0007608886110219086,0.0,0.1347551225644882,0.004456682895004949,0,1,0,3,0,0.25,0.2761904761904762,0.30778331825501504,0.20141536519650416,0.9154208823320429,0.5846540244249296,0.009523809523809525,0.35159651669085634,0.02484184358105521
614,104,99.04761904761905,105,0,102,3,0,0.0,1.5386306758240995,1.50739564057296,1.680928480241968,1.0903390979811192,0.3424874500929503,1.093895186474623,3.3047619047619046,3.1678296249359845,0.41865650272051136,0.09124575161417116,0.0008573680355764207,0.0,0.09124575161417116,-0.0009545098648144715,0,0,0,3,0,0.3333333333333333,0.29523809523809524,0.30958009536258463,0.2127434186853657,0.9154208823320429,0.5857022435475403,0.0,0.35159651669085634,0.02496319585817334
615,103,98.0952380952381,105,1,102,2,0,0.009523809523809525,1.5395883369789032,1.5110775930771172,1.6479666633311194,1.0940296829229668,0.3497816990709123,1.1123756009238996,3.3047619047619046,3.1678296249359845,0.41541220047155925,0.08468556572222141,0.000806055346169433,0.0,0.08468556572222141,-0.0028770649986025556,0,1,0,2,0,0.3333333333333333,0.2857142857142857,0.3045226124035133,0.21233001520070613,0.9113741500141874,0.580540745580699,0.009523809523809525,0.3704644412191582,0.025026439885507998
616,103,98.0952380952381,105,0,105,0,0,0.0,1.5470043485389031,1.5178863794147517,1.6799439673077607,1.0978399300417148,0.34235292579544185,1.0792831897920765,3.3047619047619046,3.1678296249359845,0.4157386037336164,0.0,0.0,0.0,0.0,0.0,0,0,0,0,0,0.0,0.3047619047619048,0.30602978257534413,0.20901460213747444,0.9214077522224886,0.5800018829426152,0.0,0.33236574746008707,0.02512387101181348
617,103,98.0952380952381,105,0,104,1,0,0.0,1.5363800242084011,1.5075019250655437,1.617272882096525,1.1012663055664422,0.3535508894861936,1.1151523000946189,3.3047619047619046,3.1678296249359845,0.4125579787995888,0.009958043605230565,0.0008127461750398098,0.0,0.009958043605230565,-0.020341481074987955,0,0,0,1,0,1.0,0.29523809523809524,0.3011173048695768,0.21699604927615238,0.9164258883272567,0.573708531993986,0.0,0.3704644412191582,0.025125020259627907
618,104,99.04761904761905,105,0,104,1,0,0.0,1.5314807747208588,1.5027162278260802,1.6367074079491808,1.1044628571643065,0.357376448703128,1.1234751009572719,3.3047619047619046,3.1678296249359845,0.41294925064842114,0.009422696364013394,0.0008740986783287556,0.0,0.009422696364013394,-0.020413104509599433,0,0,0,1,0,1.0,0.29523809523809524,0.3035750219241128,0.21355406615122885,0.9229366523555029,0.5774394252592414,0.0,0.33236574746008707,0.02515115466643695
619,103,98.0952380952381,105,1,104,0,0,0.009523809523809525,1.5307887507994293,1.501052340762464,1.722890596373331,1.1075168513641371,0.35959767331947035,1.1404216987517275,3.3047619047619046,3.1678296249359845,0.41588390233692607,0.36119360021770375,0.0008531186206026808,0.0,0.36119360021770375,0.02477979176928341,0,1,0,0,0,0.0,0.29523809523809524,0.31093340182536283,0.2054532118457541,0.9203219284759686,0.5786529258032788,0.009523809523809525,0.35159651669085634,0.025196067213332833
620,104,99.04761904761905,105,0,102,3,0,0.0,1.5320319569891057,1.503065419918151,1.758301878631088,1.1105242457689344,0.3684673688835661,1.1434667444574165,3.3047619047619046,3.1678296249359845,0.414585787365356,0.1617735046617174,0.0008563153327377839,0.0,0.1617735046617174,-0.004321180678625876,0,0,0,3,0,0.3333333333333333,0.2857142857142857,0.3109293495305565,0.21048927121832023,0.925289442080633,0.5740827478678039,0.0,0.35159651669085634,0.025249917809728132
621,104,99.04761904761905,105,0,103,2,0,0.0,1.5409301016485806,1.5118925459221078,1.7756719006522277,1.1136600736929048,0.3643419540009073,1.136199532682266,3.3047619047619046,3.1678296249359845,0.4133885223752789,0.1861165522407029,0.0009332336820331536,0.0,0.1861165522407029,-0.0011398887338029962,0,0,0,2,0,0.5,0.23809523809523808,0.30914220695264333,0.21033948717587447,0.9153733018375678,0.5717410101197443,0.0,0.35159651669085634,0.02534407737600678
622,102,97.14285714285714,105,2,100,3,0,0.01904761904761905,1.5619528390320518,1.5399102337300032,2.051812554699943,1.1172172461763656,0.3414529575998331,1.122999898667572,3.3047619047619046,3.1678296249359845,0.42164015474056993,0.20505997312704577,0.001115570832860331,0.0,0.20505997312704577,0.0019694743845466212,0,2,0,3,0,0.2,0.21904761904761905,0.3267805335683346,0.19591618618702572,0.9185457605967114,0.569318409593784,0.01904761904761905,0.33272859216255446,0.02550553364479471
623,101,96.19047619047619,105,1,102,2,0,0.009523809523809525,1.5534347428278055,1.5290086225127304,1.8484773143120603,1.1206343176937517,0.3748886422267966,1.150702885655582,3.3047619047619046,3.1678296249359845,0.4152150007860318,0.5244981451345907,0.0006300775276519058,0.6666666666666666,0.43245345250927253,0.032387117617898344,0,1,0,2,0,0.0,0.24761904761904763,0.3123833309295712,0.23788328307174278,0.9127221921684529,0.544570354258354,0.009523809523809525,0.33272859216255446,0.02551706666568998
624,101,96.19047619047619,105,1,102,2,0,0.009523809523809525,1.5458507991409116,1.5191517530733192,1.7575745199628432,1.1236853304611658,0.3690899370110856,1.1173721953135174,3.3047619047619046,3.1678296249359845,0.4134515703010422,0.26136779218696266,0.0008641005700405344,0.0,0.26136779218696266,0.01423024031517714,0,1,0,2,0,0.0,0.2571428571428571,0.3069428576862347,0.23787962923801304,0.9206039407447355,0.5467064913349112,0.009523809523809525,0.3138606676342526,0.025527472390408874
625,101,96.19047619047619,105,0,104,1,0,0.0,1.5474519052998663,1.5205765075063198,1.704151513144065,1.1266243121314388,0.3866668921475698,1.1389901998832765,3.3047619047619046,3.1678296249359845,0.4107767894440959,0.24123436010453553,0.001151571583770588,0.0,0.24123436010453553,-0.0017490934838073624,0,0,0,1,0,0.0,0.24761904761904763,0.3022828252085654,0.2419802269116126,0.9028571320932848,0.5413484551517439,0.0,0.3138606676342526,0.025582028887214822
626,101,96.19047619047619,105,0,103,2,0,0.0,1.5434631915253376,1.5165184444239879,1.6916078058667707,1.1293673498500727,0.3994707750200028,1.1487429525758837,3.3047619047619046,3.1678296249359845,0.41094648775044673,0.2912989233558523,0.0008737366644136793,0.0,0.2912989233558523,0.0015254121864388681,0,0,0,2,0,0.0,0.23809523809523808,0.3024793825196473,0.25725282754571566,0.9004064444694851,0.5350433513059566,0.0,0.3519593613933236,0.0256055326990792
627,102,97.14285714285714,105,1,102,2,0,0.009523809523809525,1.5487582712600654,1.5197226955312955,1.6813730306651924,1.1321637770039636,0.410725243749006,1.181020747277638,3.3047619047619046,3.1678296249359845,0.40997645498017987,0.3222476818000277,0.0006921846396429628,0.0,0.3222476818000277,0.017057372272271568,0,1,0,2,0,0.0,0.23809523809523808,0.30139011411250216,0.2598318475634113,0.9113980154299152,0.5437916247212393,0.009523809523809525,0.2565312046444122,0.025676301121663195
628,103,98.0952380952381,105,0,104,1,0,0.0,1.5539474513608287,1.5246997254641983,1.7703489107270058,1.134938669148896,0.3997373941230549,1.1742611557709945,3.3047619047619046,3.1678296249359845,0.4126223381924887,0.2486661778773267,0.0030790955683644124,0.0,0.2486661778773267,0.0010376676821991504,0,0,0,1,0,0.0,0.23809523809523808,0.30780837115761384,0.25174885816815035,0.8986315715542086,0.5457021953620209,0.0,0.2946298984034833,0.02574619894988061
629,104,99.04761904761905,105,0,104,1,0,0.0,1.5324392108217524,1.5042776862983112,1.6129451749540031,1.1371081091130306,0.43532862555234203,1.2289896784833616,3.3047619047619046,3.1678296249359845,0.4046427919232436,0.32814825075282195,0.0003704037124411078,0.0,0.32814825075282195,0.03955025602414178,0,0,0,1,0,0.0,0.23809523809523808,0.2940690716484394,0.26032233022436824,0.9061584054313953,0.5359150576873739,0.0,0.2946298984034833,0.025673019828124755
630,103,98.0952380952381,105,1,103,1,0,0.009523809523809525,1.5166940804506215,1.4851367940604903,1.4361145286538277,1.1388127357201547,0.4689721753103615,1.2780176974481887,3.3047619047619046,3.1678296249359845,0.398565648432621,0.31779034579858767,0.0010056023831763279,0.0,0.31779034579858767,0.014856418301107649,0,1,0,1,0,0.0,0.23809523809523808,0.28109642012716807,0.27226350839699065,0.9099967131451068,0.5270341599120868,0.009523809523809525,0.26197387518142234,0.02562129400959661
631,103,98.0952380952381,105,0,104,1,0,0.0,1.4954419744712855,1.4650005197139446,1.3339668037662515,1.1398640648806395,0.4790345863494005,1.2722150253521978,3.3047619047619046,3.1678296249359845,0.39468489249756344,0.2878596835623276,0.0016794887324018044,0.0,0.2878596835623276,-0.01916379445566152,0,0,0,1,0,0.0,0.26666666666666666,0.273690688697059,0.27352553763938214,0.9043100686079119,0.5285041654193167,0.0,0.2946298984034833,0.025531685638000644
632,104,99.04761904761905,105,0,105,0,0,0.0,1.5010660896521613,1.4708538685731951,1.3437678914196447,1.141030429019894,0.4689893283204245,1.2349314629500006,3.3047619047619046,3.1678296249359845,0.3944871894115616,0.0,0.0,0.0,0.0,0.0,0,0,0,0,0,0.0,0.2571428571428571,0.2734273631215769,0.2710507300401858,0.9010692296020157,0.5319530045525217,0.0,0.33272859216255446,0.025578280428273988
633,104,99.04761904761905,105,0,105,0,0,0.0,1.5021080448772997,1.4721359077197387,1.384986850927917,1.1421923349831204,0.46945130280427017,1.2735122921139292,3.3047619047619046,3.1678296249359845,0.39520195264835256,0.0,0.0,0.0,0.0,0.0,0,0,0,0,0,0.0,0.26666666666666666,0.2762880936605926,0.26070080247429595,0.9209452700355983,0.5363419668409748,0.0,0.33272859216255446,0.025601893805058173
634,104,99.04761904761905,105,0,105,0,0,0.0,1.5012297951880202,1.4711798498370405,1.3459607726303893,1.1432932047171585,0.46523528001923464,1.2755366786028157,3.3047619047619046,3.1678296249359845,0.3943678461879765,0.0,0.0,0.0,0.0,0.0,0,0,0,0,0,0.0,0.24761904761904763,0.27303403959323824,0.27449868708511727,0.9048293884242071,0.5356095126541416,0.0,0.33272859216255446,0.02561493939539518
635,105,100.0,105,0,105,0,0,0.0,1.4946525637169532,1.465641034409666,1.2632252615762296,1.1442188325848464,0.4796746903209297,1.2909635280466947,3.3047619047619046,3.1678296249359845,0.39089707620091185,0.0,0.0,0.0,0.0,0.0,0,0,0,0,0,0.0,0.2571428571428571,0.2649111015905519,0.2818474462821698,0.8968280315153476,0.5307188642815543,0.0,0.3708272859216255,0.025596714394944486
636,105,100.0,105,0,105,0,0,0.0,1.488554382090226,1.4599404724978342,1.2695503531620271,1.1449706708675003,0.47446578607440343,1.3129903951212978,3.3047619047619046,3.1678296249359845,0.38991787231648667,0.0,0.0,0.0,0.0,0.0,0,0,0,0,0,0.0,0.26666666666666666,0.26489881367136786,0.278377509947062,0.887056489195237,0.5322665992837302,0.0,0.3327285921625544,0.025578131964735608
637,105,100.0,105,0,105,0,0,0.0,1.4862793845815105,1.4578444672683875,1.3385685772651947,1.145645573894626,0.4640440531272327,1.317011318732429,3.3047619047619046,3.1678296249359845,0.3920164899188392,0.0,0.0,0.0,0.0,0.0,0,0,0,0,0,0.0,0.2571428571428571,0.27118816837962473,0.2614886234821991,0.8916968958659098,0.5372287834114916,0.0,0.33272859216255446,0.025577446866208473
638,105,100.0,105,0,105,0,0,0.0,1.4873886351508347,1.4593888482083992,1.3344653952403471,1.1463382358292702,0.46464626045245355,1.3144344525029428,3.3047619047619046,3.1678296249359845,0.393001425180763,0.0,0.0,0.0,0.0,0.0,0,0,0,0,0,0.0,0.26666666666666666,0.2715100674916669,0.25946114838309786,0.896590727798933,0.539896736586912,0.0,0.3708272859216255,0.02559396429403825
639,105,100.0,105,0,105,0,0,0.0,1.4896787223420422,1.4616975987371335,1.3915381250942669,1.1470674652405204,0.45500917041404026,1.3316652290039177,3.3047619047619046,3.1678296249359845,0.39611732326875826,0.0,0.0,0.0,0.0,0.0,0,0,0,0,0,0.0,0.26666666666666666,0.2772659802038296,0.2523567263383265,0.8905705468070317,0.5451021933814931,0.0,0.3708272859216255,0.02561696510265595
640,105,100.0,105,0,105,0,0,0.0,1.48993240444214,1.461949113263636,1.3346241251651083,1.1477799679477927,0.46563118271573983,1.3308921120688813,3.3047619047619046,3.1678296249359845,0.39161660243686436,0.0,0.0,0.0,0.0,0.0,0,0,0,0,0,0.0,0.26666666666666666,0.27000601014291725,0.2611743353640022,0.887578968949405,0.5391464152874074,0.0,0.40892597968069666,0.025629518949076165
641,105,100.0,105,0,105,0,0,0.0,1.4844636499930415,1.4560461757670884,1.3583151224981667,1.1483203037810195,0.4719506897847996,1.3385746164902417,3.3047619047619046,3.1678296249359845,0.394586960301883,0.0,0.0,0.0,0.0,0.0,0,0,0,0,0,0.0,0.26666666666666666,0.27502194069469565,0.26392929417743444,0.909720598968629,0.5434627714084399,0.0,0.3327285921625544,0.02561073363613022
642,105,100.0,105,0,105,0,0,0.0,1.503239750992477,1.474633683704088,1.4092611511870026,1.1493145791620196,0.46104748272506446,1.3043021960598382,3.3047619047619046,3.1678296249359845,0.3963731369464658,0.0,0.0,0.0,0.0,0.0,0,0,0,0,0,0.0,0.2857142857142857,0.2780058177392152,0.26231139999704767,0.9016036474806377,0.5438737496930547,0.0,0.3708272859216255,0.025720362616163783
643,105,100.0,105,0,105,0,0,0.0,1.504841770782832,1.4767331518021631,1.406349238827036,1.1503305636508485,0.45097966163433956,1.2903274302429601,3.3047619047619046,3.1678296249359845,0.39375235484459203,0.0,0.0,0.0,0.0,0.0,0,0,0,0,0,0.0,0.2857142857142857,0.2752900970486279,0.25212515776130284,0.9156322485134862,0.5445065191223365,0.0,0.33272859216255435,0.025744465043926495
644,105,100.0,105,0,105,0,0,0.0,1.5063786621255542,1.4785459177569773,1.3892471479481983,1.1513603037516138,0.46105713536384824,1.3184119388636906,3.3047619047619046,3.1678296249359845,0.3939164129028285,0.0,0.0,0.0,0.0,0.0,0,0,0,0,0,0.0,0.2857142857142857,0.2740056095777798,0.25638881949939624,0.921871447205778,0.5430118508143419,0.0,0.2946298984034833,0.025768459706626053
645,105,100.0,105,0,105,0,0,0.0,1.5192571088868267,1.4916118917121595,1.4595929927225846,1.1526885496753978,0.45965057395597764,1.3505395092996284,3.3047619047619046,3.1678296249359845,0.39623661281208,0.0,0.0,0.0,0.0,0.0,0,0,0,0,0,0.0,0.2761904761904762,0.2789904043924125,0.2481179850327468,0.9143470136032749,0.5497132093486545,0.0,0.33272859216255446,0.025853890224365232
646,105,100.0,105,0,105,0,0,0.0,1.526225300745912,1.4987482591638444,1.4592883241962913,1.1541555734011393,0.45302351997417956,1.3217173888220657,3.3047619047619046,3.1678296249359845,0.39429675639781303,0.0,0.0,0.0,0.0,0.0,0,0,0,0,0,0.0,0.26666666666666666,0.2759722908430369,0.24690093550829045,0.909720598968629,0.5489908897432788,0.0,0.3327285921625544,0.025911967589755096
647,105,100.0,105,0,105,0,0,0.0,1.5377440098840134,1.509669211151308,1.427538312838903,1.1558528900365992,0.44650862801755636,1.2874776026477608,3.3047619047619046,3.1678296249359845,0.393426612677261,0.0,0.0,0.0,0.0,0.0,0,0,0,0,0,0.0,0.2571428571428571,0.2715050263266113,0.2652067101672686,0.9111671913478677,0.5465465533172902,0.0,0.3327285921625544,0.02599644518504914
648,105,100.0,105,0,105,0,0,0.0,1.5232477545518919,1.4962753686374224,1.3268023728086509,1.157157003283994,0.4815089237204782,1.3304204649483187,3.3047619047619046,3.1678296249359845,0.38711861485455623,0.0,0.0,0.0,0.0,0.0,0,0,0,0,0,0.0,0.26666666666666666,0.26114354349948943,0.2822363089154711,0.9111671913478677,0.5337067069263965,0.0,0.3327285921625544,0.025944619951285372
649,105,100.0,105,0,105,0,0,0.0,1.5157159303652472,1.489556609178261,1.257787250699385,1.1582495333635352,0.5006081051592886,1.3692967856114746,3.3047619047619046,3.1678296249359845,0.38351304789152296,0.0,0.0,0.0,0.0,0.0,0,0,0,0,0,0.0,0.26666666666666666,0.25406567059523444,0.2886902533650579,0.9175755390148759,0.5303421936927627,0.0,0.3327285921625544,0.025924265576112673
650,105,100.0,105,0,105,0,0,0.0,1.536795884011815,1.5097915559785855,1.3735163623293583,1.1598202608630193,0.463879648003625,1.3081966106887781,3.3047619047619046,3.1678296249359845,0.3912351447400877,0.0,0.0,0.0,0.0,0.0,0,0,0,0,0,0.0,0.2571428571428571,0.2659210046339854,0.279877535608904,0.9175755390148759,0.5405891134038132,0.0,0.3327285921625544,0.026054544329873346
651,105,100.0,105,0,104,1,0,0.0,1.5407457406943599,1.5137691664812352,1.3662061997826829,1.161442033530542,0.4727804418839248,1.2925304255052354,3.3047619047619046,3.1678296249359845,0.3909106754459273,0.2654716984466873,0.00303415815017238,0.0,0.2654716984466873,0.00851104724171714,0,0,0,1,0,0.0,0.2571428571428571,0.26479329211442415,0.29493565073684996,0.9175755390148759,0.5359913390356942,0.0,0.3327285921625544,0.026099981110791523
652,105,100.0,105,0,105,0,0,0.0,1.5483722000286477,1.5211174182869618,1.4158290465048067,1.1631986552811473,0.45611238573472657,1.2774243085989379,3.3047619047619046,3.1678296249359845,0.3925019003914505,0.0,0.0,0.0,0.0,0.0,0,0,0,0,0,0.0,0.24761904761904763,0.26818112210368034,0.29360516421925154,0.9071328706166759,0.5368788815855606,0.0,0.3327285921625544,0.02616593679956983
653,105,100.0,105,0,105,0,0,0.0,1.5570658850027244,1.5294694131780158,1.521117920357473,1.1651112918222841,0.4510211399012444,1.2875508714611923,3.3047619047619046,3.1678296249359845,0.396314942635537,0.0,0.0,0.0,0.0,0.0,0,0,0,0,0,0.0,0.24761904761904763,0.2765632507582433,0.2878282489686926,0.9190221313941146,0.5457996646857034,0.0,0.3327285921625544,0.026239699757923958
654,105,100.0,105,0,105,0,0,0.0,1.5542446558320695,1.5261200495903495,1.485058185393033,1.1668784575908724,0.44148121546640207,1.2475134530536585,3.3047619047619046,3.1678296249359845,0.39856941772722077,0.0,0.0,0.0,0.0,0.0,0,0,0,0,0,0.0,0.2571428571428571,0.2769975821304332,0.30230642721355944,0.9140344917491491,0.5461792296687813,0.0,0.3327285921625544,0.026253584012440215
655,105,100.0,105,0,104,1,0,0.0,1.5688227197399,1.5409460203772418,1.5344321931334368,1.1689653717545385,0.4275202350184804,1.194938294439468,3.3047619047619046,3.1678296249359845,0.39909341737401305,0.32370262877549144,0.0019794595133147573,0.0,0.32370262877549144,0.01113912703696529,0,0,0,1,0,0.0,0.2857142857142857,0.27837729335167427,0.2862512697147191,0.9079841175463402,0.5536975646355885,0.0,0.3000725689404935,0.026359529274541167
656,105,100.0,105,0,103,2,0,0.0,1.573229215057695,1.5454178592810706,1.6869181501927726,1.171099504223141,0.40718696362177176,1.2005082119122794,3.3047619047619046,3.1678296249359845,0.40347043694792006,0.32097084288042027,0.0021887972273028364,0.0,0.32097084288042027,0.019187053227333634,0,0,0,2,0,0.0,0.2571428571428571,0.29042346384128326,0.2540918718774076,0.9094857949571072,0.5659181312185402,0.0,0.3327285921625544,0.026415364591418026
657,104,99.04761904761905,105,1,103,1,0,0.009523809523809525,1.5768487337304253,1.5501949628943033,1.7270375589035383,1.1732505671453966,0.4162602373608807,1.226064083952759,3.3047619047619046,3.1678296249359845,0.40435935766386333,0.41741124214949055,0.0014820884725664112,0.0,0.41741124214949055,0.017112033597876025,0,1,0,1,0,0.0,0.3047619047619048,0.29306453548832884,0.24650728390094953,0.929536232920808,0.5692945358042703,0.009523809523809525,0.3000725689404935,0.02646753318903279
658,104,99.04761904761905,105,0,103,2,0,0.0,1.5677690098376693,1.5414512716841031,1.7235853401800656,1.1751484281353242,0.41884641577061066,1.1731055728931117,3.3047619047619046,3.1678296249359845,0.40412461443722236,0.3846471447126496,0.0016420509492547394,0.0,0.3846471447126496,0.014200032188694228,0,0,0,2,0,0.0,0.3047619047619048,0.29364476968311526,0.23697575047804634,0.9174585678473194,0.5721465917329003,0.0,0.3000725689404935,0.026452195070908527
659,103,98.0952380952381,105,1,104,0,0,0.009523809523809525,1.5504809096843855,1.5206008137761768,1.6272955938431428,1.1765618840381311,0.437518531656707,1.2144158941497774,3.3047619047619046,3.1678296249359845,0.40054500181793284,0.46400864647552564,0.0018203929509936622,0.0,0.46400864647552564,0.008428260923649233,0,1,0,0,0,0.0,0.3142857142857143,0.28758663704344173,0.24588353106242378,0.8871631730568907,0.5436758678041161,0.009523809523809525,0.31930333817126266,0.02638814250755437
660,103,98.0952380952381,105,0,103,2,0,0.0,1.5579542935300383,1.5284553029088337,1.633872050986261,1.1780254960314271,0.4424960504830311,1.2675611140540948,3.3047619047619046,3.1678296249359845,0.4002132319429139,0.308452409629804,0.002466543092502883,0.0,0.308452409629804,0.01357064747283443,0,0,0,2,0,0.0,0.2761904761904762,0.28648791382043304,0.2451377840978845,0.9083972308383792,0.5429706078984174,0.0,0.3519593613933237,0.026448691793941506
661,102,97.14285714285714,105,1,104,0,0,0.009523809523809525,1.5614653038482094,1.5356664445504535,1.5790918814820445,1.1795360399834625,0.45093652195156625,1.2174481148915395,3.3047619047619046,3.1678296249359845,0.39944473717843487,0.41373380640527296,0.0021708159046605587,0.0,0.41373380640527296,0.015760320210363,0,1,0,0,0,0.0,0.2857142857142857,0.281181532254925,0.2619889438861477,0.9038561992741183,0.5403037513190408,0.009523809523809525,0.3330914368650218,0.02649017257493749
662,102,97.14285714285714,105,1,101,1,2,0.009523809523809525,1.549125253223759,1.5213254364301823,1.485167438018473,1.180787928615229,0.479679858764189,1.2468795669528636,3.3047619047619046,3.1678296249359845,0.39560681583495905,0.6822157665862734,0.0039002978895866826,0.75,0.1768736681248713,0.017594552205941222,0,3,0,1,0,0.25,0.2857142857142857,0.2739469867887366,0.27539604082209973,0.8832320237575649,0.5374032979605231,0.009523809523809525,0.3574020319303338,0.02644830117128939
663,101,96.19047619047619,105,1,104,0,0,0.009523809523809525,1.5472068720654704,1.517526351222814,1.4130876535604793,1.1818877013480547,0.49896824025283776,1.2602643052277218,3.3047619047619046,3.1678296249359845,0.3928801948258027,0.6784904483192113,0.0037281587906793363,1.0,0.32150955168078865,0.022299314470373477,0,1,0,0,0,0.0,0.2857142857142857,0.2683254734373431,0.289933404775195,0.918062682643347,0.5380677339746228,0.009523809523809525,0.33272859216255446,0.02645612872871666
664,102,97.14285714285714,105,0,105,0,0,0.0,1.543530548975584,1.514031242890435,1.4076350237482915,1.1828170568057317,0.5049646490619392,1.2705585429055992,3.3047619047619046,3.1678296249359845,0.3924496138065383,0.0,0.0,0.0,0.0,0.0,0,0,0,0,0,0.0,0.2761904761904762,0.2681790944492123,0.2843685166695439,0.9055534410062805,0.5376164430001811,0.0,0.33272859216255446,0.026452467312021853
665,102,97.14285714285714,105,0,105,0,0,0.0,1.5462732905994039,1.5172971531126904,1.3987609975884345,1.1837997386431351,0.4841435715385134,1.2546293844485052,3.3047619047619046,3.1678296249359845,0.39515451425641457,0.0,0.0,0.0,0.0,0.0,0,0,0,0,0,0.0,0.29523809523809524,0.2689902718654082,0.2816176778921663,0.9149376141537306,0.544779359829399,0.0,0.31930333817126266,0.026481745863323015
666,103,98.0952380952381,105,0,105,0,0,0.0,1.5657769672134372,1.535450499106851,1.4828414303933586,1.1852113444520302,0.46147826175278045,1.2524916661912209,3.3047619047619046,3.1678296249359845,0.3980787636259262,0.0,0.0,0.0,0.0,0.0,0,0,0,0,0,0.0,0.29523809523809524,0.2749482592704488,0.2781540209717299,0.9091700719695294,0.5459328734716992,0.0,0.33272859216255446,0.02660162287989393
667,104,99.04761904761905,105,0,104,1,0,0.0,1.573864596349918,1.5434314985124669,1.4350436723471385,1.186780492564754,0.46644707423340787,1.2275873505514174,3.3047619047619046,3.1678296249359845,0.3953716550922959,0.031589797996364855,0.0012909092311029998,0.0,0.031589797996364855,-0.017898314582357244,0,0,0,1,0,1.0,0.2857142857142857,0.26857611121685276,0.2837699715264588,0.8857506098290837,0.5414754175323097,0.0,0.31930333817126266,0.026666914994963334
668,105,100.0,105,0,104,1,0,0.0,1.5703513652639414,1.540366078048274,1.378841096771002,1.188222246900629,0.4706067952596512,1.249536126108323,3.3047619047619046,3.1678296249359845,0.3915023540442426,0.37536419425289047,0.0016815030344061082,0.0,0.37536419425289047,0.004958239639471174,0,0,0,1,0,0.0,0.2857142857142857,0.262124389181932,0.2852858385905637,0.9043506161060164,0.5373806038527413,0.0,0.33272859216255446,0.02667218500001877
669,105,100.0,105,0,105,0,0,0.0,1.576634594017857,1.5463595259176557,1.417198729889475,1.1897702186892622,0.45457434852219913,1.2310844873737432,3.3047619047619046,3.1678296249359845,0.3930169148294418,0.0,0.0,0.0,0.0,0.0,0,0,0,0,0,0.0,0.2761904761904762,0.26508052894671025,0.27705989293901273,0.9072193530396981,0.5431741719387227,0.0,0.31930333817126266,0.026728119698241334
670,105,100.0,105,0,105,0,0,0.0,1.573270562078073,1.5425361317528241,1.463589159457785,1.191172258478564,0.45564250746575913,1.2821914268234185,3.3047619047619046,3.1678296249359845,0.3941071135138168,0.0,0.0,0.0,0.0,0.0,0,0,0,0,0,0.0,0.2857142857142857,0.26916721474251737,0.2688277651371359,0.8931087318582509,0.5439414471409809,0.0,0.31930333817126266,0.02673350665444186
671,105,100.0,105,0,105,0,0,0.0,1.5765223174118839,1.5462899871589741,1.3919719553778227,1.1926250166309735,0.47271933461529597,1.2734791533814436,3.3047619047619046,3.1678296249359845,0.39013794047088957,0.0,0.0,0.0,0.0,0.0,0,0,0,0,0,0.0,0.29523809523809524,0.26131868287983884,0.28021237539821786,0.8802335945902826,0.5376067332732002,0.0,0.3574020319303338,0.026772775882676268
672,105,100.0,105,0,105,0,0,0.0,1.5907149508398961,1.559812050378924,1.4712543921452281,1.19437443861992,0.45720754374212025,1.2312509952554613,3.3047619047619046,3.1678296249359845,0.39646388958857903,0.0,0.0,0.0,0.0,0.0,0,0,0,0,0,0.0,0.29523809523809524,0.2699942033927932,0.28067745022777657,0.8887831192367392,0.5466508116452657,0.0,0.31930333817126266,0.02687144840383182
673,105,100.0,105,0,105,0,0,0.0,1.603019142676839,1.5712323816286944,1.5662742715336695,1.1963578632101122,0.4526620033971445,1.2541683089419375,3.3047619047619046,3.1678296249359845,0.3975620596309277,0.0,0.0,0.0,0.0,0.0,0,0,0,0,0,0.0,0.29523809523809524,0.275009946345835,0.26908789538124417,0.8916181649205235,0.5466735410916805,0.0,0.2812046444121916,0.026964385118894724
674,105,100.0,105,0,105,0,0,0.0,1.5995488944879959,1.5686233096926123,1.466483814518458,1.1982123355255665,0.46539732261957095,1.2423210336849626,3.3047619047619046,3.1678296249359845,0.3934914892489991,0.0,0.0,0.0,0.0,0.0,0,0,0,0,0,0.0,0.2857142857142857,0.26614900323445356,0.28372913236572134,0.8996158172430615,0.5379596592830188,0.0,0.3193033381712627,0.026976407139648106
675,105,100.0,105,0,105,0,0,0.0,1.6074634840922264,1.5760304834761354,1.4886879572182392,1.2001957786340132,0.4592900295670994,1.2349059743654751,3.3047619047619046,3.1678296249359845,0.394398903560061,0.0,0.0,0.0,0.0,0.0,0,0,0,0,0,0.0,0.2857142857142857,0.26759660591140144,0.2895616286187675,0.8897997539248724,0.538412782568791,0.0,0.31930333817126266,0.027047396136860823
676,105,100.0,105,0,105,0,0,0.0,1.5922130678764772,1.5612188455382177,1.3389942907205488,1.201741023680448,0.49322930178577234,1.2674373238896162,3.3047619047619046,3.1678296249359845,0.38633999577944733,0.0,0.0,0.0,0.0,0.0,0,0,0,0,0,0.0,0.2857142857142857,0.2537910020369656,0.30365967484372547,0.8913678298975627,0.5241259147333633,0.0,0.2812046444121916,0.026995619420961486
677,105,100.0,105,0,105,0,0,0.0,1.5762250295995832,1.5456975439186986,1.3050451994013597,1.2028439672838218,0.5099285718481511,1.290547022971361,3.3047619047619046,3.1678296249359845,0.3834587115935557,0.0,0.0,0.0,0.0,0.0,0,0,0,0,0,0.0,0.2857142857142857,0.25098019628683993,0.29698815049568794,0.884448759501692,0.5236313499921043,0.0,0.2946298984034833,0.026933148916684024
678,105,100.0,105,0,104,1,0,0.0,1.5840598631598075,1.552985922882312,1.3940253872679695,1.2040966782553701,0.4945810028016627,1.3136419263241377,3.3047619047619046,3.1678296249359845,0.384674814736945,0.03908036579972169,0.0005455657727138441,0.0,0.03908036579972169,-0.007556823118216038,0,0,0,1,0,1.0,0.3047619047619048,0.25696485514603773,0.27845883116890224,0.8939950174213184,0.5290436199151317,0.0,0.2812046444121916,0.02699216495912091
679,105,100.0,105,0,104,1,0,0.0,1.5991394230788556,1.5680192651218896,1.4157700393124106,1.2056906900129147,0.5012655253624209,1.304828361951997,3.3047619047619046,3.1678296249359845,0.3840398880103948,0.06504599354461223,0.0005031995391064814,0.0,0.06504599354461223,-0.003024072855122517,0,0,0,1,0,0.0,0.2857142857142857,0.25680138724301027,0.2799273629861138,0.9112421316436564,0.5289221976284791,0.0,0.2812046444121916,0.02709281054705638
680,104,99.04761904761905,105,1,104,0,0,0.009523809523809525,1.6095731850210346,1.5779546860918698,1.4065339680717694,1.2075158756530324,0.48916913653715577,1.3134325913015301,3.3047619047619046,3.1678296249359845,0.38386104464704474,0.07519982014084102,0.001300791619900628,0.0,0.07519982014084102,-0.009305479523948001,0,1,0,0,0,0.0,0.2761904761904762,0.2548093616130555,0.276795522985289,0.8923240660232734,0.5260265823943897,0.009523809523809525,0.2812046444121916,0.027173888742476136
681,104,99.04761904761905,105,0,105,0,0,0.0,1.6074898911452131,1.575921637001866,1.3994936267026172,1.209201840004467,0.48794948320483666,1.2853140243034173,3.3047619047619046,3.1678296249359845,0.38524003938812057,0.0,0.0,0.0,0.0,0.0,0,0,0,0,0,0.0,0.26666666666666666,0.2557023234598722,0.2775652040141084,0.8953873059342247,0.5277885724600472,0.0,0.2812046444121916,0.027190176512192334
682,104,99.04761904761905,105,0,104,1,0,0.0,1.6143985525806335,1.5826231204178063,1.4479875570062704,1.2110042291392797,0.4810552650181084,1.2777740453674877,3.3047619047619046,3.1678296249359845,0.3868305151361029,0.41849377447240776,0.0019281651762347292,0.0,0.41849377447240776,0.017938002226494887,0,0,0,1,0,0.0,0.2761904761904762,0.25899385409804165,0.26835341559450976,0.9045341012895624,0.5286198195437327,0.0,0.2812046444121916,0.027253268127854047
683,104,99.04761904761905,105,0,104,1,0,0.0,1.6190291182348524,1.5874931222368696,1.4752832367089919,1.212872940345411,0.47162472888126433,1.2681602543911137,3.3047619047619046,3.1678296249359845,0.38739233181831545,0.1634980978946643,0.0012818063416002398,0.0,0.1634980978946643,0.004825115128941682,0,0,0,1,0,0.0,0.2761904761904762,0.2606269314936345,0.25847305757941436,0.8966496786447851,0.532457945714434,0.0,0.2812046444121916,0.027306019749721307
684,103,98.0952380952381,105,1,103,1,0,0.009523809523809525,1.614914924139079,1.5799126582418594,1.4681822950971197,1.2145698804375993,0.4941759961944017,1.2967586493465275,3.3047619047619046,3.1678296249359845,0.3871001204775322,0.6045928974865615,0.0034520099782847135,1.0,0.39540710251343847,0.0218676985468699,0,1,0,1,0,0.0,0.26666666666666666,0.26127044603563065,0.2637044113978794,0.9052358011243926,0.5346858276684526,0.009523809523809525,0.31930333817126266,0.027312326864721313
685,104,99.04761904761905,105,0,105,0,0,0.0,1.6139200935165594,1.5790938141887374,1.4818867619979954,1.2161127772706692,0.48500680738465596,1.3095923271936456,3.3047619047619046,3.1678296249359845,0.38682638350819687,0.0,0.0,0.0,0.0,0.0,0,0,0,0,0,0.0,0.2857142857142857,0.2620565553945178,0.26639675327133566,0.9073514044396853,0.5343677619993025,0.0,0.2812046444121916,0.027331790883088812
686,103,98.0952380952381,105,1,104,0,0,0.009523809523809525,1.6065962167917935,1.5721388934281688,1.4431650633594442,1.2174479238005056,0.4993761263572296,1.3056818480824317,3.3047619047619046,3.1678296249359845,0.3859499424786119,0.5357375514773606,0.0020449936260790143,1.0,0.4642624485226394,0.03272279839411674,0,1,0,0,0,0.0,0.2857142857142857,0.2593067005009122,0.270223724145688,0.9199321762165286,0.5358577125039322,0.009523809523809525,0.2812046444121916,0.02731631908311921
687,103,98.0952380952381,105,0,105,0,0,0.0,1.596198894135912,1.562274809430056,1.3839462296085006,1.2184734111910147,0.5124569873687093,1.3217614039545684,3.3047619047619046,3.1678296249359845,0.38267955595544634,0.0,0.0,0.0,0.0,0.0,0,0,0,0,0,0.0,0.29523809523809524,0.25400262611175256,0.2747990664421039,0.9166517556965568,0.5310493591664585,0.0,0.2812046444121916,0.02728057531651807
688,103,98.0952380952381,105,0,105,0,0,0.0,1.601200570571702,1.5669291259926132,1.385784898459377,1.2195843655432932,0.5140503356887302,1.3214945493747619,3.3047619047619046,3.1678296249359845,0.38117329666356503,0.0,0.0,0.0,0.0,0.0,0,0,0,0,0,0.0,0.2857142857142857,0.2527007262536331,0.26721453784765725,0.9085971819475093,0.5308799451181891,0.0,0.31930333817126266,0.027323180269242516
689,104,99.04761904761905,105,0,105,0,0,0.0,1.5903493901513726,1.556277039869429,1.3001408296166657,1.2203901748025738,0.5233652660569216,1.3233133060664595,3.3047619047619046,3.1678296249359845,0.37677162400785535,0.0,0.0,0.0,0.0,0.0,0,0,0,0,0,0.0,0.29523809523809524,0.24531449612184655,0.2957743124776785,0.8997820159524776,0.5186639694182467,0.0,0.2812046444121916,0.027281687699358854
690,104,99.04761904761905,105,0,104,1,0,0.0,1.5739734381230321,1.5414806315766407,1.1907046304415616,1.220795477393158,0.540397133458255,1.3485274123010358,3.3047619047619046,3.1678296249359845,0.37071203403280695,0.19679978725059694,0.0005868557466895763,0.0,0.19679978725059694,3.7367157639356385e-05,0,0,0,1,0,0.0,0.29523809523809524,0.23514078177373154,0.29664434774324383,0.9039006732012536,0.5131692286585241,0.0,0.2812046444121916,0.02720622758698473
691,104,99.04761904761905,105,1,103,1,0,0.009523809523809525,1.5797897641795868,1.5456907380250893,1.155327061457357,1.2213426612572007,0.5356550161945897,1.2847736943812964,3.3047619047619046,3.1678296249359845,0.36974083298265303,0.1684535681330648,0.0007525940353194298,0.0,0.1684535681330648,0.0028868981765401425,0,1,0,1,0,0.0,0.2857142857142857,0.23134402495357473,0.30619872167749224,0.9309900472072722,0.5068415741107953,0.009523809523809525,0.26197387518142234,0.027243976143541508
692,104,99.04761904761905,105,0,104,1,0,0.0,1.5920533926808733,1.5571012274708333,1.191884369651486,1.222113657791164,0.5359374598046444,1.3180082977248027,3.3047619047619046,3.1678296249359845,0.37179268406257937,0.12992245598346552,0.0008747310117506288,0.0,0.12992245598346552,0.006588474227901986,0,0,0,1,0,0.0,0.2857142857142857,0.2344422889892104,0.3106038442895856,0.9382257047964112,0.507997453099004,0.0,0.26197387518142234,0.027317506214353002
693,104,99.04761904761905,105,0,105,0,0,0.0,1.5989180304728983,1.5631868531611228,1.2348507436517615,1.2230144562713008,0.5215737379933202,1.3262206164884092,3.3047619047619046,3.1678296249359845,0.3719230563532532,0.0,0.0,0.0,0.0,0.0,0,0,0,0,0,0.0,0.2857142857142857,0.23679622721811258,0.2920551363307099,0.922262820190015,0.5100287163450881,0.0,0.2757619738751814,0.027366097283870502
694,104,99.04761904761905,105,0,105,0,0,0.0,1.5950486079702495,1.5594004265152004,1.1826775997635297,1.22379076095431,0.5296595156964942,1.320424437077736,3.3047619047619046,3.1678296249359845,0.371319242286694,0.0,0.0,0.0,0.0,0.0,0,0,0,0,0,0.0,0.29523809523809524,0.23338483713367447,0.3098198870325833,0.9305888159232293,0.5089348173124455,0.0,0.23766328011611032,0.027359046176221324
695,104,99.04761904761905,105,0,105,0,0,0.0,1.591226609207401,1.5558057802946044,1.141917989204659,1.224451375813281,0.5306982910437094,1.3111091079396433,3.3047619047619046,3.1678296249359845,0.37240827971965285,0.0,0.0,0.0,0.0,0.0,0,0,0,0,0,0.0,0.29523809523809524,0.23186094296425108,0.3260682896234086,0.9322595726598867,0.5089431169153665,0.0,0.26197387518142234,0.027350399759011684
696,105,100.0,105,0,105,0,0,0.0,1.6053717419404796,1.5691905303915348,1.190443118533676,1.225430268382078,0.5175969917519208,1.2947500349167345,3.3047619047619046,3.1678296249359845,0.37475314805581683,0.0,0.0,0.0,0.0,0.0,0,0,0,0,0,0.0,0.29523809523809524,0.2356382373245257,0.3277514797193787,0.9207089408212086,0.5110159316776902,0.0,0.26197387518142234,0.027436630247072404
697,105,100.0,105,0,105,0,0,0.0,1.6193712995378156,1.5819733545582797,1.3133263931483943,1.2267021017747708,0.5141482767918732,1.2953846332000305,3.3047619047619046,3.1678296249359845,0.37814431982754826,0.0,0.0,0.0,0.0,0.0,0,0,0,0,0,0.0,0.3142857142857143,0.24454139298141345,0.30640539893674695,0.9162360436842584,0.516683842234458,0.0,0.23766328011611032,0.02752677279255586
698,105,100.0,105,0,105,0,0,0.0,1.5994922650930783,1.5628432606903824,1.2172872234664909,1.2274488386278095,0.5223644230765837,1.2953287368822437,3.3047619047619046,3.1678296249359845,0.37461324307541566,0.0,0.0,0.0,0.0,0.0,0,0,0,0,0,0.0,0.3047619047619048,0.23777500959213044,0.3207778060915723,0.904580516020049,0.5108622657750812,0.0,0.3000725689404935,0.02743920529595761
699,104,99.04761904761905,105,1,104,0,0,0.009523809523809525,1.614093446228458,1.582616935986974,1.2802028760425035,1.2285506357639402,0.508463338539587,1.286771669594262,3.3047619047619046,3.1678296249359845,0.37661011562466595,0.203757721498895,0.0009167741316668956,0.0,0.203757721498895,0.01986149922885133,0,1,0,0,0,0.0,0.3047619047619048,0.24137116452380913,0.302017922369846,0.9091047987280068,0.517695947037406,0.009523809523809525,0.2946298984034833,0.02752966272967703
700,104,99.04761904761905,105,0,105,0,0,0.0,1.5988559663539883,1.5679928120447169,1.208560232221128,1.2293693174203264,0.5440726377747951,1.3261914927227536,3.3047619047619046,3.1678296249359845,0.37153610687018546,0.0,0.0,0.0,0.0,0.0,0,0,0,0,0,0.0,0.3047619047619048,0.2346306548046379,0.31536647636893705,0.9097329898194231,0.5054432169859826,0.0,0.3000725689404935,0.027466442550327142
701,104,99.04761904761905,105,0,105,0,0,0.0,1.6098216491386694,1.5795685105915742,1.274107416534869,1.2304554233629559,0.5102496134303036,1.2695507552417609,3.3047619047619046,3.1678296249359845,0.3741643930465035,0.0,0.0,0.0,0.0,0.0,0,0,0,0,0,0.0,0.3142857142857143,0.23865587886940062,0.29090717055014637,0.8965900470640462,0.517440710770391,0.0,0.26197387518142234,0.02753847395715495
702,104,99.04761904761905,105,0,105,0,0,0.0,1.6076157096053556,1.5780071208979525,1.2269893982977271,1.2314675535875566,0.510741317131969,1.2653819263145072,3.3047619047619046,3.1678296249359845,0.37326506223134226,0.0,0.0,0.0,0.0,0.0,0,0,0,0,0,0.0,0.3047619047619048,0.234831320414737,0.29815113231146734,0.9044451403380491,0.5166521668158015,0.0,0.2946298984034833,0.027543475540037297
703,104,99.04761904761905,105,0,105,0,0,0.0,1.6139687884106872,1.5844314219888096,1.2798160648042975,1.2326104299815803,0.4963931095280998,1.279320125882408,3.3047619047619046,3.1678296249359845,0.37578787514739354,0.0,0.0,0.0,0.0,0.0,0,0,0,0,0,0.0,0.3142857142857143,0.23888251240001043,0.2867902403015678,0.9202174942480802,0.5218593332705045,0.0,0.2946298984034833,0.027593343122557103
704,105,100.0,105,0,105,0,0,0.0,1.6111972681985238,1.5814643825653079,1.2957061326007615,1.2336419093955449,0.49994021498155156,1.292349088564725,3.3047619047619046,3.1678296249359845,0.3760710219048429,0.0,0.0,0.0,0.0,0.0,0,0,0,0,0,0.0,0.29523809523809524,0.2404778407316848,0.283119905010315,0.923939165413649,0.5245129918977999,0.0,0.26197387518142234,0.027595823276721623
705,105,100.0,105,0,105,0,0,0.0,1.6170945300499706,1.5868701068111593,1.2946960347151744,1.2347777086063407,0.5041991388070657,1.300162122916273,3.3047619047619046,3.1678296249359845,0.3772039512856664,0.0,0.0,0.0,0.0,0.0,0,0,0,0,0,0.0,0.29523809523809524,0.24097974449125995,0.2848819596685713,0.9140939029664156,0.5237096746200988,0.0,0.26197387518142234,0.027643299677918547
706,105,100.0,105,0,104,1,0,0.0,1.6086310278533626,1.5798287311320232,1.2900850609834686,1.2356990806054438,0.49781260562540686,1.2821601613044298,3.3047619047619046,3.1678296249359845,0.37669696827158816,0.42088125118685327,0.00157484131309723,0.0,0.42088125118685327,0.008490474100428302,0,0,0,1,0,0.0,0.3333333333333333,0.24035775470909537,0.2718951669240624,0.923939165413649,0.5271612610599765,0.0,0.26197387518142234,0.027615575914507234
707,104,99.04761904761905,105,1,104,0,0,0.009523809523809525,1.6206189465301772,1.593485476205675,1.416849365945985,1.2368853592035003,0.4729812247443423,1.2603011992164679,3.3047619047619046,3.1678296249359845,0.38462763626662877,0.444129982215984,0.0016449589530159272,0.0,0.444129982215984,0.0077284886023150645,0,1,0,0,0,0.0,0.3238095238095238,0.25301853840594707,0.2541849367673464,0.9209274945323802,0.5354500861069926,0.009523809523809525,0.26197387518142234,0.027694305150323062
708,104,99.04761904761905,105,0,105,0,0,0.0,1.630295930644723,1.6025733201366807,1.5022216341549453,1.238316372285444,0.4590915254713949,1.258757414436699,3.3047619047619046,3.1678296249359845,0.38921432711314563,0.0,0.0,0.0,0.0,0.0,0,0,0,0,0,0.0,0.3333333333333333,0.2608553015775277,0.2472560959499212,0.912895261096428,0.5441226680155836,0.0,0.3000725689404935,0.02776535609906905
709,103,98.0952380952381,105,1,104,0,0,0.009523809523809525,1.6353375989202308,1.6063795956798255,1.5423083220890716,1.2398227040010434,0.4593513342139322,1.2525953244615,3.3047619047619046,3.1678296249359845,0.3913997527846065,0.31957063120315876,0.0004488935303741756,0.0,0.31957063120315876,-0.001514412422216893,0,1,0,0,0,0.0,0.3333333333333333,0.2647210915158675,0.24230318277482288,0.9226749585108791,0.5458650958086464,0.009523809523809525,0.3000725689404935,0.027814423451614872
710,103,98.0952380952381,105,0,105,0,0,0.0,1.618687980573037,1.5901450464053506,1.4406872186446826,1.2408457017746004,0.47898050557757094,1.2676434648778363,3.3047619047619046,3.1678296249359845,0.38617303727835806,0.0,0.0,0.0,0.0,0.0,0,0,0,0,0,0.0,0.3523809523809524,0.2565032228775955,0.25398652097756247,0.9183652046650529,0.5369318671974698,0.0,0.3000725689404935,0.027747378773145488
711,103,98.0952380952381,105,0,104,1,0,0.0,1.614257862747347,1.5848478062441225,1.45263191578741,1.2417020466871194,0.4795327519954155,1.2694585085239862,3.3047619047619046,3.1678296249359845,0.3869490828263138,0.12476596532033335,0.0006628373897158847,0.0,0.12476596532033335,0.010225477551723872,0,0,0,1,0,0.0,0.3333333333333333,0.2585873230251872,0.2555268995484133,0.9140887493968131,0.5353525393312948,0.0,0.3000725689404935,0.027738791957932246
712,104,99.04761904761905,105,0,104,1,0,0.0,1.6257387087316555,1.596315006337707,1.4834217846044908,1.24282187314118,0.4687337781530695,1.2486747765332626,3.3047619047619046,3.1678296249359845,0.3874171638336841,0.1436971407355895,0.0006494192806449393,0.0,0.1436971407355895,0.008841706433454444,0,0,0,1,0,0.0,0.3333333333333333,0.2592348419641984,0.25082867012247256,0.925526913728325,0.5390832411395153,0.0,0.3000725689404935,0.02781393328493359
713,104,99.04761904761905,105,0,105,0,0,0.0,1.6261572757114373,1.5975037575913802,1.4561192235860663,1.2439363514925856,0.4750860448629293,1.2530137485612851,3.3047619047619046,3.1678296249359845,0.38326173240645556,0.0,0.0,0.0,0.0,0.0,0,0,0,0,0,0.0,0.3142857142857143,0.25373297782873006,0.24478188277204405,0.9216640511983913,0.5372932460820699,0.0,0.26197387518142234,0.02783367850752216
714,105,100.0,105,0,104,1,0,0.0,1.6341880661958177,1.6047184277199285,1.4932135275627947,1.2451983638347506,0.4649858484549058,1.2506809489135178,3.3047619047619046,3.1678296249359845,0.3879869750252971,0.172956551199821,0.0006989347297568736,0.0,0.172956551199821,0.010496610364230441,0,0,0,1,0,0.0,0.3142857142857143,0.2590174728371655,0.24360957454257515,0.941161077299504,0.5441607910621132,0.0,0.26197387518142234,0.027893821660366788
715,105,100.0,105,0,104,1,0,0.0,1.6488556563521322,1.6184264513307345,1.609699264102639,1.2467677952424194,0.46731815239775715,1.2689701243409077,3.3047619047619046,3.1678296249359845,0.3875476845893919,0.14146075815897713,0.0006560691693015985,0.0,0.14146075815897713,0.013384735023988181,0,0,0,1,0,0.0,0.2857142857142857,0.263778768832093,0.22989165248218402,0.9267225852492831,0.5452944683003398,0.0,0.3000725689404935,0.02799201806768595
716,105,100.0,105,0,104,1,0,0.0,1.6683253825091227,1.6367094142761145,1.7129895168868488,1.2487508482302128,0.45220645668848364,1.2491028087617009,3.3047619047619046,3.1678296249359845,0.3909750608128435,0.20703667699601014,0.0009274583361158044,0.0,0.20703667699601014,0.01934966824400325,0,0,0,1,0,0.0,0.3142857142857143,0.27056234897376186,0.22676791383124828,0.9292828912058952,0.5488431923616228,0.0,0.26197387518142234,0.028120776568483653
717,105,100.0,105,0,103,2,0,0.0,1.6655374413998656,1.6344950930112738,1.7218145843697656,1.2506149647379659,0.4339880268243096,1.222821369062716,3.3047619047619046,3.1678296249359845,0.3919367425387459,0.17489336485482856,0.0005444418763600526,0.0,0.17489336485482856,0.012043881979220378,0,0,0,2,0,0.0,0.3047619047619048,0.2713507550184495,0.219426806445762,0.9353197973204608,0.5574457369518004,0.0,0.26197387518142234,0.028136362880425328
718,105,100.0,105,0,104,1,0,0.0,1.6661512434817722,1.6363662754500314,1.659043902928965,1.2524674499080475,0.44526167889783386,1.2401224709375542,3.3047619047619046,3.1678296249359845,0.3883797688456827,0.19455716457836963,0.0008291299513607064,0.0,0.19455716457836963,0.017905062205764988,0,0,0,1,0,0.0,0.34285714285714286,0.2644875780246314,0.20733330576247008,0.9386520600568772,0.555491169451565,0.0,0.26197387518142234,0.02816877367784256
719,104,99.04761904761905,105,1,104,0,0,0.009523809523809525,1.6750413651660703,1.648863897315384,1.7367423113448826,1.2544813699586324,0.42060405597454786,1.2213388403753869,3.3047619047619046,3.1678296249359845,0.3906688431163028,0.13813467505747873,0.00041794629718281827,0.0,0.13813467505747873,0.014976073752463182,0,1,0,0,0,0.0,0.3333333333333333,0.2690611157121424,0.19987848201112954,0.9407902343010186,0.555167951994412,0.009523809523809525,0.2808417997097242,0.028245123064256524
720,104,99.04761904761905,105,0,105,0,0,0.0,1.662574192422378,1.6374492890599863,1.6191747597517736,1.256238820419497,0.45433495213884717,1.2775592742797344,3.3047619047619046,3.1678296249359845,0.3851595390634397,0.0,0.0,0.0,0.0,0.0,0,0,0,0,0,0.0,0.3333333333333333,0.25916984372245405,0.20525757214256857,0.9344573923721944,0.5490903298527345,0.0,0.24274310595065313,0.028210623718709485
721,104,99.04761904761905,105,0,105,0,0,0.0,1.6691375457331739,1.6441230149645867,1.6663686733403547,1.2581097276570525,0.44186445266768837,1.279097546894853,3.3047619047619046,3.1678296249359845,0.3892667828447882,0.0,0.0,0.0,0.0,0.0,0,0,0,0,0,0.0,0.3142857142857143,0.2643823351947903,0.20163389229905995,0.9424848662183887,0.5541432443067911,0.0,0.2808417997097242,0.02827307406212664
722,104,99.04761904761905,105,0,105,0,0,0.0,1.675164871179352,1.649399511892089,1.6448255096749123,1.2600550880871448,0.44562627336100064,1.2740255806383345,3.3047619047619046,3.1678296249359845,0.39027760579328175,0.0,0.0,0.0,0.0,0.0,0,0,0,0,0,0.0,0.29523809523809524,0.26371337130716976,0.21311571882287675,0.9387535715318471,0.5559458833582549,0.0,0.2808417997097242,0.028334023541365657
723,104,99.04761904761905,105,0,105,0,0,0.0,1.6853708511795031,1.6600214795507664,1.6101968383256793,1.262208011483815,0.466492675171383,1.2590537838229126,3.3047619047619046,3.1678296249359845,0.3881564893210421,0.0,0.0,0.0,0.0,0.0,0,0,0,0,0,0.0,0.29523809523809524,0.2588761656106703,0.2266171735557497,0.937304398014782,0.5514786968067678,0.0,0.3189404934687954,0.02841915391394736
724,105,100.0,105,0,105,0,0,0.0,1.6936093105551027,1.667669310277843,1.6648402965483213,1.2644865501332727,0.45326590643403186,1.231452383232013,3.3047619047619046,3.1678296249359845,0.3904365286428906,0.0,0.0,0.0,0.0,0.0,0,0,0,0,0,0.0,0.3047619047619048,0.2629237553997704,0.2320168443315601,0.9311802696675053,0.5519005159687052,0.0,0.2808417997097242,0.028496436322001925
725,105,100.0,105,0,105,0,0,0.0,1.687611894807663,1.6619972065874449,1.6559333638078229,1.2665491624955287,0.451861300307742,1.243549588217059,3.3047619047619046,3.1678296249359845,0.39336135722572885,0.0,0.0,0.0,0.0,0.0,0,0,0,0,0,0.0,0.34285714285714286,0.2651743925589291,0.2319644271630807,0.9387204848656326,0.5566297299282186,0.0,0.3189404934687954,0.0284991192659943
726,105,100.0,105,0,105,0,0,0.0,1.6870510745428329,1.661586172092697,1.5967119928835565,1.2685360181143301,0.4709332440825672,1.2820407222637327,3.3047619047619046,3.1678296249359845,0.39080353764470344,0.0,0.0,0.0,0.0,0.0,0,0,0,0,0,0.0,0.3142857142857143,0.26000267493400053,0.25039704000361646,0.9444027412877709,0.5467699620072158,0.0,0.2808417997097242,0.028527785265118694
727,105,100.0,105,0,105,0,0,0.0,1.6926358023500694,1.6678718540827446,1.5882015560150102,1.2706192292892031,0.4552907474517902,1.247272525558007,3.3047619047619046,3.1678296249359845,0.3929749585650053,0.0,0.0,0.0,0.0,0.0,0,0,0,0,0,0.0,0.3142857142857143,0.26083860991822666,0.2585214861772514,0.9302401419934403,0.5490431060464559,0.0,0.3189404934687954,0.028588705194528677
728,104,99.04761904761905,105,1,103,1,0,0.009523809523809525,1.7085909934497492,1.6832477535297061,1.6368920321263263,1.2730364345152771,0.45475282302150083,1.189110836477207,3.3047619047619046,3.1678296249359845,0.3943489337183004,0.3294196633255006,0.0012012792086914794,0.5,0.29012285104462693,0.007671145634099652,0,1,0,1,0,0.0,0.3238095238095238,0.2627903146536601,0.2580776188613921,0.9197649240204879,0.5501167339457376,0.009523809523809525,0.3189404934687954,0.028706767621650614
729,104,99.04761904761905,105,0,104,1,0,0.0,1.703028618716497,1.6784520745729616,1.592396654214343,1.2752452108534131,0.46885480101783183,1.2112081225099094,3.3047619047619046,3.1678296249359845,0.39153557580888587,0.11518554688673352,0.000878737871652734,0.0,0.11518554688673352,-0.017086149982428744,0,0,0,1,0,0.0,0.3333333333333333,0.25798925234529696,0.24692156532670367,0.9348616133023118,0.550553803475,0.0,0.2808417997097242,0.028713940883578377
730,104,99.04761904761905,105,0,104,1,0,0.0,1.6972525271353869,1.6722752424168232,1.5549569476522054,1.2772274797052214,0.46794332650900006,1.189761619655765,3.3047619047619046,3.1678296249359845,0.3904880879775634,0.12284107222628851,0.0008684967645503042,0.0,0.12284107222628851,-0.018951632184300626,0,0,0,1,0,0.0,0.3523809523809524,0.2556046132908726,0.244342217182272,0.9232879987520297,0.5519047739971896,0.0,0.24274310595065315,0.028716457875639555
731,104,99.04761904761905,105,0,105,0,0,0.0,1.6925893502883345,1.6675063866436166,1.5744503587432765,1.279026098276333,0.4727111952996005,1.2016972422505063,3.3047619047619046,3.1678296249359845,0.3910734603289139,0.0,0.0,0.0,0.0,0.0,0,0,0,0,0,0.0,0.3523809523809524,0.2575531628960849,0.24344391044067581,0.9142201000849913,0.5527159335538243,0.0,0.2808417997097242,0.028721630577371933
732,104,99.04761904761905,105,0,105,0,0,0.0,1.674632759155753,1.6507690522635439,1.524957616361252,1.2803435714859763,0.4753091870717201,1.2052998544858757,3.3047619047619046,3.1678296249359845,0.3900881684673352,0.0,0.0,0.0,0.0,0.0,0,0,0,0,0,0.0,0.3619047619047619,0.2555773064512725,0.23563671906832726,0.8987574426416165,0.5561563304542891,0.0,0.2808417997097242,0.02865271527502686
733,105,100.0,105,0,105,0,0,0.0,1.6746329747971995,1.6508576305011444,1.5958834301713178,1.2816215541951053,0.46662119007119035,1.1977270954997234,3.3047619047619046,3.1678296249359845,0.3925712605433149,0.0,0.0,0.0,0.0,0.0,0,0,0,0,0,0.0,0.37142857142857144,0.26098467209084547,0.21533083620153196,0.8987574426416165,0.5639204945982014,0.0,0.2808417997097242,0.028672958510664766
734,105,100.0,105,0,105,0,0,0.0,1.6677915990439043,1.643749377670828,1.6038400190735702,1.2826789107181937,0.46372785176279885,1.2118462983410123,3.3047619047619046,3.1678296249359845,0.39362862264821463,0.0,0.0,0.0,0.0,0.0,0,0,0,0,0,0.0,0.38095238095238093,0.263165211247582,0.20791198389095353,0.9076894968641109,0.5633878119069996,0.0,0.2808417997097242,0.028655499258488086
735,105,100.0,105,0,105,0,0,0.0,1.6682201096501033,1.6445409116059142,1.5866529247840735,1.283722831545292,0.46580821468519057,1.2360274622025764,3.3047619047619046,3.1678296249359845,0.39416048256620195,0.0,0.0,0.0,0.0,0.0,0,0,0,0,0,0.0,0.3523809523809524,0.2629138116323478,0.2096652403963647,0.9277913356399698,0.5639884466015966,0.0,0.2808417997097242,0.028674176628129933
736,105,100.0,105,0,105,0,0,0.0,1.670732384445916,1.6469701222000235,1.5687227169126103,1.2847952453414506,0.47093458254220333,1.2323615877627685,3.3047619047619046,3.1678296249359845,0.39297082530981786,0.0,0.0,0.0,0.0,0.0,0,0,0,0,0,0.0,0.3333333333333333,0.26093264646816483,0.21718311642345883,0.936534406848215,0.5592561433290663,0.0,0.2427431059506531,0.028703724123077298
737,105,100.0,105,0,105,0,0,0.0,1.668997542640637,1.645577741041704,1.5181069968961454,1.2857984002854124,0.49310170252992636,1.2519259264912717,3.3047619047619046,3.1678296249359845,0.39207688771031135,0.0,0.0,0.0,0.0,0.0,0,0,0,0,0,0.0,0.3523809523809524,0.2577364943615927,0.2273560954437966,0.943191563753117,0.5553333167837573,0.0,0.2808417997097242,0.02871093903380032
738,105,100.0,105,0,105,0,0,0.0,1.6721512366523976,1.6485640584376509,1.5579261274625826,1.286845458147606,0.485848812211812,1.242901259145734,3.3047619047619046,3.1678296249359845,0.397382518009578,0.0,0.0,0.0,0.0,0.0,0,0,0,0,0,0.0,0.34285714285714286,0.26407585302523434,0.22960031102827613,0.9366376173774231,0.5639878744374224,0.0,0.2808417997097242,0.02874329200843352
739,105,100.0,105,0,105,0,0,0.0,1.6794099246279424,1.6551698669065225,1.646727754048725,1.2880267556067655,0.46312783044581013,1.2169741033134946,3.3047619047619046,3.1678296249359845,0.4028914585190493,0.0,0.0,0.0,0.0,0.0,0,0,0,0,0,0.0,0.3523809523809524,0.27315069783134954,0.2248801154192377,0.9363404039036072,0.5697708386442154,0.0,0.2808417997097242,0.02879829619374618
740,105,100.0,105,0,105,0,0,0.0,1.693521830595308,1.6692453175947208,1.7051107728203279,1.2895273406124503,0.4518924556873844,1.2119726142916958,3.3047619047619046,3.1678296249359845,0.4022987563658329,0.0,0.0,0.0,0.0,0.0,0,0,0,0,0,0.0,0.37142857142857144,0.27409590814651175,0.21492718435876101,0.9363355925627411,0.574867748254333,0.0,0.2808417997097242,0.028892623711761725
741,105,100.0,105,0,105,0,0,0.0,1.6820057779264963,1.6586500912224176,1.6314717741784954,1.2907118786658973,0.46429860577623383,1.2207113813353236,3.3047619047619046,3.1678296249359845,0.39755959840412913,0.0,0.0,0.0,0.0,0.0,0,0,0,0,0,0.0,0.3523809523809524,0.2672894986828904,0.21674479439151587,0.9526011204153555,0.5681691160711339,0.0,0.2427431059506531,0.028853805522105532
742,105,100.0,105,0,104,1,0,0.0,1.7021258881618713,1.6781307311191263,1.7405280355485413,1.2923525833573886,0.45014456202116365,1.197520220165926,3.3047619047619046,3.1678296249359845,0.40099949659382417,0.13456870894405115,0.0016175251163247236,0.0,0.13456870894405115,0.004133901227269643,0,0,0,1,0,0.0,0.3523809523809524,0.2739119935490733,0.21042864403032158,0.9492755063520484,0.5757138955173041,0.0,0.2808417997097242,0.02898039343791979
743,105,100.0,105,0,104,1,0,0.0,1.7023266918948798,1.6782040631478867,1.7101405262510747,1.2939431717465901,0.4558268875896987,1.2232542742026498,3.3047619047619046,3.1678296249359845,0.39797397326884476,0.1384973005883233,0.0014543477912767233,0.0,0.1384973005883233,0.006493304942067124,0,0,0,1,0,0.0,0.3238095238095238,0.27000463752951165,0.21027043531034278,0.9485831316843242,0.5682730605439787,0.0,0.2808417997097242,0.029006591021686796
744,105,100.0,105,0,105,0,0,0.0,1.701120528125415,1.677546459061769,1.7066609275959659,1.295466707583944,0.4757748563837553,1.233291807797962,3.3047619047619046,3.1678296249359845,0.39500550340593277,0.0,0.0,0.0,0.0,0.0,0,0,0,0,0,0.0,0.34285714285714286,0.2668638761962877,0.21070659060164207,0.9260119798735829,0.5684943623240443,0.0,0.3189404934687954,0.029024691712640577
745,105,100.0,105,0,104,1,0,0.0,1.7079805545348559,1.6838962979221632,1.827046996491046,1.2971029020629399,0.47193045764274616,1.2454143900251147,3.3047619047619046,3.1678296249359845,0.3985370821463923,0.19385871957048936,0.001803252268320359,0.0,0.19385871957048936,0.007318286477597358,0,0,0,1,0,0.0,0.3238095238095238,0.275701025679996,0.20576765059668709,0.9260119798735829,0.5722019207499883,0.0,0.3189404934687954,0.02908490777140138
746,105,100.0,105,0,105,0,0,0.0,1.7182447712859243,1.6935712247883818,1.8790765864596968,1.2989324528480757,0.46208750106534896,1.2364753871199017,3.3047619047619046,3.1678296249359845,0.3990988409057079,0.0,0.0,0.0,0.0,0.0,0,0,0,0,0,0.0,0.3333333333333333,0.27782875705420185,0.19866619553600992,0.9260119798735829,0.5746766180292154,0.0,0.3189404934687954,0.02916520738104411
747,105,100.0,105,0,105,0,0,0.0,1.7147177215433211,1.6900601167171063,1.8957341133210472,1.3006150658441207,0.45912599028954926,1.2313634117598504,3.3047619047619046,3.1678296249359845,0.4011177663821899,0.0,0.0,0.0,0.0,0.0,0,0,0,0,0,0.0,0.3333333333333333,0.2805454096902885,0.1942352771048222,0.9197489228055012,0.5736398235412107,0.0,0.3189404934687954,0.029174223288811967
748,105,100.0,105,0,105,0,0,0.0,1.7365810886333701,1.711574833215545,1.9408954346658087,1.3027896161775703,0.4406559214321946,1.2093380133415457,3.3047619047619046,3.1678296249359845,0.4022491790309475,0.0,0.0,0.0,0.0,0.0,0,0,0,0,0,0.0,0.34285714285714286,0.28142385691431465,0.1922684731019121,0.9286371225034811,0.5772754204701847,0.0,0.2764876632801161,0.02931798314909829
749,104,99.04761904761905,105,1,104,0,0,0.009523809523809525,1.7467602932489634,1.7223150358681525,1.9728203186822015,1.305152617621804,0.4413001333053193,1.1982979504585702,3.3047619047619046,3.1678296249359845,0.4031483651004455,0.40650061154443173,0.0011720340669505204,0.0,0.40650061154443173,0.03755057744370677,0,1,0,0,0,0.0,0.3333333333333333,0.28234236885219244,0.1842692559469891,0.93264384565279,0.5828927496551766,0.009523809523809525,0.2808417997097242,0.02940630710207031
750,104,99.04761904761905,105,0,105,0,0,0.0,1.7575875131334082,1.733728634968105,1.995232274538769,1.3077448618017675,0.4242542927926715,1.186517121124256,3.3047619047619046,3.1678296249359845,0.40496341856550266,0.0,0.0,0.0,0.0,0.0,0,0,0,0,0,0.0,0.3333333333333333,0.2835610897887965,0.17781438788346562,0.9197489228055012,0.5893620566795991,0.0,0.3189404934687954,0.029501502141034315
751,104,99.04761904761905,105,0,104,1,0,0.0,1.7696980623774399,1.7462107980607349,2.0799677629657736,1.3105713190308723,0.4055056522356815,1.16245761349627,3.3047619047619046,3.1678296249359845,0.4069773736225444,0.4459663647348504,0.0003014866580577381,0.0,0.4459663647348504,0.023639211742097516,0,0,0,1,0,0.0,0.3523809523809524,0.287651073753813,0.16904651235602083,0.9109225709291953,0.5945130318438229,0.0,0.3189404934687954,0.029606823561974333
752,104,99.04761904761905,105,0,104,1,0,0.0,1.7609034953746583,1.737711177484691,2.020974842571083,1.3130928361116456,0.4115756902703177,1.1712227295006032,3.3047619047619046,3.1678296249359845,0.40392339898432295,0.42682459679453894,0.0002680501551956323,0.0,0.42682459679453894,0.024708274553618237,0,0,0,1,0,0.0,0.34285714285714286,0.282825391381898,0.16479259874855778,0.9255055656345232,0.5920520735735788,0.0,0.2808417997097242,0.029602789409501704
753,102,97.14285714285714,105,2,102,1,0,0.01904761904761905,1.7554354758153679,1.736728049468789,2.095724333973446,1.3154207209221551,0.4113797675914052,1.1803302652076288,3.3047619047619046,3.1678296249359845,0.4060578633841432,0.3463459841425118,0.0010923919233322668,0.0,0.3463459841425118,0.01805051159146372,0,2,0,1,0,0.0,0.3619047619047619,0.2878354280254579,0.16433420342528485,0.9248547222690862,0.5930307603170907,0.01904761904761905,0.3189404934687954,0.029612321024036107
754,103,98.0952380952381,105,0,105,0,0,0.0,1.7389746403991255,1.7211150086989415,2.020008683675387,1.3173680265320644,0.4226928717400855,1.1937105689955796,3.3047619047619046,3.1678296249359845,0.4045855280961921,0.0,0.0,0.0,0.0,0.0,0,0,0,0,0,0.0,0.3523809523809524,0.28498426456551346,0.16769949891547706,0.9312263653678086,0.5882736814058658,0.0,0.3189404934687954,0.029560860508954265
755,103,98.0952380952381,105,0,105,0,0,0.0,1.7338569113635274,1.7163867660881382,1.989196748945795,1.3191338186818438,0.4346115778850223,1.2093486722954263,3.3047619047619046,3.1678296249359845,0.4010137485588523,0.0,0.0,0.0,0.0,0.0,0,0,0,0,0,0.0,0.3523809523809524,0.28094213853775657,0.16115576132152837,0.9325251155143723,0.5859988236242357,0.0,0.2808417997097242,0.029563240507194027
756,102,97.14285714285714,105,1,104,0,0,0.009523809523809525,1.7414046239778649,1.7210048018039563,1.9549478440070547,1.3210300228739695,0.4428970670968703,1.221457880799992,3.3047619047619046,3.1678296249359845,0.401031702047272,0.42170821669083586,0.000931011557477997,0.0,0.42170821669083586,0.03287166736942004,0,1,0,0,0,0.0,0.3523809523809524,0.2790505236039392,0.17082348250758603,0.9255107579599032,0.5831723754968027,0.009523809523809525,0.30007256894049344,0.029631013329339435
757,102,97.14285714285714,105,0,105,0,0,0.0,1.749756512062532,1.729689799428045,1.956731583866487,1.3230169431636911,0.4294813094208754,1.2002691688993619,3.3047619047619046,3.1678296249359845,0.4014434256428949,0.0,0.0,0.0,0.0,0.0,0,0,0,0,0,0.0,0.3523809523809524,0.27813071179008636,0.1694557696401042,0.9236963127581149,0.5835014753106047,0.0,0.30007256894049344,0.029704243894543604
758,103,98.0952380952381,105,1,104,0,0,0.009523809523809525,1.7519786080051292,1.7348072734604463,1.9491587686427376,1.3249826139166814,0.42826546324069625,1.2056099272714609,3.3047619047619046,3.1678296249359845,0.40149335703459266,0.1698129123594166,0.001451951363256541,0.0,0.1698129123594166,0.010470497894194075,0,1,0,0,0,0.0,0.37142857142857144,0.27808960178380326,0.17471697026040628,0.910816070200163,0.581418744535994,0.009523809523809525,0.30007256894049344,0.02974648892447755
759,103,98.0952380952381,105,0,105,0,0,0.0,1.7574807510456028,1.74015941105618,1.971984210418457,1.3271096504234172,0.41419220067752544,1.1859205281257572,3.3047619047619046,3.1678296249359845,0.40167182878311203,0.0,0.0,0.0,0.0,0.0,0,0,0,0,0,0.0,0.37142857142857144,0.2789876959556935,0.1689087206355476,0.918279819855283,0.5857293936256066,0.0,0.3000725689404935,0.029807690085976713
760,103,98.0952380952381,105,0,105,0,0,0.0,1.7461561323836348,1.7286872372040925,1.8414527333465487,1.3288785709000308,0.43969502727630233,1.2079859769513446,3.3047619047619046,3.1678296249359845,0.39614557625682867,0.0,0.0,0.0,0.0,0.0,0,0,0,0,0,0.0,0.3619047619047619,0.2691671517792294,0.17555305528332546,0.9310167532855121,0.5755355787634081,0.0,0.26197387518142234,0.029779085186116733
761,104,99.04761904761905,105,0,105,0,0,0.0,1.724192924679479,1.7075752890609739,1.733252170572126,1.3300564225516014,0.45773697699132065,1.2190707572389703,3.3047619047619046,3.1678296249359845,0.39085310848539656,0.0,0.0,0.0,0.0,0.0,0,0,0,0,0,0.0,0.34285714285714286,0.26130100084072283,0.1673370707611765,0.9441542351366152,0.5671023423177478,0.0,0.26197387518142234,0.02968792531437408
762,104,99.04761904761905,105,0,105,0,0,0.0,1.7277333423941743,1.711258228530073,1.7347812261564801,1.3312902972676723,0.4505275829878064,1.2017034842022507,3.3047619047619046,3.1678296249359845,0.39146374407461093,0.0,0.0,0.0,0.0,0.0,0,0,0,0,0,0.0,0.37142857142857144,0.261046237077109,0.16493449424395168,0.9325494280393846,0.5687448559422373,0.0,0.26197387518142234,0.029725170927342705
763,105,100.0,105,0,105,0,0,0.0,1.7460937225208797,1.7290211411783345,1.8515334355832758,1.3329352439822515,0.43237286528983015,1.191931812925162,3.3047619047619046,3.1678296249359845,0.39769076825060923,0.0,0.0,0.0,0.0,0.0,0,0,0,0,0,0.0,0.3619047619047619,0.2702291034439405,0.17051396105984407,0.9327494088127515,0.5723627978735985,0.0,0.26197387518142234,0.029843027382645656
764,105,100.0,105,0,105,0,0,0.0,1.7501010031056563,1.7327524994221237,1.834545331026623,1.3346226440449793,0.4301412443628749,1.1943363028788103,3.3047619047619046,3.1678296249359845,0.3976395910175794,0.0,0.0,0.0,0.0,0.0,0,0,0,0,0,0.0,0.3619047619047619,0.26920546383747174,0.1719064416495334,0.9328291629540233,0.5686607021755882,0.0,0.26197387518142234,0.029889790765108677
765,105,100.0,105,0,105,0,0,0.0,1.7343145303620666,1.7172570799958913,1.7628781094975872,1.3358638953589548,0.4453782410712366,1.2096196213855563,3.3047619047619046,3.1678296249359845,0.3956442911627236,0.0,0.0,0.0,0.0,0.0,0,0,0,0,0,0.0,0.3523809523809524,0.26531580328414517,0.17610199550836986,0.9389329080741603,0.566429061097254,0.0,0.26197387518142234,0.02983051876481274
766,105,100.0,105,0,105,0,0,0.0,1.7327300538824166,1.7154257422951504,1.7914751379580496,1.337019415019513,0.44732533971322525,1.2433811595422057,3.3047619047619046,3.1678296249359845,0.39427963508187824,0.0,0.0,0.0,0.0,0.0,0,0,0,0,0,0.0,0.37142857142857144,0.26612401297664956,0.1577026472741961,0.9211388047133655,0.5669232982511225,0.0,0.26197387518142234,0.029840898829479053
767,105,100.0,105,0,105,0,0,0.0,1.7348306304189656,1.718281652923346,1.8087725197218234,1.3382107060922954,0.43413332095122853,1.2240242629485094,3.3047619047619046,3.1678296249359845,0.3942204854494984,0.0,0.0,0.0,0.0,0.0,0,0,0,0,0,0.0,0.3523809523809524,0.2654300274685404,0.14939699439257034,0.9259329354125613,0.5709399210999491,0.0,0.26197387518142234,0.029870270747923207
768,105,100.0,105,0,105,0,0,0.0,1.7324710253420663,1.7159241894520436,1.909284483286974,1.3393045147525624,0.43219259850224934,1.233810478734688,3.3047619047619046,3.1678296249359845,0.39809787214379755,0.0,0.0,0.0,0.0,0.0,0,0,0,0,0,0.0,0.3904761904761905,0.27368349000100495,0.13933080314620833,0.9474589242968822,0.5815344968956185,0.0,0.26197387518142234,0.029875797719928737
769,105,100.0,105,0,105,0,0,0.0,1.7420246326092745,1.72612036241486,1.9224907496151924,1.3406220713282297,0.4195297719064149,1.2095361236423883,3.3047619047619046,3.1678296249359845,0.39814736379002036,0.0,0.0,0.0,0.0,0.0,0,0,0,0,0,0.0,0.3904761904761905,0.2726596486123911,0.13774948267006965,0.944955676424438,0.5845213657791009,0.0,0.3000725689404935,0.029944434730029418
770,105,100.0,105,0,105,0,0,0.0,1.7326618256104216,1.7172132397875206,1.8994349597896176,1.3416721599809134,0.43950521170068757,1.2326387570503976,3.3047619047619046,3.1678296249359845,0.3948361631948778,0.0,0.0,0.0,0.0,0.0,0,0,0,0,0,0.0,0.38095238095238093,0.26942900332407044,0.13143570955667427,0.938354657739531,0.58093421134522,0.0,0.3000725689404935,0.029914253204749053
771,105,100.0,105,0,105,0,0,0.0,1.7252840794109345,1.710340767725947,1.8424585210297095,1.3425148170494237,0.4488910026824727,1.247090521805169,3.3047619047619046,3.1678296249359845,0.39060348564930436,0.0,0.0,0.0,0.0,0.0,0,0,0,0,0,0.0,0.3904761904761905,0.26363145145326344,0.12105969762154091,0.9436594800845323,0.5758716678030039,0.0,0.26197387518142234,0.029890711443878063
772,105,100.0,105,0,105,0,0,0.0,1.7279427972549135,1.7126309474954389,1.8422991790785852,1.3433888193722425,0.4377421417802174,1.2351364009203754,3.3047619047619046,3.1678296249359845,0.3906050292499812,0.0,0.0,0.0,0.0,0.0,0,0,0,0,0,0.0,0.3619047619047619,0.26389484445930056,0.12035599310069153,0.9368483772742692,0.5732947455341161,0.0,0.26197387518142234,0.029917848485350396
773,105,100.0,105,0,105,0,0,0.0,1.724623481388644,1.7087345266685368,1.7967533019979915,1.3441363892119436,0.43899282952110374,1.2427639820074132,3.3047619047619046,3.1678296249359845,0.3888048953986216,0.0,0.0,0.0,0.0,0.0,0,0,0,0,0,0.0,0.3619047619047619,0.26057996961433694,0.1154695132792559,0.9458662822073187,0.569957355470829,0.0,0.26197387518142234,0.02991309277544362
774,105,100.0,105,0,105,0,0,0.0,1.716137225829756,1.7010473994160353,1.7560254438003067,1.3446654652372665,0.44495417530926745,1.226965091312369,3.3047619047619046,3.1678296249359845,0.38910578659707284,0.0,0.0,0.0,0.0,0.0,0,0,0,0,0,0.0,0.3904761904761905,0.2595522729283043,0.11490806534358101,0.9310167532855121,0.5735780964726636,0.0,0.26197387518142234,0.029879041611183488
775,105,100.0,105,0,105,0,0,0.0,1.729646599025558,1.7143557301024215,1.7451581549922006,1.3455150492291743,0.43820568396260284,1.210922415077085,3.3047619047619046,3.1678296249359845,0.3895312690662176,0.0,0.0,0.0,0.0,0.0,0,0,0,0,0,0.0,0.3904761904761905,0.25787022186619746,0.11319272631408389,0.950994700643908,0.5766159682578047,0.0,0.26197387518142234,0.029960045163854677
776,105,100.0,105,0,105,0,0,0.0,1.7265202589852449,1.7106408007253824,1.7196248703867087,1.346243573741017,0.44103362546316727,1.234116295410493,3.3047619047619046,3.1678296249359845,0.3860021849548758,0.0,0.0,0.0,0.0,0.0,0,0,0,0,0,0.0,0.38095238095238093,0.2546374522017049,0.11110020865732409,0.9526173497101751,0.5688804107128447,0.0,0.26197387518142234,0.02995595267130865
777,105,100.0,105,0,105,0,0,0.0,1.715911771772037,1.700287845977756,1.679567583479924,1.3466866486635078,0.45203158735127263,1.2445831732986568,3.3047619047619046,3.1678296249359845,0.3840964927328332,0.0,0.0,0.0,0.0,0.0,0,0,0,0,0,0.0,0.37142857142857144,0.252097546482134,0.11249270754579645,0.9524864954779001,0.5666519021868894,0.0,0.26197387518142234,0.029909928164570276
778,105,100.0,105,0,105,0,0,0.0,1.7250444737856356,1.70946346710768,1.71883819910416,1.3473482221628834,0.4368902037275884,1.2220579772997402,3.3047619047619046,3.1678296249359845,0.3855292052063939,0.0,0.0,0.0,0.0,0.0,0,0,0,0,0,0.0,0.38095238095238093,0.25389329229547775,0.1051300830348447,0.9503340958633787,0.5669386300525547,0.0,0.26197387518142234,0.029966070435290242
779,105,100.0,105,0,105,0,0,0.0,1.7202012269681073,1.7038016483107443,1.752044358548048,1.3478453527224274,0.4330649871663554,1.259414363486313,3.3047619047619046,3.1678296249359845,0.3841754520838647,0.0,0.0,0.0,0.0,0.0,0,0,0,0,0,0.0,0.37142857142857144,0.2553845172873238,0.10282870280839662,0.951351250913017,0.5654600958064775,0.0,0.22387518142235122,0.029949728325772522
780,105,100.0,105,0,105,0,0,0.0,1.7283465319386881,1.710851100733153,1.8499846340299235,1.3485053867466184,0.4120514690828791,1.2516516831955375,3.3047619047619046,3.1678296249359845,0.3842689426049217,0.0,0.0,0.0,0.0,0.0,0,0,0,0,0,0.0,0.3619047619047619,0.2599972332576897,0.09255351112379416,0.9499597372348899,0.5665529302719501,0.0,0.22387518142235122,0.030000909227301916
781,105,100.0,105,0,105,0,0,0.0,1.722631574390581,1.7046406805050784,1.8716317739530266,1.3489871235920015,0.41634164624986075,1.2570814800932826,3.3047619047619046,3.1678296249359845,0.38370635981158197,0.0,0.0,0.0,0.0,0.0,0,0,0,0,0,0.0,0.38095238095238093,0.26160336745613694,0.08589236168581775,0.9421532204526291,0.5669749169946021,0.0,0.22387518142235122,0.02997996474081252
782,105,100.0,105,0,105,0,0,0.0,1.7159089565053898,1.6978543769638677,1.859904083741648,1.3492816170076694,0.42474597468703196,1.257282007653033,3.3047619047619046,3.1678296249359845,0.3820084268800241,0.0,0.0,0.0,0.0,0.0,0,0,0,0,0,0.0,0.3523809523809524,0.2599832035232394,0.08332027173848036,0.9273758497893256,0.5650629273577119,0.0,0.22387518142235124,0.02995101617621907
783,105,100.0,105,0,104,1,0,0.0,1.7177538659411207,1.6990073438537254,1.8587037696877866,1.3495960005950343,0.42754455699995175,1.2600677923543977,3.3047619047619046,3.1678296249359845,0.3841708152534704,0.20500722736858323,0.001378495422935023,0.0,0.20500722736858323,-0.004937749219855236,0,0,0,1,0,0.0,0.3333333333333333,0.26195806497036134,0.0913098475343664,0.9355044533993473,0.5653036102725093,0.0,0.22387518142235124,0.02996522029160597
784,105,100.0,105,0,104,1,0,0.0,1.718692140668778,1.699628308672347,1.8541132964977212,1.3499161619319702,0.43264407013350037,1.2609736939430962,3.3047619047619046,3.1678296249359845,0.38435958121765545,0.315678673326911,0.0018979400818233253,0.0,0.315678673326911,-0.028322493774906032,0,0,0,1,0,0.0,0.34285714285714286,0.2617798921579289,0.09878815397593615,0.9249540159281524,0.5659083089410432,0.0,0.26197387518142234,0.029974982748083776
785,104,99.04761904761905,105,1,103,1,0,0.009523809523809525,1.7284698631664341,1.7114742408354284,1.874233377808451,1.3504567760275519,0.41956447054132034,1.2307724942967788,3.3047619047619046,3.1678296249359845,0.3874704623436902,0.2957956105370623,0.0016027556338437398,0.0,0.2957956105370623,-0.011594393355434607,0,1,0,1,0,0.0,0.3619047619047619,0.2645441061514127,0.10648341892971258,0.9304242453478527,0.5666264148076455,0.009523809523809525,0.2812046444121916,0.030032434227310265
786,103,98.0952380952381,105,1,104,0,0,0.009523809523809525,1.7310177233564321,1.710079969949643,1.8982222734885326,1.3511094055534443,0.4375865432941363,1.3028776356095118,3.3047619047619046,3.1678296249359845,0.3887713694152235,0.3020003839500972,0.0018316656853652187,0.0,0.3020003839500972,-0.023073202854821617,0,1,0,0,0,0.0,0.34285714285714286,0.2680650468711949,0.11609857978153372,0.9071959442059389,0.5588899451835716,0.009523809523809525,0.3000725689404935,0.0300555106239914
787,103,98.0952380952381,105,0,104,1,0,0.0,1.7233690175233676,1.7021083619492248,1.9107774055402824,1.351444475889698,0.4406980387262968,1.3069264408199734,3.3047619047619046,3.1678296249359845,0.38650232490849024,0.1688766795153639,2.9895908437999966e-07,0.0,0.1688766795153639,0.015152718250570685,0,0,0,1,0,0.0,0.3333333333333333,0.267428098015672,0.11708344637370449,0.92358205943722,0.5540847917132812,0.0,0.3000725689404935,0.03002257432351419
788,103,98.0952380952381,105,0,105,0,0,0.0,1.7100968972754507,1.689390958564934,1.8458317577724666,1.3514466392310314,0.4610896218629299,1.3359100323748316,3.3047619047619046,3.1678296249359845,0.38460880449367973,0.0,0.0,0.0,0.0,0.0,0,0,0,0,0,0.0,0.34285714285714286,0.2642738798817097,0.12112740489177441,0.9259099875659471,0.5470747556268087,0.0,0.3000725689404935,0.02995624798775843
789,103,98.0952380952381,105,0,104,1,0,0.0,1.7009968790549646,1.6807319596181411,1.8317184975682612,1.3512292921743092,0.45181483357324226,1.3213220467041928,3.3047619047619046,3.1678296249359845,0.38424409504636725,0.23352553466581594,6.449728758690837e-07,0.0,0.23352553466581594,0.06005557415957477,0,0,0,1,0,0.0,0.34285714285714286,0.26442802052952824,0.11407224744300301,0.92358205943722,0.5508502435712617,0.0,0.3000725689404935,0.029907305304430115
790,103,98.0952380952381,105,1,102,2,0,0.009523809523809525,1.6970274776543635,1.6713984349218125,1.7920318776872433,1.3509127319375984,0.471479926542337,1.2962213996357042,3.3047619047619046,3.1678296249359845,0.3827751627999423,0.14975256366970924,3.760753425894801e-07,0.0,0.14975256366970924,0.02555407261686135,0,1,0,2,0,0.0,0.37142857142857144,0.2627671840336679,0.12483441878383683,0.9294077743933968,0.5526840265045752,0.009523809523809525,0.2946298984034833,0.029882444252947463
791,103,98.0952380952381,105,1,104,0,0,0.009523809523809525,1.686586716158667,1.6555849301317513,1.7999752410075696,1.3502139955651395,0.4825725228945072,1.3476672842663204,3.3047619047619046,3.1678296249359845,0.3844046791047835,0.6419812909587301,0.005099551502402861,1.0,0.35801870904126987,0.008765376882211684,0,1,0,0,0,0.0,0.3523809523809524,0.26594343664059356,0.1191414202638388,0.9326939346825397,0.5524561216234789,0.009523809523809525,0.31386066763425247,0.0298191730565655
792,103,98.0952380952381,105,0,105,0,0,0.0,1.6763210447996646,1.6453085191081114,1.6315829600481009,1.3491379731655169,0.5048394230777375,1.3454128459105863,3.3047619047619046,3.1678296249359845,0.3788020865919768,0.0,0.0,0.0,0.0,0.0,0,0,0,0,0,0.0,0.38095238095238093,0.2540533879435436,0.13403465960796576,0.9172779373450803,0.5433743774853721,0.0,0.3519593613933236,0.029750801421597393
793,102,97.14285714285714,105,1,103,1,0,0.009523809523809525,1.658240439333444,1.6259072075744816,1.549255890082075,1.347650301108897,0.52965013050277,1.3404913681373978,3.3047619047619046,3.1678296249359845,0.37822140080129074,0.40399974691087454,0.0020154443219560585,0.5,0.18561103421166375,0.006225914435556874,0,1,0,1,0,0.0,0.3904761904761905,0.25074568766807326,0.1317546485543758,0.9296225272483277,0.5472980230254161,0.009523809523809525,0.3138606676342526,0.02963683493620054
794,102,97.14285714285714,105,0,105,0,0,0.0,1.660155509731648,1.6290049229625638,1.503526574055498,1.3462423160628492,0.5257450029489693,1.3872114490332594,3.3047619047619046,3.1678296249359845,0.3770082999882878,0.0,0.0,0.0,0.0,0.0,0,0,0,0,0,0.0,0.3619047619047619,0.24688234852597002,0.1388685603509489,0.9384479247646743,0.5478345159515825,0.0,0.2808417997097242,0.029624109004489876
795,103,98.0952380952381,105,0,105,0,0,0.0,1.655008580947829,1.6239441028039334,1.4718374278190716,1.344750679056005,0.528287017570663,1.3768800948178586,3.3047619047619046,3.1678296249359845,0.3757842946023806,0.0,0.0,0.0,0.0,0.0,0,0,0,0,0,0.0,0.3904761904761905,0.2446566408511338,0.13632685881929488,0.9541083166087386,0.5482891115781124,0.0,0.24274310595065313,0.02957474810107112
796,104,99.04761904761905,105,0,104,1,0,0.0,1.6608523765866854,1.6296583785758292,1.4880980548818938,1.343451109384762,0.5220413030054316,1.3388135694131584,3.3047619047619046,3.1678296249359845,0.3799139339783748,0.15216561827026892,4.0315641684827776e-06,0.0,0.15216561827026892,0.0021335898555809793,0,0,0,1,0,0.0,0.4,0.24839383465317305,0.14091015289576403,0.9316138167194318,0.5563168777600052,0.0,0.3138606676342526,0.02958338300274424
797,104,99.04761904761905,105,0,105,0,0,0.0,1.6806910820083976,1.6487752123803718,1.5927908010330898,1.34267717884625,0.49993417201065316,1.339975361678726,3.3047619047619046,3.1678296249359845,0.38354361554591865,0.0,0.0,0.0,0.0,0.0,0,0,0,0,0,0.0,0.37142857142857144,0.2557713548259914,0.12923978680076284,0.947770934784599,0.5641548367794714,0.0,0.2808417997097242,0.029670318129415098
798,104,99.04761904761905,105,1,104,0,0,0.009523809523809525,1.677484249308879,1.6452090018016374,1.5203875486929552,1.3418758966828859,0.5109785608735867,1.333040957049056,3.3047619047619046,3.1678296249359845,0.3809846675696342,0.13582913442110453,1.2818502352149125e-06,0.0,0.13582913442110453,0.00836082104069244,0,1,0,0,0,0.0,0.37142857142857144,0.25019112887087996,0.10951476894180481,0.9529960052999141,0.5586141688423963,0.009523809523809525,0.26197387518142234,0.029641592339042316
799,104,99.04761904761905,105,0,104,1,0,0.0,1.6663431048792545,1.6348403490097987,1.4461271056587772,1.3407987200149616,0.5257874304110384,1.283100080037904,3.3047619047619046,3.1678296249359845,0.37719939769310895,0.10680170222548815,0.0021674484990090565,0.0,0.10680170222548815,-0.022018881684554126,0,0,0,1,0,0.0,0.37142857142857144,0.24343897659832955,0.10996771448573303,0.9484378392383976,0.553985884064225,0.0,0.26197387518142234,0.029568825056094494
800,103,98.0952380952381,105,1,104,0,0,0.009523809523809525,1.6559727523762606,1.6228872406644657,1.3803442971495832,1.3394970186638464,0.55247478645717,1.346764475006523,3.3047619047619046,3.1678296249359845,0.3732649219252986,0.7552251216800342,0.004511757698969773,1.0,0.2447748783199658,-0.00324342441832981,0,1,0,0,0,0.0,0.37142857142857144,0.23721645409295322,0.1197388890974506,0.9533621090007706,0.5371345981276175,0.009523809523809525,0.26197387518142234,0.029496355453065115
801,103,98.0952380952381,105,0,105,0,0,0.0,1.6556740058654895,1.6225881264017028,1.3276911527719013,1.3381846971685565,0.557204914630587,1.3450768758410834,3.3047619047619046,3.1678296249359845,0.3701730333753339,0.0,0.0,0.0,0.0,0.0,0,0,0,0,0,0.0,0.3619047619047619,0.23191215806591797,0.12804441202740485,0.9579493723341863,0.5300979149962965,0.0,0.26197387518142234,0.02947407566596016
802,103,98.0952380952381,105,0,105,0,0,0.0,1.6533365336600343,1.6207950504652522,1.3112563043095722,1.3368685065097985,0.5615766808453043,1.3482327698579257,3.3047619047619046,3.1678296249359845,0.37000210360522034,0.0,0.0,0.0,0.0,0.0,0,0,0,0,0,0.0,0.3904761904761905,0.231175604397632,0.13223839269411097,0.9232533239553662,0.5312980093403017,0.0,0.3000725689404935,0.0294415409661285
803,104,99.04761904761905,105,0,104,1,0,0.0,1.6641036030291296,1.6303932355265338,1.3860832153239546,1.3358372538485115,0.5619392894667855,1.3629343660172042,3.3047619047619046,3.1678296249359845,0.37170114049680336,0.5820626791400259,0.0030634862584315832,1.0,0.41793732085997415,0.012078961165364555,0,0,0,1,0,0.0,0.4,0.23630726710111558,0.1351278522310995,0.9409611217555309,0.5357848234865634,0.0,0.26197387518142234,0.029479042149317878
804,104,99.04761904761905,105,0,104,1,0,0.0,1.6627212077742755,1.629358419221155,1.376295188538517,1.3348124445405478,0.5671636601218496,1.3553879839114369,3.3047619047619046,3.1678296249359845,0.3710740091060247,0.6599399925107848,0.0032950139507914,1.0,0.34006000748921517,0.01850732646336839,0,0,0,1,0,0.0,0.37142857142857144,0.23524601271362708,0.13346432704200958,0.941187264886093,0.5392865140764969,0.0,0.26197387518142234,0.02945589806661522
805,103,98.0952380952381,105,2,103,0,0,0.01904761904761905,1.667909416747902,1.6367127696890023,1.3769464818060386,1.3339448265186196,0.5585317175156332,1.3393373360871124,3.3047619047619046,3.1678296249359845,0.3698905701319719,0.5450598304445411,0.0025504365498447844,0.5,0.3369785695984345,0.011645318761069223,0,2,0,0,0,0.0,0.3619047619047619,0.23428648815732572,0.14431008061395226,0.9620373800889038,0.5209316844571333,0.01904761904761905,0.24274310595065313,0.02946809678111839
806,103,98.0952380952381,105,0,105,0,0,0.0,1.6689139051991368,1.6375238173445341,1.3818416259625816,1.33318689880484,0.5605468043637286,1.3316556367809664,3.3047619047619046,3.1678296249359845,0.37281126895925265,0.0,0.0,0.0,0.0,0.0,0,0,0,0,0,0.0,0.3904761904761905,0.23676181687391984,0.15349915890319243,0.9649038482217484,0.5251413675282627,0.0,0.24274310595065313,0.02946111429404821
807,103,98.0952380952381,105,0,105,0,0,0.0,1.6663472884539412,1.6349464172894026,1.3478887943880173,1.3323876628357134,0.563017574970753,1.3383204723230537,3.3047619047619046,3.1678296249359845,0.370370880852148,0.0,0.0,0.0,0.0,0.0,0,0,0,0,0,0.0,0.38095238095238093,0.23310519259329593,0.16127335271648457,0.9426900794605444,0.5211314304597602,0.0,0.24274310595065315,0.029435621993420664
808,103,98.0952380952381,105,0,105,0,0,0.0,1.6656213405874616,1.6343945462151364,1.3708805787998846,1.331599759432084,0.5599531068424926,1.383923157799168,3.3047619047619046,3.1678296249359845,0.37103538572756345,0.0,0.0,0.0,0.0,0.0,0,0,0,0,0,0.0,0.37142857142857144,0.23479412309312905,0.15623557885224862,0.9467522078155339,0.5258046464480727,0.0,0.204644412191582,0.02941951253537024
809,103,98.0952380952381,105,0,105,0,0,0.0,1.6506663444834249,1.6193756109996085,1.3350923522452331,1.3304561960426056,0.5623027175035731,1.3770571102843738,3.3047619047619046,3.1678296249359845,0.3716554816162321,0.0,0.0,0.0,0.0,0.0,0,0,0,0,0,0.0,0.37142857142857144,0.23522545335666914,0.16782105391581612,0.9560047099566295,0.5220665830219713,0.0,0.204644412191582,0.029326624484934147
810,105,100.0,105,0,104,1,0,0.0,1.6565602876607435,1.6248901931372906,1.3396045356588646,1.3294886128462777,0.5635538743449559,1.362692679987336,3.3047619047619046,3.1678296249359845,0.37030820394817976,0.014424257220101573,0.0003186384864677267,0.0,0.014424257220101573,-0.011098233355130493,0,0,0,1,0,1.0,0.3904761904761905,0.2342189291577058,0.1733601164870711,0.9504684873021267,0.5213674186372924,0.0,0.204644412191582,0.029340768507251147
811,104,99.04761904761905,105,1,104,0,0,0.009523809523809525,1.644014872960762,1.6120415947337061,1.2713407111387474,1.3282480824696885,0.5782389866880226,1.376774728509561,3.3047619047619046,3.1678296249359845,0.3661606816650185,0.3883446167021975,0.0016021516028595089,0.0,0.3883446167021975,0.019584927515259642,0,1,0,0,0,0.0,0.3619047619047619,0.22747356653815193,0.17436732128577656,0.9573635643721233,0.5145943038887406,0.009523809523809525,0.2238751814223512,0.02925839248936328
812,104,99.04761904761905,105,0,105,0,0,0.0,1.6413653581686125,1.6100839433290468,1.252750085591616,1.3269752191350617,0.5833953664881948,1.3835357667412522,3.3047619047619046,3.1678296249359845,0.3642872141795179,0.0,0.0,0.0,0.0,0.0,0,0,0,0,0,0.0,0.34285714285714286,0.22498757603029276,0.17939304897083677,0.9525120238534507,0.5139911388078575,0.0,0.22387518142235122,0.029224983844502908
813,104,99.04761904761905,105,0,104,1,0,0.0,1.6323751314519297,1.6015319496702047,1.2413937153828247,1.325525947871316,0.5918541753582938,1.4182205768147387,3.3047619047619046,3.1678296249359845,0.36238234691312576,0.01430179837366503,0.0003766501013690539,0.0,0.01430179837366503,-0.010930451128328189,0,0,0,1,0,1.0,0.37142857142857144,0.22371429552043623,0.1819334693217585,0.9586453613469006,0.5142196808442479,0.0,0.22387518142235122,0.02915707748870018
814,104,99.04761904761905,105,0,103,2,0,0.0,1.6292990164084626,1.5988875062095649,1.2235761621551415,1.3240555698813201,0.5930537526735722,1.3909693761593802,3.3047619047619046,3.1678296249359845,0.36406397566907556,0.16141050653195457,0.0014851593806695924,0.0,0.16141050653195457,-0.004212840650944183,0,0,0,2,0,0.5,0.38095238095238093,0.22337828599303408,0.17787534038407607,0.9592152278137781,0.5207103343042508,0.0,0.22387518142235122,0.029118407378700032
815,102,97.14285714285714,105,2,102,1,0,0.01904761904761905,1.6198733786366881,1.59199455399773,1.1632728700732258,1.3224023380136367,0.6144831471942646,1.4510899403573567,3.3047619047619046,3.1678296249359845,0.359766642767962,0.3974732081073989,0.0017822670883311201,0.3333333333333333,0.2780253350295796,-0.0013819891990959159,0,2,0,1,0,0.0,0.3619047619047619,0.217272911193972,0.19385810606089737,0.9574453098021317,0.5023939658551927,0.01904761904761905,0.2050072568940494,0.029045093405404482
816,103,98.0952380952381,105,0,103,2,0,0.0,1.6288587939079044,1.6011351824341737,1.2252795831699297,1.3210878727047326,0.6037709824853118,1.4335220721008335,3.3047619047619046,3.1678296249359845,0.36288726435869445,0.08849682717687665,0.0005704458466621281,0.0,0.08849682717687665,-0.013495204560157875,0,0,0,2,0,0.5,0.37142857142857144,0.2224164795198976,0.18116750916499275,0.9594629323227856,0.5170665478100395,0.0,0.20500725689404933,0.029069200471028078
817,103,98.0952380952381,105,0,103,2,0,0.0,1.6297363267754115,1.6020010233888902,1.2453221946683224,1.3198369901103084,0.5895998005351836,1.4249645697439637,3.3047619047619046,3.1678296249359845,0.365208100041156,0.10263096478062307,0.0005254069153859332,0.0,0.10263096478062307,-0.010817562684429988,0,0,0,2,0,0.5,0.37142857142857144,0.2256935729841317,0.17144642651521844,0.959423341616936,0.5237057378126987,0.0,0.2050072568940493,0.029053775220665948
818,102,97.14285714285714,105,1,104,0,0,0.009523809523809525,1.648259202639664,1.6176829114079305,1.2676665762161656,1.3190953700680723,0.5827398420586959,1.4459627853007757,3.3047619047619046,3.1678296249359845,0.3646918697740882,0.21887534328481553,0.0005931271515552357,0.0,0.21887534328481553,-0.0022677657592863887,0,1,0,0,0,0.0,0.3238095238095238,0.22543375093759752,0.17686424862691233,0.9550868488917457,0.5225158978923473,0.009523809523809525,0.22423802612481855,0.029134642970286
819,102,97.14285714285714,105,0,105,0,0,0.0,1.6612039371645202,1.6307596503134554,1.3285307581268906,1.3186364260052024,0.5716718575447509,1.439250226716341,3.3047619047619046,3.1678296249359845,0.3672332381044041,0.0,0.0,0.0,0.0,0.0,0,0,0,0,0,0.0,0.3333333333333333,0.2294830157630621,0.16665494349804783,0.9538016139815344,0.5303986591704838,0.0,0.22423802612481855,0.02919209735991754
820,103,98.0952380952381,105,1,104,0,0,0.009523809523809525,1.660325756164656,1.6296056785924287,1.3222122208963252,1.3181804144895983,0.5766206338308691,1.4502321921193235,3.3047619047619046,3.1678296249359845,0.3643672497287487,0.44734933747931427,0.0021930753563744864,0.0,0.44734933747931427,0.02153231900568975,0,1,0,0,0,0.0,0.3523809523809524,0.2266419780006158,0.16156042677582014,0.9628092070189975,0.5280842817387357,0.009523809523809525,0.18613933236574745,0.029180483620976007
821,103,98.0952380952381,105,0,105,0,0,0.0,1.6688521045919151,1.6387976526440418,1.3522123550605212,1.3179541588358634,0.5648082268637985,1.44263805612719,3.3047619047619046,3.1678296249359845,0.3640532022670637,0.0,0.0,0.0,0.0,0.0,0,0,0,0,0,0.0,0.34285714285714286,0.22701508234124967,0.15100568934960162,0.9683138660029827,0.5336010665399863,0.0,0.2013788098693759,0.029219531666298745
822,103,98.0952380952381,105,0,105,0,0,0.0,1.6699145694846655,1.6399124838501304,1.347158487676036,1.3177633233383277,0.5670803995622863,1.4410512867925054,3.3047619047619046,3.1678296249359845,0.3622652663425341,0.0,0.0,0.0,0.0,0.0,0,0,0,0,0,0.0,0.34285714285714286,0.225466858481625,0.15456982840315966,0.9593617037418098,0.5299730352993303,0.0,0.22423802612481852,0.02922182131904958
823,104,99.04761904761905,105,0,105,0,0,0.0,1.6711898579485067,1.6405609284512048,1.3798820230849569,1.3175949664803568,0.5519405154146539,1.404571145286091,3.3047619047619046,3.1678296249359845,0.36564297873083573,0.0,0.0,0.0,0.0,0.0,0,0,0,0,0,0.0,0.34285714285714286,0.23029753332272143,0.15720248363220862,0.9564487848386123,0.5293683417204974,0.0,0.22423802612481855,0.029225531132157583
824,104,99.04761904761905,105,0,105,0,0,0.0,1.6555422391226415,1.6260452071773834,1.3070567626929772,1.3170640762257804,0.5702677881417351,1.3966730842107138,3.3047619047619046,3.1678296249359845,0.36244399910531566,0.0,0.0,0.0,0.0,0.0,0,0,0,0,0,0.0,0.34285714285714286,0.224191663281259,0.15401354806822287,0.9430610927236449,0.527161392727073,0.0,0.2623367198838897,0.029138884188648073
825,105,100.0,105,0,105,0,0,0.0,1.6671881016945138,1.638502514612313,1.302745656598098,1.3168657046902785,0.5486610151008903,1.3685789199375247,3.3047619047619046,3.1678296249359845,0.36204912654912413,0.0,0.0,0.0,0.0,0.0,0,0,0,0,0,0.0,0.3523809523809524,0.22163757525102826,0.1483081564363651,0.9481895107561669,0.5303309320468784,0.0,0.2623367198838897,0.0291939714653729
826,105,100.0,105,0,105,0,0,0.0,1.675990653055274,1.6468908331893106,1.2956778355827159,1.3168861993397787,0.543568656837161,1.3306442742675562,3.3047619047619046,3.1678296249359845,0.36070929096622195,0.0,0.0,0.0,0.0,0.0,0,0,0,0,0,0.0,0.3619047619047619,0.21952567616592414,0.1512376551792539,0.943212427203259,0.5252380439452471,0.0,0.27757619738751815,0.029238308839965896
827,105,100.0,105,0,105,0,0,0.0,1.6691806753151164,1.6401151379640435,1.3001657396217534,1.3167343307691874,0.531382121651262,1.3384005961292935,3.3047619047619046,3.1678296249359845,0.36166872861872523,0.0,0.0,0.0,0.0,0.0,0,0,0,0,0,0.0,0.3523809523809524,0.22094495400261993,0.14735358511662525,0.942418607601457,0.5240318957917105,0.0,0.27757619738751815,0.02920185348248003
828,105,100.0,105,0,105,0,0,0.0,1.671257264737785,1.6418001276160856,1.3097128012807686,1.3166299752172659,0.5319264552660582,1.328818664714398,3.3047619047619046,3.1678296249359845,0.36039613236091883,0.0,0.0,0.0,0.0,0.0,0,0,0,0,0,0.0,0.3523809523809524,0.2211167918091755,0.14783926621073293,0.9385769867505154,0.5209670422342483,0.0,0.27757619738751815,0.02921058352654886
829,105,100.0,105,0,105,0,0,0.0,1.6752590696374094,1.6454611782053483,1.3481459774828402,1.3166217061475536,0.5248886449840166,1.3151863445220995,3.3047619047619046,3.1678296249359845,0.3602811270502029,0.0,0.0,0.0,0.0,0.0,0,0,0,0,0,0.0,0.3333333333333333,0.2232692137889434,0.15135597182589847,0.9325209386133437,0.5198442616951515,0.0,0.27757619738751815,0.02923046157602695
830,105,100.0,105,0,105,0,0,0.0,1.684005706979548,1.654221243901035,1.3387644844410553,1.3168357021928991,0.5272362800801046,1.33666803473265,3.3047619047619046,3.1678296249359845,0.35993782521895934,0.0,0.0,0.0,0.0,0.0,0,0,0,0,0,0.0,0.34285714285714286,0.2212745984076548,0.1555076609913654,0.9371204067493131,0.5169903775760618,0.0,0.27757619738751815,0.029277584277797968
831,105,100.0,105,0,105,0,0,0.0,1.6782083008715227,1.6482166751133744,1.3184193165752518,1.3168907476009997,0.531655344477538,1.355065851657317,3.3047619047619046,3.1678296249359845,0.3589935337745991,0.0,0.0,0.0,0.0,0.0,0,0,0,0,0,0.0,0.3238095238095238,0.2205180382295023,0.16701564565847987,0.9417034213322083,0.512251494629679,0.0,0.27757619738751815,0.02924946911963033
832,105,100.0,105,0,105,0,0,0.0,1.6832566935789324,1.6534511144478887,1.3420253362487284,1.317076703760306,0.5262982176707283,1.3379293912811596,3.3047619047619046,3.1678296249359845,0.3593414207031187,0.0,0.0,0.0,0.0,0.0,0,0,0,0,0,0.0,0.3142857142857143,0.2216295803305431,0.16060848817225237,0.9366030723651497,0.5159195786771839,0.0,0.27757619738751815,0.029277656470319324
833,105,100.0,105,0,104,1,0,0.0,1.6830340007249345,1.6530194519088746,1.326944678457267,1.3172458296782756,0.5250475096120286,1.3399966617788945,3.3047619047619046,3.1678296249359845,0.35687771171569405,0.16505859983016113,0.0017070444901803217,0.0,0.16505859983016113,0.00868562812647844,0,0,0,1,0,0.0,0.3333333333333333,0.21964394208337482,0.16905731898694454,0.9311664494401874,0.5081309635230464,0.0,0.23947750362844697,0.029279221816515783
834,105,100.0,105,0,105,0,0,0.0,1.689939733567207,1.659224362390698,1.321993027486342,1.3175668467692676,0.5149460166137867,1.32531764035676,3.3047619047619046,3.1678296249359845,0.357563183519934,0.0,0.0,0.0,0.0,0.0,0,0,0,0,0,0.0,0.3238095238095238,0.2191012674866379,0.17866180195368284,0.9452015680055925,0.5056741509125801,0.0,0.239477503628447,0.02931883511798192
835,105,100.0,105,0,104,1,0,0.0,1.6970326261527187,1.6655957600405868,1.3955597201625842,1.3180391626035706,0.4934592858269711,1.3249835348712826,3.3047619047619046,3.1678296249359845,0.36175396999640763,0.20683891992517728,0.0017960981617883664,0.0,0.20683891992517728,0.01207815885769492,0,0,0,1,0,0.0,0.3238095238095238,0.22615987721551015,0.17090196024787635,0.9261651118315927,0.5081743847096982,0.0,0.2623367198838897,0.029361780661370636
836,105,100.0,105,0,104,1,0,0.0,1.6872315106857878,1.6552177312947094,1.3734819275189698,1.318233509661674,0.5059037757728397,1.3319083850639415,3.3047619047619046,3.1678296249359845,0.3614362735616603,0.206689994353923,0.0018362169508532205,0.0,0.206689994353923,0.0065846410119038135,0,0,0,1,0,0.0,0.3238095238095238,0.22601198761157706,0.17488669699644513,0.94045323178433,0.5048818540043759,0.0,0.2623367198838897,0.029315853375876874
837,104,99.04761904761905,105,1,104,0,0,0.009523809523809525,1.6744176622424658,1.640624646791971,1.3432816533610126,1.318099198175415,0.5128870107907455,1.3473677753969897,3.3047619047619046,3.1678296249359845,0.35983792798515024,0.4194897135565534,0.003362734129610653,0.0,0.4194897135565534,0.0030351152555401217,0,1,0,0,0,0.0,0.3142857142857143,0.2246578292659619,0.17284211501328572,0.9485646354291087,0.5013057043117825,0.009523809523809525,0.29644412191582004,0.029249656754134566
838,104,99.04761904761905,105,0,105,0,0,0.0,1.690460249229792,1.6551867281192414,1.4471004214167968,1.3182908577066663,0.48832047183388094,1.3296940063319826,3.3047619047619046,3.1678296249359845,0.3659665307845985,0.0,0.0,0.0,0.0,0.0,0,0,0,0,0,0.0,0.3142857142857143,0.23408591390240918,0.16897979514056335,0.9365507377570355,0.507396675051937,0.0,0.2583454281567489,0.029332905412776188
839,104,99.04761904761905,105,0,105,0,0,0.0,1.7062655951241026,1.6695385889561127,1.4829688868748827,1.318840159789964,0.48468834911063985,1.3263899779411261,3.3047619047619046,3.1678296249359845,0.36770669141325585,0.0,0.0,0.0,0.0,0.0,0,0,0,0,0,0.0,0.3238095238095238,0.23618704933550488,0.17578440239524368,0.9498334039921287,0.503205337291639,0.0,0.29644412191582004,0.029420632619310293
840,104,99.04761904761905,105,0,105,0,0,0.0,1.7126951601172422,1.676237134768517,1.5130527679295338,1.319541819734085,0.4756461380658422,1.2628880469669963,3.3047619047619046,3.1678296249359845,0.3686997449159459,0.0,0.0,0.0,0.0,0.0,0,0,0,0,0,0.0,0.3333333333333333,0.23691513160206645,0.16824767873265783,0.9614413449199678,0.5080687363963762,0.0,0.2583454281567489,0.029463894140064076
841,104,99.04761904761905,105,0,105,0,0,0.0,1.72590208466957,1.6883246566673626,1.601580305582798,1.320527581966335,0.45777700300781393,1.2471238604545736,3.3047619047619046,3.1678296249359845,0.37444352020430927,0.0,0.0,0.0,0.0,0.0,0,0,0,0,0,0.0,0.34285714285714286,0.2457809784478301,0.1621959199859353,0.9645377131489298,0.5158751011628654,0.0,0.2583454281567489,0.029545542396838036
842,105,100.0,105,0,104,1,0,0.0,1.7202476613209756,1.6820607894676172,1.6084673155815286,1.3213233740179042,0.4433781908679973,1.2403076412343286,3.3047619047619046,3.1678296249359845,0.37731707211045706,0.2620938267285112,0.0030853093127333514,0.0,0.2620938267285112,-0.0002064824588645653,0,0,0,1,0,0.0,0.3619047619047619,0.24929928249385588,0.16863022166698646,0.9456022933590521,0.5134781944379971,0.0,0.29644412191582004,0.029529874948276313
843,104,99.04761904761905,105,1,104,0,0,0.009523809523809525,1.7330401605954737,1.6911940819178417,1.7029437396767948,1.3224078520375357,0.41566967575969066,1.2024143291574945,3.3047619047619046,3.1678296249359845,0.38355882808365593,0.3648720205286708,0.001364403853486672,0.0,0.3648720205286708,0.020764350442438906,0,1,0,0,0,0.0,0.3619047619047619,0.25836264336663334,0.16276639017469552,0.9487165957973628,0.5277596897958465,0.009523809523809525,0.29644412191582004,0.02961101465263971
844,104,99.04761904761905,105,0,104,1,0,0.0,1.7515665540221619,1.7088411974141797,1.7717969184957636,1.3238227664940492,0.41689173468590557,1.2132874526298918,3.3047619047619046,3.1678296249359845,0.38406723274764776,0.1821151422868303,0.00099602313801183,0.0,0.1821151422868303,0.013521280760040555,0,0,0,1,0,0.0,0.37142857142857144,0.2610481663547446,0.16596055371009394,0.9538200484657898,0.5298794427012639,0.0,0.29644412191582004,0.02972605765943362
845,104,99.04761904761905,105,0,104,1,0,0.0,1.742878368648033,1.7006137967536763,1.6941655900538406,1.3249843548428526,0.4254397153709027,1.1860153275847451,3.3047619047619046,3.1678296249359845,0.38286844155400024,0.14367278112069132,0.0008711797068817193,0.0,0.14367278112069132,0.013673885561055033,0,0,0,1,0,0.0,0.37142857142857144,0.2566498875136122,0.1717230014545118,0.9547139676184899,0.5279716853685484,0.0,0.2583454281567489,0.029701015302479573
846,104,99.04761904761905,105,0,105,0,0,0.0,1.7653655077075636,1.7213722789155887,1.8596832233306746,1.3266352207299128,0.39206614930295847,1.1621760098733986,3.3047619047619046,3.1678296249359845,0.3903814616618444,0.0,0.0,0.0,0.0,0.0,0,0,0,0,0,0.0,0.38095238095238093,0.26969756510947207,0.16803445951072224,0.9535475465575844,0.535840620982166,0.0,0.29644412191582004,0.029839599307096357
847,104,99.04761904761905,105,0,105,0,0,0.0,1.7937186495856134,1.7483774478095004,2.030575303528802,1.3289181721907228,0.3654274856458827,1.1507319205462319,3.3047619047619046,3.1678296249359845,0.3959274850935237,0.0,0.0,0.0,0.0,0.0,0,0,0,0,0,0.0,0.37142857142857144,0.27923844358916183,0.1662388123919011,0.9574611065223411,0.5409353066472485,0.0,0.22024673439767778,0.030017525022835827
848,105,100.0,105,0,105,0,0,0.0,1.7927722151976593,1.7474747741292485,2.0178899519499547,1.331105927507427,0.37813290988094495,1.1756282680955168,3.3047619047619046,3.1678296249359845,0.39208523829288056,0.0,0.0,0.0,0.0,0.0,0,0,0,0,0,0.0,0.34285714285714286,0.2753783151419791,0.16955482022597537,0.9708423558860027,0.5356177399315454,0.0,0.22024673439767778,0.030047445031417888
849,105,100.0,105,0,104,1,0,0.0,1.7681867921458934,1.7242175749805775,1.8602371358433456,1.3326349797074377,0.4228811998800175,1.2593732530949158,3.3047619047619046,3.1678296249359845,0.38597356972132313,0.2827630590287603,0.0018080960462366642,0.0,0.2827630590287603,0.009046263891307582,0,0,0,1,0,0.0,0.34285714285714286,0.2649448320716753,0.1778920194002151,0.9694044099325135,0.5263220321869488,0.0,0.2050072568940493,0.029948736800445398
850,105,100.0,105,0,104,1,0,0.0,1.7718083081198315,1.7277048775765884,1.815326709790764,1.3342039715826743,0.43347934956566425,1.2115258455156357,3.3047619047619046,3.1678296249359845,0.38414844388308445,0.14734738609248796,0.0015019969343095406,0.0,0.14734738609248796,0.006712129290295632,0,0,0,1,0,0.0,0.3142857142857143,0.26132400817171897,0.18076836119290068,0.9694044099325135,0.5201156229907216,0.0,0.2050072568940493,0.029991695875033378
851,105,100.0,105,0,104,1,0,0.0,1.7843859895100163,1.7394532538639476,1.8971056595534554,1.336020995304058,0.42036636906317265,1.1832837816192574,3.3047619047619046,3.1678296249359845,0.38457592266053053,0.15193395544446406,0.0015707006210732288,0.0,0.15193395544446406,0.00389347168643972,0,0,0,1,0,0.0,0.3142857142857143,0.26357943130490097,0.17377875865381953,0.967026831320882,0.5183204541690989,0.0,0.20500725689404933,0.03008336438985336
852,105,100.0,105,0,104,1,0,0.0,1.7907716640618054,1.74525686702977,1.9780321145374058,1.3379275376714503,0.4081656280530207,1.2412050826885033,3.3047619047619046,3.1678296249359845,0.38729820285448824,0.14623663393373626,0.0010589649516263443,0.0,0.14623663393373626,0.010218379476184869,0,0,0,1,0,0.0,0.29523809523809524,0.26853170174022983,0.1604281157486703,0.9628679434857225,0.5247762768513665,0.0,0.20500725689404933,0.030145490769575407
853,104,99.04761904761905,105,1,104,0,0,0.009523809523809525,1.802211299730599,1.7654269848433795,2.0584356566266746,1.3400617044068983,0.40092146825285085,1.2297774793295277,3.3047619047619046,3.1678296249359845,0.3892663258837459,0.2300455115907286,0.001703617803698776,0.0,0.2300455115907286,0.006797813486049797,0,1,0,0,0,0.0,0.29523809523809524,0.27213819697701036,0.15767845249796011,0.9538802974729609,0.5217945067279973,0.009523809523809525,0.24310595065312043,0.030236492330964898
854,104,99.04761904761905,105,0,104,1,0,0.0,1.8048901079591693,1.768746935543838,2.011260316630903,1.342435544273719,0.4148967660937551,1.2422488563920981,3.3047619047619046,3.1678296249359845,0.38557993921408373,0.0490802181616516,4.7636540627349697e-07,0.0,0.0490802181616516,0.004345879828506982,0,0,0,1,0,1.0,0.3142857142857143,0.26554038128952256,0.15525133401029786,0.9575096225882435,0.517588763708275,0.0,0.24310595065312043,0.030287485973382596
855,104,99.04761904761905,105,0,104,1,0,0.0,1.824551259929828,1.7874901877071898,2.126129450533001,1.3452091883737551,0.4052791387986398,1.230119211480396,3.3047619047619046,3.1678296249359845,0.3880817047009142,0.04762345085417348,1.6992776153753231e-07,0.0,0.04762345085417348,0.018766435072436943,0,0,0,1,0,1.0,0.3142857142857143,0.27074029911317626,0.16099597366146048,0.9596716209575822,0.5206255229416861,0.0,0.24310595065312043,0.030429723892981507
856,104,99.04761904761905,105,0,104,1,0,0.0,1.8301452621435919,1.793402252364864,2.0773275849266053,1.348044795462837,0.40773107741515,1.2131496879490686,3.3047619047619046,3.1678296249359845,0.3885890790755635,0.04845450974698616,1.6406472273665852e-07,0.0,0.04845450974698616,0.01730018125355079,0,0,0,1,0,1.0,0.3238095238095238,0.26827654703396114,0.16135500044037038,0.9679312580885507,0.5248785205491943,0.0,0.20500725689404933,0.030502607504757685
857,104,99.04761904761905,105,0,104,1,0,0.0,1.8236119722399287,1.7871880940553189,2.073784040584924,1.3506330921922083,0.4097721879763264,1.2190530314932242,3.3047619047619046,3.1678296249359845,0.3878141390669734,0.05080386791629189,3.211422145000546e-07,0.0,0.05080386791629189,0.008513990954704093,0,0,0,1,0,0.0,0.3047619047619048,0.2678195728944104,0.16197846954127262,0.9507938641827267,0.524547757307729,0.0,0.24310595065312043,0.030510937470526505
858,105,100.0,105,0,104,1,0,0.0,1.8381073439587121,1.8018396656502778,2.009835998400129,1.353510705551408,0.40973071552945634,1.1985454628246772,3.3047619047619046,3.1678296249359845,0.38649512027911537,0.05407707116407552,7.072396758644037e-07,0.0,0.05407707116407552,0.008869212141479954,0,0,0,1,0,0.0,0.29523809523809524,0.2628965066750662,0.16426165353552147,0.9538802974729609,0.5296560166937835,0.0,0.24310595065312043,0.030628993273362343
859,105,100.0,105,0,104,1,0,0.0,1.8187669742928336,1.783092882762093,2.0151829542342297,1.3558220681084807,0.4149567735434571,1.229437086811311,3.3047619047619046,3.1678296249359845,0.3852441537302318,0.05530304700651209,6.97585504469138e-07,0.0,0.05530304700651209,0.008459053251307483,0,0,0,1,0,0.0,0.3047619047619048,0.26404472256196293,0.1518626847444901,0.9432626937119803,0.5313739974838103,0.0,0.24310595065312043,0.030568901438944265
860,105,100.0,105,0,105,0,0,0.0,1.8241086239298197,1.787702630917941,2.074957417146432,1.358177033811903,0.40449103946088244,1.212168407612929,3.3047619047619046,3.1678296249359845,0.3888907670577,0.0,0.0,0.0,0.0,0.0,0,0,0,0,0,0.0,0.34285714285714286,0.2700594822075198,0.14851675071045978,0.9380768185068483,0.5367885790942049,0.0,0.2812046444121916,0.030632910337734243
861,105,100.0,105,0,104,1,0,0.0,1.82776118589801,1.7911616682602773,2.0912997405083678,1.3605450593418504,0.40647382899943085,1.2329579823247816,3.3047619047619046,3.1678296249359845,0.3881268921873251,0.05320439825989319,5.406794048223532e-07,0.0,0.05320439825989319,0.010769118386402723,0,0,0,1,0,0.0,0.3333333333333333,0.26954053876258904,0.14891349097143208,0.9386754851185395,0.5379608558134701,0.0,0.2812046444121916,0.030688680654707055
862,105,100.0,105,0,104,1,0,0.0,1.8459204729899001,1.8078221162412755,2.195434459440147,1.363260289542965,0.3980349975541685,1.2013534059654782,3.3047619047619046,3.1678296249359845,0.3939163713794729,0.05516227188774689,6.06633250257315e-07,0.0,0.05516227188774689,0.007973094445635959,0,0,0,1,0,0.0,0.2857142857142857,0.2776675144015057,0.15813002493493142,0.9341057263798767,0.5425481235776951,0.0,0.2812046444121916,0.030822484023514566
863,105,100.0,105,0,104,1,0,0.0,1.8533149465242256,1.8147379418440532,2.3743571588043446,1.3660647711351863,0.39280651767968777,1.1442795825224803,3.3047619047619046,3.1678296249359845,0.3951075969116835,0.052518181402658445,2.611656218464797e-07,0.0,0.052518181402658445,0.013296704883232924,0,0,0,1,0,0.0,0.3142857142857143,0.28517757752224426,0.13648512684429703,0.9492090472006766,0.551063785676409,0.0,0.24310595065312046,0.030903876990538322
864,105,100.0,105,0,104,1,0,0.0,1.8476077572479166,1.80921442732171,2.403514742242116,1.3686404311052023,0.39211322712304386,1.1407720770387413,3.3047619047619046,3.1678296249359845,0.39582229480869113,0.05459000094744273,2.4945044124892637e-07,0.0,0.05459000094744273,0.01821707175720963,0,0,0,1,0,0.0,0.29523809523809524,0.2867168617010099,0.12523235238733582,0.9394249075604446,0.5569791488492516,0.0,0.24310595065312046,0.030916137303940668
865,105,100.0,105,0,104,1,0,0.0,1.8597428874192934,1.8210676299200408,2.598119441082106,1.3714348899663817,0.3686250753937472,1.1327843801140007,3.3047619047619046,3.1678296249359845,0.40036492982547633,0.05839521850116847,1.4651301962556128e-07,0.0,0.05839521850116847,0.01990604260208448,0,0,0,1,0,0.0,0.2761904761904762,0.29700795846553507,0.1229597248718851,0.9441859352098396,0.5638438142953327,0.0,0.27757619738751815,0.0310210748026281
866,105,100.0,105,0,104,1,0,0.0,1.8634376348464445,1.8246261444322438,2.553998136166362,1.3742310072734398,0.3666117009853739,1.1069691671113129,3.3047619047619046,3.1678296249359845,0.40080788306251214,0.05999245525418018,1.8035684857924714e-07,0.0,0.05999245525418018,0.016735831588531952,0,0,0,1,0,0.0,0.3047619047619048,0.2954124286925749,0.13573917487109682,0.9532269489317495,0.5565643652487428,0.0,0.24310595065312043,0.031083836655964328
867,105,100.0,105,0,104,1,0,0.0,1.8703023605695361,1.8313975541470775,2.7400947333529317,1.3771101537264747,0.3504571965009482,1.1015604076115995,3.3047619047619046,3.1678296249359845,0.4045247859550589,0.05699132648189169,1.070395783385428e-07,0.0,0.05699132648189169,0.025903975933375734,0,0,0,1,0,0.0,0.29523809523809524,0.30417324798911044,0.1198961234803512,0.9452584839459593,0.568285842370409,0.0,0.3156748911465892,0.031163763511722054
868,105,100.0,105,0,104,1,0,0.0,1.8794043879133022,1.8395749321797261,2.8737094773722682,1.3801053300483146,0.34816441081865035,1.11118394342064,3.3047619047619046,3.1678296249359845,0.40776340390913157,0.06058835127059416,1.177659108487876e-07,0.0,0.06058835127059416,0.016873802202059196,0,0,0,1,0,0.0,0.2857142857142857,0.31209118988042295,0.11636424988060112,0.9602992501065745,0.5676735662767892,0.0,0.23947750362844705,0.03125671468986204
869,105,100.0,105,0,105,0,0,0.0,1.886199788580117,1.8464296909354174,3.0321509846053067,1.383179341950176,0.31950403243717185,1.0655940869320528,3.3047619047619046,3.1678296249359845,0.4096521716783321,0.0,0.0,0.0,0.0,0.0,0,0,0,0,0,0.0,0.2761904761904762,0.31794958695111347,0.10306786893929848,0.9489534647006218,0.5768998514470075,0.0,0.2775761973875181,0.03133938142304672
870,105,100.0,105,0,105,0,0,0.0,1.8964492019484445,1.8570623227172198,3.0098812895132747,1.3864254333199322,0.320682743039703,1.0495217144346685,3.3047619047619046,3.1678296249359845,0.4085577150965445,0.0,0.0,0.0,0.0,0.0,0,0,0,0,0,0.0,0.24761904761904763,0.3151009489593833,0.10324233656590233,0.9546063517060405,0.5717496915343877,0.0,0.20500725689404933,0.03144204381192018
871,105,100.0,105,0,103,2,0,0.0,1.931458198507989,1.891441617691163,3.3666717891310403,1.390439956038448,0.27197501331754353,1.0166922017977003,3.3047619047619046,3.1678296249359845,0.4139886168847202,0.45450677444706766,0.0015773316966634545,0.0,0.45450677444706766,0.026296942200513845,0,0,0,2,0,0.0,0.24761904761904763,0.3287736500031904,0.09281936271515036,0.9363669997581323,0.5859997978122383,0.0,0.27757619738751815,0.03168067541470636
872,105,100.0,105,0,102,3,0,0.0,1.9497226847350253,1.9089322406466247,3.4419533300564757,1.3947705640254413,0.26562466016160347,1.0030595053663145,3.3047619047619046,3.1678296249359845,0.41416855955480836,0.3260188793475835,0.001119811431961748,0.0,0.3260188793475835,0.017662218287449582,0,0,0,3,0,0.0,0.26666666666666666,0.329112086490911,0.09395009840330272,0.9534523207610718,0.5868801566122054,0.0,0.23947750362844705,0.03184059098721745
873,105,100.0,105,0,102,3,0,0.0,1.9289048109791385,1.8890440431130617,3.211878857563826,1.398459966359016,0.3010889309082396,1.0212784571302906,3.3047619047619046,3.1678296249359845,0.41027434114998784,0.2650019939073557,0.0009896150420935707,0.0,0.2650019939073557,0.011584578251107267,0,0,0,3,0,0.0,0.29523809523809524,0.3213551573893391,0.10579557049524733,0.9356562981051875,0.5778653085771628,0.0,0.24310595065312043,0.03179493860849105
874,105,100.0,105,0,102,3,0,0.0,1.9376153323132659,1.8984385834765805,3.232544422372735,1.402270577138694,0.29709151626781133,1.0283862505003578,3.3047619047619046,3.1678296249359845,0.4086156321699881,0.2776673240406063,0.0009030839003810447,0.0,0.2776673240406063,0.01916361568855668,0,0,0,3,0,0.0,0.2571428571428571,0.3190837315939453,0.10101773685486638,0.938053226655992,0.5803532217449158,0.0,0.24310595065312046,0.031898848043746514
875,104,99.04761904761905,105,1,103,1,0,0.009523809523809525,1.9362284143722144,1.8946011266581462,3.163742887535921,1.4059252552663608,0.326513353911041,1.0696510269592985,3.3047619047619046,3.1678296249359845,0.4053225264763143,0.22823952214828067,0.001293584963629548,0.0,0.22823952214828067,0.007044644429457264,0,1,0,1,0,0.0,0.22857142857142856,0.3140081594372535,0.09977849740477375,0.9392368029230441,0.5783586404322884,0.009523809523809525,0.2583454281567489,0.031949800442253394
876,104,99.04761904761905,105,0,105,0,0,0.0,1.9441680738755664,1.901476759032307,3.2050709893384433,1.4095763737926947,0.33892648827992644,1.0909912834369915,3.3047619047619046,3.1678296249359845,0.4059705301758203,0.0,0.0,0.0,0.0,0.0,0,0,0,0,0,0.0,0.24761904761904763,0.31523480526530184,0.10858136310639038,0.9240345088224048,0.572287717631908,0.0,0.2583454281567489,0.03204732934692952
877,104,99.04761904761905,105,0,105,0,0,0.0,1.949173296999357,1.906464325804075,3.3154832478134306,1.4132382291989172,0.3542141435747766,1.1327820630182275,3.3047619047619046,3.1678296249359845,0.40958094493995034,0.0,0.0,0.0,0.0,0.0,0,0,0,0,0,0.0,0.24761904761904763,0.32185122306752045,0.10073772884584763,0.9125085093550207,0.5798423753091497,0.0,0.2583454281567489,0.03213035613273879
878,104,99.04761904761905,105,0,104,1,0,0.0,1.9549781648560363,1.9114456583700232,3.5579781593234046,1.4169103233677518,0.35329434144641014,1.1525313182800838,3.3047619047619046,3.1678296249359845,0.4140188864779668,0.17885928630035827,1.712353249429043e-07,0.0,0.17885928630035827,0.026339140940233652,0,0,0,1,0,0.0,0.24761904761904763,0.3328144759311116,0.09335344358731684,0.9322359086591385,0.5860584699180119,0.0,0.25834542815674894,0.03221754331549013
879,103,98.0952380952381,105,1,103,1,0,0.009523809523809525,1.9475532413950407,1.902858902513814,3.339357819702864,1.4202879183859702,0.4051254037375768,1.193731555387462,3.3047619047619046,3.1678296249359845,0.4105023404737489,0.38584041556649135,3.6589880251948486e-06,0.5,0.30798861268265126,0.027900967806851057,0,1,0,1,0,0.0,0.2571428571428571,0.3242458671794942,0.10826726886062701,0.9323982235806352,0.5729297009930886,0.009523809523809525,0.2583454281567489,0.032233916925983895
880,104,99.04761904761905,105,0,104,1,0,0.0,1.941239146562995,1.8975508838667328,3.2887793716006346,1.423384560185845,0.4124136180220133,1.1779294281995825,3.3047619047619046,3.1678296249359845,0.4093286692011058,0.4970394370360616,0.0020656384029978476,0.0,0.4970394370360616,0.012699659279716724,0,0,0,1,0,0.0,0.2571428571428571,0.3219079814480926,0.10574714786406655,0.9277554485715627,0.5702978481592909,0.0,0.29644412191582004,0.03225139461998096
881,104,99.04761904761905,105,0,104,1,0,0.0,1.9422837269040047,1.8988392037448707,3.3429907986630245,1.4264157550724161,0.4049802216995147,1.1725642184340037,3.3047619047619046,3.1678296249359845,0.4109040777610531,0.481180173846089,0.003092445900632789,0.0,0.481180173846089,0.004779631526235839,0,0,0,1,0,0.0,0.26666666666666666,0.32528426887405015,0.10143882968068038,0.9468442855380604,0.5777043464233159,0.0,0.29644412191582004,0.032304629066489184
882,104,99.04761904761905,105,0,104,1,0,0.0,1.9367206849157472,1.8933866881894137,3.197082092407215,1.4292127457469244,0.42361422120782505,1.1659060489579762,3.3047619047619046,3.1678296249359845,0.40818349762964634,0.4630166768421447,0.0019104335130131571,0.0,0.4630166768421447,0.014149848729130499,0,0,0,1,0,0.0,0.2571428571428571,0.3176630837518651,0.10148304252286203,0.9535117432231855,0.5712633854825621,0.0,0.29644412191582004,0.03232111580614477
883,104,99.04761904761905,105,0,105,0,0,0.0,1.9124516803015177,1.87014924756339,2.967220598452656,1.4313322344996566,0.45190162912199583,1.1859047056622503,3.3047619047619046,3.1678296249359845,0.40349231070031544,0.0,0.0,0.0,0.0,0.0,0,0,0,0,0,0.0,0.26666666666666666,0.3092075281313925,0.10737639229637093,0.9635006564684743,0.5667342200956855,0.0,0.22024673439767778,0.03223334167937675
884,105,100.0,105,0,104,1,0,0.0,1.9310317112571094,1.8888120075626635,3.153455958780333,1.4338575450118531,0.44736436710746325,1.2187075223858257,3.3047619047619046,3.1678296249359845,0.40717270902285274,0.41265212445967886,0.0029502431701225185,0.0,0.41265212445967886,0.007132646684510968,0,0,0,1,0,0.0,0.2857142857142857,0.31788751457457787,0.10245500811341494,0.9476986171353421,0.574272616820545,0.0,0.29644412191582,0.0323662406014182
885,105,100.0,105,0,104,1,0,0.0,1.957653598388264,1.9133524044874055,3.4626712536684825,1.4369247763606094,0.41150497943800274,1.1760716977205241,3.3047619047619046,3.1678296249359845,0.4144771168004848,0.42817008920859034,0.0028623289976605843,0.0,0.42817008920859034,0.008806850832737134,0,0,0,1,0,0.0,0.2857142857142857,0.3318972905306564,0.09136017265805532,0.954344299903289,0.5880497350827307,0.0,0.2583454281567489,0.03254793236873958
886,105,100.0,105,0,104,1,0,0.0,1.9546160526847178,1.9103798993469594,3.3453724919151884,1.439819511927281,0.4308931454177632,1.1946059595701706,3.3047619047619046,3.1678296249359845,0.4116877543869839,0.16891550140184267,0.001213019768882897,0.0,0.16891550140184267,0.005451963114159297,0,0,0,1,0,0.0,0.2857142857142857,0.3251446324536598,0.09486392337738907,0.9464330186009787,0.5859162020100583,0.0,0.29644412191582004,0.03257859478564414
887,104,99.04761904761905,105,1,103,1,0,0.009523809523809525,1.9603376824770358,1.9187408875752157,3.415345547743049,1.4427648491919831,0.4356644215670189,1.1857172092133221,3.3047619047619046,3.1678296249359845,0.41384767328445626,0.3698755674208135,0.002375703681883945,0.0,0.3698755674208135,0.006114814695955817,0,1,0,1,0,0.0,0.29523809523809524,0.32884030383441826,0.09406103040427852,0.9437321359791481,0.5892592024406414,0.009523809523809525,0.27757619738751815,0.03265385456781849
888,104,99.04761904761905,105,0,105,0,0,0.0,1.978313541689703,1.9364349810075232,3.3848532968726146,1.4461348856779004,0.4229182818034274,1.1604442012304632,3.3047619047619046,3.1678296249359845,0.4132530863631605,0.0,0.0,0.0,0.0,0.0,0,0,0,0,0,0.0,0.2761904761904762,0.3260819495156447,0.09370265087891137,0.937859593242821,0.5910496735978515,0.0,0.27757619738751815,0.03279711237096784
889,104,99.04761904761905,105,0,105,0,0,0.0,1.9965036745343798,1.9533412643012362,3.502897190710861,1.4498266149501686,0.4118785783503225,1.1376331998076095,3.3047619047619046,3.1678296249359845,0.4172652093845475,0.0,0.0,0.0,0.0,0.0,0,0,0,0,0,0.0,0.29523809523809524,0.3318248773745852,0.09469851904847122,0.9423768376603471,0.5961511326221969,0.0,0.31567489114658925,0.032946536881970905
890,104,99.04761904761905,105,0,105,0,0,0.0,2.0262124285264704,1.9816747816700804,3.79976282946615,1.454119442574475,0.3787832105175101,1.1042011602375712,3.3047619047619046,3.1678296249359845,0.42126705363935346,0.0,0.0,0.0,0.0,0.0,0,0,0,0,0,0.0,0.2761904761904762,0.3415815214890792,0.08883597521033676,0.9497558916118976,0.6015570996974346,0.0,0.2775761973875181,0.033163075384546464
891,104,99.04761904761905,105,0,104,1,0,0.0,2.030473292152098,1.9863333475243135,3.869419637970252,1.458394341076933,0.37931221912415125,1.1228987395980323,3.3047619047619046,3.1678296249359845,0.4207827101541233,0.6547664692541819,0.003325390347035776,1.0,0.3452335307458181,0.020910302445911078,0,0,0,1,0,0.0,0.2761904761904762,0.34235119725076096,0.08571809444937661,0.9498104079717661,0.6001852868899111,0.0,0.239477503628447,0.03325209045327301
892,105,100.0,105,0,103,2,0,0.0,2.0364963868833033,1.9942937789294812,3.796481766207889,1.4627355564016546,0.37841625171489485,1.0714212077127492,3.3047619047619046,3.1678296249359845,0.41971678043216265,0.3482643607529269,0.0013538398139043193,0.0,0.3482643607529269,0.017029382334486587,0,0,0,2,0,0.0,0.2761904761904762,0.3390743948830097,0.08910701761318664,0.9502171457568217,0.5987671348538984,0.0,0.27757619738751815,0.03335096707949843
893,104,99.04761904761905,105,1,102,2,0,0.009523809523809525,2.0342607345677854,2.0034751263580004,3.803657658861534,1.4669059813518388,0.3856303170428337,1.0847267401479903,3.3047619047619046,3.1678296249359845,0.4193873478826857,0.4773790018106648,0.0018281390180203017,0.6666666666666666,0.2901604866743434,0.01975816806103801,0,1,0,2,0,0.0,0.2761904761904762,0.33865560622614765,0.09522118089919689,0.9434531772299645,0.5943824213972472,0.009523809523809525,0.2434687953555878,0.03340584479644967
894,101,96.19047619047619,105,3,101,1,0,0.02857142857142857,2.039354652427524,1.9996596172230132,3.809807623310645,1.471315145556209,0.3948947398410141,1.1457564109549394,3.3047619047619046,3.1678296249359845,0.42038185856724763,0.5011806567948816,0.0011357140254606374,0.5,0.28963538684104684,0.022923689975369588,0,3,0,1,0,0.0,0.26666666666666666,0.34118695723441855,0.10038774984506782,0.9563135647822418,0.6000177703709897,0.02857142857142857,0.22024673439767778,0.03350115179068742
895,101,96.19047619047619,105,0,105,0,0,0.0,2.0442976977372416,2.0047931322334867,3.8002634787384313,1.475513133108369,0.41388446724964006,1.1587299319212425,3.3047619047619046,3.1678296249359845,0.41757240875702695,0.0,0.0,0.0,0.0,0.0,0,0,0,0,0,0.0,0.26666666666666666,0.3366932649395736,0.10214648934783577,0.9421604430586895,0.5957984659841996,0.0,0.22024673439767778,0.033592359563900234
896,101,96.19047619047619,105,0,105,0,0,0.0,2.0435125019074065,2.004507848972558,3.74890350374165,1.4795709057370765,0.4221841973231748,1.1551360178693024,3.3047619047619046,3.1678296249359845,0.41857330231741297,0.0,0.0,0.0,0.0,0.0,0,0,0,0,0,0.0,0.29523809523809524,0.3351973878279218,0.10559466301400838,0.9550869814944609,0.5940538137909636,0.0,0.22024673439767775,0.03365270524647342
897,100,95.23809523809524,105,1,102,2,0,0.009523809523809525,2.0436783733159567,2.011612601631023,3.5552189418921283,1.4835304014108746,0.43553772559283493,1.196746648259915,3.3047619047619046,3.1678296249359845,0.4129820194755025,0.5695348802200378,0.001873435389390373,0.6666666666666666,0.24578417508680006,0.008439806569879785,0,1,0,2,0,0.0,0.2761904761904762,0.32295301905095897,0.11776260412949126,0.9551941528368163,0.5774180434211049,0.009523809523809525,0.22024673439767775,0.03371624964199249
898,100,95.23809523809524,105,1,103,1,0,0.009523809523809525,2.0349109894036164,2.0022052919282687,3.4137519848078934,1.4873194123585098,0.4505368624213125,1.236850932512111,3.3047619047619046,3.1678296249359845,0.40969176825025366,0.4808913326807492,0.0014857391192266464,0.5,0.1870384216961158,-0.0009094314922840352,0,1,0,1,0,0.0,0.26666666666666666,0.31804513425537073,0.13481834172744758,0.9587986221860497,0.5554872895514847,0.009523809523809525,0.20500725689404933,0.03373242742807642
899,103,98.0952380952381,105,0,104,1,0,0.0,2.021670097493289,1.9889071866973307,3.3808836480831097,1.4906078202545363,0.4744505613797834,1.2747474160704768,3.3047619047619046,3.1678296249359845,0.40773696997747955,0.16782265688705666,0.0011238426007693942,0.0,0.16782265688705666,0.00997109779212424,0,0,0,1,0,0.0,0.26666666666666666,0.31588060126699385,0.12922235246204147,0.953099535118972,0.5520092843923798,0.0,0.22024673439767775,0.03371830854828431
900,101,96.19047619047619,105,2,103,0,0,0.01904761904761905,2.040989621430223,2.022515416542821,3.577715037342424,1.4942726243104498,0.48380200245184024,1.2747443968663135,3.3047619047619046,3.1678296249359845,0.4101714542279238,0.6195854927146222,0.0032566328953404543,0.5,0.12352926766399018,0.03039815494985615,0,2,0,0,0,0.5,0.2857142857142857,0.3212270233365098,0.13341770342041523,0.9744359378692588,0.5465350844648708,0.01904761904761905,0.1669085631349782,0.03387295354225853
901,101,96.19047619047619,105,1,104,0,0,0.009523809523809525,2.048395975720258,2.0245327028623654,3.4134734920644743,1.4983488928133464,0.48651821907775666,1.3630534199215396,3.3047619047619046,3.1678296249359845,0.4086149552006182,0.25721248601245505,0.002304237318149714,0.0,0.25721248601245505,-0.013018396689821632,0,1,0,0,0,0.0,0.26666666666666666,0.3153466966612223,0.16620414894606403,0.9698461923404093,0.5333559344190724,0.009523809523809525,0.1669085631349782,0.03397454993432204
902,102,97.14285714285714,105,0,105,0,0,0.0,2.0446764889604943,2.021137706505644,3.418300833873844,1.502104711923855,0.49001302737005736,1.3763143468073398,3.3047619047619046,3.1678296249359845,0.40930127805728556,0.0,0.0,0.0,0.0,0.0,0,0,0,0,0,0.0,0.2857142857142857,0.31687222285046096,0.17338950155435118,0.9697028533152153,0.5298765539529191,0.0,0.1669085631349782,0.034015441475744077
903,102,97.14285714285714,105,0,105,0,0,0.0,2.031307895071043,2.009118578988675,3.3585954853200204,1.5054369566982084,0.5083123116012359,1.355999188400829,3.3047619047619046,3.1678296249359845,0.4098001069133699,0.0,0.0,0.0,0.0,0.0,0,0,0,0,0,0.0,0.2857142857142857,0.31722350308835373,0.1809490348608431,0.9662390662849135,0.5256063203837932,0.0,0.1669085631349782,0.034001378424865496
904,102,97.14285714285714,105,0,105,0,0,0.0,2.033725309622264,2.0119132625410545,3.4041473859838134,1.5087344662862214,0.4980473062141726,1.3659581735015014,3.3047619047619046,3.1678296249359845,0.4075231430451185,0.0,0.0,0.0,0.0,0.0,0,0,0,0,0,0.0,0.2761904761904762,0.3165191421647973,0.1734965507236144,0.9610038274855488,0.525580134827974,0.0,0.1669085631349782,0.03406569524042869
905,104,99.04761904761905,105,0,105,0,0,0.0,2.022950492247731,2.0007896215791914,3.285554287452508,1.511645613993611,0.5198735972029866,1.3699365203636769,3.3047619047619046,3.1678296249359845,0.40662462469004845,0.0,0.0,0.0,0.0,0.0,0,0,0,0,0,0.0,0.2857142857142857,0.3130666647611412,0.1786950269297978,0.9692920770838381,0.5233028080006024,0.0,0.1288098693759071,0.03405793125330619
906,105,100.0,105,0,105,0,0,0.0,2.017756261657163,1.9954568064981864,3.2361245644927843,1.5143293939047167,0.5265194824113556,1.3879002403646015,3.3047619047619046,3.1678296249359845,0.4039092517697789,0.0,0.0,0.0,0.0,0.0,0,0,0,0,0,0.0,0.2857142857142857,0.3087474768561942,0.17528248236544888,0.9565229505342403,0.5177159189285424,0.0,0.14404934687953558,0.03407446888789939
907,104,99.04761904761905,105,1,104,0,0,0.009523809523809525,2.0127443590249197,1.996296789728644,3.195568254950726,1.516815111753261,0.5343079485557951,1.3898807128528656,3.3047619047619046,3.1678296249359845,0.402949256088027,0.47281075479380025,0.002925144459140035,0.0,0.47281075479380025,0.00685955332217747,0,1,0,0,0,0.0,0.2761904761904762,0.3064034940017136,0.171755853967554,0.9663746993563296,0.5184233100644767,0.009523809523809525,0.1669085631349782,0.03408878102793743
908,102,97.14285714285714,105,2,103,0,0,0.01904761904761905,2.0158042339960724,1.9959561325287192,3.278263918767141,1.519458921656231,0.5709761123163152,1.462759667090035,3.3047619047619046,3.1678296249359845,0.40341820253049065,0.8003771238128303,0.003703483905861476,1.0,0.19962287618716967,0.04430351125191789,0,2,0,0,0,0.5,0.26666666666666666,0.3086509766541833,0.17347947639740924,0.9419450428175102,0.5160223585981932,0.01904761904761905,0.2013788098693759,0.034145956099459834
909,102,97.14285714285714,105,0,105,0,0,0.0,2.017806090702586,1.9972903974903837,3.3180615345612066,1.521941657323434,0.5529976664019046,1.4245478747378424,3.3047619047619046,3.1678296249359845,0.405102003478933,0.0,0.0,0.0,0.0,0.0,0,0,0,0,0,0.0,0.26666666666666666,0.31058177855019464,0.1642631920198442,0.9498190445980135,0.5223698183223208,0.0,0.2013788098693759,0.034195289800979654
910,102,97.14285714285714,105,0,105,0,0,0.0,2.0272949257383455,2.007024242591659,3.155889414533528,1.5245924254576728,0.5569781614955148,1.4031438404306957,3.3047619047619046,3.1678296249359845,0.40347052985330123,0.0,0.0,0.0,0.0,0.0,0,0,0,0,0,0.0,0.26666666666666666,0.30253442636786726,0.17992370463599072,0.9547387707056203,0.5215153481892754,0.0,0.1669085631349782,0.03428471988528084
911,102,97.14285714285714,105,0,104,1,0,0.0,2.0515807031662563,2.0327617827514137,3.277899137039505,1.5278114789111954,0.5550932968800857,1.397871786697918,3.3047619047619046,3.1678296249359845,0.40326800172318866,0.13360970759586543,0.003333429712944118,0.0,0.13360970759586543,-0.04461789885541656,0,0,0,1,0,0.0,0.2571428571428571,0.30318330985545816,0.1728696085228081,0.9512583204195919,0.527109708021399,0.0,0.16690856313497823,0.034457135836892
912,103,98.0952380952381,105,1,103,1,0,0.009523809523809525,2.083784378517543,2.058511308743159,3.4550828641710027,1.5317278073773986,0.537323399918116,1.4083172619314066,3.3047619047619046,3.1678296249359845,0.4092129507455171,0.4449291714384741,0.001064108595342012,0.5,0.44138932693240795,0.02651299319755414,0,1,0,1,0,0.0,0.26666666666666666,0.3124229716213714,0.18049012802992892,0.9406810921470916,0.5380747416241652,0.009523809523809525,0.1669085631349782,0.03468018552032953
913,104,99.04761904761905,105,0,105,0,0,0.0,2.1005059942852755,2.0740747795015624,3.6013087673172626,1.5357678043686163,0.533722097772081,1.4336002960733092,3.3047619047619046,3.1678296249359845,0.4147684550548325,0.0,0.0,0.0,0.0,0.0,0,0,0,0,0,0.0,0.2761904761904762,0.3205261350989084,0.18780897514953931,0.9405431898246717,0.5413718596076008,0.0,0.18214804063860668,0.03482778370993535
914,104,99.04761904761905,105,0,105,0,0,0.0,2.06997480512098,2.044509983216722,3.2896872443309833,1.5389305712380887,0.5532117302092092,1.4296740427062389,3.3047619047619046,3.1678296249359845,0.40769078755349075,0.0,0.0,0.0,0.0,0.0,0,0,0,0,0,0.0,0.2761904761904762,0.3068193792348418,0.1947865829619116,0.9568889394620628,0.5360856152733339,0.0,0.22024673439767778,0.03472522329704328
915,103,98.0952380952381,105,1,103,1,0,0.009523809523809525,2.0810380897858223,2.0581357350917706,3.3365544792175394,1.542282309820613,0.5592458619550151,1.398375028375079,3.3047619047619046,3.1678296249359845,0.4064670146522613,0.17167541141665726,0.0012668303082109355,0.0,0.17167541141665726,0.00697581934191277,0,1,0,1,0,0.0,0.2857142857142857,0.30639716023314795,0.19863022789966875,0.943481269822717,0.531063097232097,0.009523809523809525,0.23911465892597963,0.03483362840425129
916,102,97.14285714285714,105,1,103,1,0,0.009523809523809525,2.104849955503108,2.0790723459218925,3.4966241440745027,1.5461730930398976,0.5394680936325427,1.459821868037069,3.3047619047619046,3.1678296249359845,0.4111478826975674,0.5170154119699716,0.00425023781172831,0.5,0.4803396035304136,0.021550762648598343,0,1,0,1,0,0.0,0.2571428571428571,0.31361800734011247,0.20581731665237385,0.9507447208692326,0.5313873023417521,0.009523809523809525,0.23911465892597963,0.03501431442456899
917,102,97.14285714285714,105,1,104,0,0,0.009523809523809525,2.093884017691528,2.065069120422882,3.297896032839494,1.549615448490405,0.5468799718681405,1.4364458395395132,3.3047619047619046,3.1678296249359845,0.40821454451086825,0.5001926803149515,0.005016047846031558,1.0,0.49980731968504855,0.02526113894787163,0,1,0,0,0,0.0,0.2571428571428571,0.3059124418077282,0.20824200803210868,0.9521413269050656,0.5263979019327313,0.009523809523809525,0.20101596516690856,0.03501400871338948
918,102,97.14285714285714,105,0,105,0,0,0.0,2.0811271418271238,2.0523300744780375,3.2246785385365664,1.5525377273211698,0.5625528861410223,1.4379854903613771,3.3047619047619046,3.1678296249359845,0.40883469154614693,0.0,0.0,0.0,0.0,0.0,0,0,0,0,0,0.0,0.2857142857142857,0.305544386554796,0.21275847106439028,0.94428424566631,0.5249142931140963,0.0,0.23911465892597963,0.034996510741329555
919,102,97.14285714285714,105,0,105,0,0,0.0,2.076552721012341,2.047786432603024,3.240529144213878,1.5552522854707167,0.5511496310624482,1.4068224121243662,3.3047619047619046,3.1678296249359845,0.4127638029079208,0.0,0.0,0.0,0.0,0.0,0,0,0,0,0,0.0,0.3238095238095238,0.30997165328348536,0.21613906157270993,0.9353752874743094,0.53441700240173,0.0,0.26197387518142234,0.03501663492587937
920,102,97.14285714285714,105,1,104,0,0,0.009523809523809525,2.087659532378003,2.0561770413583664,3.3863812822051895,1.5581511073872913,0.5245360160767801,1.3494025046463927,3.3047619047619046,3.1678296249359845,0.41818526721531124,0.7561187366096982,0.0024741464392388085,1.0,0.2438812633903018,0.031674363755595736,0,1,0,0,0,0.0,0.3238095238095238,0.3186694499441613,0.21926257291696827,0.9459938643878276,0.5357578539613237,0.009523809523809525,0.26197387518142234,0.03511808385243138
921,103,98.0952380952381,105,0,104,1,0,0.0,2.0887313291973495,2.0574745684665543,3.22491408542398,1.5609333661305345,0.5530917318456569,1.3939721262099378,3.3047619047619046,3.1678296249359845,0.4136892106163028,0.4824678435982436,0.0034565676848964362,0.0,0.4824678435982436,-0.007341741127117829,0,0,0,1,0,0.0,0.3047619047619048,0.3097053004995884,0.2354282220094164,0.9459938643878276,0.5250710028711649,0.0,0.26197387518142234,0.035167511444883524
922,103,98.0952380952381,105,1,104,0,0,0.009523809523809525,2.0779497183573348,2.0506869444061024,3.287103337507986,1.5633419303523395,0.5789396146708742,1.4705483359333253,3.3047619047619046,3.1678296249359845,0.41660057512154935,0.6245843686206525,0.004278369810992151,1.0,0.3754156313793475,0.011548680831520164,0,1,0,0,0,0.0,0.3047619047619048,0.3155600373687969,0.23792654604082983,0.9418562652995659,0.5263760493893704,0.009523809523809525,0.26197387518142234,0.035151752996160426
923,102,97.14285714285714,105,1,104,0,0,0.009523809523809525,2.087506817629888,2.05723410602789,3.2956822379003428,1.5660091835254217,0.5817498292663988,1.4723042213470077,3.3047619047619046,3.1678296249359845,0.4173348793838634,0.7163849060401395,0.003524251464906753,1.0,0.2836150939598605,-0.02868548433138085,0,1,0,0,0,0.0,0.3047619047619048,0.315453987810828,0.2448303584717756,0.9289117736200583,0.5248283405898168,0.009523809523809525,0.3000725689404935,0.035241785510617664
924,101,96.19047619047619,105,1,104,0,0,0.009523809523809525,2.1023986217105355,2.0807415478630515,3.483878968536305,1.56889540100266,0.583924405790259,1.5205257175354092,3.3047619047619046,3.1678296249359845,0.4210831697009463,0.5280152883082523,0.0028135352272732755,1.0,0.4719847116917477,-0.0029562629485547776,0,1,0,0,0,0.0,0.29523809523809524,0.3229187490275501,0.25470900644492234,0.9345141537707239,0.5119982214664309,0.009523809523809525,0.20500725689404933,0.035361959757162914
925,102,97.14285714285714,105,1,104,0,0,0.009523809523809525,2.130252647235635,2.1036480154771056,3.6124877118938823,1.5726379934331423,0.5753246570245092,1.5171671684350418,3.3047619047619046,3.1678296249359845,0.4235923831695865,0.9082165231641683,0.0025624667976664557,1.0,0.09178347683583166,0.04639291866563039,0,1,0,0,0,0.0,0.3142857142857143,0.32874786007923473,0.2759940538612784,0.9353140040399096,0.5165186252450531,0.009523809523809525,0.22387518142235122,0.03556050936066513
926,102,97.14285714285714,105,0,105,0,0,0.0,2.140658516856511,2.1136563370166304,3.753667959980449,1.576385126474848,0.5684173428864538,1.507839762729829,3.3047619047619046,3.1678296249359845,0.427692191924508,0.0,0.0,0.0,0.0,0.0,0,0,0,0,0,0.0,0.3333333333333333,0.3362762619982794,0.2749285040678893,0.9377813202298079,0.520118870584909,0.0,0.22387518142235124,0.03567189010405997
927,103,98.0952380952381,105,0,105,0,0,0.0,2.1178303631356608,2.0907175438896557,3.4816480525298403,1.5794322272185497,0.6007029984189813,1.5387490520631584,3.3047619047619046,3.1678296249359845,0.42325087002987627,0.0,0.0,0.0,0.0,0.0,0,0,0,0,0,0.0,0.3333333333333333,0.32680459878453844,0.2910176828182343,0.9377813202298079,0.50876845654604,0.0,0.22387518142235124,0.03560601281548603
928,103,98.0952380952381,105,0,105,0,0,0.0,2.1208344518019095,2.094308960950088,3.491851260432771,1.582473816981067,0.6207890443049897,1.5542759154538859,3.3047619047619046,3.1678296249359845,0.4237751129461276,0.0,0.0,0.0,0.0,0.0,0,0,0,0,0,0.0,0.3333333333333333,0.32632885231586606,0.2931861383573373,0.9447349548190113,0.5127290798223018,0.0,0.22387518142235122,0.035669209449600295
929,104,99.04761904761905,105,0,105,0,0,0.0,2.1038983389355597,2.0770066830938845,3.3627102359899625,1.5849805690150442,0.6381786012305783,1.5733545620587959,3.3047619047619046,3.1678296249359845,0.4218177858081227,0.0,0.0,0.0,0.0,0.0,0,0,0,0,0,0.0,0.3523809523809524,0.3221205468772072,0.2934441034018838,0.9318761123124868,0.5037792230695967,0.0,0.22387518142235122,0.03562423370204656
930,105,100.0,105,0,105,0,0,0.0,2.130983055297324,2.102997744043671,3.5821793172200587,1.5880665934383476,0.6444116139974253,1.570544870755201,3.3047619047619046,3.1678296249359845,0.42503339666299333,0.0,0.0,0.0,0.0,0.0,0,0,0,0,0,0.0,0.3238095238095238,0.32834663051448554,0.2828027928993529,0.9467347982667326,0.5104388989796828,0.0,0.18577648766328012,0.03580853728181246
931,105,100.0,105,0,105,0,0,0.0,2.136046392501013,2.107716477654133,3.5153143758102376,1.5911744430187236,0.6454987701303688,1.5549119057171699,3.3047619047619046,3.1678296249359845,0.42456911709778256,0.0,0.0,0.0,0.0,0.0,0,0,0,0,0,0.0,0.3523809523809524,0.3254682888626121,0.29083812584663604,0.9277598238202153,0.5156374537858449,0.0,0.18577648766328012,0.035883079657683704
932,105,100.0,105,0,105,0,0,0.0,2.131519164421529,2.1023794622377188,3.501225009245065,1.5940485871750356,0.6549026795136572,1.5769711621050233,3.3047619047619046,3.1678296249359845,0.4258609328057317,0.0,0.0,0.0,0.0,0.0,0,0,0,0,0,0.0,0.3619047619047619,0.3266925629795739,0.2824182767479123,0.9313684911426089,0.5189705774595494,0.0,0.18577648766328012,0.03590596751230979
933,105,100.0,105,0,105,0,0,0.0,2.1244892134181668,2.0952695946557136,3.3822453627593925,1.596651500548055,0.6641214277720803,1.5773976420016262,3.3047619047619046,3.1678296249359845,0.422168434841238,0.0,0.0,0.0,0.0,0.0,0,0,0,0,0,0.0,0.3523809523809524,0.3194812122497268,0.28665516487526504,0.9262537419932733,0.5160242558716289,0.0,0.18577648766328012,0.03591204568776395
934,105,100.0,105,0,105,0,0,0.0,2.1156886883349606,2.0857981225465334,3.2506480750212443,1.598931925980619,0.6622447826167439,1.5964548174097033,3.3047619047619046,3.1678296249359845,0.4188274042354405,0.0,0.0,0.0,0.0,0.0,0,0,0,0,0,0.0,0.3523809523809524,0.3134116221723793,0.29278355000321277,0.9213330194639016,0.5140176640169493,0.0,0.18577648766328012,0.03590416305856158
935,105,100.0,105,0,105,0,0,0.0,2.125384215461324,2.096161208457879,3.2944701236097726,1.6014027393452013,0.6721618666152609,1.6087241384154913,3.3047619047619046,3.1678296249359845,0.41898311609857286,0.0,0.0,0.0,0.0,0.0,0,0,0,0,0,0.0,0.3619047619047619,0.3142398359206361,0.29389167365323193,0.9338213330154939,0.5125708755130935,0.0,0.16146589259796806,0.03599177627306346
936,105,100.0,105,0,105,0,0,0.0,2.1415817450586596,2.111602863541943,3.31421499640997,1.60418661381151,0.6774226001098712,1.6128061617977036,3.3047619047619046,3.1678296249359845,0.41741551438522273,0.0,0.0,0.0,0.0,0.0,0,0,0,0,0,0.0,0.3333333333333333,0.3122710884181407,0.30023803052609244,0.9307208045758018,0.5050429244840366,0.0,0.16146589259796806,0.036116858121082514
937,105,100.0,105,0,105,0,0,0.0,2.152207978380331,2.1215236023856505,3.618834582765013,1.6071337175610372,0.6606075603535286,1.599725389807779,3.3047619047619046,3.1678296249359845,0.4222842394470856,0.0,0.0,0.0,0.0,0.0,0,0,0,0,0,0.0,0.34285714285714286,0.3247360392071331,0.27357523082180385,0.92609156337269,0.5151904669040318,0.0,0.14767779390420896,0.03621666890051843
938,105,100.0,105,0,105,0,0,0.0,2.142773424775053,2.112444522321998,3.4644489633008533,1.6097573742545663,0.6849335935614211,1.6209683340103145,3.3047619047619046,3.1678296249359845,0.4182373342263057,0.0,0.0,0.0,0.0,0.0,0,0,0,0,0,0.0,0.34285714285714286,0.3170885670485534,0.2794223445553356,0.9207249226976919,0.5105381056537379,0.0,0.18577648766328012,0.036211052619489155
939,104,99.04761904761905,105,1,104,0,0,0.009523809523809525,2.1186568755367134,2.0949669390014423,3.1928955051981602,1.6116890936494195,0.6973858582405581,1.6604305902594554,3.3047619047619046,3.1678296249359845,0.4132309058301249,0.7774314196963379,0.004103671525787379,1.0,0.2225685803036621,0.006061272599737433,0,1,0,0,0,0.0,0.3142857142857143,0.3070691292698333,0.28782677348805213,0.9261364887817334,0.5069498755434579,0.009523809523809525,0.18577648766328012,0.03612106666292786
940,104,99.04761904761905,105,0,105,0,0,0.0,2.1077074851550663,2.0840759681811676,3.0944906662906377,1.6134495098199024,0.7070846153784531,1.67909070837962,3.3047619047619046,3.1678296249359845,0.4097963208456161,0.0,0.0,0.0,0.0,0.0,0,0,0,0,0,0.0,0.3142857142857143,0.3026252651059268,0.29466128617705556,0.9229937158817914,0.5024983450287631,0.0,0.147677793904209,0.03609420320350498
941,104,99.04761904761905,105,0,105,0,0,0.0,2.1082391091807997,2.084029459740085,3.1572459802110195,1.6151529803588747,0.7061348007493898,1.677003325341915,3.3047619047619046,3.1678296249359845,0.412233959191181,0.0,0.0,0.0,0.0,0.0,0,0,0,0,0,0.0,0.3523809523809524,0.30750971231207186,0.29984101662426726,0.9389682623515427,0.5013654075984919,0.0,0.147677793904209,0.036123842845826454
942,104,99.04761904761905,105,0,105,0,0,0.0,2.1218896013048507,2.0975173441880144,3.363427722615297,1.6171443064129165,0.6843512846239836,1.6772555849154624,3.3047619047619046,3.1678296249359845,0.4157070207094289,0.0,0.0,0.0,0.0,0.0,0,0,0,0,0,0.0,0.3142857142857143,0.31541415425955843,0.285755025970359,0.935833737860923,0.5081171331691191,0.0,0.18577648766328012,0.03622363621478122
943,104,99.04761904761905,105,0,105,0,0,0.0,2.121472593671187,2.0969864242920906,3.386885770802918,1.6190590957400914,0.6436393663417601,1.6386231140336196,3.3047619047619046,3.1678296249359845,0.4155705807517125,0.0,0.0,0.0,0.0,0.0,0,0,0,0,0,0.0,0.2857142857142857,0.3157035899989855,0.28226749967862413,0.9298830456984744,0.5053114546474965,0.0,0.18577648766328012,0.036251879808393575
944,105,100.0,105,0,105,0,0,0.0,2.11751518314053,2.0935475351653188,3.3279048185010156,1.6208260772848835,0.6474979738946248,1.6372356243378796,3.3047619047619046,3.1678296249359845,0.41574224100411605,0.0,0.0,0.0,0.0,0.0,0,0,0,0,0,0.0,0.29523809523809524,0.31434466494436375,0.284405482700002,0.9229855170773437,0.5044912071015575,0.0,0.147677793904209,0.03626008023816183
945,104,99.04761904761905,105,1,104,0,0,0.009523809523809525,2.09690656439635,2.0714271405450067,3.1596575433255136,1.622033784848982,0.678730874553933,1.654193566947267,3.3047619047619046,3.1678296249359845,0.41300419147848944,0.8207475575201028,0.006998414193728332,1.0,0.17925244247989724,0.018014731634875103,0,1,0,0,0,0.0,0.3238095238095238,0.30821002798018776,0.293166990323761,0.9229855170773437,0.5048580763990206,0.009523809523809525,0.147677793904209,0.03617616620343998
946,104,99.04761904761905,105,0,105,0,0,0.0,2.108228547825464,2.0819597146174953,3.2535397330546565,1.623412867381174,0.6620839676903203,1.654920485388453,3.3047619047619046,3.1678296249359845,0.4157893850489147,0.0,0.0,0.0,0.0,0.0,0,0,0,0,0,0.0,0.29523809523809524,0.31331105896735034,0.29733670248221616,0.9154192766175177,0.5056557010334061,0.0,0.18577648766328006,0.0362546196130891
947,104,99.04761904761905,105,0,105,0,0,0.0,2.081096347929584,2.0556092139788382,2.8802312659962364,1.624080471755919,0.6962582491081696,1.66834940869943,3.3047619047619046,3.1678296249359845,0.40972331069895596,0.0,0.0,0.0,0.0,0.0,0,0,0,0,0,0.0,0.3142857142857143,0.298022797928151,0.30868002242676434,0.9119077635123658,0.5001192888934822,0.0,0.19956458635703916,0.036129532898189966
948,104,99.04761904761905,105,0,105,0,0,0.0,2.0789564062196426,2.0527683601297007,2.923032021704281,1.6246549328336357,0.664450269323003,1.6378632773466122,3.3047619047619046,3.1678296249359845,0.40896761716772767,0.0,0.0,0.0,0.0,0.0,0,0,0,0,0,0.0,0.3333333333333333,0.2991574549056809,0.29500938770257085,0.9421541081680381,0.5039221331943673,0.0,0.19956458635703916,0.03612793216374208
949,104,99.04761904761905,105,0,104,1,0,0.0,2.0723985103288305,2.0470636571432905,2.810952366027426,1.6250666237461748,0.6696923606052501,1.6321021812924383,3.3047619047619046,3.1678296249359845,0.40402551101554485,0.22281678206545014,0.0016497087751577478,0.0,0.22281678206545014,3.1634978324701635e-05,0,0,0,1,0,0.0,0.3238095238095238,0.29128137861372405,0.2918665696821412,0.9429263722204998,0.5019693997497128,0.0,0.19956458635703916,0.03610166351763331
950,103,98.0952380952381,105,2,103,0,0,0.01904761904761905,2.1059054016790255,2.0786005063066355,3.0148724663692343,1.6262889944185301,0.6354785473148726,1.5902663821457017,3.3047619047619046,3.1678296249359845,0.4125203114446834,0.4668683030628242,0.002403518455903513,0.5,0.3550561232106612,0.010946825222297507,0,2,0,0,0,0.0,0.3142857142857143,0.30247451540016734,0.2894604943132669,0.9634199889329238,0.5159102145016218,0.01904761904761905,0.18033381712626997,0.03628855928452699
951,103,98.0952380952381,105,0,105,0,0,0.0,2.0866299698898962,2.0589088146717414,2.9096840461541214,1.6269491085715384,0.6578888463953776,1.6068525002992282,3.3047619047619046,3.1678296249359845,0.41080767804120577,0.0,0.0,0.0,0.0,0.0,0,0,0,0,0,0.0,0.3047619047619048,0.29968159528980226,0.29694838159126835,0.9680506619363752,0.5133315244941994,0.0,0.16690856313497823,0.03620263777143004
952,103,98.0952380952381,105,0,104,1,0,0.0,2.0913706099504146,2.0637058794157666,2.8952961898275262,1.6277098817033195,0.6646492559074167,1.610120510719676,3.3047619047619046,3.1678296249359845,0.40988297442749033,0.10492804404236311,0.0009937535646620966,0.0,0.10492804404236311,0.008771220977479066,0,0,0,1,0,0.0,0.3047619047619048,0.29729782283457495,0.30147596428711965,0.9593639739152879,0.511718359609752,0.0,0.16690856313497823,0.036238390970056183
953,103,98.0952380952381,105,0,104,1,0,0.0,2.097379452629474,2.0693402225369137,2.9842009277723083,1.6285893439509038,0.6644347067008936,1.6104550745979902,3.3047619047619046,3.1678296249359845,0.41122195887393853,0.2147933074158187,0.0011397373571870632,0.0,0.2147933074158187,0.008382111465686404,0,0,0,1,0,0.0,0.3238095238095238,0.3006251073677043,0.3046846493148077,0.9507540536565955,0.5133706077686411,0.0,0.1288098693759071,0.03628236511626104
954,102,97.14285714285714,105,1,102,2,0,0.009523809523809525,2.07654994801782,2.0467788077813815,2.8864881730007403,1.6289497607645895,0.6800006780101696,1.6209591143560782,3.3047619047619046,3.1678296249359845,0.4060219509219112,0.2999024003695023,0.0017903808987367095,0.3333333333333333,0.258811333638574,0.00793492655052245,0,1,0,2,0,0.0,0.3047619047619048,0.29422681906893766,0.29781423686611236,0.9577180656875968,0.5113224764162553,0.009523809523809525,0.1288098693759071,0.03618392628850136
955,104,99.04761904761905,105,1,103,1,0,0.009523809523809525,2.07321726217728,2.04162022048782,2.791595303385113,1.6291399846482326,0.677408169966421,1.6194485533156806,3.3047619047619046,3.1678296249359845,0.40397306839943803,0.3397436756105714,0.002791562433461179,0.5,0.3236391291482923,0.0009053502928907664,0,1,0,1,0,0.0,0.3142857142857143,0.2895398755768928,0.2945549243664272,0.9689626896265443,0.5113546096156157,0.009523809523809525,0.1288098693759071,0.036170275843568536
956,104,99.04761904761905,105,0,105,0,0,0.0,2.0856611876148077,2.053176131189326,3.0349618221060455,1.6295645029716126,0.6600176434693871,1.6206287519051805,3.3047619047619046,3.1678296249359845,0.4103326506589555,0.0,0.0,0.0,0.0,0.0,0,0,0,0,0,0.0,0.3142857142857143,0.3019812317653039,0.2851736547612854,0.9523473714598262,0.5196978156208735,0.0,0.12880986937590713,0.03623921947936183
957,104,99.04761904761905,105,0,105,0,0,0.0,2.0812141631233567,2.048233096926464,3.0443334267921496,1.6298503037547811,0.6519542824751018,1.6401772255476301,3.3047619047619046,3.1678296249359845,0.41082807029818036,0.0,0.0,0.0,0.0,0.0,0,0,0,0,0,0.0,0.3142857142857143,0.3034921330051017,0.2851406468466256,0.9559665773449927,0.5219165228705921,0.0,0.090711175616836,0.03622151119784333
958,103,98.0952380952381,105,1,104,0,0,0.009523809523809525,2.093023481237152,2.057070088447184,3.0447200243592274,1.6304233431318453,0.6724533026677841,1.6548796842266615,3.3047619047619046,3.1678296249359845,0.41042385832649964,0.7404372161781447,0.00523112249134151,1.0,0.25956278382185527,0.046399490709540414,0,1,0,0,0,0.0,0.3142857142857143,0.3021239210136427,0.284240957912341,0.9592026059840444,0.5256500113915384,0.009523809523809525,0.07148040638606676,0.0362896342439869
959,102,97.14285714285714,105,1,104,0,0,0.009523809523809525,2.0744711057230805,2.036494498505268,2.8145122318489344,1.6304482808389282,0.7020663925490818,1.6714660162092083,3.3047619047619046,3.1678296249359845,0.4047639814736621,0.5241368485645186,0.003956226737144274,1.0,0.4758631514354814,0.017450131242367828,0,1,0,0,0,0.0,0.3047619047619048,0.2921541655096001,0.30121412289202004,0.9589471450611298,0.513935498798204,0.009523809523809525,0.07148040638606676,0.03619726735845292
960,103,98.0952380952381,105,0,105,0,0,0.0,2.0818715327115305,2.044354799501187,2.8052846827824456,1.6306077987611725,0.6942614367543075,1.6513154035107094,3.3047619047619046,3.1678296249359845,0.40388074637232085,0.0,0.0,0.0,0.0,0.0,0,0,0,0,0,0.0,0.29523809523809524,0.2903070868562088,0.29904323190030074,0.9537386464127343,0.5123631136627426,0.0,0.07148040638606676,0.03623679612139413
961,103,98.0952380952381,105,0,104,1,0,0.0,2.084816856139709,2.047248912491837,2.704726407462984,1.6308356078823762,0.6952271316981793,1.641034735589171,3.3047619047619046,3.1678296249359845,0.4016138982686419,0.3100299642310862,0.0013394438788345434,0.0,0.3100299642310862,0.010573324933757955,0,0,0,1,0,0.0,0.3047619047619048,0.2848646141827104,0.31400313176987843,0.9541831532376399,0.5117939206879673,0.0,0.147677793904209,0.03625513104094993
962,102,97.14285714285714,105,1,103,1,0,0.009523809523809525,2.0816788634129506,2.0440773436373694,2.548970721529379,1.630985828731641,0.7360347393249399,1.6966458239564126,3.3047619047619046,3.1678296249359845,0.3965735783380693,0.38075551753058823,0.0018248549526564027,0.0,0.38075551753058823,0.010780099191142756,0,1,0,1,0,0.0,0.29523809523809524,0.2759131730781986,0.3357822568280255,0.9479702848671078,0.5017148108170032,0.009523809523809525,0.10957910014513787,0.036241820447599056
963,103,98.0952380952381,105,0,104,1,0,0.0,2.0879388116704884,2.0504613389100834,2.5928368636478116,1.631283073864054,0.7366199614786818,1.7031653072896902,3.3047619047619046,3.1678296249359845,0.39564317630080925,0.29470553347036965,0.0011940074431750086,0.0,0.29470553347036965,0.011813522106960461,0,0,0,1,0,0.0,0.26666666666666666,0.2759645300968577,0.32957476743666964,0.9618291173345739,0.5036537728350445,0.0,0.10957910014513787,0.036277828298568376
964,102,97.14285714285714,105,2,102,0,1,0.01904761904761905,2.0609542175533915,2.028776248038141,2.4556606484866914,1.630908688791229,0.786854135947051,1.7576373184283127,3.3047619047619046,3.1678296249359845,0.393135045253048,0.6371447981173645,0.003225959234179392,0.6666666666666666,0.2914609728923829,0.019364756633414932,0,3,0,0,0,0.3333333333333333,0.26666666666666666,0.2710118676973558,0.3309976350331738,0.9712089704269385,0.49855604486539595,0.01904761904761905,0.10957910014513787,0.036136975387358744
965,102,97.14285714285714,105,0,105,0,0,0.0,2.059582507764669,2.027844553670855,2.3934967196973775,1.6306352086071143,0.7872270370541835,1.7601274559413216,3.3047619047619046,3.1678296249359845,0.3925076110120558,0.0,0.0,0.0,0.0,0.0,0,0,0,0,0,0.0,0.29523809523809524,0.26792600353560775,0.3377091060241699,0.9741679298636013,0.49738790542693023,0.0,0.10957910014513787,0.036125785145269776
966,102,97.14285714285714,105,0,105,0,0,0.0,2.055168294338414,2.0237187898129774,2.4224715328465942,1.6302658340734946,0.7770917529759102,1.7465735239310778,3.3047619047619046,3.1678296249359845,0.3931335554883155,0.0,0.0,0.0,0.0,0.0,0,0,0,0,0,0.0,0.2761904761904762,0.2696562022920355,0.3321847988235439,0.9794544728557405,0.5057173275679264,0.0,0.10957910014513787,0.03609786350018701
967,103,98.0952380952381,105,0,105,0,0,0.0,2.059992850537522,2.0285094502958447,2.419167924742824,1.6300295686653832,0.7704243894370049,1.727759103843519,3.3047619047619046,3.1678296249359845,0.3938322767024236,0.0,0.0,0.0,0.0,0.0,0,0,0,0,0,0.0,0.2857142857142857,0.2696207862641745,0.332140512457021,0.9716427459095494,0.5064831434323764,0.0,0.147677793904209,0.03611824403838674
968,103,98.0952380952381,105,0,105,0,0,0.0,2.076858012522937,2.045313753362762,2.474525552173943,1.6302266530955176,0.7682975402989011,1.7246476431234274,3.3047619047619046,3.1678296249359845,0.3944946451183151,0.0,0.0,0.0,0.0,0.0,0,0,0,0,0,0.0,0.29523809523809524,0.27087504657978917,0.33130164352273545,0.9802704356468331,0.5036490477149184,0.0,0.10957910014513789,0.03620569149779578
969,105,100.0,105,0,105,0,0,0.0,2.0711047421337265,2.038469790442793,2.6036430827190067,1.630244050158769,0.741987087459221,1.7086607905215956,3.3047619047619046,3.1678296249359845,0.3988645154707351,0.0,0.0,0.0,0.0,0.0,0,0,0,0,0,0.0,0.2761904761904762,0.2798174055188645,0.32020220397113347,0.9659692697199034,0.5067256787657164,0.0,0.10957910014513789,0.0361772007005115
970,105,100.0,105,0,105,0,0,0.0,2.0877783813899327,2.0553498449431116,2.5927822299645773,1.6306886812064305,0.7204266822483848,1.687206813286892,3.3047619047619046,3.1678296249359845,0.3989865412004481,0.0,0.0,0.0,0.0,0.0,0,0,0,0,0,0.0,0.2857142857142857,0.27827303812347204,0.3253684954920972,0.9638633243477246,0.505242375077586,0.0,0.07148040638606677,0.036267611473817275
971,105,100.0,105,0,105,0,0,0.0,2.085049061539981,2.0531738257266383,2.494861516290225,1.631064081034935,0.7263979465313909,1.680406900868151,3.3047619047619046,3.1678296249359845,0.3950041761793204,0.0,0.0,0.0,0.0,0.0,0,0,0,0,0,0.0,0.2857142857142857,0.2712466733121336,0.3236090402360444,0.9585150107794045,0.5030496307047171,0.0,0.07148040638606676,0.03625991088805718
972,105,100.0,105,0,105,0,0,0.0,2.096563791880753,2.0651118341395844,2.5441654572023675,1.6317301294501665,0.7173365486917962,1.68359897713177,3.3047619047619046,3.1678296249359845,0.3970666321394358,0.0,0.0,0.0,0.0,0.0,0,0,0,0,0,0.0,0.26666666666666666,0.2731677319532908,0.3245001648303338,0.9585150107794045,0.5050842646876826,0.0,0.07148040638606676,0.036328034179268096
973,104,99.04761904761905,105,1,104,0,0,0.009523809523809525,2.089571054187073,2.05335025497466,2.4305423285810024,1.6322258574096866,0.7612543660337656,1.7203624528717119,3.3047619047619046,3.1678296249359845,0.39485337048628955,0.9291262017393163,0.003996328832264695,1.0,0.07087379826068374,0.06560808413554914,0,1,0,0,0,0.0,0.2857142857142857,0.2678830905948921,0.33556472920330627,0.9703759019019624,0.5028603112931309,0.009523809523809525,0.10377358490566037,0.036300922399380084
974,104,99.04761904761905,105,0,105,0,0,0.0,2.1004349966616678,2.0640805330227807,2.40925487288699,1.632828966838903,0.7744574698479718,1.7233072021914346,3.3047619047619046,3.1678296249359845,0.394145083522361,0.0,0.0,0.0,0.0,0.0,0,0,0,0,0,0.0,0.2571428571428571,0.2654711009290878,0.3485812848610884,0.9559027326974787,0.499036277464664,0.0,0.09978229317851957,0.036364794851337805
975,104,99.04761904761905,105,0,105,0,0,0.0,2.0764201505600806,2.0401052275359133,2.3552128541119077,1.6328053733250443,0.7825253148779611,1.712543706003189,3.3047619047619046,3.1678296249359845,0.39332976900358396,0.0,0.0,0.0,0.0,0.0,0,0,0,0,0,0.0,0.2761904761904762,0.2647223368043605,0.3469848757565511,0.9835896264575187,0.49833730465661025,0.0,0.10377358490566035,0.03624434691966908
976,104,99.04761904761905,105,0,104,1,0,0.0,2.0865519268354533,2.0501248053937045,2.4012426317252196,1.6330364497380452,0.7528808663107733,1.6689748003885223,3.3047619047619046,3.1678296249359845,0.39404503982772665,0.534227545331621,0.002654435772663115,1.0,0.465772454668379,0.031774127902661764,0,0,0,1,0,0.0,0.26666666666666666,0.265638934722513,0.34145131878001456,0.954817024799669,0.5003538964184777,0.0,0.12445573294629897,0.03629866585457958
977,104,99.04761904761905,105,0,104,1,0,0.0,2.0944305922838606,2.0576749408638286,2.565886397029781,1.6334515463864951,0.7240118951580056,1.6487262664341429,3.3047619047619046,3.1678296249359845,0.39824628282910624,0.5648005345060997,0.002515903580036747,1.0,0.4351994654939003,0.03121495845496669,0,0,0,1,0,0.0,0.29523809523809524,0.27406784392753764,0.3219968531198128,0.959381049331827,0.5090115049745035,0.0,0.12445573294629897,0.03634463395912248
978,104,99.04761904761905,105,1,103,0,1,0.009523809523809525,2.0900301969976076,2.050000981940331,2.4287347323644073,1.6337663468891002,0.7456067577080369,1.6657536883766821,3.3047619047619046,3.1678296249359845,0.39336468057279506,0.476791555204442,0.0022457084495884857,0.0,0.476791555204442,0.028057524986798366,0,2,0,0,0,0.0,0.2761904761904762,0.26557120507362814,0.3267616377346948,0.9760745237318813,0.5046439764763363,0.009523809523809525,0.10558780841799709,0.0363276181544817
979,102,97.14285714285714,105,2,103,0,0,0.01904761904761905,2.1092029880674117,2.067836690672531,2.479706050420443,1.634439821567402,0.7517479111357238,1.682680732042954,3.3047619047619046,3.1678296249359845,0.39455938541609603,0.5261470146698048,0.00319787107057545,0.5,0.36591821968333976,0.020828628685010897,0,2,0,0,0,0.0,0.2761904761904762,0.26715126856246096,0.32371231427310704,0.9615286902257534,0.5016610157665151,0.01904761904761905,0.12844702467343977,0.036434149375018564
980,102,97.14285714285714,105,0,105,0,0,0.0,2.102802905530149,2.062132751138832,2.3578848316910617,1.6349234344549055,0.777151445396971,1.6304134398778298,3.3047619047619046,3.1678296249359845,0.3907501442279493,0.0,0.0,0.0,0.0,0.0,0,0,0,0,0,0.0,0.29523809523809524,0.2600307048316844,0.3239478935546552,0.9768803475608753,0.4982715083704617,0.0,0.12481857764876635,0.03640980897849242
981,102,97.14285714285714,105,0,105,0,0,0.0,2.1035652636449123,2.062727786662046,2.4957542933644588,1.6354068070793557,0.7546044906010655,1.6125972804653987,3.3047619047619046,3.1678296249359845,0.39508277102065326,0.0,0.0,0.0,0.0,0.0,0,0,0,0,0,0.0,0.3047619047619048,0.2683932360285726,0.31398879612760766,0.974401784400409,0.5074265198671064,0.0,0.10377358490566038,0.036421276979664324
982,101,96.19047619047619,105,1,103,1,0,0.009523809523809525,2.1085471994057263,2.0659716012132896,2.4984632143521868,1.6360208204948254,0.7610878102808426,1.6203714740284219,3.3047619047619046,3.1678296249359845,0.3934331859888043,0.6987088598138887,0.00429274019666313,0.5,0.20063882040007497,0.022056935843344172,0,1,0,1,0,0.5,0.3047619047619048,0.2662648803165799,0.3114628274072557,0.9739995094058966,0.5073278802837666,0.009523809523809525,0.14404934687953555,0.03645591210790656
983,101,96.19047619047619,105,1,104,0,0,0.009523809523809525,2.12674007621625,2.0902359765712935,2.6359745179815635,1.6370009682444882,0.7510153217192284,1.6187174182565922,3.3047619047619046,3.1678296249359845,0.39563211708475854,0.4904961865435923,0.003795724192554796,0.0,0.4904961865435923,0.013101069214544458,0,1,0,0,0,0.0,0.29523809523809524,0.27097743974874583,0.312052289910703,0.9596927379394788,0.5025836871870506,0.009523809523809525,0.14767779390420901,0.03656240119735015
984,103,98.0952380952381,105,0,104,1,0,0.0,2.1195811521528207,2.0829980309303093,2.691407894877891,1.6379322295804655,0.7213921365101098,1.5880059073706596,3.3047619047619046,3.1678296249359845,0.39601331980170973,0.3017376465200986,0.0016548179986934828,0.0,0.3017376465200986,0.00960292842207977,0,0,0,1,0,0.0,0.3047619047619048,0.2739209460166904,0.2972626888447226,0.9711630202413417,0.502152964761151,0.0,0.1799709724238026,0.03654135696327634
985,103,98.0952380952381,105,0,105,0,0,0.0,2.1155875647551903,2.078953176425144,2.5332374919189586,1.638731482864516,0.7263059195391046,1.645848183002188,3.3047619047619046,3.1678296249359845,0.3922371137220304,0.0,0.0,0.0,0.0,0.0,0,0,0,0,0,0.0,0.2857142857142857,0.26593272793963396,0.30525060836445533,0.9711630202413417,0.4943987861277544,0.0,0.1799709724238026,0.0365340485174434
986,103,98.0952380952381,105,0,105,0,0,0.0,2.12508407147347,2.087710360299393,2.5869987321085604,1.639727347298319,0.7234833397017716,1.6553628290209759,3.3047619047619046,3.1678296249359845,0.3903562762811823,0.0,0.0,0.0,0.0,0.0,0,0,0,0,0,0.0,0.2857142857142857,0.26500727439284916,0.2844251267218267,0.9744751130067543,0.4955131030154141,0.0,0.14404934687953555,0.0365973046953139
987,104,99.04761904761905,105,0,105,0,0,0.0,2.1209565719600234,2.083805164896477,2.647242760977343,1.6405926964940547,0.7179200585172616,1.6330369489250964,3.3047619047619046,3.1678296249359845,0.38838276241101877,0.0,0.0,0.0,0.0,0.0,0,0,0,0,0,0.0,0.2761904761904762,0.26511253203242496,0.2688135371326582,0.9654683091539807,0.4917974869651096,0.0,0.13824383164005805,0.036590373591837505
988,105,100.0,105,0,105,0,0,0.0,2.126720624845032,2.0891589164089877,2.734971785959308,1.6415663110827763,0.676893704653417,1.6056607907516316,3.3047619047619046,3.1678296249359845,0.38861088324511694,0.0,0.0,0.0,0.0,0.0,0,0,0,0,0,0.0,0.29523809523809524,0.26702571774289563,0.26083914741371494,0.9608594155612862,0.49233635198282666,0.0,0.13824383164005805,0.03663461508194965
989,105,100.0,105,0,104,1,0,0.0,2.1267815031492434,2.08864137682715,2.85701765376002,1.6424959674023685,0.6707498190084829,1.6056401923359858,3.3047619047619046,3.1678296249359845,0.3923890138418613,0.4745972777231147,0.002228742656458324,0.0,0.4745972777231147,0.011155608778450343,0,0,0,1,0,0.0,0.3047619047619048,0.27388036889779066,0.24579185259424297,0.9734599974207381,0.4963024361969643,0.0,0.13824383164005805,0.03664964443762178
990,105,100.0,105,0,105,0,0,0.0,2.1121510666259535,2.074660234555662,2.8139078751710476,1.643041854780234,0.674890764207411,1.6143215400805688,3.3047619047619046,3.1678296249359845,0.3897952025963374,0.0,0.0,0.0,0.0,0.0,0,0,0,0,0,0.0,0.29523809523809524,0.2713208239000445,0.2418313998723461,0.9677556846097877,0.4958626996778995,0.0,0.13824383164005805,0.036585138646042736
991,105,100.0,105,0,105,0,0,0.0,2.1106346675482355,2.0729692446420342,2.6680733311766414,1.6435275952324735,0.7056997515970987,1.6405297418925513,3.3047619047619046,3.1678296249359845,0.3860830939641253,0.0,0.0,0.0,0.0,0.0,0,0,0,0,0,0.0,0.2857142857142857,0.2636601072720777,0.2567399053270861,0.971533617019022,0.48774729710308373,0.0,0.14404934687953555,0.03658525036562732
992,105,100.0,105,0,105,0,0,0.0,2.117332442615019,2.0788565686199307,2.692198821833806,1.6441471485692372,0.7046830668198718,1.647808055018703,3.3047619047619046,3.1678296249359845,0.38694174910408874,0.0,0.0,0.0,0.0,0.0,0,0,0,0,0,0.0,0.29523809523809524,0.2650220806096336,0.25654128919718217,0.9721338539938822,0.48886372959796476,0.0,0.14187227866473148,0.03662855243803337
993,105,100.0,105,0,105,0,0,0.0,2.144572112801,2.1061228660670044,2.9113016739241147,1.6454380753903777,0.6747877990727119,1.6204374265179786,3.3047619047619046,3.1678296249359845,0.38998951105994073,0.0,0.0,0.0,0.0,0.0,0,0,0,0,0,0.0,0.26666666666666666,0.2721578877921995,0.24628216258094277,0.9764479137721297,0.4880056812255977,0.0,0.14767779390420901,0.03678519797010144
994,105,100.0,105,0,105,0,0,0.0,2.167177363778091,2.1274701225467516,3.2264200472881726,1.6472291036211435,0.6282152363519485,1.5777120950577905,3.3047619047619046,3.1678296249359845,0.39698660862962143,0.0,0.0,0.0,0.0,0.0,0,0,0,0,0,0.0,0.2571428571428571,0.2862517367339341,0.23283958418059097,0.9729147035702498,0.5046241666211241,0.0,0.147677793904209,0.03692659258642948
995,105,100.0,105,0,105,0,0,0.0,2.1682012989712294,2.1286509120402375,3.4448561368537454,1.6489933194485298,0.603591364678831,1.5797814352405557,3.3047619047619046,3.1678296249359845,0.39769772178734963,0.0,0.0,0.0,0.0,0.0,0,0,0,0,0,0.0,0.26666666666666666,0.2921951155153596,0.21115015456694472,0.9815988269756796,0.5086079438977236,0.0,0.14404934687953558,0.03695965593820905
996,105,100.0,105,0,105,0,0,0.0,2.168384942972607,2.129307457768715,3.3068400201227095,1.650718286524359,0.6175791533856426,1.5879643687822957,3.3047619047619046,3.1678296249359845,0.3947490464708665,0.0,0.0,0.0,0.0,0.0,0,0,0,0,0,0.0,0.24761904761904763,0.28611984707331795,0.2156026872660336,0.9774810701982655,0.5005781899446647,0.0,0.147677793904209,0.03698789616724019
997,105,100.0,105,0,105,0,0,0.0,2.186186003212134,2.1461562058395116,3.571131738205591,1.6528156012883932,0.590856559665625,1.5538628432015538,3.3047619047619046,3.1678296249359845,0.40027238361193285,0.0,0.0,0.0,0.0,0.0,0,0,0,0,0,0.0,0.26666666666666666,0.29691789866571955,0.19928169940948043,0.9768388827202756,0.5110464872725922,0.0,0.18214804063860668,0.037110121147649444
998,105,100.0,105,0,104,1,0,0.0,2.1893704660770426,2.149633883396723,3.7389841628753993,1.6549346102139386,0.5537821107071007,1.5324861532716572,3.3047619047619046,3.1678296249359845,0.40159720414558797,0.40108512458020784,0.0025789278451926944,0.0,0.40108512458020784,-0.006531095593802161,0,0,0,1,0,0.0,0.2761904761904762,0.3022233458721226,0.18360777503685746,0.9757263717225696,0.5190795138284482,0.0,0.14404934687953555,0.03715960675822322
999,104,99.04761904761905,105,1,104,0,0,0.009523809523809525,2.2073733279218706,2.1646879069132186,4.067243221479515,1.657395300343751,0.5340239006119881,1.5327773461306804,3.3047619047619046,3.1678296249359845,0.40720462918662337,0.4255500435316345,0.0029756452767490172,0.0,0.4255500435316345,-0.004489353194336521,0,1,0,0,0,0.0,0.2571428571428571,0.3143577394559436,0.17597413323547662,0.9721455442397924,0.5258876329419149,0.009523809523809525,0.16291727140783743,0.03728859630290239
1000,103,98.0952380952381,105,1,104,0,0,0.009523809523809525,2.208152304661308,2.170010444075531,4.227225601201938,1.6597573217076103,0.5223344339412644,1.5557530264190247,3.3047619047619046,3.1678296249359845,0.41202741487063177,0.45632969938845547,0.002413329899027478,0.0,0.45632969938845547,0.007499963313796654,0,1,0,0,0,0.0,0.2571428571428571,0.3234264255019442,0.17232177750191222,0.9787621545575428,0.5324857682902184,0.009523809523809525,0.14404934687953555,0.03732990359285541
1001,103,98.0952380952381,105,0,105,0,0,0.0,2.2119380506364057,2.173984134780083,4.211969507756772,1.6622735283388896,0.5184651742423133,1.5148549727950025,3.3047619047619046,3.1678296249359845,0.4102528401337333,0.0,0.0,0.0,0.0,0.0,0,0,0,0,0,0.0,0.26666666666666666,0.3211798114182681,0.16289316108832116,0.9755549443443005,0.5345306596536087,0.0,0.14404934687953555,0.037388686892276035
1002,102,97.14285714285714,105,1,104,0,0,0.009523809523809525,2.201540154323871,2.16853513234742,4.073380342940963,1.664467383676558,0.5534308410499692,1.551796701406054,3.3047619047619046,3.1678296249359845,0.40501737085332246,0.4307129705139766,0.0013406985846507043,0.0,0.4307129705139766,0.02669752591818403,0,1,0,0,0,0.0,0.2571428571428571,0.31330154759488893,0.16796986719080584,0.9857019958330552,0.5259718781737301,0.009523809523809525,0.10595065312046446,0.03737144621037081
1003,102,97.14285714285714,105,1,103,1,0,0.009523809523809525,2.1955118895117094,2.1586016267742365,4.082653920840534,1.6665435019499684,0.578602169386539,1.6054113022340109,3.3047619047619046,3.1678296249359845,0.4059834932514119,0.48964701222146023,0.0020845312745356743,0.5,0.3168932155606965,0.024892564732346217,0,1,0,1,0,0.0,0.2571428571428571,0.31512799096334365,0.16714535185036225,0.979471507814677,0.5262236656514793,0.009523809523809525,0.06785195936139332,0.0373741888311669
1004,101,96.19047619047619,105,1,104,0,0,0.009523809523809525,2.1870019378657783,2.1563500485494913,3.712869107560463,1.6682404388667662,0.6240187583012525,1.6251944103229041,3.3047619047619046,3.1678296249359845,0.40074412951550076,0.30822942747418697,0.002055498452292798,0.0,0.30822942747418697,0.00531337247135244,0,1,0,0,0,0.0,0.23809523809523808,0.3002449299259275,0.18678197641156358,0.9816738895147358,0.5136228255114311,0.009523809523809525,0.10595065312046444,0.037358517108120645
1005,102,97.14285714285714,105,0,105,0,0,0.0,2.1573376482061204,2.127612961019137,3.453893929597358,1.6693127469756959,0.6561168077484547,1.6646098222380448,3.3047619047619046,3.1678296249359845,0.39649944317280084,0.0,0.0,0.0,0.0,0.0,0,0,0,0,0,0.0,0.2571428571428571,0.2920640314800895,0.1941984645600182,0.9645038578814249,0.5063191739074814,0.0,0.14404934687953558,0.03722718010679499
1006,102,97.14285714285714,105,0,105,0,0,0.0,2.1532054540085945,2.1246921315592413,3.1599502361278646,1.6702770646699412,0.6748121287497734,1.6611709041646037,3.3047619047619046,3.1678296249359845,0.3945922923593288,0.0,0.0,0.0,0.0,0.0,0,0,0,0,0,0.0,0.2571428571428571,0.28320112771800077,0.22007110799403595,0.9750643989990209,0.4979416554215373,0.0,0.14404934687953558,0.03722179310660576
1007,103,98.0952380952381,105,0,105,0,0,0.0,2.1410818322367327,2.113121567935924,2.9639996786793414,1.6709176058288044,0.7076490906836305,1.6983168705217384,3.3047619047619046,3.1678296249359845,0.39010141456287606,0.0,0.0,0.0,0.0,0.0,0,0,0,0,0,0.0,0.26666666666666666,0.2746367500291081,0.23249032971726435,0.9811856366463595,0.4916864211535761,0.0,0.10595065312046444,0.03717132062404164
1008,104,99.04761904761905,105,0,105,0,0,0.0,2.1568840372996574,2.1286473239996053,2.9930691767902684,1.671931319335142,0.7077164011474533,1.6945395293064873,3.3047619047619046,3.1678296249359845,0.39239292540089177,0.0,0.0,0.0,0.0,0.0,0,0,0,0,0,0.0,0.2857142857142857,0.27614255379419794,0.23845575986013884,0.9849828549444494,0.4898720098836562,0.0,0.10595065312046444,0.03726638800773913
1009,105,100.0,105,0,105,0,0,0.0,2.181263501246317,2.1525874768710676,3.0935884912801885,1.6735196267286472,0.6862458903186913,1.6693258598725358,3.3047619047619046,3.1678296249359845,0.396348998470174,0.0,0.0,0.0,0.0,0.0,0,0,0,0,0,0.0,0.2761904761904762,0.28105332353707013,0.2422706446065592,0.9794318188455011,0.4983434756629302,0.0,0.14404934687953558,0.03741344276354568
1010,105,100.0,105,0,105,0,0,0.0,2.1827805999257035,2.153196724235432,3.194642224715992,1.675073059184804,0.6833079264247366,1.6580377237278778,3.3047619047619046,3.1678296249359845,0.400776507732298,0.0,0.0,0.0,0.0,0.0,0,0,0,0,0,0.0,0.24761904761904763,0.28854986315824616,0.2417443261335003,0.9838693855724736,0.49897995291345987,0.0,0.10595065312046442,0.03744563330371737
1011,105,100.0,105,0,105,0,0,0.0,2.1844868833769837,2.1538935725685597,3.178926112895431,1.6765949415217611,0.6909017517862697,1.6574381105484854,3.3047619047619046,3.1678296249359845,0.40202831138757467,0.0,0.0,0.0,0.0,0.0,0,0,0,0,0,0.0,0.2761904761904762,0.28905529090574617,0.24986807227207944,0.9809820849873981,0.4996919155429168,0.0,0.11901306240928881,0.037478270040737165
1012,105,100.0,105,0,105,0,0,0.0,2.1846496982497308,2.1538000803098116,3.0784326748111797,1.6780662438788163,0.703796443211532,1.6817948084029635,3.3047619047619046,3.1678296249359845,0.4009441787917398,0.0,0.0,0.0,0.0,0.0,0,0,0,0,0,0.0,0.26666666666666666,0.2855111231535158,0.2612403216196452,0.9867747565718228,0.49522596590852863,0.0,0.11901306240928881,0.03750238829107049
1013,105,100.0,105,0,105,0,0,0.0,2.1884564013835193,2.157330049377786,3.0310799647116142,1.6795803966086411,0.7120104995054074,1.7064417054452614,3.3047619047619046,3.1678296249359845,0.39890648260767625,0.0,0.0,0.0,0.0,0.0,0,0,0,0,0,0.0,0.2571428571428571,0.2818680155517318,0.26464416711665084,0.9852741220242317,0.4970246781121988,0.0,0.10595065312046442,0.03754540469611052
1014,105,100.0,105,0,105,0,0,0.0,2.1991394857262234,2.167661592735486,3.2125083119853777,1.6813084121126822,0.6968089620160401,1.704274604659767,3.3047619047619046,3.1678296249359845,0.39903246114079627,0.0,0.0,0.0,0.0,0.0,0,0,0,0,0,0.0,0.24761904761904763,0.2855810332768864,0.2427037153018754,0.9760235999101861,0.5028231528911208,0.0,0.18214804063860665,0.03762619041135429
1015,105,100.0,105,0,105,0,0,0.0,2.207398878047416,2.176171827713611,3.1867856481146872,1.683197358825494,0.6972927190158306,1.6856063542811615,3.3047619047619046,3.1678296249359845,0.3969428102059873,0.0,0.0,0.0,0.0,0.0,0,0,0,0,0,0.0,0.22857142857142856,0.28231048657649416,0.24773709234561686,0.9812052761096799,0.5012450726482834,0.0,0.14404934687953558,0.037697406679744104
1016,105,100.0,105,0,104,1,0,0.0,2.2169481511295435,2.1857956932494402,3.240795732655031,1.6852703610555446,0.6905073708317566,1.6901165917853507,3.3047619047619046,3.1678296249359845,0.3971521962617022,0.3953446039392645,0.002953440944336765,0.0,0.3953446039392645,0.003057539845420343,0,0,0,1,0,0.0,0.24761904761904763,0.28287160715063925,0.2456990646325393,0.9844298875245148,0.5012694205607946,0.0,0.14404934687953558,0.03777798763453931
1017,105,100.0,105,0,105,0,0,0.0,2.2160282702630596,2.185607266226948,3.3248557264473293,1.6872729188691942,0.6694081153843322,1.6582432033026764,3.3047619047619046,3.1678296249359845,0.3990809340873933,0.0,0.0,0.0,0.0,0.0,0,0,0,0,0,0.0,0.23809523809523808,0.2863026192365253,0.23979194991648287,0.9619991869252585,0.5083783912187262,0.0,0.147677793904209,0.03780510704004551
1018,105,100.0,105,0,104,1,0,0.0,2.2157399332527588,2.1852932087583654,3.2404178946314883,1.6892040800187427,0.686263656662033,1.7167026869394792,3.3047619047619046,3.1678296249359845,0.3971241276407418,0.36803677794842493,0.001816881851101629,0.0,0.36803677794842493,0.007874384073390805,0,0,0,1,0,0.0,0.22857142857142856,0.282316886851856,0.2482067849109542,0.9755913916773593,0.5039199467809803,0.0,0.18214804063860665,0.03783425330249433
1019,104,99.04761904761905,105,1,104,0,0,0.009523809523809525,2.248717215268537,2.2207550831558955,3.50166695514824,1.6918756830588126,0.6629269840682187,1.665406512680046,3.3047619047619046,3.1678296249359845,0.4007477463791145,0.3736867160983908,0.0018286430785381172,0.0,0.3736867160983908,0.007963070312653753,0,1,0,0,0,0.0,0.23809523809523808,0.2892702213587946,0.23934421445051218,0.9689752677072384,0.5051974213193127,0.009523809523809525,0.20101596516690856,0.03804145562885524
1020,104,99.04761904761905,105,0,105,0,0,0.0,2.2534416670457995,2.225621460360928,3.478911045082102,1.694683060721985,0.6434114640534792,1.6237657572726356,3.3047619047619046,3.1678296249359845,0.4023913237692942,0.0,0.0,0.0,0.0,0.0,0,0,0,0,0,0.0,0.24761904761904763,0.2901607618425551,0.23833228065811754,0.9776920485999472,0.5107887364642493,0.0,0.16291727140783746,0.03810954435839046
1021,103,98.0952380952381,105,1,104,0,0,0.009523809523809525,2.2519272568975226,2.2222168793452117,3.4540032866827204,1.6973676084080782,0.638531889246,1.569808273370649,3.3047619047619046,3.1678296249359845,0.4006752463352352,0.5480465542751178,0.0026580298448085223,1.0,0.45195344572488216,0.033055660814747645,0,1,0,0,0,0.0,0.2571428571428571,0.2880313982035585,0.22960670184553203,0.9713648618260534,0.513377612637285,0.009523809523809525,0.16291727140783746,0.03814449325609687
1022,103,98.0952380952381,105,0,104,1,0,0.0,2.246114064511054,2.2164618375484766,3.3865419545563387,1.6997688822370685,0.6613535541199529,1.588131377805807,3.3047619047619046,3.1678296249359845,0.39951239679454,0.10108457024783825,0.0010066647762568383,0.0,0.10108457024783825,-0.003935961674879529,0,0,0,1,0,0.0,0.23809523809523808,0.28569954028353517,0.23534718473278934,0.9719889035374416,0.50877412554464,0.0,0.16291727140783743,0.03815346142602982
1023,102,97.14285714285714,105,1,103,1,0,0.009523809523809525,2.24812625125493,2.22599429236846,3.403535219106053,1.7021558278741213,0.6823958889168862,1.5938853746681778,3.3047619047619046,3.1678296249359845,0.3985533528168723,0.4840481242790615,0.0033353403705617527,0.5,0.1629753979616654,-0.004733768172081709,0,1,0,1,0,0.0,0.24761904761904763,0.28460562630005504,0.24112848137530676,0.9737725418141325,0.5008309141096227,0.009523809523809525,0.16291727140783743,0.038201329545260045
1024,102,97.14285714285714,105,1,104,0,0,0.009523809523809525,2.2597258748831313,2.2392572430389426,3.5144592614217154,1.7049559610404634,0.6517909497029984,1.5606426414785737,3.3047619047619046,3.1678296249359845,0.40458747344513135,0.21771390193701667,0.0009473354080622479,0.0,0.21771390193701667,-0.014971572589772497,0,1,0,0,0,0.0,0.24761904761904763,0.29278770527307707,0.23760762038071087,0.9665068392688025,0.5132081137050392,0.009523809523809525,0.16291727140783746,0.03830367938739157
1025,102,97.14285714285714,105,0,105,0,0,0.0,2.2470936732288864,2.2276671546825177,3.34901672417991,1.7074008210713125,0.6563519363922494,1.5275054379616708,3.3047619047619046,3.1678296249359845,0.4001074294207556,0.0,0.0,0.0,0.0,0.0,0,0,0,0,0,0.0,0.26666666666666666,0.2850498475060354,0.24361242084158596,0.9617146357682488,0.5082875560296526,0.0,0.16291727140783743,0.038279242879293074
1026,103,98.0952380952381,105,0,105,0,0,0.0,2.245111200447077,2.2260659338580377,3.2880018983763803,1.7097276529437053,0.6704834705387782,1.517361033898373,3.3047619047619046,3.1678296249359845,0.39985462934110405,0.0,0.0,0.0,0.0,0.0,0,0,0,0,0,0.0,0.2571428571428571,0.282998209333275,0.23878689191502608,0.9726669990755874,0.5144067612421641,0.0,0.16291727140783746,0.038306185550072085
1027,103,98.0952380952381,105,0,105,0,0,0.0,2.2578797315540675,2.239256728885708,3.3168450999383796,1.7123150642768432,0.6510802638803512,1.4898118560322253,3.3047619047619046,3.1678296249359845,0.4009397882501442,0.0,0.0,0.0,0.0,0.0,0,0,0,0,0,0.0,0.24761904761904763,0.2835225005522772,0.24413528783708355,0.9778368021474622,0.5180681857497041,0.0,0.12481857764876633,0.03841101059697208
1028,104,99.04761904761905,105,0,105,0,0,0.0,2.277329135238783,2.2580276271444037,3.458051084287657,1.7152962148879753,0.6478466779384573,1.489128018709618,3.3047619047619046,3.1678296249359845,0.40490829978307663,0.0,0.0,0.0,0.0,0.0,0,0,0,0,0,0.0,0.24761904761904763,0.28924633183094123,0.24053752217832625,0.9684960771565106,0.525205691338747,0.0,0.12880986937590713,0.03855547650150736
1029,105,100.0,105,0,105,0,0,0.0,2.2842612479079025,2.264313829251198,3.6629927675778386,1.7183422366649819,0.6365579605813448,1.5124229174899535,3.3047619047619046,3.1678296249359845,0.40912389343889677,0.0,0.0,0.0,0.0,0.0,0,0,0,0,0,0.0,0.2571428571428571,0.29768759967127706,0.2240307737548191,0.9728554286775132,0.5328726798622416,0.0,0.16291727140783746,0.03863838345496996
1030,105,100.0,105,0,105,0,0,0.0,2.284793500694831,2.2654028130355486,3.6001454491084677,1.7213193633824997,0.6513295168810567,1.5198902038493047,3.3047619047619046,3.1678296249359845,0.4087913811182069,0.0,0.0,0.0,0.0,0.0,0,0,0,0,0,0.0,0.2571428571428571,0.29620767092852596,0.23047282737752725,0.9679802656631241,0.5337931541229732,0.0,0.09071117561683599,0.03868819986996931
1031,105,100.0,105,0,105,0,0,0.0,2.2802942146777743,2.2599940355613626,3.7232000116345656,1.7240651071137487,0.6468683937682114,1.5258906425080803,3.3047619047619046,3.1678296249359845,0.41114127016380264,0.0,0.0,0.0,0.0,0.0,0,0,0,0,0,0.0,0.2571428571428571,0.30220471882956257,0.2298886751997433,0.9732057459957605,0.5376988766202314,0.0,0.1230043541364296,0.0387091936815557
1032,105,100.0,105,0,105,0,0,0.0,2.2837002436180907,2.262774998720628,3.7755085868047504,1.7267943473015084,0.6328653586684757,1.5279370312780036,3.3047619047619046,3.1678296249359845,0.4135747968288803,0.0,0.0,0.0,0.0,0.0,0,0,0,0,0,0.0,0.2761904761904762,0.305785912778352,0.23378514767727854,0.965237605778594,0.5382356453646131,0.0,0.12880986937590713,0.03876945266585903
1033,104,99.04761904761905,105,1,104,0,0,0.009523809523809525,2.273135161857785,2.2504198336840293,3.519419033293507,1.729187864418696,0.6773324294016656,1.5840248171063744,3.3047619047619046,3.1678296249359845,0.407716985672947,0.574074916126095,0.0026687585923408494,1.0,0.42592508387390504,0.03751863092614638,0,1,0,0,0,0.0,0.26666666666666666,0.29496239007502634,0.25543030934604277,0.9468492288927393,0.5275152966037803,0.009523809523809525,0.18214804063860665,0.03875453852921559
1034,104,99.04761904761905,105,0,105,0,0,0.0,2.2487676768977654,2.2265016931203694,3.2114286734871387,1.730835563166338,0.7270888660351832,1.6254327771189638,3.3047619047619046,3.1678296249359845,0.3996266465354894,0.0,0.0,0.0,0.0,0.0,0,0,0,0,0,0.0,0.26666666666666666,0.28143174683026945,0.27288603990215987,0.9600297525742122,0.5131055981082066,0.0,0.1821480406386067,0.03865879924894425
1035,104,99.04761904761905,105,0,105,0,0,0.0,2.250972319870646,2.2285284005648287,3.350087362221833,1.732482427735991,0.7165770238362876,1.6341854041084622,3.3047619047619046,3.1678296249359845,0.4018702036767463,0.0,0.0,0.0,0.0,0.0,0,0,0,0,0,0.0,0.26666666666666666,0.2870105286849661,0.2566677181874361,0.9594958539576433,0.5185416008880117,0.0,0.1821480406386067,0.03869590739566867
1036,104,99.04761904761905,105,0,105,0,0,0.0,2.2506875379530165,2.2287696353072977,3.267070387778398,1.7340832359664338,0.7225224023074627,1.6191794932016912,3.3047619047619046,3.1678296249359845,0.39834073661013436,0.0,0.0,0.0,0.0,0.0,0,0,0,0,0,0.0,0.26666666666666666,0.2819446643350867,0.26244970504800585,0.9407260900889882,0.5166808803893086,0.0,0.18214804063860665,0.03871983892476171
1037,104,99.04761904761905,105,0,105,0,0,0.0,2.244210855997505,2.2219924677548164,3.290348134889224,1.735461582022347,0.7212049078440226,1.6260004520970641,3.3047619047619046,3.1678296249359845,0.39592444162751117,0.0,0.0,0.0,0.0,0.0,0,0,0,0,0,0.0,0.2761904761904762,0.2809203614275529,0.2555689940696374,0.911810449719988,0.516174446716736,0.0,0.1669085631349782,0.03870928734233083
1038,105,100.0,105,0,105,0,0,0.0,2.2435386431518562,2.2212502854729532,3.3171483754816022,1.7367774555674103,0.714026824271517,1.6426007889181935,3.3047619047619046,3.1678296249359845,0.40077250758670546,0.0,0.0,0.0,0.0,0.0,0,0,0,0,0,0.0,0.26666666666666666,0.28629172480822485,0.26488165430151417,0.9491527140275183,0.5192383643680666,0.0,0.14404934687953558,0.0387267685940962
1039,105,100.0,105,0,105,0,0,0.0,2.2569594493582703,2.235070678891893,3.291848392275753,1.7384018896940925,0.715784755702667,1.6227598887641896,3.3047619047619046,3.1678296249359845,0.4002502324799122,0.0,0.0,0.0,0.0,0.0,0,0,0,0,0,0.0,0.2571428571428571,0.28363641121330446,0.2645322547529922,0.9588056484570137,0.5179311399635649,0.0,0.18214804063860668,0.038819602277879575
1040,103,98.0952380952381,105,2,102,1,0,0.01904761904761905,2.29193514982216,2.2674685189877883,3.794508726153904,1.7408347357399652,0.6673258393765854,1.5657858255141741,3.3047619047619046,3.1678296249359845,0.4102782934404854,0.4782850780323826,0.0028854512279423896,0.3333333333333333,0.33916760807550217,0.009344698698804796,0,2,0,1,0,0.0,0.2571428571428571,0.3036987805849774,0.2496440385365891,0.945963533506881,0.5307362215540967,0.01904761904761905,0.18577648766328012,0.03903301498908414
1041,101,96.19047619047619,105,2,103,0,0,0.01904761904761905,2.27922327258007,2.2730093516993226,3.792213669458411,1.7428230153945818,0.6826311431017872,1.6206154883543322,3.3047619047619046,3.1678296249359845,0.41271813005076696,0.5921155462376908,0.0025135792876862535,1.0,0.4078844537623092,0.012070618518209425,0,2,0,0,0,0.0,0.26666666666666666,0.3057718572723034,0.2721478798189591,0.9523437582155425,0.5181504676832059,0.01904761904761905,0.18178519593613934,0.039000948258836446
1042,101,96.19047619047619,105,0,105,0,0,0.0,2.274030480521738,2.2666093032250965,3.6697986155033506,1.7450552083940054,0.7046657097972868,1.6223036635182357,3.3047619047619046,3.1678296249359845,0.4113873532762782,0.0,0.0,0.0,0.0,0.0,0,0,0,0,0,0.0,0.2761904761904762,0.30234928710098824,0.28744950862323637,0.9646639278242792,0.510789124962562,0.0,0.18178519593613932,0.03901034033410554
1043,101,96.19047619047619,105,0,105,0,0,0.0,2.2939850455656137,2.2860217548328494,3.8019731004725537,1.7477086520366727,0.6853970218722015,1.5406293083703984,3.3047619047619046,3.1678296249359845,0.4130593194691954,0.0,0.0,0.0,0.0,0.0,0,0,0,0,0,0.0,0.2761904761904762,0.30649909452983004,0.2897457994604198,0.9663656908394395,0.5067447519862197,0.0,0.12264150943396222,0.03915214144622161
1044,101,96.19047619047619,105,0,105,0,0,0.0,2.3054341640903977,2.2975044757160688,3.79619348323113,1.750569041532657,0.6845621033067021,1.5348784186962359,3.3047619047619046,3.1678296249359845,0.41202278720987584,0.0,0.0,0.0,0.0,0.0,0,0,0,0,0,0.0,0.24761904761904763,0.3045312014800722,0.2929138709140646,0.9656808064932879,0.5091772371018798,0.0,0.12264150943396222,0.039254693171766705
1045,103,98.0952380952381,105,0,105,0,0,0.0,2.3069300275447824,2.299120955656226,3.6870292804288005,1.7533797846271388,0.6943747138595648,1.5685001010186528,3.3047619047619046,3.1678296249359845,0.40964097267281097,0.0,0.0,0.0,0.0,0.0,0,0,0,0,0,0.0,0.2571428571428571,0.29946925548342007,0.29894961536954284,0.9499268259433379,0.5094461247116504,0.0,0.147677793904209,0.039306692265252546
1046,104,99.04761904761905,105,1,104,0,0,0.009523809523809525,2.3318986329170763,2.3212196239029588,3.747962989032682,1.7567298800758753,0.6884348165395437,1.560783384707406,3.3047619047619046,3.1678296249359845,0.41143008008502346,0.5985024858086829,0.003713148654841153,1.0,0.4014975141913171,0.00469280950047557,0,1,0,0,0,0.0,0.26666666666666666,0.3010382050116685,0.30423522821036464,0.957142589387592,0.5093025624702724,0.009523809523809525,0.18178519593613932,0.039484597950158365
1047,104,99.04761904761905,105,0,105,0,0,0.0,2.3600285198981927,2.349267089301384,3.9587762151102703,1.760616293563738,0.657371279414074,1.5343485694350394,3.3047619047619046,3.1678296249359845,0.413826960287907,0.0,0.0,0.0,0.0,0.0,0,0,0,0,0,0.0,0.2761904761904762,0.30589797067213514,0.28873729625692734,0.9593241521992885,0.5173740949814477,0.0,0.18178519593613932,0.03968680486397196
1048,104,99.04761904761905,105,0,104,1,0,0.0,2.344729276075232,2.3341575370516465,3.8734392630536503,1.7639966761958947,0.6711196742728188,1.5870913861269749,3.3047619047619046,3.1678296249359845,0.4085942772811426,0.4697523609263693,0.004604072197622919,0.0,0.4697523609263693,0.008115657833656198,0,0,0,1,0,0.0,0.26666666666666666,0.300400050615511,0.28123532149432307,0.9503249036558196,0.5088892925701516,0.0,0.147677793904209,0.03966385102608599
1049,104,99.04761904761905,105,0,104,1,0,0.0,2.342294645866405,2.331512687731047,4.065115031724118,1.767202946609343,0.6594412776920653,1.586554946239633,3.3047619047619046,3.1678296249359845,0.41250219248623976,0.5251254380099362,0.002000688343293587,1.0,0.47487456199006384,0.020018212876279362,0,0,0,1,0,0.0,0.29523809523809524,0.3095405736625806,0.2772681384543032,0.970676253109823,0.5130318534432192,0.0,0.1436865021770682,0.03970246246704824
1050,102,97.14285714285714,105,2,102,0,1,0.01904761904761905,2.3346604563179882,2.3160199162229285,3.9729070970336395,1.7700933418584426,0.6919359738088032,1.6675983095547167,3.3047619047619046,3.1678296249359845,0.4132882203589958,0.5448751469291384,0.004776626264739118,0.3333333333333333,0.4146662400603722,0.00947321859932245,0,3,0,0,0,0.0,0.2761904761904762,0.3097562405765928,0.29024893331338236,0.9596697089626616,0.5098833111307736,0.01904761904761905,0.18178519593613934,0.03971007291779551
1051,102,97.14285714285714,105,1,104,0,0,0.009523809523809525,2.355384267104185,2.341027281246308,4.108675007714001,1.773220369620035,0.6748882110430225,1.611061992451056,3.3047619047619046,3.1678296249359845,0.41835512515558015,0.6228180140702388,0.002494784453037211,1.0,0.37718198592976115,0.02394327234708371,0,1,0,0,0,0.0,0.2857142857142857,0.3166602333186102,0.29167593533799574,0.9450543093199404,0.5172077706152084,0.009523809523809525,0.14767779390420901,0.039863221427632343
1052,102,97.14285714285714,105,0,105,0,0,0.0,2.3516182930969847,2.337201489836878,4.055650033067786,1.7762786183874102,0.7073285397696633,1.6446500962658932,3.3047619047619046,3.1678296249359845,0.4155826611603306,0.0,0.0,0.0,0.0,0.0,0,0,0,0,0,0.0,0.26666666666666666,0.31272676156653517,0.29179958345434454,0.9615081996168553,0.5109540422130135,0.0,0.14368650217706821,0.03989283161282492
1053,102,97.14285714285714,105,0,105,0,0,0.0,2.3564339610197433,2.34105621612585,4.3747710018121895,1.7793376759734023,0.6730689422076898,1.629330202662555,3.3047619047619046,3.1678296249359845,0.4226030708251072,0.0,0.0,0.0,0.0,0.0,0,0,0,0,0,0.0,0.2571428571428571,0.32652887544693926,0.2783436545146704,0.9549178245809589,0.5189544783019953,0.0,0.14368650217706821,0.03996536281866517
1054,102,97.14285714285714,105,0,105,0,0,0.0,2.328304935477991,2.3134670455306985,3.994563213467213,1.781600645491432,0.7125216086725413,1.6613866475960741,3.3047619047619046,3.1678296249359845,0.4151896414357157,0.0,0.0,0.0,0.0,0.0,0,0,0,0,0,0.0,0.26666666666666666,0.3129981722783433,0.2900862707904081,0.9468056481359349,0.5079114083848374,0.0,0.18178519593613932,0.03986056120035411
1055,104,99.04761904761905,105,0,105,0,0,0.0,2.31642007921645,2.30104553872376,3.9528168242577255,1.7834771342526707,0.729540111714012,1.665250402663785,3.3047619047619046,3.1678296249359845,0.41272585598171596,0.0,0.0,0.0,0.0,0.0,0,0,0,0,0,0.0,0.2761904761904762,0.31062536324877965,0.2835512570837385,0.9545262646757271,0.5081683854725322,0.0,0.18178519593613934,0.03983085890248997
1056,105,100.0,105,0,105,0,0,0.0,2.326166814101415,2.3107050736085197,4.1156447289045035,1.7855389771331909,0.7211209695386975,1.6485012394764529,3.3047619047619046,3.1678296249359845,0.41543756403377774,0.0,0.0,0.0,0.0,0.0,0,0,0,0,0,0.0,0.2857142857142857,0.3163527447112691,0.28309638950036253,0.9597755428182658,0.513311042992821,0.0,0.21407837445573294,0.03991225041170916
1057,104,99.04761904761905,105,1,104,0,0,0.009523809523809525,2.3277140058871506,2.306657178235454,4.092793361934303,1.7875783902042015,0.719758235302164,1.6509119896229574,3.3047619047619046,3.1678296249359845,0.41397067353759875,0.5309955493943413,0.005304457917119842,1.0,0.46900445060565865,0.009973562022526306,0,1,0,0,0,0.0,0.26666666666666666,0.3147628170907744,0.27386508347400496,0.9751944802982991,0.514665247972094,0.009523809523809525,0.17597968069666184,0.03995228893635699
1058,104,99.04761904761905,105,0,105,0,0,0.0,2.3625769727206216,2.3403558622043574,4.572493655618651,1.790261741455827,0.6532009800210646,1.5927341877442995,3.3047619047619046,3.1678296249359845,0.42101028296260656,0.0,0.0,0.0,0.0,0.0,0,0,0,0,0,0.0,0.26666666666666666,0.3299982291562837,0.2630905416003744,0.9684279978492673,0.5226405428869129,0.0,0.17597968069666184,0.04016910576846938
1059,104,99.04761904761905,105,0,105,0,0,0.0,2.3224186680822188,2.3013083020694247,4.232117442098218,1.7918705205693477,0.7006373674088187,1.6200536561354266,3.3047619047619046,3.1678296249359845,0.4161195136562459,0.0,0.0,0.0,0.0,0.0,0,0,0,0,0,0.0,0.26666666666666666,0.32125548856524055,0.2651147898652922,0.9718621965754467,0.5148459758217202,0.0,0.17597968069666184,0.03999379593595632
1060,104,99.04761904761905,105,0,105,0,0,0.0,2.34441564302215,2.323601084080448,4.444449770605069,1.7939932941837247,0.6864092905054081,1.6068061727006444,3.3047619047619046,3.1678296249359845,0.4150272198126217,0.0,0.0,0.0,0.0,0.0,0,0,0,0,0,0.0,0.26666666666666666,0.32266881887500937,0.24782762258362012,0.9658777606397095,0.5197965125593982,0.0,0.17597968069666184,0.040137403736369245
1061,104,99.04761904761905,105,0,105,0,0,0.0,2.346016312030508,2.324033351017189,4.394812460852079,1.7960597767307398,0.6869101270459359,1.6137946356475719,3.3047619047619046,3.1678296249359845,0.4137644551404913,0.0,0.0,0.0,0.0,0.0,0,0,0,0,0,0.0,0.26666666666666666,0.32028307402749917,0.24612732231173304,0.9658777606397095,0.5198135880046856,0.0,0.17597968069666184,0.04017813840457028
1062,105,100.0,105,0,105,0,0,0.0,2.356545566199939,2.33413623156668,4.670010866587714,1.7983168302658514,0.6554909275041256,1.5897131527919222,3.3047619047619046,3.1678296249359845,0.4172460020989439,0.0,0.0,0.0,0.0,0.0,0,0,0,0,0,0.0,0.2761904761904762,0.3292782653207783,0.2300243477979626,0.9794368983731155,0.5295794173862254,0.0,0.13788098693759074,0.0402665344806854
1063,105,100.0,105,0,105,0,0,0.0,2.352855483210803,2.3307706330350304,4.545476299066749,1.8004170910485533,0.6812351166505138,1.6004284581691655,3.3047619047619046,3.1678296249359845,0.4141043875618211,0.0,0.0,0.0,0.0,0.0,0,0,0,0,0,0.0,0.2761904761904762,0.32329213438412613,0.2352647723691287,0.9634414882552291,0.5257270539407859,0.0,0.20065312046444123,0.04028135040737739
1064,105,100.0,105,0,105,0,0,0.0,2.361576285810324,2.338851641232494,4.570210378625439,1.8026556132053182,0.6820671293381254,1.6688968703083882,3.3047619047619046,3.1678296249359845,0.4172477795833722,0.0,0.0,0.0,0.0,0.0,0,0,0,0,0,0.0,0.2761904761904762,0.32617044987521776,0.2355712033265334,0.9725872368889205,0.5260182540692994,0.0,0.20065312046444123,0.040360410704396374
1065,105,100.0,105,0,104,1,0,0.0,2.368614575379132,2.3457154055418057,4.619939753196221,1.804997168681381,0.6810499750838399,1.616248666835607,3.3047619047619046,3.1678296249359845,0.419548303137691,0.3951604292370369,0.0017993359577931757,0.0,0.3951604292370369,0.008195970107236605,0,0,0,1,0,0.0,0.2761904761904762,0.3288472578451354,0.23540417957332957,0.9674537137309616,0.5290465495778873,0.0,0.17597968069666184,0.04043269039626793
1066,105,100.0,105,0,105,0,0,0.0,2.3587093253117524,2.3357885022179166,4.542617929272505,1.8070129737619225,0.6942389432666002,1.643521676748324,3.3047619047619046,3.1678296249359845,0.4168755134820836,0.0,0.0,0.0,0.0,0.0,0,0,0,0,0,0.0,0.2857142857142857,0.3261016482911739,0.2322840247333432,0.9630561306923002,0.5302080082302355,0.0,0.21407837445573294,0.04041509278119221
1067,105,100.0,105,0,104,1,0,0.0,2.3786373721687055,2.3552117775170385,4.688096891304912,1.8094571585871886,0.6926886580252379,1.6924341721494736,3.3047619047619046,3.1678296249359845,0.4207526704733453,0.2639463089532771,0.0015164651965151568,0.0,0.2639463089532771,0.015489988432532686,0,0,0,1,0,0.0,0.26666666666666666,0.33101452325245007,0.23425473244329417,0.9630561306923002,0.5348321267711275,0.0,0.21407837445573294,0.04055344682096846
1068,105,100.0,105,0,105,0,0,0.0,2.367963816641707,2.345159824248888,4.5221735516461194,1.8115691727986611,0.711200788337868,1.6711216659695476,3.3047619047619046,3.1678296249359845,0.4171686155049885,0.0,0.0,0.0,0.0,0.0,0,0,0,0,0,0.0,0.2761904761904762,0.3246990773289671,0.2436087452638029,0.9670052377223136,0.527576770992612,0.0,0.20065312046444123,0.04053353154927041
1069,105,100.0,105,0,105,0,0,0.0,2.362445176387011,2.3392474330154416,4.425743145483148,1.8134644464134313,0.7344242948406235,1.7025322592783931,3.3047619047619046,3.1678296249359845,0.41527745576330966,0.0,0.0,0.0,0.0,0.0,0,0,0,0,0,0.0,0.26666666666666666,0.3211055736912676,0.2495383535903123,0.9679142297630826,0.5240645099615967,0.0,0.16255442670537013,0.04053595786751807
1070,105,100.0,105,0,105,0,0,0.0,2.3626934227812337,2.33952183678911,4.137896001240109,1.815306635104387,0.7413201007590017,1.690959428997837,3.3047619047619046,3.1678296249359845,0.4140597174494407,0.0,0.0,0.0,0.0,0.0,0,0,0,0,0,0.0,0.2857142857142857,0.3133477725100385,0.2841051197285333,0.9729894818154748,0.5153067866491513,0.0,0.12445573294629897,0.04056637779903884
1071,105,100.0,105,0,105,0,0,0.0,2.3675674635417185,2.344639522116048,4.093847215598273,1.8172201620377615,0.7307559131347114,1.6898374863980437,3.3047619047619046,3.1678296249359845,0.41175696927443894,0.0,0.0,0.0,0.0,0.0,0,0,0,0,0,0.0,0.2761904761904762,0.3095930063703089,0.2800030375735449,0.9697672463673896,0.5145656322300496,0.0,0.16255442670537013,0.04062105663937955
1072,105,100.0,105,0,105,0,0,0.0,2.377609246438692,2.354949938861783,4.14081042136701,1.81933436484696,0.7394727476658588,1.6731747094539913,3.3047619047619046,3.1678296249359845,0.41041992599827926,0.0,0.0,0.0,0.0,0.0,0,0,0,0,0,0.0,0.29523809523809524,0.3083555242018406,0.2735257753527374,0.9724013809160784,0.5164495389288482,0.0,0.12445573294629897,0.04070475272532493
1073,105,100.0,105,0,105,0,0,0.0,2.3945082446212558,2.370246910238308,4.262326629397492,1.8217692589060241,0.7231070960099037,1.6955021491135234,3.3047619047619046,3.1678296249359845,0.41364983173561054,0.0,0.0,0.0,0.0,0.0,0,0,0,0,0,0.0,0.29523809523809524,0.3138605637103045,0.27136496918425657,0.9706930586022418,0.5187741491772855,0.0,0.1625544267053701,0.040827814363907165
1074,105,100.0,105,0,105,0,0,0.0,2.41655044369726,2.392506364710038,4.402751430344932,1.824691132944233,0.691136220525134,1.661148188653354,3.3047619047619046,3.1678296249359845,0.4181893345984833,0.0,0.0,0.0,0.0,0.0,0,0,0,0,0,0.0,0.2857142857142857,0.32001024543793516,0.27112233995406654,0.9681072754533965,0.5251868727562151,0.0,0.17597968069666184,0.04098430535498003
1075,104,99.04761904761905,105,1,104,0,0,0.009523809523809525,2.43328155640466,2.406644056352725,4.458924959122354,1.8279530748046426,0.6876414178010852,1.6593120112044009,3.3047619047619046,3.1678296249359845,0.4160151528382221,0.703657705397183,0.006642556243981046,1.0,0.296342294602817,0.011722214281108423,0,1,0,0,0,0.0,0.29523809523809524,0.3182925532243281,0.26772564385987424,0.9699012889723027,0.5246523486063485,0.009523809523809525,0.15674891146589262,0.04111962729881816
1076,104,99.04761904761905,105,0,104,1,0,0.0,2.4440713419125966,2.4181951216464967,4.379104150783263,1.8313300769328726,0.6756739298805331,1.635786986526604,3.3047619047619046,3.1678296249359845,0.4141309958042092,0.3019458330339906,0.001405720620109023,0.0,0.3019458330339906,0.008428544932697402,0,0,0,1,0,0.0,0.29523809523809524,0.31406630560080406,0.27035380162976036,0.9658917239500546,0.5273743053709148,0.0,0.1230043541364296,0.04122706506328423
1077,104,99.04761904761905,105,0,105,0,0,0.0,2.4159900657825215,2.391701553197398,4.188263101663166,1.833928684499223,0.7126895857382262,1.6446961384238752,3.3047619047619046,3.1678296249359845,0.4103543183437188,0.0,0.0,0.0,0.0,0.0,0,0,0,0,0,0.0,0.3047619047619048,0.30815098185247514,0.26878236797123967,0.9710657180154671,0.5193025072251553,0.0,0.1230043541364296,0.0411278184127952
1078,103,98.0952380952381,105,1,104,0,0,0.009523809523809525,2.4104863742973666,2.392002168200279,4.210306921868836,1.8363048218933877,0.7358826767254795,1.6444119094041358,3.3047619047619046,3.1678296249359845,0.4078908697762236,0.6049333816090021,0.0025111128016400354,1.0,0.3950666183909979,0.02117354915712999,0,1,0,0,0,0.0,0.3142857142857143,0.305278295805348,0.2642998355181901,0.9709841839936748,0.5145052109880951,0.009523809523809525,0.1567489114658926,0.04113793594752019
1079,102,97.14285714285714,105,1,104,0,0,0.009523809523809525,2.384697477599308,2.365029091873518,4.168204670009083,1.8381114691643494,0.7608271676957373,1.6609746206990954,3.3047619047619046,3.1678296249359845,0.40812095738116505,0.8824778771138753,0.003973462978683671,1.0,0.11752212288612474,0.05806666334573196,0,1,0,0,0,0.0,0.34285714285714286,0.3065018267741694,0.25654052662354687,0.9609456976512042,0.517564625192846,0.009523809523809525,0.21407837445573294,0.04103760721776371
1080,103,98.0952380952381,105,0,105,0,0,0.0,2.398855226337654,2.37860916421188,4.176197982333057,1.840163458117092,0.7481041821212594,1.6090836379263522,3.3047619047619046,3.1678296249359845,0.41099728486441145,0.0,0.0,0.0,0.0,0.0,0,0,0,0,0,0.0,0.3238095238095238,0.30760122402516465,0.2671102814703228,0.9675937353074955,0.5180142339091165,0.0,0.21407837445573294,0.04114089771842813
1081,103,98.0952380952381,105,0,105,0,0,0.0,2.384439522151511,2.3646883850881197,3.914657570391095,1.841797654303806,0.7846496296628804,1.6717414711214664,3.3047619047619046,3.1678296249359845,0.406562837976592,0.0,0.0,0.0,0.0,0.0,0,0,0,0,0,0.0,0.3047619047619048,0.2990610874917326,0.2790754198834791,0.9713130047090628,0.5088918524033593,0.0,0.17597968069666184,0.04109470347296357
1082,103,98.0952380952381,105,0,105,0,0,0.0,2.388924258704186,2.369431511551258,4.062999753528798,1.8435002852717852,0.7627374408654747,1.6392053924070806,3.3047619047619046,3.1678296249359845,0.4097848092231673,0.0,0.0,0.0,0.0,0.0,0,0,0,0,0,0.0,0.3238095238095238,0.3055059107825324,0.26402335052151604,0.9666496739880013,0.5169645833140077,0.0,0.17597968069666184,0.04114409537983043
1083,104,99.04761904761905,105,0,105,0,0,0.0,2.3733566500546894,2.3546457782342247,3.8950087723931093,1.8447742703193328,0.7777589399125201,1.6819234282200155,3.3047619047619046,3.1678296249359845,0.40403030592032807,0.0,0.0,0.0,0.0,0.0,0,0,0,0,0,0.0,0.2857142857142857,0.2969212706869178,0.2705656405119326,0.9763915345133735,0.5074162566174377,0.0,0.17597968069666184,0.04108643617445968
1084,105,100.0,105,0,105,0,0,0.0,2.3741807738032086,2.3546678349292978,3.9388519190039895,1.8460084566659434,0.7756289853842502,1.7005828437430135,3.3047619047619046,3.1678296249359845,0.40504263828449893,0.0,0.0,0.0,0.0,0.0,0,0,0,0,0,0.0,0.2761904761904762,0.299205243489893,0.2664114319750429,0.9665732593263702,0.5099408825869218,0.0,0.19920174165457183,0.0411101052535597
1085,105,100.0,105,0,105,0,0,0.0,2.37252919364149,2.3530340043902624,3.9602193654986517,1.84716214051757,0.7746878388374822,1.6676345520005313,3.3047619047619046,3.1678296249359845,0.40588542209068845,0.0,0.0,0.0,0.0,0.0,0,0,0,0,0,0.0,0.2857142857142857,0.3003969285971857,0.25967929345839597,0.9763915345133735,0.5120165525570687,0.0,0.17597968069666184,0.04112012072216607
1086,105,100.0,105,0,105,0,0,0.0,2.390733594923612,2.3709924430483618,4.034730086314038,1.8487343918223562,0.7531580686339712,1.6503547722955452,3.3047619047619046,3.1678296249359845,0.4106076839112742,0.0,0.0,0.0,0.0,0.0,0,0,0,0,0,0.0,0.3142857142857143,0.305636088557684,0.27376498025377954,0.9639725456622654,0.5105151890250171,0.0,0.23730043541364293,0.04123604584988241
1087,105,100.0,105,0,105,0,0,0.0,2.4086502710781903,2.3883072744328553,4.279253749788993,1.8506956403710155,0.729229324537855,1.6521315260312428,3.3047619047619046,3.1678296249359845,0.4144444914117764,0.0,0.0,0.0,0.0,0.0,0,0,0,0,0,0.0,0.2857142857142857,0.31435222844024985,0.2628580100070773,0.9766068923951858,0.5115674956656422,0.0,0.1759796806966618,0.04135669373692683
1088,105,100.0,105,0,105,0,0,0.0,2.4292514256848174,2.4095740342435974,4.3824278179239275,1.8531337156811711,0.7108539606546062,1.6373966617981404,3.3047619047619046,3.1678296249359845,0.4192079343355479,0.0,0.0,0.0,0.0,0.0,0,0,0,0,0,0.0,0.3238095238095238,0.3188584266531745,0.2728201551002204,0.9738873931216979,0.5155455277387475,0.0,0.1759796806966618,0.04149831654593665
1089,104,99.04761904761905,105,1,104,0,0,0.009523809523809525,2.4311245830020494,2.421272735156162,4.330206618371103,1.855556742008366,0.7374839904401944,1.6621685403494313,3.3047619047619046,3.1678296249359845,0.418277737498284,0.563008243123631,0.0024516281865510853,1.0,0.43699175687636904,0.019100535778907912,0,1,0,0,0,0.0,0.3047619047619048,0.31606799635019206,0.28476854957238207,0.9715202310348222,0.5069075053543691,0.009523809523809525,0.19920174165457183,0.04154606100542925
1090,104,99.04761904761905,105,0,105,0,0,0.0,2.4334766167154473,2.423361454314347,4.354513608717415,1.8581902354827675,0.7254933275097681,1.6647978971896829,3.3047619047619046,3.1678296249359845,0.41745632365754637,0.0,0.0,0.0,0.0,0.0,0,0,0,0,0,0.0,0.29523809523809524,0.3162439087085237,0.2803602654536067,0.96831563703243,0.514069473972704,0.0,0.19920174165457183,0.04159953346722266
1091,104,99.04761904761905,105,0,105,0,0,0.0,2.4436156735064816,2.433007895595636,4.078157240727182,1.860984770630445,0.7384232689417866,1.6734424837292723,3.3047619047619046,3.1678296249359845,0.4152775338455703,0.0,0.0,0.0,0.0,0.0,0,0,0,0,0,0.0,0.29523809523809524,0.3074624758907286,0.30342706114237294,0.9647162239019484,0.5128496532788547,0.0,0.19920174165457183,0.041694491807321515
1092,104,99.04761904761905,105,0,105,0,0,0.0,2.4386163395043354,2.427746425674053,3.988298912321073,1.8635574401435284,0.7506199308809459,1.6839002191289356,3.3047619047619046,3.1678296249359845,0.41506931211254394,0.0,0.0,0.0,0.0,0.0,0,0,0,0,0,0.0,0.2857142857142857,0.30553475047053064,0.30150236384516305,0.9703409400700289,0.510789224658157,0.0,0.1948476052249637,0.041710244030804366
1093,104,99.04761904761905,105,0,105,0,0,0.0,2.4609152385667867,2.449774437073303,4.316600725618184,1.8666068597663366,0.7328147291029324,1.6766418380810026,3.3047619047619046,3.1678296249359845,0.41797042881068225,0.0,0.0,0.0,0.0,0.0,0,0,0,0,0,0.0,0.26666666666666666,0.31377764589640894,0.2790413064314039,0.9663295974723785,0.5151797285370814,0.0,0.23294629898403482,0.04187003873521658
1094,105,100.0,105,0,105,0,0,0.0,2.443930715030341,2.4333621449928993,4.107434540708728,1.8691437482104214,0.7506353012123659,1.654413199495682,3.3047619047619046,3.1678296249359845,0.4117451140759478,0.0,0.0,0.0,0.0,0.0,0,0,0,0,0,0.0,0.26666666666666666,0.30387800143874155,0.2695809432189483,0.9602712655885015,0.5152463615885732,0.0,0.23294629898403482,0.041825298269376004
1095,104,99.04761904761905,105,1,104,0,0,0.009523809523809525,2.440638045794361,2.430356546623275,4.270644085509908,1.8715438891031568,0.7661128751154507,1.7001374519055579,3.3047619047619046,3.1678296249359845,0.41346078739421155,0.4972244329449403,0.0011080204490094211,0.0,0.4972244329449403,0.042272568363063756,0,1,0,0,0,0.0,0.2761904761904762,0.30824754396996285,0.2574307468033011,0.9600951709152578,0.5182056844516416,0.009523809523809525,0.252177068214804,0.04184685111031625
1096,104,99.04761904761905,105,0,105,0,0,0.0,2.432947598426843,2.4234217837193763,4.288306884685745,1.8736724659019197,0.7796345887129222,1.7084594433930096,3.3047619047619046,3.1678296249359845,0.4115210861015506,0.0,0.0,0.0,0.0,0.0,0,0,0,0,0,0.0,0.2761904761904762,0.30683152616292336,0.2561645010544684,0.9523312743850796,0.5159103809291081,0.0,0.252177068214804,0.041842113716689014
1097,104,99.04761904761905,105,0,105,0,0,0.0,2.4162370782478235,2.40744039229632,4.136029906787718,1.8753286024126803,0.7821625781098526,1.6868733869580808,3.3047619047619046,3.1678296249359845,0.40694406838781094,0.0,0.0,0.0,0.0,0.0,0,0,0,0,0,0.0,0.2761904761904762,0.3009537218683204,0.2584313530288909,0.9493473989906612,0.5132430723548473,0.0,0.2902757619738751,0.04178479290730255
1098,104,99.04761904761905,105,0,105,0,0,0.0,2.4084207792184387,2.3993495581942272,4.154442419335331,1.8767272322687514,0.7922807025617976,1.7302180865753969,3.3047619047619046,3.1678296249359845,0.4083295874734938,0.0,0.0,0.0,0.0,0.0,0,0,0,0,0,0.0,0.26666666666666666,0.30343192458773377,0.2610706367796279,0.9428306195256881,0.5143285883425702,0.0,0.2902757619738751,0.04176786451761753
1099,104,99.04761904761905,105,0,105,0,0,0.0,2.418090995375394,2.409372746668338,4.30206413030859,1.8783355699409756,0.7852117350898737,1.7257001839375632,3.3047619047619046,3.1678296249359845,0.4098172035737129,0.0,0.0,0.0,0.0,0.0,0,0,0,0,0,0.0,0.2761904761904762,0.3075374516102465,0.24856522495014896,0.9490737354268864,0.5177089250941878,0.0,0.29027576197387517,0.04184169029702717
1100,105,100.0,105,0,105,0,0,0.0,2.421432918709971,2.412735004825976,4.223359485805345,1.8799781667039377,0.7660787164735461,1.7134893349713427,3.3047619047619046,3.1678296249359845,0.40957722987033507,0.0,0.0,0.0,0.0,0.0,0,0,0,0,0,0.0,0.2761904761904762,0.3060983870780116,0.2543932633960995,0.9575561553264709,0.5187833262175388,0.0,0.252177068214804,0.041884417247137734
1101,105,100.0,105,0,105,0,0,0.0,2.383667933229164,2.375189123025862,3.8989038073730993,1.8806172171467384,0.8127559827541404,1.7437633161645822,3.3047619047619046,3.1678296249359845,0.4090123725263626,0.0,0.0,0.0,0.0,0.0,0,0,0,0,0,0.0,0.29523809523809524,0.2999034957477447,0.26928569743806674,0.9360273732829045,0.5153245292473357,0.0,0.29027576197387517,0.04170571433435636
1102,105,100.0,105,0,105,0,0,0.0,2.414399144939351,2.4054404386130344,4.044823690271694,1.8820026716699763,0.7997431370593684,1.716170398590034,3.3047619047619046,3.1678296249359845,0.4117476047051891,0.0,0.0,0.0,0.0,0.0,0,0,0,0,0,0.0,0.2761904761904762,0.3034935717855931,0.27659920792481263,0.9360273732829045,0.5187875879183291,0.0,0.29027576197387517,0.041881314812320866
1103,105,100.0,105,0,104,1,0,0.0,2.4354159659678594,2.4252892091340255,4.247846989069309,1.8838472575405865,0.7552522640695907,1.661198020126358,3.3047619047619046,3.1678296249359845,0.41728710533654656,0.1642823163048055,0.0031662803861715683,0.0,0.1642823163048055,-0.03755331437305165,0,0,0,1,0,0.0,0.2857142857142857,0.3116226734707034,0.2724078528321045,0.9532773586981038,0.5244540350302637,0.0,0.252177068214804,0.04201561558629669
1104,105,100.0,105,0,104,1,0,0.0,2.430953120166269,2.420386006719364,4.367641477587137,1.8855091499946008,0.7466955347122395,1.6703020436193126,3.3047619047619046,3.1678296249359845,0.4202654791047371,0.11071181681838979,0.0031280177390643287,0.0,0.11071181681838979,-0.02663058131119933,0,0,0,1,0,0.0,0.2761904761904762,0.3172336431993447,0.26509207796164247,0.9335833219184049,0.5325941124368478,0.0,0.2902757619738751,0.042019624318035166
1105,105,100.0,105,0,105,0,0,0.0,2.4527124655205097,2.4417512590024657,4.420953861756121,1.887659848360135,0.7357774889693102,1.6675521028728781,3.3047619047619046,3.1678296249359845,0.41882266802653745,0.0,0.0,0.0,0.0,0.0,0,0,0,0,0,0.0,0.2761904761904762,0.3151870737078808,0.26377939199804684,0.9386119709544312,0.5333398591056236,0.0,0.29027576197387517,0.042162486274789565
1106,105,100.0,105,0,104,1,0,0.0,2.4562070539871024,2.4457105534781616,4.640178568464055,1.8898427552283745,0.7014889857397911,1.637087911682512,3.3047619047619046,3.1678296249359845,0.42165170761613635,0.06868642624105234,0.002489844105576576,0.0,0.06868642624105234,-0.01685288016526565,0,0,0,1,0,0.0,0.2857142857142857,0.3228775791397823,0.2500741341156532,0.9234148662307011,0.5442919113660589,0.0,0.29027576197387517,0.04221453460235096
1107,104,99.04761904761905,105,1,102,1,1,0.009523809523809525,2.460298369390927,2.452465462278532,4.702367268686715,1.892068050491701,0.6885574480538522,1.633373691019412,3.3047619047619046,3.1678296249359845,0.42046058641422457,0.4370245738970797,0.004306517418103849,0.3333333333333333,0.2849421978580408,0.008567261917307093,0,2,0,1,0,0.0,0.3047619047619048,0.32251820932177677,0.23496285176604306,0.940288807355135,0.5536252839616059,0.009523809523809525,0.30950653120464444,0.04227023796066706
1108,103,98.0952380952381,105,1,103,1,0,0.009523809523809525,2.472367921281484,2.4574339245042607,4.836006088186879,1.8945622765376209,0.6984418534164786,1.645127954158888,3.3047619047619046,3.1678296249359845,0.42264782515483623,0.6915135886058179,0.007318241800546791,1.0,0.3084864113941821,0.01893245488622375,0,1,0,1,0,0.0,0.2857142857142857,0.3270540786373444,0.23581835313741537,0.9346269951298721,0.5436709063971585,0.009523809523809525,0.2714078374455733,0.04237009213591761
1109,102,97.14285714285714,105,1,104,0,0,0.009523809523809525,2.4676091573733996,2.4541058198363364,4.90212584168361,1.8967065204658367,0.7149018863421374,1.6810330249329397,3.3047619047619046,3.1678296249359845,0.41834531211766834,0.5746847761018841,0.0070046906137996405,1.0,0.42531522389811593,0.0001637287429114842,0,1,0,0,0,0.0,0.2857142857142857,0.32431361818633214,0.23102379786377797,0.9345101606619937,0.5373311313415841,0.009523809523809525,0.252177068214804,0.042380261313571636
1110,102,97.14285714285714,105,0,105,0,0,0.0,2.4755381660997657,2.4612664812243192,4.791250993695859,1.8989970724051022,0.7035030925751199,1.669941680363358,3.3047619047619046,3.1678296249359845,0.417151533664623,0.0,0.0,0.0,0.0,0.0,0,0,0,0,0,0.0,0.29523809523809524,0.32032843242517994,0.2335575816337834,0.9239851810770525,0.5380311722142227,0.0,0.29027576197387517,0.04245618674865677
1111,101,96.19047619047619,105,1,104,0,0,0.009523809523809525,2.481548009272318,2.462124340835705,4.928898125276837,1.9013622381392081,0.6809598425578622,1.6635050506409415,3.3047619047619046,3.1678296249359845,0.42006096208538324,0.6554643548991571,0.002764517347699247,1.0,0.3445356451008429,0.03809897356901604,0,1,0,0,0,0.0,0.29523809523809524,0.3260812700584749,0.23317129136557987,0.9336816383356196,0.5481231202515122,0.009523809523809525,0.2714078374455733,0.04252369817492145
1112,102,97.14285714285714,105,0,105,0,0,0.0,2.4882952199397437,2.4688432074989,4.958258341293995,1.9036973190983841,0.6682242904319241,1.6598344483606315,3.3047619047619046,3.1678296249359845,0.4194118866375218,0.0,0.0,0.0,0.0,0.0,0,0,0,0,0,0.0,0.3142857142857143,0.32576439833428616,0.2286306523654741,0.9251602880583756,0.5491389620196028,0.0,0.2714078374455733,0.04259441992145409
1113,103,98.0952380952381,105,1,104,0,0,0.009523809523809525,2.491505412731758,2.471346813025107,4.688422056574694,1.9060455674334873,0.6926721320283206,1.6824489033928711,3.3047619047619046,3.1678296249359845,0.4171688801633775,0.6302016593861473,0.0015104172131989713,1.0,0.36979834061385275,0.058697114826180674,0,1,0,0,0,0.0,0.29523809523809524,0.317865982098437,0.24211110143063322,0.926975580899145,0.5473423246923871,0.009523809523809525,0.29063860667634256,0.042647665138627396
1114,102,97.14285714285714,105,1,104,0,0,0.009523809523809525,2.4770707777901486,2.4562494185006583,4.476180615647211,1.9079456987939558,0.7023372667346005,1.6883309194703076,3.3047619047619046,3.1678296249359845,0.4168206653066733,0.8654783555971939,0.006152423412862304,1.0,0.13452164440280612,0.05531039561987483,0,1,0,0,0,0.0,0.3238095238095238,0.31404298116600765,0.24562310339251284,0.9384494728824377,0.5486878246842192,0.009523809523809525,0.2714078374455733,0.042605588425994156
1115,102,97.14285714285714,105,0,105,0,0,0.0,2.4489737991240084,2.428930561013178,4.255642549206477,1.909060735224588,0.7316420739549679,1.7033244365448972,3.3047619047619046,3.1678296249359845,0.41137024948627454,0.0,0.0,0.0,0.0,0.0,0,0,0,0,0,0.0,0.34285714285714286,0.30578853820245133,0.2432824864899599,0.9294312820145706,0.5456336494999598,0.0,0.3095065312046444,0.04248276475985265
1116,103,98.0952380952381,105,0,105,0,0,0.0,2.444955027291217,2.4255952632780238,4.026128702977238,1.910055923961055,0.7495316578676665,1.687212963634507,3.3047619047619046,3.1678296249359845,0.4065173102957713,0.0,0.0,0.0,0.0,0.0,0,0,0,0,0,0.0,0.34285714285714286,0.296063408796981,0.25654856416933586,0.929533932457301,0.5385852302930666,0.0,0.30950653120464444,0.04247843384249761
1117,102,97.14285714285714,105,1,104,0,0,0.009523809523809525,2.4475878411712224,2.4258992092725316,3.993035860099386,1.9110709907561774,0.7739694015825773,1.6957875719401778,3.3047619047619046,3.1678296249359845,0.40362860963113345,0.33753339317904585,0.005261673606031127,0.0,0.33753339317904585,-0.023965695830612255,0,1,0,0,0,0.0,0.34285714285714286,0.2929771490500293,0.2663360071589155,0.9251183258028425,0.531153647788431,0.009523809523809525,0.29027576197387517,0.04250767570522203
1118,103,98.0952380952381,105,0,104,1,0,0.0,2.4539427115262544,2.432507511203228,4.0690349789988405,1.912177672612397,0.7563596984593561,1.691728845853026,3.3047619047619046,3.1678296249359845,0.40325209075070756,0.6984577055347406,0.002869827810497253,1.0,0.3015422944652594,0.02127852694356991,0,0,0,1,0,0.0,0.3333333333333333,0.2928800695710653,0.25014261638932117,0.9251183258028425,0.539603589843777,0.0,0.29027576197387517,0.04255697895484474
1119,103,98.0952380952381,105,1,104,0,0,0.009523809523809525,2.4494673839530217,2.4254864242456686,4.081173813284826,1.913153051894144,0.7565091777262004,1.6787560257029968,3.3047619047619046,3.1678296249359845,0.40217945860495274,0.7565652690520681,0.0030116060850964447,1.0,0.2434347309479319,0.025768804655113442,0,1,0,0,0,0.0,0.3333333333333333,0.29222538824402106,0.24466003396687608,0.9306351265111775,0.5387514635982171,0.009523809523809525,0.27140783744557323,0.04255005149389991
1120,103,98.0952380952381,105,0,105,0,0,0.0,2.45312948902217,2.4288312900339832,4.036835405376375,1.9141006124622033,0.7559239214637151,1.687519080794699,3.3047619047619046,3.1678296249359845,0.4013254658610155,0.0,0.0,0.0,0.0,0.0,0,0,0,0,0,0.0,0.3047619047619048,0.29019061728179035,0.2450164886009301,0.9136150925600359,0.5334002022103083,0.0,0.3095065312046444,0.04258337057144025
1121,103,98.0952380952381,105,0,105,0,0,0.0,2.5062174602300273,2.4811433074621787,4.39743335571404,1.9163438803942672,0.7054795988392081,1.65364981631003,3.3047619047619046,3.1678296249359845,0.4084924545134432,0.0,0.0,0.0,0.0,0.0,0,0,0,0,0,0.0,0.3047619047619048,0.3004993825986198,0.2352164576745152,0.9257812708664872,0.547771936196966,0.0,0.3095065312046444,0.04288434188053884
1122,104,99.04761904761905,105,0,105,0,0,0.0,2.5041372520875074,2.478552379003622,4.128145543159187,1.9184504244607956,0.7132798317003748,1.651956648376562,3.3047619047619046,3.1678296249359845,0.4070363321796471,0.0,0.0,0.0,0.0,0.0,0,0,0,0,0,0.0,0.3047619047619048,0.2937083228717001,0.24740736021580007,0.9249083740641559,0.5408542030208926,0.0,0.3095065312046444,0.04290730670332715
1123,104,99.04761904761905,105,0,105,0,0,0.0,2.5021768935727673,2.4761307946663784,4.16822132625232,1.9204288674674999,0.6998454713460769,1.6517532673399438,3.3047619047619046,3.1678296249359845,0.40956828030684944,0.0,0.0,0.0,0.0,0.0,0,0,0,0,0,0.0,0.29523809523809524,0.2976639261181962,0.2510528315660745,0.918430823628402,0.542777287077788,0.0,0.3095065312046444,0.04292884176259287
1124,105,100.0,105,0,105,0,0,0.0,2.5185026958837566,2.492268103213449,4.175699977932046,1.9227535987231827,0.6879418177175957,1.6359240352878393,3.3047619047619046,3.1678296249359845,0.4090668985309456,0.0,0.0,0.0,0.0,0.0,0,0,0,0,0,0.0,0.3333333333333333,0.2964767856566868,0.24738010741233327,0.9280583436551277,0.5420767813153545,0.0,0.2714078374455733,0.04304729253685666
1125,105,100.0,105,0,105,0,0,0.0,2.542301256259513,2.5158262715520276,4.465445217513422,1.9256017125620248,0.6606289195638122,1.6176293779183077,3.3047619047619046,3.1678296249359845,0.411108985811544,0.0,0.0,0.0,0.0,0.0,0,0,0,0,0,0.0,0.3142857142857143,0.30273719690334827,0.23839192130157183,0.9426381109908275,0.5484445732154745,0.0,0.23330914368650216,0.043211397035704806
1126,105,100.0,105,0,104,1,0,0.0,2.5340882748392675,2.5087285538062285,4.34074783104467,1.9281797281225717,0.6835701621938455,1.636310531174942,3.3047619047619046,3.1678296249359845,0.4070984149948571,0.27247437474369857,0.0027370530975969155,0.0,0.27247437474369857,0.011946383492868362,0,0,0,1,0,0.0,0.29523809523809524,0.29631918051033973,0.2371275276086842,0.9174154493680209,0.5429796174843133,0.0,0.2576197387518142,0.04321116569893481
1127,105,100.0,105,0,105,0,0,0.0,2.508553233177764,2.484477725535825,3.893974271710008,1.9300614966046625,0.7343934093073657,1.6547106853168385,3.3047619047619046,3.1678296249359845,0.39969743739101005,0.0,0.0,0.0,0.0,0.0,0,0,0,0,0,0.0,0.29523809523809524,0.2817940828034526,0.25002784182652865,0.9463549136687556,0.5344923909149986,0.0,0.23330914368650213,0.043113296100351486
1128,105,100.0,105,0,105,0,0,0.0,2.489428045994645,2.4659072428031874,3.6883696425602803,1.9314130288645064,0.768444606642826,1.6876625082413723,3.3047619047619046,3.1678296249359845,0.39464889320707663,0.0,0.0,0.0,0.0,0.0,0,0,0,0,0,0.0,0.29523809523809524,0.27450893542367705,0.26100941806625777,0.950607150313525,0.5255348004446335,0.0,0.23330914368650216,0.04303907728409484
1129,104,99.04761904761905,105,1,104,0,0,0.009523809523809525,2.466876511420508,2.443796951075498,3.470289999821942,1.9321723978400294,0.8100475317172663,1.728673053414157,3.3047619047619046,3.1678296249359845,0.3889372618277547,0.9820869884027187,0.006252900745791367,1.0,0.017913011597281314,0.036938739851642644,0,1,0,0,0,1.0,0.3047619047619048,0.26567744014068584,0.2669257302338068,0.9450998005270201,0.5183985213373614,0.009523809523809525,0.23330914368650216,0.04293834736890875
1130,104,99.04761904761905,105,0,105,0,0,0.0,2.466702621426687,2.442876974287233,3.558525407041739,1.9328734126101856,0.7981971812969788,1.7279363652225743,3.3047619047619046,3.1678296249359845,0.3914840090845524,0.0,0.0,0.0,0.0,0.0,0,0,0,0,0,0.0,0.3047619047619048,0.2709754236043671,0.27025137360452156,0.9386634910744344,0.5147115655010076,0.0,0.2714078374455733,0.04294858139572174
1131,104,99.04761904761905,105,0,105,0,0,0.0,2.46559646616347,2.4409284029863136,3.6695117174235397,1.9335028384916308,0.7913872337365947,1.722230299351735,3.3047619047619046,3.1678296249359845,0.3949556350670629,0.0,0.0,0.0,0.0,0.0,0,0,0,0,0,0.0,0.2857142857142857,0.2771398348222491,0.2564681096876875,0.9248090179201648,0.5231693272655912,0.0,0.23330914368650216,0.04295302018917538
1132,104,99.04761904761905,105,0,105,0,0,0.0,2.461291122414237,2.436759386962865,3.6179938461587167,1.9340066713738093,0.8112173478363589,1.7349837952125269,3.3047619047619046,3.1678296249359845,0.3913722934886057,0.0,0.0,0.0,0.0,0.0,0,0,0,0,0,0.0,0.2571428571428571,0.27234254098398936,0.25178042550373486,0.9435272585679478,0.5221720832862745,0.0,0.23330914368650216,0.042939473754080124
1133,103,98.0952380952381,105,1,104,0,0,0.009523809523809525,2.469805901244722,2.4426587165221334,3.5667166313860377,1.934701148013175,0.8261690573350319,1.7418313225355475,3.3047619047619046,3.1678296249359845,0.3885970195079973,0.3210832381788714,0.004495027232340562,0.0,0.3210832381788714,-0.01584281527346776,0,1,0,0,0,0.0,0.3047619047619048,0.2680521325497848,0.25031162228301423,0.9361663741778741,0.5197620797225424,0.009523809523809525,0.27140783744557323,0.042993047566592585
1134,104,99.04761904761905,105,1,104,0,0,0.009523809523809525,2.489083769617413,2.4599776138730864,3.5233382627265852,1.935805433599829,0.8373879050432776,1.750014999007551,3.3047619047619046,3.1678296249359845,0.3883520285376747,0.9772268511333486,0.004817710629009795,1.0,0.022773148866651383,0.06814513633995489,0,1,0,0,0,1.0,0.26666666666666666,0.26542589089189783,0.26059124828307917,0.9366707879890965,0.5162923210550188,0.009523809523809525,0.27140783744557323,0.043106927851435
1135,104,99.04761904761905,105,0,105,0,0,0.0,2.518669894238119,2.487448537143979,3.682378266652371,1.9375209209248803,0.809833224608488,1.7183917918697027,3.3047619047619046,3.1678296249359845,0.391349428471065,0.0,0.0,0.0,0.0,0.0,0,0,0,0,0,0.0,0.2571428571428571,0.27031248963387206,0.2620986215816634,0.9479624606079896,0.5186152340374198,0.0,0.23330914368650216,0.04328203033238603
1136,104,99.04761904761905,105,0,105,0,0,0.0,2.5067176152914863,2.4759539683731235,3.6201516924265325,1.938890761850411,0.8170876050678074,1.7184576787641306,3.3047619047619046,3.1678296249359845,0.39080403132777186,0.0,0.0,0.0,0.0,0.0,0,0,0,0,0,0.0,0.2857142857142857,0.26931535113798605,0.2643792024796602,0.9565145190301785,0.5153749241995139,0.0,0.19521044992743103,0.0432439660509796
1137,104,99.04761904761905,105,0,105,0,0,0.0,2.5146131874048603,2.483168379801111,3.818870230681249,1.9404000407592727,0.7967899006191013,1.6972981251164292,3.3047619047619046,3.1678296249359845,0.3919387744750764,0.0,0.0,0.0,0.0,0.0,0,0,0,0,0,0.0,0.2761904761904762,0.2747090145083072,0.25375628631197183,0.9557974166957499,0.5178312564105148,0.0,0.19521044992743106,0.04330734960374538
1138,103,98.0952380952381,105,1,104,0,0,0.009523809523809525,2.49328214602863,2.4588300059861807,3.5445947256160357,1.9413333613222725,0.8549860642468456,1.7384820205254292,3.3047619047619046,3.1678296249359845,0.387812071277047,0.657318664966999,0.006534671182298631,1.0,0.342681335033001,0.022224882932199153,0,1,0,0,0,0.0,0.26666666666666666,0.2661119628763014,0.26389192107609966,0.9484104567687868,0.5133816414900039,0.009523809523809525,0.21952104499274308,0.04321547739950939
1139,104,99.04761904761905,105,0,104,1,0,0.0,2.5165018553622374,2.4802918588561513,3.930168762459895,1.9426923642153167,0.8023889074175784,1.7044744466261423,3.3047619047619046,3.1678296249359845,0.39548505505613885,0.5538110376637131,0.005187073860724712,1.0,0.4461889623362869,0.01064966882605578,0,0,0,1,0,0.0,0.26666666666666666,0.28067274661124064,0.24659666038012917,0.9526136362317925,0.5307044100820663,0.0,0.23330914368650216,0.04335310139430223
1140,104,99.04761904761905,105,0,105,0,0,0.0,2.496154695144975,2.4598666846057573,3.9516736809259867,1.9434906884354317,0.8137168764553111,1.7142274396315025,3.3047619047619046,3.1678296249359845,0.39309179068344435,0.0,0.0,0.0,0.0,0.0,0,0,0,0,0,0.0,0.2761904761904762,0.28022834571082045,0.23584938684532933,0.9596696724764744,0.5280019888408123,0.0,0.21952104499274308,0.04326401036878984
1141,103,98.0952380952381,105,1,104,0,0,0.009523809523809525,2.5020783507699274,2.4577793679384916,3.8730816310835317,1.9444035325015843,0.8467423563063537,1.7527856762422451,3.3047619047619046,3.1678296249359845,0.3905996843131636,0.7096403011541541,0.007540171389892767,1.0,0.2903596988458459,0.007367042825734416,0,1,0,0,0,0.0,0.2761904761904762,0.2763337431570153,0.2398273104425072,0.9558707304538323,0.5184942369434514,0.009523809523809525,0.23330914368650216,0.04330808731929312
1142,103,98.0952380952381,105,0,105,0,0,0.0,2.4978638277384637,2.4533412253626348,3.8468240831415925,1.944982277480941,0.8332510953221122,1.737063039309074,3.3047619047619046,3.1678296249359845,0.39318296670698993,0.0,0.0,0.0,0.0,0.0,0,0,0,0,0,0.0,0.29523809523809524,0.27770463670518736,0.24529201154935082,0.9558914846701857,0.5235699932732807,0.0,0.21952104499274308,0.043296181531590254
1143,104,99.04761904761905,105,0,105,0,0,0.0,2.4926133557266836,2.4475152825748827,3.7990620773443355,1.9453950440521395,0.8662534241147176,1.761697759687967,3.3047619047619046,3.1678296249359845,0.39353582937798337,0.0,0.0,0.0,0.0,0.0,0,0,0,0,0,0.0,0.24761904761904763,0.2772427888796616,0.2521000825140069,0.9598534690623363,0.5218948467467089,0.0,0.21952104499274308,0.043276467042393484
1144,104,99.04761904761905,105,0,105,0,0,0.0,2.499722740802519,2.4550855920101733,3.8848601030010252,1.945986586485606,0.8801334240073054,1.7632520877276099,3.3047619047619046,3.1678296249359845,0.3926750448695677,0.0,0.0,0.0,0.0,0.0,0,0,0,0,0,0.0,0.23809523809523808,0.2771867183471389,0.2521732402250253,0.9626472786190751,0.5216272697990383,0.0,0.19521044992743103,0.043321383495998365
1145,103,98.0952380952381,105,1,104,0,0,0.009523809523809525,2.5224595705214985,2.4713812524678267,4.14057983551432,1.9471106573820645,0.8363032719329091,1.7602670487752954,3.3047619047619046,3.1678296249359845,0.3996045589981685,0.9499270018065991,0.004450945778968348,1.0,0.05007299819340094,0.04361201852559715,0,1,0,0,0,0.0,0.2571428571428571,0.2888910928282822,0.24998884644440073,0.9767024041952957,0.5130058971410113,0.009523809523809525,0.15711175616835993,0.04345287197002491
1146,104,99.04761904761905,105,0,105,0,0,0.0,2.553533418395805,2.5009054904694676,4.546073474121855,1.9488090491622232,0.80905378542146,1.7463632123479105,3.3047619047619046,3.1678296249359845,0.4051275759308479,0.0,0.0,0.0,0.0,0.0,0,0,0,0,0,0.0,0.2571428571428571,0.30128586717997063,0.23996958476646846,0.9732870479388196,0.5171655876958954,0.0,0.18142235123367198,0.043635142288376116
1147,104,99.04761904761905,105,0,105,0,0,0.0,2.5552194871364162,2.5029464247157778,4.5784166856136075,1.950505361440167,0.8033239496114147,1.7376633630703102,3.3047619047619046,3.1678296249359845,0.4039985290085071,0.0,0.0,0.0,0.0,0.0,0,0,0,0,0,0.0,0.2571428571428571,0.3009154882461834,0.23527239310786816,0.9685571610062796,0.516631336854473,0.0,0.1284470246734397,0.04367044077351524
1148,104,99.04761904761905,105,0,105,0,0,0.0,2.53924707974023,2.4877909062104027,4.383876670908951,1.951763856631218,0.8197626650113927,1.7481948673936973,3.3047619047619046,3.1678296249359845,0.4004547940655576,0.0,0.0,0.0,0.0,0.0,0,0,0,0,0,0.0,0.2857142857142857,0.29532078002921053,0.23790887746590836,0.960353770213636,0.511171174445404,0.0,0.14223512336719885,0.043610512228279566
1149,104,99.04761904761905,105,0,105,0,0,0.0,2.5530167115005518,2.5020731214435723,4.504125880876333,1.9533444338349812,0.7843145367631291,1.7241436062945221,3.3047619047619046,3.1678296249359845,0.4009589735000585,0.0,0.0,0.0,0.0,0.0,0,0,0,0,0,0.0,0.2857142857142857,0.2971729874260272,0.22796682471624216,0.9614661164591516,0.5139117721262283,0.0,0.15711175616835993,0.04370439538353407
1150,105,100.0,105,0,105,0,0,0.0,2.580851177674459,2.5294433627170205,4.932598626429175,1.9555685751350198,0.7415219519926692,1.6926471608214912,3.3047619047619046,3.1678296249359845,0.405563946415618,0.0,0.0,0.0,0.0,0.0,0,0,0,0,0,0.0,0.2571428571428571,0.3080382129412086,0.21829084619288328,0.955445744399111,0.5239572903547731,0.0,0.15711175616835993,0.043878796217905136
1151,105,100.0,105,0,105,0,0,0.0,2.5621736224582787,2.511119406847108,4.6309806960860005,1.95725788206605,0.7696072715500306,1.7522106231277752,3.3047619047619046,3.1678296249359845,0.4020445929022287,0.0,0.0,0.0,0.0,0.0,0,0,0,0,0,0.0,0.2761904761904762,0.30063053513856547,0.2321497554543109,0.9418994510945314,0.514438001623422,0.0,0.14332365747460085,0.04381216562453287
1152,105,100.0,105,0,105,0,0,0.0,2.575143127541387,2.523882025768473,4.712118198762001,1.9592171130501497,0.7645553793658878,1.7259330609896684,3.3047619047619046,3.1678296249359845,0.401928154596358,0.0,0.0,0.0,0.0,0.0,0,0,0,0,0,0.0,0.2761904761904762,0.3007287784161627,0.22729386252340122,0.9556940450344635,0.515554486840826,0.0,0.14332365747460085,0.04390804569971603
1153,104,99.04761904761905,105,1,104,0,0,0.009523809523809525,2.5916685223959726,2.5373124099748994,5.1736770844439715,1.961515517088218,0.7393242578990108,1.71561977366151,3.3047619047619046,3.1678296249359845,0.40474147684333306,0.8440709733797216,0.008803100761290476,1.0,0.1559290266202784,-0.0030509267851965838,0,1,0,0,0,0.0,0.26666666666666666,0.31096765520271946,0.21255853622783416,0.9639022596113294,0.5196223738500851,0.009523809523809525,0.16219158200290273,0.04402707743599828
1154,104,99.04761904761905,105,0,105,0,0,0.0,2.5868286109479794,2.5315177000040516,5.148791812859863,1.9635333815691622,0.7449010852525436,1.7205454349922615,3.3047619047619046,3.1678296249359845,0.40545233925258284,0.0,0.0,0.0,0.0,0.0,0,0,0,0,0,0.0,0.29523809523809524,0.3111984822547659,0.21233014355422794,0.9675188972515227,0.5270206091163051,0.0,0.15711175616835996,0.044034839133167525
1155,104,99.04761904761905,105,0,105,0,0,0.0,2.5572910456122493,2.503451323952578,5.182344812178394,1.9647760475611245,0.7706276713798177,1.7445603806079921,3.3047619047619046,3.1678296249359845,0.4026544602303579,0.0,0.0,0.0,0.0,0.0,0,0,0,0,0,0.0,0.2761904761904762,0.31118261478527104,0.19995815580016613,0.9495718263187023,0.5255630882680445,0.0,0.20029027576197383,0.04390683407720506
1156,104,99.04761904761905,105,0,105,0,0,0.0,2.557139166823177,2.5036073795822724,5.319355015123241,1.9659833028728293,0.7571734789512217,1.7422358465096157,3.3047619047619046,3.1678296249359845,0.40619710360520567,0.0,0.0,0.0,0.0,0.0,0,0,0,0,0,0.0,0.2857142857142857,0.31638165823368,0.19563967249599415,0.9596905500051096,0.5343834678612511,0.0,0.16219158200290273,0.043925196578966104
1157,104,99.04761904761905,105,0,103,2,0,0.0,2.5412820365237416,2.4891424325205715,5.361669794244197,1.9667857344905197,0.765690576974653,1.7592833208570184,3.3047619047619046,3.1678296249359845,0.40463664494678153,0.4828430780178537,0.00199183846784123,0.5,0.3224489812564127,0.04062360758779553,0,0,0,2,0,0.0,0.2857142857142857,0.3162785081616024,0.18686331248097918,0.9671950440837476,0.5344960075324204,0.0,0.16219158200290273,0.04385862076072145
1158,104,99.04761904761905,105,1,104,0,0,0.009523809523809525,2.551206646514673,2.5018938999970035,5.1838348147404165,1.9678099435418133,0.7810871456099364,1.7397297868946657,3.3047619047619046,3.1678296249359845,0.40414960556904345,0.7095051223614395,0.0010506876177294273,1.0,0.2904948776385605,0.07208569518961816,0,1,0,0,0,0.0,0.2761904761904762,0.31141445346580776,0.2052309636406826,0.9583785621028699,0.5299555800140574,0.009523809523809525,0.21915820029027572,0.04392446640955018
1159,104,99.04761904761905,105,0,105,0,0,0.0,2.5413613359035296,2.4932336957589833,5.0712800112861665,1.9686581936943712,0.7952014472991078,1.7729285423602708,3.3047619047619046,3.1678296249359845,0.40165868505857794,0.0,0.0,0.0,0.0,0.0,0,0,0,0,0,0.0,0.3047619047619048,0.3073356927870001,0.21020801708781545,0.9592018766083128,0.524535820364654,0.0,0.21915820029027572,0.043888675416307615
1160,104,99.04761904761905,105,0,105,0,0,0.0,2.5653427197186986,2.5167489321882544,5.637481427505052,1.9700755108280867,0.7410869124383831,1.7582308857030622,3.3047619047619046,3.1678296249359845,0.4069778627813705,0.0,0.0,0.0,0.0,0.0,0,0,0,0,0,0.0,0.29523809523809524,0.3213835881101142,0.1939369216552895,0.9520751815281454,0.5345981257510245,0.0,0.21915820029027577,0.04403103143140402
1161,104,99.04761904761905,105,0,105,0,0,0.0,2.5818035802897086,2.5323814094047217,5.84713830084148,1.971844097965261,0.7333828491129153,1.702874503777659,3.3047619047619046,3.1678296249359845,0.4074887685357951,0.0,0.0,0.0,0.0,0.0,0,0,0,0,0,0.0,0.2857142857142857,0.3235857669414121,0.18668501344787763,0.9652058622307322,0.541303073874987,0.0,0.18105950653120462,0.04414134864789618
1162,104,99.04761904761905,105,0,105,0,0,0.0,2.56341164048153,2.515294558144474,5.353609342241001,1.9731236334062086,0.7843690952948991,1.7348163778725567,3.3047619047619046,3.1678296249359845,0.4032362652221393,0.0,0.0,0.0,0.0,0.0,0,0,0,0,0,0.0,0.3047619047619048,0.3111743107320271,0.18973595443257074,0.9687321864918681,0.539332448966617,0.0,0.18105950653120462,0.04406965570023524
1163,104,99.04761904761905,105,1,104,0,0,0.009523809523809525,2.5832618362010504,2.5403665574556986,5.53442683227758,1.9748646154867169,0.7781941756643515,1.7198133956047954,3.3047619047619046,3.1678296249359845,0.4036415016840942,0.4483306313690949,0.0029739057593433913,0.0,0.4483306313690949,0.00429087191480193,0,1,0,0,0,0.0,0.2761904761904762,0.3131542857984783,0.19050688048977413,0.9526104577527704,0.539578160591738,0.009523809523809525,0.18105950653120462,0.04419648235188842
1164,104,99.04761904761905,105,0,105,0,0,0.0,2.5687820198373075,2.5272829100936622,5.277280093315549,1.976352282530464,0.7975463445538946,1.7283034709692164,3.3047619047619046,3.1678296249359845,0.4005065704704722,0.0,0.0,0.0,0.0,0.0,0,0,0,0,0,0.0,0.2761904761904762,0.30607218647416,0.1837633106889989,0.9586939673599484,0.5431713417709432,0.0,0.18105950653120462,0.04414764664873583
1165,104,99.04761904761905,105,0,105,0,0,0.0,2.58889384023419,2.5466001969896426,5.446711143038459,1.978282373806498,0.7715776659953895,1.7027824840880625,3.3047619047619046,3.1678296249359845,0.4041259593884363,0.0,0.0,0.0,0.0,0.0,0,0,0,0,0,0.0,0.26666666666666666,0.31089246053323344,0.182814254918901,0.9338609304416502,0.5497671904054982,0.0,0.18105950653120462,0.04427877675233549
1166,104,99.04761904761905,105,0,105,0,0,0.0,2.602970108474991,2.5608603215819667,5.727013148263759,1.9805127122404125,0.7530296508504791,1.7281820234356253,3.3047619047619046,3.1678296249359845,0.4073286648641299,0.0,0.0,0.0,0.0,0.0,0,0,0,0,0,0.0,0.26666666666666666,0.3184277980564799,0.18165929945742174,0.9547765825001157,0.5478178315151988,0.0,0.14296081277213346,0.044384484754362435
1167,104,99.04761904761905,105,0,105,0,0,0.0,2.598362786773182,2.5563399203844086,5.579183024543827,1.9825578384660392,0.7927464992972783,1.765412010935274,3.3047619047619046,3.1678296249359845,0.4062997621580857,0.0,0.0,0.0,0.0,0.0,0,0,0,0,0,0.0,0.2857142857142857,0.3158352048757433,0.20046787784260856,0.9543420520930799,0.5365146556745691,0.0,0.18105950653120462,0.044393841203074755
1168,105,100.0,105,0,105,0,0,0.0,2.6385034847411304,2.5964588646805593,6.005506366267178,1.9855548984193236,0.7659182955550707,1.7321821867213012,3.3047619047619046,3.1678296249359845,0.41225612272422385,0.0,0.0,0.0,0.0,0.0,0,0,0,0,0,0.0,0.2571428571428571,0.32566567476892117,0.19067336763417872,0.9519667441661179,0.5459690644065388,0.0,0.18105950653120462,0.044642015569453124
1169,105,100.0,105,0,104,1,0,0.0,2.667008511610618,2.623509329030938,6.72800683161726,1.9891425467182295,0.7005342233869466,1.712254779158368,3.3047619047619046,3.1678296249359845,0.41836978342013054,0.469781546585473,0.0038046759973981454,0.0,0.469781546585473,0.010069577145039754,0,0,0,1,0,0.0,0.2761904761904762,0.3416575848254735,0.16858551566938815,0.9571399892855145,0.558450636841691,0.0,0.18105950653120462,0.04484136599662618
1170,105,100.0,105,0,105,0,0,0.0,2.6515634869689855,2.6075064833517723,6.463505017345006,1.9922109901224787,0.7187436163695785,1.728368345108331,3.3047619047619046,3.1678296249359845,0.41731520066276806,0.0,0.0,0.0,0.0,0.0,0,0,0,0,0,0.0,0.24761904761904763,0.3373856747730788,0.16997447711985608,0.9673154692922328,0.5578619822818387,0.0,0.14296081277213352,0.04481274240301012
1171,104,99.04761904761905,105,1,104,0,0,0.009523809523809525,2.6702477044528306,2.6238009825203363,6.481478045421258,1.9956315216205718,0.7372519913845282,1.74632822745519,3.3047619047619046,3.1678296249359845,0.4172024909925858,0.3800963641324278,0.0024260752457623794,0.0,0.3800963641324278,0.01993224243151792,0,1,0,0,0,0.0,0.24761904761904763,0.3357862859483452,0.168129556798617,0.9831753667885883,0.5602052784841581,0.009523809523809525,0.08599419448476049,0.04496034179549277
1172,104,99.04761904761905,105,0,103,2,0,0.0,2.692185600940495,2.6441801709220445,7.495381862459481,1.9994238133070361,0.6629451985768886,1.6896583564128638,3.3047619047619046,3.1678296249359845,0.4244130330831388,0.28039836716409733,0.002570317575838075,0.0,0.28039836716409733,0.00017520802448517392,0,0,0,2,0,0.0,0.24761904761904763,0.35805803057059976,0.140570740962901,0.9695092893990935,0.5766728312934944,0.0,0.12336719883889695,0.045130097947684994
1173,103,98.0952380952381,105,1,103,1,0,0.009523809523809525,2.703663126795197,2.6576887793653468,7.442278820588607,2.0033811521166984,0.6903335403605487,1.711822133307946,3.3047619047619046,3.1678296249359845,0.42138046632591,0.578445911098705,0.004311304035600707,1.0,0.421554088901295,0.006588812168350278,0,1,0,1,0,0.0,0.2571428571428571,0.35287968673710296,0.14533032698984708,0.9736300238340021,0.571246942733302,0.009523809523809525,0.12336719883889695,0.045250166452544295
1174,103,98.0952380952381,105,0,104,1,0,0.0,2.713453765570142,2.6684661954045725,7.465261350897912,2.007543420615104,0.6675983926511274,1.6992754087040511,3.3047619047619046,3.1678296249359845,0.4213858826428598,0.9091072362471677,0.004460878020645832,1.0,0.09089276375283228,-0.0248912798959382,0,0,0,1,0,0.0,0.2571428571428571,0.3533080823797982,0.14832977207251047,0.9666836611510392,0.5705122122739686,0.0,0.16146589259796806,0.04536504643369996
1175,102,97.14285714285714,105,1,104,0,0,0.009523809523809525,2.7337328817140776,2.685172985501935,8.44517467023451,2.012052264170544,0.6155418225713427,1.7448482466958066,3.3047619047619046,3.1678296249359845,0.4276655557989961,0.9080390128761548,0.004539068684117423,1.0,0.09196098712384515,-0.014810748939986573,0,1,0,0,0,0.0,0.2857142857142857,0.3735851692908756,0.1366743895906019,0.9736300238340021,0.5743196056544351,0.009523809523809525,0.12336719883889695,0.04553785825536525
1176,103,98.0952380952381,105,0,105,0,0,0.0,2.7397554177757155,2.6894906520790247,8.72856845537795,2.016472661786109,0.6233846367955742,1.7447417073718092,3.3047619047619046,3.1678296249359845,0.4289371659617831,0.0,0.0,0.0,0.0,0.0,0,0,0,0,0,0.0,0.2761904761904762,0.3781091136982285,0.12968653983022538,0.9704808794491289,0.5757668715981337,0.0,0.12336719883889695,0.04563798626827636
1177,102,97.14285714285714,105,1,104,0,0,0.009523809523809525,2.7235734927788786,2.6782262872876417,7.90941247487953,2.0203685168459566,0.654657952468612,1.7422207695239478,3.3047619047619046,3.1678296249359845,0.4261285343826058,0.8394291782934478,0.003775906567296026,1.0,0.16057082170655224,0.045470668603403874,0,1,0,0,0,0.0,0.29523809523809524,0.3641376275255144,0.14091386336110182,0.9816023574114124,0.5775090195758327,0.009523809523809525,0.08635703918722784,0.04561878366865739
1178,102,97.14285714285714,105,1,104,0,0,0.009523809523809525,2.707360860617687,2.6594959176626514,7.744174404114773,2.0238600523431822,0.6844222159872456,1.7890300587125076,3.3047619047619046,3.1678296249359845,0.4238879162874989,0.9999967021429698,0.003280293269046851,1.0,3.297857030237772e-06,0.07876436266177567,0,1,0,0,0,1.0,0.2857142857142857,0.3616298800053063,0.13644159729582644,0.9816023574114124,0.5717822862117566,0.009523809523809525,0.08635703918722784,0.04559302345577456
1179,102,97.14285714285714,105,0,105,0,0,0.0,2.7407907475559967,2.691596413838544,8.452641701665971,2.027959764902844,0.6692859922415979,1.7731043243464368,3.3047619047619046,3.1678296249359845,0.4295772386458381,0.0,0.0,0.0,0.0,0.0,0,0,0,0,0,0.0,0.2857142857142857,0.3758581522179125,0.1381369324477282,0.9743566023338027,0.5752144926054498,0.0,0.08635703918722784,0.0458251088449672
1180,103,98.0952380952381,105,0,105,0,0,0.0,2.7487476263490804,2.7004713593054284,8.529816499737887,2.0321545200748603,0.6603540628946788,1.7620640590222412,3.3047619047619046,3.1678296249359845,0.4304117196149282,0.0,0.0,0.0,0.0,0.0,0,0,0,0,0,0.0,0.26666666666666666,0.377093584504918,0.12946595963729443,0.9667809055441872,0.5834910268970172,0.0,0.11901306240928883,0.045931334587448955
1181,103,98.0952380952381,105,0,105,0,0,0.0,2.765800791939979,2.7172483955613336,8.629181046005145,2.036641566889605,0.6510513894788542,1.7532754587083568,3.3047619047619046,3.1678296249359845,0.4317525626521759,0.0,0.0,0.0,0.0,0.0,0,0,0,0,0,0.0,0.2857142857142857,0.37821674600479255,0.12864717772618706,0.9745237601446953,0.5866726026141462,0.0,0.12445573294629897,0.04608767141454456
1182,103,98.0952380952381,105,1,104,0,0,0.009523809523809525,2.7694281697483034,2.731350820503932,8.392939607406136,2.041082406219247,0.6668916668744378,1.7569174791746627,3.3047619047619046,3.1678296249359845,0.42837358468628794,0.9527592473129614,0.007986679237699607,1.0,0.047240752687038645,0.014735476976992956,0,1,0,0,0,1.0,0.2761904761904762,0.3686750131114775,0.13791808678546347,0.9745237601446953,0.5698988371216188,0.009523809523809525,0.12445573294629897,0.04617614741552629
1183,103,98.0952380952381,105,1,104,0,0,0.009523809523809525,2.7949144574741527,2.7511430527294194,8.89655022016919,2.0462603155767916,0.6438066423000995,1.7478378184916847,3.3047619047619046,3.1678296249359845,0.4297979005490975,0.9456047267889747,0.006847014899772685,1.0,0.05439527321102533,0.024489680262392732,0,1,0,0,0,0.0,0.2857142857142857,0.3754132025549002,0.13609428414230215,0.9693439215888117,0.5677453650935865,0.009523809523809525,0.12445573294629897,0.04638559252744585
1184,103,98.0952380952381,105,0,105,0,0,0.0,2.7933101691976163,2.7484953007639303,8.478398210402576,2.0510923937987,0.6534921412018445,1.7511714802272882,3.3047619047619046,3.1678296249359845,0.4294605634372539,0.0,0.0,0.0,0.0,0.0,0,0,0,0,0,0.0,0.2857142857142857,0.36925238932120896,0.15543540585353408,0.9723340224712095,0.5604774718471345,0.0,0.15711175616835993,0.046454107088770014
1185,102,97.14285714285714,105,1,103,1,0,0.009523809523809525,2.779719116915991,2.743918679988988,8.064418240987463,2.055460314901894,0.681637246065419,1.7851041414276132,3.3047619047619046,3.1678296249359845,0.427706452390749,0.45528935322187974,0.003965858485906451,0.0,0.45528935322187974,0.004418373158262434,0,1,0,1,0,0.0,0.2857142857142857,0.36257899936389615,0.16136846132151356,0.9751102434631265,0.5529132444570252,0.009523809523809525,0.1759796806966618,0.046455335976712295
1186,101,96.19047619047619,105,1,104,0,0,0.009523809523809525,2.821384258278412,2.7850432859244934,8.67131017574716,2.06090064852016,0.6672317633480158,1.7730042104977666,3.3047619047619046,3.1678296249359845,0.4339700466212515,0.7449826406703806,0.004588772070615328,1.0,0.25501735932961944,0.023645306086418794,0,1,0,0,0,0.0,0.3047619047619048,0.37443176413219476,0.161943372908052,0.9682568485758868,0.557892454345245,0.009523809523809525,0.1759796806966618,0.0467498319335518
1187,102,97.14285714285714,105,0,105,0,0,0.0,2.8297394486532657,2.7906523668861243,8.96239102300622,2.0663373171615973,0.6606122547041844,1.7826035169122216,3.3047619047619046,3.1678296249359845,0.4369895707185878,0.0,0.0,0.0,0.0,0.0,0,0,0,0,0,0.0,0.29523809523809524,0.38086202071286396,0.15803534436175712,0.9737169633332754,0.5647153494431942,0.0,0.14332365747460088,0.04687772008534259
1188,103,98.0952380952381,105,0,105,0,0,0.0,2.8246337708041134,2.7856273902164186,8.857638657784019,2.07147441524353,0.6553011498530606,1.7477216553219443,3.3047619047619046,3.1678296249359845,0.437141546137535,0.0,0.0,0.0,0.0,0.0,0,0,0,0,0,0.0,0.3047619047619048,0.3802721292667877,0.1607649024122409,0.9737169633332754,0.5656180204260304,0.0,0.14332365747460088,0.04693355895354757
1189,103,98.0952380952381,105,0,103,2,0,0.0,2.8223159082740406,2.7825603538562254,8.696035693825618,2.076371052021421,0.6967390160917791,1.786420346109873,3.3047619047619046,3.1678296249359845,0.43711378052370375,0.5364965342361909,0.004559237238340073,0.5,0.2673537379010716,-0.0033630841370661524,0,0,0,2,0,0.0,0.24761904761904763,0.37799707652413433,0.16828491116307667,0.9651008853576315,0.5639042219253855,0.0,0.14332365747460085,0.046999528196134975
1190,103,98.0952380952381,105,1,103,1,0,0.009523809523809525,2.8371216229077536,2.7990002409555843,8.758831510925402,2.081455438493887,0.6876045930526814,1.801528194572559,3.3047619047619046,3.1678296249359845,0.437723436941015,0.4351551480383291,0.0037279011643089914,0.5,0.36400327834578206,-0.0012242738966086186,0,1,0,1,0,0.0,0.2761904761904762,0.3782364833185124,0.172558223433302,0.9727910803320725,0.5596778593431326,0.009523809523809525,0.14332365747460085,0.04715408911976405
1191,103,98.0952380952381,105,1,102,2,0,0.009523809523809525,2.8464788801198617,2.8229259700605884,9.269606840094161,2.0866733673258064,0.6856942461466989,1.8154991097319721,3.3047619047619046,3.1678296249359845,0.43935790428878985,0.6550536150141243,0.007008954498017861,0.6666666666666666,0.2194666816820201,-0.0021299353255886575,0,1,0,2,0,0.3333333333333333,0.26666666666666666,0.38516735104427535,0.17180569833195536,0.9689266824919421,0.5561127611040261,0.009523809523809525,0.14332365747460085,0.0472835229534974
1192,102,97.14285714285714,105,1,103,1,0,0.009523809523809525,2.8574908728560375,2.8259384088367114,8.755200873389096,2.092429171362465,0.7083269507479785,1.8687031342990417,3.3047619047619046,3.1678296249359845,0.43861008217633657,0.7620493671528115,0.0031903002698954936,1.0,0.23795063284718854,0.041658521404024186,0,1,0,1,0,0.5,0.24761904761904763,0.38120504372649705,0.24865554216692645,0.9617038468919609,0.5281848006409728,0.009523809523809525,0.14332365747460085,0.04742974994989155
1193,102,97.14285714285714,105,0,104,1,0,0.0,2.879211539226222,2.8476993551123617,9.798822888000009,2.098312791231531,0.6644464331258317,1.8624267618866774,3.3047619047619046,3.1678296249359845,0.44540843631664395,0.10564529874381462,0.0027450696390801704,0.0,0.10564529874381462,-0.03415407724662389,0,0,0,1,0,0.0,0.23809523809523808,0.4011404744371774,0.2408573171893593,0.9535886800180733,0.5324499714502272,0.0,0.18142235123367195,0.047631544808357906
1194,102,97.14285714285714,105,0,104,1,0,0.0,2.864698541037972,2.8341682383369715,9.400321706893218,2.103667113866729,0.6998819155187924,1.874910049048809,3.3047619047619046,3.1678296249359845,0.4429226180894077,0.46282695098806276,0.005110494315495135,0.0,0.46282695098806276,-0.02434708803730712,0,0,0,1,0,0.0,0.24761904761904763,0.3947781375337574,0.24611435410713542,0.9591622601268983,0.5307676838666756,0.0,0.18142235123367195,0.04764378772674289
1195,103,98.0952380952381,105,0,104,1,0,0.0,2.8220178203118866,2.7923243675079132,8.152669235806895,2.107791386654201,0.76348066498489,1.875717890999256,3.3047619047619046,3.1678296249359845,0.43674402896477105,0.12031981267504589,0.0028584343516429586,0.0,0.12031981267504589,-0.03776362532522781,0,0,0,1,0,0.0,0.24761904761904763,0.37427401888843553,0.256782095863952,0.9574218651907702,0.5224692030885927,0.0,0.14332365747460085,0.04749570909069981
1196,103,98.0952380952381,105,1,104,0,0,0.009523809523809525,2.795044783456603,2.7627953253248094,7.629008297938729,2.1111402312988674,0.7918178063930741,1.875759727040688,3.3047619047619046,3.1678296249359845,0.4340076553072416,0.5807154001789675,0.0055851205673631,1.0,0.4192845998210325,-0.04084313598902822,0,1,0,0,0,0.0,0.2857142857142857,0.3667154998613017,0.2671016929109641,0.9472352391343524,0.5151820491004596,0.009523809523809525,0.14332365747460085,0.04741388675279681
1197,103,98.0952380952381,105,1,103,1,0,0.009523809523809525,2.7826175475462436,2.7470362160691097,7.373638243437618,2.113953589138405,0.8239900696768558,1.9076019826682094,3.3047619047619046,3.1678296249359845,0.4308305273333688,0.4252665400785668,0.0035177254466226,0.5,0.34314493176669403,-0.00574889443506843,0,1,0,1,0,0.0,0.2761904761904762,0.35971117248996215,0.27669683424357416,0.9574203483910628,0.5081061140480632,0.009523809523809525,0.12445573294629897,0.047396311764793184
1198,102,97.14285714285714,105,1,103,1,0,0.009523809523809525,2.7507924033392683,2.719893271406298,7.328419272113063,2.1158088815778457,0.827150972864304,1.9116937701241796,3.3047619047619046,3.1678296249359845,0.4308110137878429,0.29038097259297374,0.002553198651153091,0.0,0.29038097259297374,-0.017477463100327995,0,1,0,1,0,0.0,0.2857142857142857,0.36148548478141734,0.2727655197089861,0.9543250409974919,0.5102490326997214,0.009523809523809525,0.12844702467343974,0.047266572295521204
1199,102,97.14285714285714,105,0,104,1,0,0.0,2.743039845791069,2.7123403389786906,7.267335740390794,2.117521517650001,0.8496666371927035,1.9222816925680992,3.3047619047619046,3.1678296249359845,0.4314115698923138,0.2712533468247328,0.002844538990575479,0.0,0.2712533468247328,-0.03718351333185399,0,0,0,1,0,0.0,0.2761904761904762,0.36256514644559257,0.27867162143914226,0.9635290069050834,0.5081081945534309,0.0,0.12844702467343974,0.04725493620421074
1200,102,97.14285714285714,105,1,104,0,0,0.009523809523809525,2.7388352413129193,2.701492792022154,7.509708971354434,2.1190487254844346,0.8410736619371647,1.9202393538347793,3.3047619047619046,3.1678296249359845,0.43529586590148317,0.9998428331997007,0.012684063224875357,1.0,0.00015716680029931318,0.012896651169722606,0,1,0,0,0,1.0,0.29523809523809524,0.37113777653871594,0.277241830583001,0.9619063805147992,0.5129849168645928,0.009523809523809525,0.14223512336719885,0.04725810285292677
1201,102,97.14285714285714,105,0,105,0,0,0.0,2.712256352963916,2.675499606963083,7.372036701207154,2.119725087523248,0.8598185764961881,1.9187359999620175,3.3047619047619046,3.1678296249359845,0.4359286097685735,0.0,0.0,0.0,0.0,0.0,0,0,0,0,0,0.0,0.29523809523809524,0.3717917792061234,0.26867692884202493,0.9619063805147992,0.5180204571863976,0.0,0.14223512336719885,0.04713592140970042
1202,102,97.14285714285714,105,1,103,1,0,0.009523809523809525,2.7225933534814093,2.6817999253546128,7.399220831817366,2.120636776251914,0.8587089766501123,1.8953575301299372,3.3047619047619046,3.1678296249359845,0.4386596509281808,0.4683102856768409,0.003506507088045161,0.5,0.2635006545149781,0.0037706909867887273,0,1,0,1,0,0.0,0.3047619047619048,0.3739393770185465,0.2682291754860142,0.9629858459435171,0.5282754027719134,0.009523809523809525,0.1422351233671988,0.047202046785104826
1203,103,98.0952380952381,105,0,105,0,0,0.0,2.724853961350803,2.684511618716193,7.235753390401377,2.12149121969055,0.87151315401304,1.906887912205839,3.3047619047619046,3.1678296249359845,0.4364727626656457,0.0,0.0,0.0,0.0,0.0,0,0,0,0,0,0.0,0.3047619047619048,0.3694052734312987,0.27336372354664706,0.9556277239143499,0.5247696569133471,0.0,0.1422351233671988,0.04722688348064051
1204,103,98.0952380952381,105,0,104,1,0,0.0,2.7264554200897075,2.6861682031581493,7.6125779044071855,2.1223605780349812,0.8421067942941686,1.8909849331057693,3.3047619047619046,3.1678296249359845,0.43951266896808083,0.6296293742339144,0.007037386949437546,1.0,0.3703706257660856,0.008522459426720808,0,0,0,1,0,0.0,0.2857142857142857,0.3780776921688079,0.25559726421547546,0.9458343424520176,0.5319965121146372,0.0,0.18033381712626992,0.04724866066992591
1205,104,99.04761904761905,105,0,105,0,0,0.0,2.7635547407124976,2.723262784464653,8.540017359995945,2.1241424710969286,0.7781761018194533,1.857931045039631,3.3047619047619046,3.1678296249359845,0.4454016265188434,0.0,0.0,0.0,0.0,0.0,0,0,0,0,0,0.0,0.2761904761904762,0.39669117334151227,0.23896890171547386,0.9332783182678117,0.535970538150763,0.0,0.17634252539912917,0.04746238094119039
1206,104,99.04761904761905,105,0,105,0,0,0.0,2.759673452946078,2.7197313059626347,8.803438025849838,2.125778419844827,0.7454858461895546,1.8759419501802879,3.3047619047619046,3.1678296249359845,0.4459282462003098,0.0,0.0,0.0,0.0,0.0,0,0,0,0,0,0.0,0.3142857142857143,0.40218814988766993,0.2251575124865198,0.9420619216532713,0.5438610611252673,0.0,0.17634252539912917,0.04746888653690063
1207,104,99.04761904761905,105,1,104,0,0,0.009523809523809525,2.7450366779540842,2.6941863304147926,8.181508991499607,2.127008105953282,0.807528642444621,1.9323293697765032,3.3047619047619046,3.1678296249359845,0.44325327546504867,0.9362462974258043,0.006952570037203386,1.0,0.06375370257419566,0.06781978938184485,0,1,0,0,0,0.0,0.3238095238095238,0.39206700834727914,0.2518278719874131,0.9433279958911103,0.5337500543548599,0.009523809523809525,0.17634252539912917,0.047415179842359344
1208,103,98.0952380952381,105,1,104,0,0,0.009523809523809525,2.754318370907141,2.701641905051107,7.928841011742486,2.1281471664664062,0.832255060863011,1.9593447287587185,3.3047619047619046,3.1678296249359845,0.4417784646784588,0.6154997494086538,0.00441147540495021,1.0,0.3845002505913462,0.0007855160758911683,0,1,0,0,0,0.0,0.3142857142857143,0.3856965826628734,0.26088083056921346,0.9469027489820635,0.5324299591281699,0.009523809523809525,0.17634252539912917,0.04747963005531498
1209,103,98.0952380952381,105,0,105,0,0,0.0,2.776478403506794,2.72307193753748,8.263521624549949,2.1297409137013523,0.8091953075964915,1.954449540736048,3.3047619047619046,3.1678296249359845,0.44387695832514384,0.0,0.0,0.0,0.0,0.0,0,0,0,0,0,0.0,0.3047619047619048,0.3913699477140612,0.26466888580506287,0.9157641184932372,0.5330277567398539,0.0,0.17634252539912917,0.047615673816840856
1210,103,98.0952380952381,105,0,105,0,0,0.0,2.7183596374010253,2.6662436020902125,7.301562053518858,2.1298439938627176,0.8964552987030083,2.0269574849323257,3.3047619047619046,3.1678296249359845,0.44102302943995464,0.0,0.0,0.0,0.0,0.0,0,0,0,0,0,0.0,0.29523809523809524,0.3778623061907676,0.2918966233879241,0.9322943408297977,0.5248808920925713,0.0,0.18178519593613932,0.04732671268825659
1211,102,97.14285714285714,105,1,104,0,0,0.009523809523809525,2.7085811630726684,2.65344490342654,7.316773282054127,2.129698557669291,0.8960780617123608,2.044391580203918,3.3047619047619046,3.1678296249359845,0.4404303526640745,0.7533488405453652,0.007105955406663084,1.0,0.24665115945463478,-3.7034821693815445e-06,0,1,0,0,0,0.0,0.2857142857142857,0.3782829268079383,0.2870124839262448,0.8995452177283292,0.5239443712774841,0.009523809523809525,0.17634252539912917,0.04727551673120443
1212,103,98.0952380952381,105,0,105,0,0,0.0,2.7197342696493885,2.665775313721477,7.406243284504885,2.129791111935448,0.8799003512923583,2.0203900309275564,3.3047619047619046,3.1678296249359845,0.43807312989856206,0.0,0.0,0.0,0.0,0.0,0,0,0,0,0,0.0,0.2857142857142857,0.37672944335384,0.27644729722050326,0.8977563519931783,0.5248811319852851,0.0,0.17634252539912917,0.04733274824481926
1213,104,99.04761904761905,105,1,104,0,0,0.009523809523809525,2.7253074361593175,2.6682924822189573,7.306578180332322,2.1300164820805354,0.9079543743985597,2.021395225747015,3.3047619047619046,3.1678296249359845,0.43712612932181627,0.9992447092167712,0.00791087387009071,1.0,0.0007552907832287792,0.04743279028177416,0,1,0,0,0,1.0,0.2857142857142857,0.3731464958610225,0.2779603186017325,0.9225743771483726,0.5277508032560391,0.009523809523809525,0.20101596516690856,0.047364183748479824
1214,104,99.04761904761905,105,0,105,0,0,0.0,2.737837120569808,2.6806509503230562,7.540468300544016,2.1304759529015387,0.8750984511322407,1.9966949298347418,3.3047619047619046,3.1678296249359845,0.4380284442436273,0.0,0.0,0.0,0.0,0.0,0,0,0,0,0,0.0,0.23809523809523808,0.37645236409645766,0.26651517312787903,0.9055782062088978,0.5354887316738692,0.0,0.20101596516690856,0.04743410979692512
1215,104,99.04761904761905,105,0,104,1,0,0.0,2.735096714811948,2.6773586438768064,7.702608863024883,2.1308374327425974,0.8608895837379141,1.9872379800358717,3.3047619047619046,3.1678296249359845,0.43950193881790867,0.6266079810063074,0.005753657574714936,1.0,0.37339201899369256,0.016473399428706514,0,0,0,1,0,0.0,0.2571428571428571,0.3804863969862839,0.2628983811317487,0.9141541169415213,0.5407184368715502,0.0,0.23911465892597966,0.04742613330088243
1216,104,99.04761904761905,105,0,103,2,0,0.0,2.7400593711977157,2.6822607697275545,7.996578826359771,2.131311694314124,0.834624226019909,1.9399849068622634,3.3047619047619046,3.1678296249359845,0.4413161508694392,0.3157357492427574,0.0057624882241261565,0.0,0.3157357492427574,-0.03428843510660373,0,0,0,2,0,0.0,0.24761904761904763,0.38704139488783845,0.2580118335905623,0.9026899308514866,0.5481203284739696,0.0,0.23911465892597966,0.04745845848209253
1217,103,98.0952380952381,105,1,103,1,0,0.009523809523809525,2.74635352715611,2.681625812827374,8.37593302515963,2.1319111179305072,0.8055494118702208,1.9403913717267673,3.3047619047619046,3.1678296249359845,0.44542824949121473,0.3252077643151603,0.005646035765473661,0.0,0.3252077643151603,-0.025996950885714853,0,1,0,1,0,0.0,0.24761904761904763,0.39788477180629,0.2485994217857662,0.9173292819751249,0.5472764177995205,0.009523809523809525,0.2391146589259797,0.047499423621333824
1218,104,99.04761904761905,105,0,104,1,0,0.0,2.757071810318096,2.6907989976130566,8.754196351246561,2.1325677481944947,0.777003696041496,1.9633982570624717,3.3047619047619046,3.1678296249359845,0.44795370526694445,0.6176631532847449,0.005298903623669497,1.0,0.38233684671525514,0.012606874972848403,0,0,0,1,0,0.0,0.2857142857142857,0.4052213778586554,0.23397801636793947,0.912542506392283,0.5523753635704067,0.0,0.2010159651669086,0.047563415501158196
1219,103,98.0952380952381,105,1,103,1,0,0.009523809523809525,2.767681662035774,2.697987626464381,9.140000468548681,2.133443302701353,0.7539636071970841,1.970936658137368,3.3047619047619046,3.1678296249359845,0.45040790054144275,0.6592099681850797,0.006216570914739596,1.0,0.3407900318149203,0.0156260927372342,0,1,0,1,0,0.0,0.2761904761904762,0.41261379504309453,0.22765278378755963,0.9253058227273769,0.5537104617517357,0.009523809523809525,0.18178519593613934,0.047630332797271954
1220,102,97.14285714285714,105,1,104,0,0,0.009523809523809525,2.7634757364566354,2.7019215407499377,8.889466345170721,2.134162366536236,0.7549610429344088,1.9435279618341859,3.3047619047619046,3.1678296249359845,0.44480698872047375,0.5848122201185217,0.0065175838704686784,1.0,0.41518777988147826,0.003914366779135481,0,1,0,0,0,0.0,0.2761904761904762,0.40197226940621944,0.2166935821126449,0.9002915267490816,0.5554680289027734,0.009523809523809525,0.17597968069666184,0.04762069252796807
1221,100,95.23809523809524,105,2,103,0,0,0.01904761904761905,2.7573066638667147,2.687920725446507,8.44028714392778,2.1348848533915894,0.8128677011659029,1.978063889579618,3.3047619047619046,3.1678296249359845,0.4457751596748609,0.9402659966135629,0.007602930222413614,1.0,0.05973400338643703,0.0343126317691016,0,2,0,0,0,0.5,0.2761904761904762,0.39706527110131523,0.22637823494712506,0.910405259081412,0.5586055287991144,0.01904761904761905,0.21988388969521047,0.04760129074133854
1222,101,96.19047619047619,105,0,105,0,0,0.0,2.741177041026289,2.6731320931028573,8.028073289046967,2.1349995548347662,0.8412076865409484,1.9778675380990725,3.3047619047619046,3.1678296249359845,0.4386655844416054,0.0,0.0,0.0,0.0,0.0,0,0,0,0,0,0.0,0.2761904761904762,0.38431964930582413,0.232292126859092,0.9074231096957479,0.5492493079702581,0.0,0.2579825834542816,0.04752245940028501
1223,101,96.19047619047619,105,0,105,0,0,0.0,2.7212220974059376,2.6552296956346892,7.607018745681456,2.13465692877119,0.880641387576739,2.0083848820859926,3.3047619047619046,3.1678296249359845,0.4348214032980027,0.0,0.0,0.0,0.0,0.0,0,0,0,0,0,0.0,0.2857142857142857,0.3753773022184184,0.23379012179894043,0.9128895953822824,0.545918791967571,0.0,0.2579825834542816,0.04741725777721088
1224,102,97.14285714285714,105,0,105,0,0,0.0,2.6679096995219496,2.604116541527445,6.7323980337898846,2.133029814407119,0.9572074647578863,2.066450350993539,3.3047619047619046,3.1678296249359845,0.4293788171074868,0.0,0.0,0.0,0.0,0.0,0,0,0,0,0,0.0,0.2857142857142857,0.35896428101338984,0.24907877319431238,0.9260560513851115,0.5387414021249068,0.0,0.25798258345428154,0.04712492368236264
1225,103,98.0952380952381,105,0,105,0,0,0.0,2.681700923934547,2.61740145868372,6.8628833542413386,2.1317909190869653,0.9412928890572415,2.06826274419344,3.3047619047619046,3.1678296249359845,0.4305293373826622,0.0,0.0,0.0,0.0,0.0,0,0,0,0,0,0.0,0.2857142857142857,0.36158570996358824,0.2565598899320595,0.9269045988480075,0.5388017359762541,0.0,0.21988388969521047,0.04717425675793874
1226,105,100.0,105,0,105,0,0,0.0,2.6988347677398408,2.6344327849056794,6.98555392806169,2.131022888577848,0.9121260570357369,2.035810585416552,3.3047619047619046,3.1678296249359845,0.43179196461461933,0.0,0.0,0.0,0.0,0.0,0,0,0,0,0,0.0,0.2857142857142857,0.36352916561539056,0.25236654753324894,0.9405751740197252,0.5412907371177786,0.0,0.21988388969521047,0.04724776102796702
1227,105,100.0,105,0,105,0,0,0.0,2.7569343030485434,2.6906662340667586,7.379896070533616,2.131704291856045,0.8612067047956172,1.9799233981552267,3.3047619047619046,3.1678296249359845,0.43858884957787825,0.0,0.0,0.0,0.0,0.0,0,0,0,0,0,0.0,0.29523809523809524,0.3713734987081386,0.26065174068435093,0.9415492664398308,0.5494568542747285,0.0,0.25798258345428154,0.04754905155196654
1228,105,100.0,105,0,104,1,0,0.0,2.7501562954137313,2.683692572407781,7.409414676779049,2.1321873784633496,0.8417859979149743,1.9013021158983134,3.3047619047619046,3.1678296249359845,0.4402493291213594,0.44109726151114087,0.005963012333741986,0.0,0.44109726151114087,-0.031800425671816956,0,0,0,1,0,0.0,0.29523809523809524,0.3737866885885693,0.2588633104887254,0.9299191392057227,0.5546311734900375,0.0,0.25798258345428154,0.047522813194122625
1229,104,99.04761904761905,105,1,104,0,0,0.009523809523809525,2.7487388829527473,2.6844968640160167,7.387045029397341,2.1326219028329088,0.8739359553144154,1.9815485828856185,3.3047619047619046,3.1678296249359845,0.4395759393894816,0.9999999777665054,0.002562886806157169,1.0,2.2233494600953918e-08,0.11179339154518853,0,1,0,0,0,1.0,0.29523809523809524,0.3725800469968809,0.2594649121533793,0.9483046274693215,0.5559049998619506,0.009523809523809525,0.25798258345428154,0.04752260862767094
1230,104,99.04761904761905,105,0,105,0,0,0.0,2.7555758103529975,2.6910734559273726,7.459910178525817,2.1332629721396197,0.8645372766108406,1.9588596758879557,3.3047619047619046,3.1678296249359845,0.44209009961111434,0.0,0.0,0.0,0.0,0.0,0,0,0,0,0,0.0,0.3238095238095238,0.37596884737536845,0.2626580959332982,0.9415492664398308,0.557575700556878,0.0,0.25798258345428154,0.04756694725637937
1231,104,99.04761904761905,105,0,105,0,0,0.0,2.7720354466550647,2.706640913082837,7.653973765373956,2.134278253878611,0.8659184190452874,1.96624603876909,3.3047619047619046,3.1678296249359845,0.44323222486124214,0.0,0.0,0.0,0.0,0.0,0,0,0,0,0,0.0,0.3238095238095238,0.3786991275911747,0.26304132571358624,0.9326284022282247,0.5523937409211078,0.0,0.21988388969521047,0.04766532663574187
1232,104,99.04761904761905,105,0,105,0,0,0.0,2.770066806905674,2.7042323728390585,7.562049864388245,2.1352003344608024,0.8714897698920261,1.9628495164552142,3.3047619047619046,3.1678296249359845,0.44265622238396185,0.0,0.0,0.0,0.0,0.0,0,0,0,0,0,0.0,0.3238095238095238,0.3766113904045106,0.26726654963801894,0.9164959356433974,0.5513527167628682,0.0,0.21988388969521047,0.047670088407919135
1233,104,99.04761904761905,105,0,105,0,0,0.0,2.7687346042260295,2.7028788436470963,7.8256518465412865,2.1360589031021644,0.8587084128766405,1.9508783864398587,3.3047619047619046,3.1678296249359845,0.44445589846273914,0.0,0.0,0.0,0.0,0.0,0,0,0,0,0,0.0,0.3047619047619048,0.3832908976718171,0.2600047753970631,0.9395597924724447,0.5535087295188037,0.0,0.21988388969521044,0.04767702639040665
1234,105,100.0,105,0,105,0,0,0.0,2.767056047956803,2.701324726005805,8.104985340304628,2.136850888312518,0.8484531899143439,1.961564101290204,3.3047619047619046,3.1678296249359845,0.4461543597208921,0.0,0.0,0.0,0.0,0.0,0,0,0,0,0,0.0,0.3238095238095238,0.390129489885234,0.24928133132729385,0.9456985762973862,0.5565399049898819,0.0,0.2579825834542816,0.047681177980119865
1235,105,100.0,105,0,105,0,0,0.0,2.744529183381706,2.6796143532618153,7.775688616125243,2.137067586685178,0.8661506380679551,1.9588781497112389,3.3047619047619046,3.1678296249359845,0.44263753039315934,0.0,0.0,0.0,0.0,0.0,0,0,0,0,0,0.0,0.3142857142857143,0.3843098432712077,0.25884678297477304,0.9324208850901898,0.5505044654846506,0.0,0.25798258345428154,0.047571975974867314
1236,105,100.0,105,0,105,0,0,0.0,2.7448697165866864,2.6792509837532896,7.683670766377845,2.137268211681041,0.8668822728514247,1.9604659514133413,3.3047619047619046,3.1678296249359845,0.44259740341031995,0.0,0.0,0.0,0.0,0.0,0,0,0,0,0,0.0,0.3047619047619048,0.3829237349525064,0.26913129188956236,0.9207907578560817,0.5479885303902803,0.0,0.25798258345428154,0.04757685636991921
1237,105,100.0,105,0,105,0,0,0.0,2.7742972894160296,2.707036832500276,8.51267789439309,2.1381666478973673,0.7852063202332857,1.8917122565409394,3.3047619047619046,3.1678296249359845,0.44937353361587085,0.0,0.0,0.0,0.0,0.0,0,0,0,0,0,0.0,0.3238095238095238,0.39944511041981134,0.24583224495988804,0.9071094162496197,0.5592882812622357,0.0,0.25798258345428154,0.04773822469837689
1238,105,100.0,105,0,105,0,0,0.0,2.7570892215682896,2.6923663288854187,7.847244008153893,2.138664833937361,0.8179432457334125,1.9072128596722722,3.3047619047619046,3.1678296249359845,0.4450759895029279,0.0,0.0,0.0,0.0,0.0,0,0,0,0,0,0.0,0.3047619047619048,0.3850852482019279,0.24915825605404446,0.9100973082216648,0.5566879921743567,0.0,0.2579825834542816,0.0476600752016193
1239,105,100.0,105,0,105,0,0,0.0,2.7629709461795047,2.6978858959386502,7.796421357142886,2.1392871186766165,0.8389321758837833,1.9519500481645398,3.3047619047619046,3.1678296249359845,0.44350946663499036,0.0,0.0,0.0,0.0,0.0,0,0,0,0,0,0.0,0.3142857142857143,0.38162409259216284,0.25052609563044953,0.9100973082216648,0.5532126846630169,0.0,0.2579825834542816,0.04769934028483617
1240,105,100.0,105,0,105,0,0,0.0,2.7591237164086477,2.694170352979529,7.828315669647077,2.1397955288390818,0.8313665263633423,1.9484499485052336,3.3047619047619046,3.1678296249359845,0.4432221649674448,0.0,0.0,0.0,0.0,0.0,0,0,0,0,0,0.0,0.3142857142857143,0.38150789468414575,0.23866388210817155,0.9237786498281269,0.5602206871121735,0.0,0.2579825834542816,0.04768815691985327
1241,105,100.0,105,0,105,0,0,0.0,2.7665066253313078,2.7025929975185803,7.79096455758202,2.1405012854569327,0.825990291126473,1.9381803284686103,3.3047619047619046,3.1678296249359845,0.44376801048204007,0.0,0.0,0.0,0.0,0.0,0,0,0,0,0,0.0,0.29523809523809524,0.3813829513386733,0.23929039136038813,0.92856623826108,0.5674318536688828,0.0,0.2579825834542816,0.04773625004807668
1242,105,100.0,105,0,105,0,0,0.0,2.7400038085164544,2.6771477892284894,6.985706816553906,2.1405398362304915,0.8775659920206221,1.9584073879690294,3.3047619047619046,3.1678296249359845,0.43884655713544896,0.0,0.0,0.0,0.0,0.0,0,0,0,0,0,0.0,0.3142857142857143,0.36554985845081733,0.2608608411987485,0.9381096928456915,0.5667029281718238,0.0,0.21988388969521044,0.04760434657541513
1243,105,100.0,105,0,105,0,0,0.0,2.729120374235195,2.666548863207636,6.932319275826905,2.1403085610464943,0.8717600497038624,1.980023973459841,3.3047619047619046,3.1678296249359845,0.4344092585762904,0.0,0.0,0.0,0.0,0.0,0,0,0,0,0,0.0,0.3047619047619048,0.36144510129716984,0.25517059552084487,0.9450414695456989,0.5573682109692387,0.0,0.21988388969521042,0.047546266202111935
1244,104,99.04761904761905,105,1,104,0,0,0.009523809523809525,2.735461233381472,2.6729147931648582,6.8506859150629325,2.140263223808622,0.8922506698221666,1.9868515901268695,3.3047619047619046,3.1678296249359845,0.4338687812136579,0.9128991585520714,0.00693024453034142,1.0,0.08710084144792862,0.020858501159519927,0,1,0,0,0,0.0,0.3047619047619048,0.35915509147033825,0.2604244871814733,0.9370386788994163,0.5514273175184969,0.009523809523809525,0.21988388969521044,0.0475772523946171
1245,103,98.0952380952381,105,1,104,0,0,0.009523809523809525,2.7375857372024157,2.674277537948246,6.959538447044094,2.140283910249586,0.8790065455833043,1.9828991017057607,3.3047619047619046,3.1678296249359845,0.4319967683691073,0.5804543491808183,0.005606082745961207,1.0,0.4195456508191817,0.021163358878244276,0,1,0,0,0,0.0,0.3142857142857143,0.3590559537364247,0.25400865553648755,0.9407326581592428,0.5506388039348434,0.009523809523809525,0.23911465892597966,0.04758820256932443
1246,103,98.0952380952381,105,0,105,0,0,0.0,2.741779611109188,2.677174386106828,7.154655870296088,2.1403300211343943,0.861736298649565,1.9940634884433364,3.3047619047619046,3.1678296249359845,0.43340375563322464,0.0,0.0,0.0,0.0,0.0,0,0,0,0,0,0.0,0.3142857142857143,0.36340812446822524,0.2532177017616592,0.9425329619717322,0.5460718483114053,0.0,0.23911465892597966,0.04760990229599292
1247,103,98.0952380952381,105,0,105,0,0,0.0,2.740366603205967,2.675729844169149,7.096462334974302,2.140338062802975,0.8607615292630653,2.007341332592883,3.3047619047619046,3.1678296249359845,0.4304514004778679,0.0,0.0,0.0,0.0,0.0,0,0,0,0,0,0.0,0.3047619047619048,0.3592312774949428,0.25534673721560885,0.9317926958061733,0.5437439517337777,0.0,0.23911465892597966,0.04760296462965664
1248,103,98.0952380952381,105,0,105,0,0,0.0,2.720325229819045,2.6565463247868544,6.955130708653174,2.139859688757118,0.8681198971848199,2.0113557765038217,3.3047619047619046,3.1678296249359845,0.42905667027389094,0.0,0.0,0.0,0.0,0.0,0,0,0,0,0,0.0,0.3142857142857143,0.3571889614758409,0.2606174738367937,0.9407753609464687,0.5387548052989729,0.0,0.23911465892597966,0.047495180725350694
1249,104,99.04761904761905,105,0,105,0,0,0.0,2.7415400626232693,2.676951788900515,7.173147751101706,2.1399135970558425,0.8473632203468637,2.0010290494037104,3.3047619047619046,3.1678296249359845,0.4305236890692541,0.0,0.0,0.0,0.0,0.0,0,0,0,0,0,0.0,0.3333333333333333,0.3599361923585097,0.25019423729085083,0.9447780259118248,0.538866667933043,0.0,0.23911465892597966,0.047602108750900464
1250,105,100.0,105,0,105,0,0,0.0,2.7287634173798314,2.66456685832419,6.98406811130087,2.13965193083165,0.8661333093546361,1.9989328430406468,3.3047619047619046,3.1678296249359845,0.4269208980301358,0.0,0.0,0.0,0.0,0.0,0,0,0,0,0,0.0,0.3238095238095238,0.354239339149626,0.2561949242856273,0.931142723918627,0.5314880560614381,0.0,0.27721335268505076,0.047534080954599066
1251,105,100.0,105,0,105,0,0,0.0,2.6883132142403747,2.6269237188171117,6.119147041994621,2.1384445773275775,0.936151337371063,2.0575500690739887,3.3047619047619046,3.1678296249359845,0.4188303348834923,0.0,0.0,0.0,0.0,0.0,0,0,0,0,0,0.0,0.34285714285714286,0.3349136098143317,0.272687740384709,0.9341932123389537,0.5186519560639005,0.0,0.27721335268505076,0.04731270648791192
1252,105,100.0,105,0,105,0,0,0.0,2.683904256839386,2.624021677348259,5.612339929127734,2.1372019253419805,0.9661805127401656,2.056195197746028,3.3047619047619046,3.1678296249359845,0.4159445206174448,0.0,0.0,0.0,0.0,0.0,0,0,0,0,0,0.0,0.3047619047619048,0.32288561150311756,0.28886242742245455,0.9340250888300996,0.5141094146540315,0.0,0.27721335268505076,0.04727097915203968
1253,105,100.0,105,0,105,0,0,0.0,2.6699558371970493,2.6103362822863767,5.518944091228665,2.1356518144548726,0.9644551725133673,2.054558836113469,3.3047619047619046,3.1678296249359845,0.4165947716808027,0.0,0.0,0.0,0.0,0.0,0,0,0,0,0,0.0,0.3333333333333333,0.3234101942534392,0.29498696806241725,0.9268736304023729,0.5166931068107401,0.0,0.27721335268505076,0.04717668461787742
1254,105,100.0,105,0,105,0,0,0.0,2.6742573859106646,2.614863326133712,5.342199919193305,2.134265535668568,0.9960885523867161,2.0741731450598957,3.3047619047619046,3.1678296249359845,0.41331745814020127,0.0,0.0,0.0,0.0,0.0,0,0,0,0,0,0.0,0.3238095238095238,0.31756416068626003,0.31059195479687335,0.9282984600166171,0.5084658917642181,0.0,0.27721335268505076,0.04717623488640711
1255,105,100.0,105,0,105,0,0,0.0,2.672906642098131,2.6143413659247883,5.062660554320176,2.1329099439842376,1.0087536391935739,2.072252588816331,3.3047619047619046,3.1678296249359845,0.4092508553919971,0.0,0.0,0.0,0.0,0.0,0,0,0,0,0,0.0,0.3238095238095238,0.3082954413671956,0.3282856314374984,0.9226088439549479,0.5015311539240017,0.0,0.27721335268505076,0.04714800974985975
1256,104,99.04761904761905,105,1,103,1,0,0.009523809523809525,2.6773394949678218,2.6130347382423387,5.199491230846672,2.1316967565396747,0.9891189061363775,2.054481945190752,3.3047619047619046,3.1678296249359845,0.41156591043372726,0.38103008765601987,0.006033850451631498,0.5,0.14765968976002627,-0.028684958185202003,0,1,0,1,0,0.5,0.3047619047619048,0.312820145329529,0.31523607410893123,0.9060142102867602,0.5074819255288229,0.009523809523809525,0.2583454281567489,0.047150958158570774
1257,104,99.04761904761905,105,0,105,0,0,0.0,2.6999157218433765,2.634067539098341,5.439183777673311,2.130922452647715,0.9840998976696677,2.0645122102480378,3.3047619047619046,3.1678296249359845,0.41282555240243846,0.0,0.0,0.0,0.0,0.0,0,0,0,0,0,0.0,0.3047619047619048,0.31736589577808366,0.3221610328140155,0.9196145179183642,0.5041665749668612,0.0,0.2583454281567489,0.04725157497891028
1258,104,99.04761904761905,105,0,104,1,0,0.0,2.704093280808254,2.638979202354967,5.283712492170999,2.1302971518828078,0.9771763613005385,2.025289228618816,3.3047619047619046,3.1678296249359845,0.412295773756016,0.02722017289800275,0.00555188635807774,0.0,0.02722017289800275,-0.06149411443381103,0,0,0,1,0,1.0,0.3142857142857143,0.31316068120960927,0.32178381723567767,0.9273652123189629,0.5046249319707165,0.0,0.22024673439767778,0.04726255854229682
1259,104,99.04761904761905,105,0,104,1,0,0.0,2.696490107583934,2.6306164054593233,5.30912215777138,2.1294797242547503,0.9876431364126563,2.026893040810069,3.3047619047619046,3.1678296249359845,0.4151759340625467,0.02457890106707153,0.005413471606526157,0.0,0.02457890106707153,-0.059151099972197585,0,0,0,1,0,1.0,0.3142857142857143,0.31807477963935393,0.3319177533104987,0.9471338351015168,0.5050945452950367,0.0,0.22024673439767778,0.04721159531889321
1260,103,98.0952380952381,105,1,104,0,0,0.009523809523809525,2.7046274504177035,2.6504825567351276,5.264531337504345,2.1289162844350544,0.9654399538615849,2.0112242770624227,3.3047619047619046,3.1678296249359845,0.4129560287274403,0.5865631047180138,0.005067483368318585,1.0,0.41343689528198624,-0.007902151331438678,0,1,0,0,0,0.0,0.2857142857142857,0.3125363058353073,0.3259231111623282,0.929700474848296,0.5021735215087351,0.009523809523809525,0.23911465892597966,0.047243357626298554
1261,103,98.0952380952381,105,1,102,2,0,0.009523809523809525,2.6836006597865185,2.627292623604697,4.812752386531703,2.1281454885552913,1.0126170742594287,2.0368802336149203,3.3047619047619046,3.1678296249359845,0.4061127348757776,0.5002955995428625,0.005384242701160888,0.6666666666666666,0.18201601818699734,-0.021964737009598556,0,1,0,2,0,0.3333333333333333,0.2857142857142857,0.2986240519515312,0.3287414542326332,0.9382740258117641,0.5033766422365651,0.009523809523809525,0.22024673439767778,0.047126014923029175
1262,102,97.14285714285714,105,1,104,0,0,0.009523809523809525,2.6817824698697525,2.6233350791460777,4.972108213384485,2.1272822674190226,1.0255378822852435,2.0682497427804667,3.3047619047619046,3.1678296249359845,0.40778171368739224,0.9998486985229009,0.008677259471221232,1.0,0.00015130147709907504,0.03590202375047613,0,1,0,0,0,1.0,0.24761904761904763,0.30389559703633506,0.32555130861834236,0.8875555615636814,0.5009153388958839,0.009523809523809525,0.2583454281567489,0.047103251286003636
1263,101,96.19047619047619,105,1,103,1,0,0.009523809523809525,2.666446006438595,2.6033767635591736,4.975321425547038,2.1259827911468996,1.0465304698281028,2.0809074249126076,3.3047619047619046,3.1678296249359845,0.4092725597536353,0.4563503958919483,0.0036972125791424736,0.5,0.3780834244694841,-0.005645142162702399,0,1,0,1,0,0.0,0.2857142857142857,0.3067829964769562,0.3234690212937688,0.9335752946252726,0.5004788330011104,0.009523809523809525,0.23947750362844702,0.04700598637168918
1264,100,95.23809523809524,105,1,104,0,0,0.009523809523809525,2.6961516420495215,2.6333201807992164,5.196074609291386,2.125327538507413,1.0063528699951734,2.0227788195836696,3.3047619047619046,3.1678296249359845,0.4119020473987882,0.31645448259245756,0.003161143412889542,0.0,0.31645448259245756,-0.030370737437250273,0,1,0,0,0,0.0,0.2571428571428571,0.3115298244389846,0.3244350075813588,0.9088376299698553,0.5060127648823416,0.009523809523809525,0.2775761973875181,0.04714413590612789
1265,99,94.28571428571429,105,2,103,0,0,0.01904761904761905,2.7059202166147864,2.636177438013843,5.239323724885083,2.1250040759578432,1.021999919562049,2.0016585650065064,3.3047619047619046,3.1678296249359845,0.41351512809998425,0.8748992211258845,0.009960998168236972,1.0,0.12510077887411553,0.0033319603259603925,0,2,0,0,0,0.0,0.2761904761904762,0.3129445124012337,0.32279941234485415,0.9272077849326162,0.5046705126224327,0.01904761904761905,0.27757619738751815,0.0471878554077188
1266,100,95.23809523809524,105,0,105,0,0,0.0,2.7052023897546564,2.635280693917015,5.419166953145225,2.1244725293262507,0.9870694043258749,1.9838048021622412,3.3047619047619046,3.1678296249359845,0.41170152352453515,0.0,0.0,0.0,0.0,0.0,0,0,0,0,0,0.0,0.3047619047619048,0.3145876088389852,0.31802973081174274,0.9350111709576806,0.5069659294424508,0.0,0.27757619738751815,0.04717584702758518
1267,101,96.19047619047619,105,0,105,0,0,0.0,2.695942598647555,2.6261704448622014,5.327901358761496,2.1237269434515538,0.9930685472059448,2.0472095562394466,3.3047619047619046,3.1678296249359845,0.4106694417671859,0.0,0.0,0.0,0.0,0.0,0,0,0,0,0,0.0,0.2857142857142857,0.31315984299473043,0.321021973859585,0.9163300624549617,0.5006569227111852,0.0,0.23947750362844702,0.04711773862694068
1268,102,97.14285714285714,105,0,105,0,0,0.0,2.6848578226806836,2.614723260652858,5.257539197352295,2.1227148746329902,1.0036254069976152,2.0763324439195747,3.3047619047619046,3.1678296249359845,0.4088142184956718,0.0,0.0,0.0,0.0,0.0,0,0,0,0,0,0.0,0.3238095238095238,0.31085093814286674,0.3327536201373974,0.9213443373641158,0.492495964754514,0.0,0.23947750362844702,0.047046284439176723
1269,103,98.0952380952381,105,0,105,0,0,0.0,2.697681340333832,2.6273012250025496,5.371912683446578,2.1220536252149933,1.0060799748058655,2.07775763399018,3.3047619047619046,3.1678296249359845,0.4108969784076655,0.0,0.0,0.0,0.0,0.0,0,0,0,0,0,0.0,0.3047619047619048,0.31402284012896164,0.32284182132867256,0.9326339179495219,0.4969280295291353,0.0,0.23947750362844702,0.04709992839996346
1270,105,100.0,105,0,105,0,0,0.0,2.702367310805762,2.6306255202220274,5.6894297466637385,2.12149756945898,0.98397505569306,2.074749654215445,3.3047619047619046,3.1678296249359845,0.41253653377910915,0.0,0.0,0.0,0.0,0.0,0,0,0,0,0,0.0,0.3333333333333333,0.3214323350681797,0.3132489884135159,0.9179928380105504,0.49629658113206626,0.0,0.27757619738751815,0.04711455080283804
1271,105,100.0,105,0,105,0,0,0.0,2.6980397683849926,2.627084374322961,5.484665885675227,2.1208693866268558,0.9922206810820646,2.0594023918385638,3.3047619047619046,3.1678296249359845,0.4088369426246492,0.0,0.0,0.0,0.0,0.0,0,0,0,0,0,0.0,0.29523809523809524,0.3143760498206207,0.32255190620322316,0.9386514555008807,0.48977687869882014,0.0,0.27757619738751815,0.04708296320980678
1272,103,98.0952380952381,105,2,103,0,0,0.01904761904761905,2.7171731794906386,2.6597891769142477,5.9133233956157785,2.120723638651974,0.9581687356787892,2.017180360251545,3.3047619047619046,3.1678296249359845,0.4145164778782624,0.8698510657729193,0.00739569089384837,1.0,0.13014893422708068,0.010858152847222025,0,2,0,0,0,0.5,0.34285714285714286,0.32388022858333804,0.31312975868896853,0.9384951407831773,0.4850176927221221,0.01904761904761905,0.2772133526850508,0.04717632174157199
1273,101,96.19047619047619,105,2,103,0,0,0.01904761904761905,2.6945878549782307,2.6392106303528293,5.559420409755148,2.1203887311015706,0.9912063481405711,2.045293931573086,3.3047619047619046,3.1678296249359845,0.4119612375226216,0.9769235311978737,0.00753061482981702,1.0,0.02307646880212627,0.04302093946595059,0,2,0,0,0,1.0,0.3047619047619048,0.3172002305068248,0.3300638009845884,0.9558383505271394,0.4801790969162401,0.01904761904761905,0.21988388969521042,0.04705809046871104
1274,101,96.19047619047619,105,0,105,0,0,0.0,2.6813630519582947,2.626478448078255,5.277229943946632,2.119780318610556,1.0040449167460737,2.038585365570356,3.3047619047619046,3.1678296249359845,0.4088703366545401,0.0,0.0,0.0,0.0,0.0,0,0,0,0,0,0.0,0.3142857142857143,0.3105999875880354,0.3395173437059482,0.9275153942872112,0.4767828251123179,0.0,0.25798258345428154,0.04698232971804528
1275,101,96.19047619047619,105,0,105,0,0,0.0,2.702593567762395,2.646997862233841,5.642622330303201,2.1197111956550616,0.9533251217898913,2.0151397403970406,3.3047619047619046,3.1678296249359845,0.4132412203333564,0.0,0.0,0.0,0.0,0.0,0,0,0,0,0,0.0,0.34285714285714286,0.31963083767576866,0.3312389370932426,0.9441266947623652,0.48601167572212345,0.0,0.25798258345428154,0.04708738744833488
1276,101,96.19047619047619,105,0,104,1,0,0.0,2.695303996968505,2.640057317981186,5.531394893727942,2.1194683707034545,0.9591812180229375,2.0118819395411722,3.3047619047619046,3.1678296249359845,0.4122854763214596,0.3121997148821116,0.0024399541561354408,0.0,0.3121997148821116,-0.0021291336123497873,0,0,0,1,0,0.0,0.34285714285714286,0.3172783110302469,0.32675945124069183,0.9638277763741337,0.4906494252872454,0.0,0.21988388969521044,0.04704709345398856
1277,103,98.0952380952381,105,0,104,1,0,0.0,2.7107942473107847,2.6544724362053165,5.788625967461696,2.11959855514106,0.9222768729952189,1.9729653941317005,3.3047619047619046,3.1678296249359845,0.4186210254551739,0.3788800786381309,0.002586284505476732,0.0,0.3788800786381309,0.0012774243494041437,0,0,0,1,0,0.0,0.3238095238095238,0.326862874989441,0.33176223399315646,0.9329824399728037,0.4952192821989762,0.0,0.21988388969521044,0.04712660671629072
1278,104,99.04761904761905,105,1,104,0,0,0.009523809523809525,2.725020735528547,2.6624321554388657,5.550808905672673,2.120072171752725,0.9700352682478138,2.050319562994675,3.3047619047619046,3.1678296249359845,0.41686665641924714,0.9879244350122919,0.004254990130598754,1.0,0.01207556498770812,0.05604974544501862,0,1,0,0,0,1.0,0.34285714285714286,0.32120152156545767,0.34322754620364604,0.9429263522304214,0.4877409722758514,0.009523809523809525,0.25798258345428154,0.047205240841046006
1279,104,99.04761904761905,105,0,105,0,0,0.0,2.741479419961475,2.6780514604693813,5.906053601646147,2.120780783454542,0.9287524980447062,2.009814012016364,3.3047619047619046,3.1678296249359845,0.4185395498670099,0.0,0.0,0.0,0.0,0.0,0,0,0,0,0,0.0,0.3238095238095238,0.3284145193179159,0.3231865013704335,0.9517847684646566,0.4956760308907709,0.0,0.21988388969521044,0.0472987580689186
1280,103,98.0952380952381,105,1,104,0,0,0.009523809523809525,2.777749295231439,2.723236666023492,6.671853302484456,2.122340504870522,0.8541340375084323,1.9558967727118661,3.3047619047619046,3.1678296249359845,0.42396201241614917,0.6282822295429736,0.0033655807690713777,1.0,0.37171777045702636,0.010311771197192066,0,1,0,0,0,0.0,0.3142857142857143,0.34265493132703334,0.30354587089385804,0.9376469046315147,0.5064388801403416,0.009523809523809525,0.23875181422351233,0.04750481210380937
1281,102,97.14285714285714,105,1,104,0,0,0.009523809523809525,2.78681655952826,2.729473863591721,6.813634363015564,2.1243584459441283,0.8562234383102586,1.9706538334423307,3.3047619047619046,3.1678296249359845,0.42683276410432414,0.9594670242248196,0.0033706999065029673,1.0,0.040532975775180446,0.06623127032305431,0,1,0,0,0,1.0,0.3047619047619048,0.34784594410672925,0.31392107444390865,0.9299202286533018,0.5077731536770044,0.009523809523809525,0.21988388969521042,0.047582110892865195
1282,102,97.14285714285714,105,0,105,0,0,0.0,2.777921977865076,2.721674389792472,6.466154779619475,2.1260367958449935,0.8679278153103248,1.9489828738767132,3.3047619047619046,3.1678296249359845,0.4222163079797623,0.0,0.0,0.0,0.0,0.0,0,0,0,0,0,0.0,0.3047619047619048,0.33660583135349936,0.30587320778409305,0.952629563702447,0.5119095634076362,0.0,0.21988388969521044,0.04756422161723412
1283,103,98.0952380952381,105,0,105,0,0,0.0,2.769761542514809,2.7148508296667875,5.866880881252751,2.12748905147318,0.9178554453940756,1.9388629761449414,3.3047619047619046,3.1678296249359845,0.41459984935001737,0.0,0.0,0.0,0.0,0.0,0,0,0,0,0,0.0,0.3047619047619048,0.3189733998236935,0.31173979632063786,0.9518278901964968,0.5055222661576964,0.0,0.25798258345428154,0.04754642193249253
1284,103,98.0952380952381,105,0,105,0,0,0.0,2.7596611515667737,2.705239978726885,5.515173194584616,2.128651737810721,0.9557977250524866,1.9558999675318207,3.3047619047619046,3.1678296249359845,0.4111576341753236,0.0,0.0,0.0,0.0,0.0,0,0,0,0,0,0.0,0.3047619047619048,0.31070045845020805,0.32573470140426597,0.9470733273251838,0.5018468100276549,0.0,0.2579825834542816,0.04751433593887521
1285,104,99.04761904761905,105,0,105,0,0,0.0,2.7275090451634574,2.674041217361503,5.220108016186325,2.1289869333419,0.9515678655744415,1.9391288993802398,3.3047619047619046,3.1678296249359845,0.4103070956331667,0.0,0.0,0.0,0.0,0.0,0,0,0,0,0,0.0,0.3238095238095238,0.3061624106297255,0.3299821987919807,0.9583348856338447,0.5024903975554031,0.0,0.2579825834542816,0.047358884618527705
1286,105,100.0,105,0,105,0,0,0.0,2.712609829555324,2.659160242606054,5.022554927198668,2.1289343873083144,0.9753410219140544,1.9562225476337558,3.3047619047619046,3.1678296249359845,0.4088214538681556,0.0,0.0,0.0,0.0,0.0,0,0,0,0,0,0.0,0.3047619047619048,0.30246692130851344,0.33171425604713417,0.944507106418981,0.4996398741327159,0.0,0.2579825834542816,0.047283556256077705
1287,104,99.04761904761905,105,1,104,0,0,0.009523809523809525,2.72362389304924,2.6663492896681538,4.931727715406308,2.1291788420936997,0.9829502664225238,1.974552347837017,3.3047619047619046,3.1678296249359845,0.40806571996651075,0.5352444159933682,0.005749935141666507,1.0,0.46475558400663175,-0.0036717241528498867,0,1,0,0,0,0.0,0.3333333333333333,0.29940334899845633,0.3443865932326075,0.9284854751082516,0.49576962158850335,0.009523809523809525,0.29608127721335264,0.04734249852910279
1288,103,98.0952380952381,105,1,103,1,0,0.009523809523809525,2.756039384526046,2.693851806989659,5.0102668418025855,2.1301053037123894,0.9797034170508998,1.9480529530077402,3.3047619047619046,3.1678296249359845,0.40716446615407076,0.6212964135697473,0.005456847768948236,0.5,0.12133838841444147,0.035058262356754855,0,1,0,1,0,0.5,0.2857142857142857,0.29805799746655237,0.3454236250022487,0.9207162562541817,0.5002810335660781,0.009523809523809525,0.29608127721335264,0.04751925034929708
1289,103,98.0952380952381,105,0,105,0,0,0.0,2.754698423047647,2.6917277551727476,5.281006479115496,2.1308426762598445,0.9772335895212353,1.9714444130547872,3.3047619047619046,3.1678296249359845,0.4087901124633897,0.0,0.0,0.0,0.0,0.0,0,0,0,0,0,0.0,0.3142857142857143,0.3049237067963935,0.3399946319078215,0.9010883530101716,0.5004180718581688,0.0,0.29608127721335264,0.0475242248949073
1290,103,98.0952380952381,105,0,105,0,0,0.0,2.763216367807037,2.7000912027472985,5.440976463187491,2.131768641917242,0.975859617728792,1.9656170124556969,3.3047619047619046,3.1678296249359845,0.4063431250023364,0.0,0.0,0.0,0.0,0.0,0,0,0,0,0,0.0,0.2761904761904762,0.30433091124793427,0.3278490814242054,0.9377350757466537,0.4977421430492747,0.0,0.2579825834542816,0.04758148112591014
1291,103,98.0952380952381,105,1,104,0,0,0.009523809523809525,2.74717426995895,2.6811398126466077,4.70199895519035,2.132273538365812,1.048298907356743,1.9969741391443083,3.3047619047619046,3.1678296249359845,0.3989938601052625,0.9985856900745527,0.011908173385250744,1.0,0.0014143099254473324,0.01830251059578325,0,1,0,0,0,1.0,0.2761904761904762,0.28587576153132,0.36819994078346596,0.9327976512705393,0.4787911047135404,0.009523809523809525,0.2579825834542816,0.04750926776630623
1292,103,98.0952380952381,105,0,103,2,0,0.0,2.724210451813155,2.659713689375146,4.181823847849945,2.1321309040851926,1.0831639325742977,1.9413145215291834,3.3047619047619046,3.1678296249359845,0.3937451810265482,0.37267597984804146,0.0027001477657992764,0.0,0.37267597984804146,-0.0076909674852132515,0,0,0,2,0,0.0,0.29523809523809524,0.2728555939780444,0.3917820251663561,0.9327976512705393,0.4722498043514828,0.0,0.2579825834542816,0.047392189470078866
1293,102,97.14285714285714,105,2,103,0,0,0.01904761904761905,2.74605969318862,2.683356173251789,4.172205796008124,2.1325507945851188,1.09345151773951,2.0443877645108963,3.3047619047619046,3.1678296249359845,0.3923293970147692,0.5554821498452364,0.003164457934583066,1.0,0.44451785015476364,-0.0041370247898877555,0,2,0,0,0,0.0,0.26666666666666666,0.2708977452091462,0.4079612172863696,0.9064726999276125,0.44714041205367533,0.01904761904761905,0.3153120464441219,0.047508086384780664
1294,102,97.14285714285714,105,0,105,0,0,0.0,2.7546183066526195,2.6925511758804164,4.190529596936914,2.133231565800325,1.0637582005483184,1.981765422203486,3.3047619047619046,3.1678296249359845,0.39384800445398715,0.0,0.0,0.0,0.0,0.0,0,0,0,0,0,0.0,0.3047619047619048,0.2711927770530655,0.41132728348276293,0.9105106504346354,0.44967518056881833,0.0,0.27721335268505076,0.04756166228821733
1295,102,97.14285714285714,105,0,105,0,0,0.0,2.787321804757063,2.725467337165517,4.065166660723232,2.1347249536701636,1.0448638123146,1.8667662248013044,3.3047619047619046,3.1678296249359845,0.3914573774565966,0.0,0.0,0.0,0.0,0.0,0,0,0,0,0,0.0,0.2761904761904762,0.2639147094119114,0.415090567375753,0.9220410553345297,0.4474080938299216,0.0,0.3153120464441219,0.047748833770417526
1296,103,98.0952380952381,105,0,105,0,0,0.0,2.7964819318502103,2.7348910721382707,3.9772533342889016,2.1364098558512397,1.0269598852710948,1.8492296815385807,3.3047619047619046,3.1678296249359845,0.39083295274605456,0.0,0.0,0.0,0.0,0.0,0,0,0,0,0,0.0,0.2857142857142857,0.26114996400729185,0.4254403079248566,0.9380866109288102,0.44904654224105817,0.0,0.27721335268505076,0.04782132182110492
1297,103,98.0952380952381,105,0,105,0,0,0.0,2.7652227926468202,2.704525141125207,3.992195861221084,2.137271830435056,1.068659487404057,1.9888653616939183,3.3047619047619046,3.1678296249359845,0.38663418253458715,0.0,0.0,0.0,0.0,0.0,0,0,0,0,0,0.0,0.3047619047619048,0.2595027320122636,0.4255957835396692,0.9304828862841814,0.44184540381940923,0.0,0.27721335268505076,0.04767867906820075
1298,104,99.04761904761905,105,1,104,0,0,0.009523809523809525,2.761919046076841,2.699777758040747,4.008720844100311,2.1380357706929867,1.0633106491553443,2.0190948411215723,3.3047619047619046,3.1678296249359845,0.3840349107900991,0.914821879955712,0.006744862782928945,1.0,0.08517812004428804,0.013574652247369867,0,1,0,0,0,0.0,0.2761904761904762,0.25741978701449175,0.4106461025182872,0.9115216021039828,0.43983686915696785,0.009523809523809525,0.2583454281567489,0.04767426049825462
1299,104,99.04761904761905,105,0,105,0,0,0.0,2.7595791869323896,2.6978816561432417,4.0825003296368205,2.13867787563646,1.0706575047680251,2.0283306529105927,3.3047619047619046,3.1678296249359845,0.38328774918510566,0.0,0.0,0.0,0.0,0.0,0,0,0,0,0,0.0,0.2761904761904762,0.2581092455700899,0.40092912991333024,0.9143770525509439,0.4428366264980914,0.0,0.22024673439767778,0.04767273159784363
1300,104,99.04761904761905,105,0,105,0,0,0.0,2.7770136332793265,2.715554661857442,4.085215836181072,2.139747520357817,1.0713183220440978,2.02971340856069,3.3047619047619046,3.1678296249359845,0.38312064554119396,0.0,0.0,0.0,0.0,0.0,0,0,0,0,0,0.0,0.2857142857142857,0.2571251268389697,0.40390596384740696,0.9000827039154116,0.44312836670444966,0.0,0.2583454281567489,0.04777684609076067
1301,104,99.04761904761905,105,0,105,0,0,0.0,2.7704835770799523,2.7091127281261898,4.1531876515391435,2.1406200249686838,1.0706805696075836,2.0529525612458572,3.3047619047619046,3.1678296249359845,0.3844544711456923,0.0,0.0,0.0,0.0,0.0,0,0,0,0,0,0.0,0.2571428571428571,0.2603488551323515,0.39752015409643854,0.9219783079634433,0.44444513620983234,0.0,0.22024673439767775,0.04775801553953478
1302,104,99.04761904761905,105,0,105,0,0,0.0,2.7785161745707048,2.717789900663131,3.9016787443741507,2.1416847925537934,1.1072921884028217,2.04260130288385,3.3047619047619046,3.1678296249359845,0.37971736534444633,0.0,0.0,0.0,0.0,0.0,0,0,0,0,0,0.0,0.22857142857142856,0.2511407805282645,0.4069265401712606,0.9109935777432052,0.4426785366428606,0.0,0.22024673439767778,0.04781504353848745
1303,104,99.04761904761905,105,1,104,0,0,0.009523809523809525,2.802893696680122,2.750144982923828,4.309899550527606,2.143314184351342,1.0925474299049533,2.1017351507210944,3.3047619047619046,3.1678296249359845,0.3806561760911318,0.9843005871110122,0.0066599656753978335,1.0,0.015699412888987796,0.012539694580868788,0,1,0,0,0,1.0,0.21904761904761905,0.2571491233960811,0.3832470489090659,0.9054998470002379,0.43954239748735363,0.009523809523809525,0.22024673439767778,0.04796273932706905
1304,104,99.04761904761905,105,0,105,0,0,0.0,2.8219792390901097,2.7685894427304754,4.759156320738107,2.145580999911738,1.0130649785310386,2.0226980979316287,3.3047619047619046,3.1678296249359845,0.3844442584008676,0.0,0.0,0.0,0.0,0.0,0,0,0,0,0,0.0,0.20952380952380953,0.2666084710429955,0.3640686882202484,0.9094221259708631,0.4468185902194388,0.0,0.22024673439767778,0.04809407146655143
1305,104,99.04761904761905,105,0,105,0,0,0.0,2.8110185417530698,2.758110798843843,4.503999418747845,2.147510450149003,1.0735303387850206,2.061798518272544,3.3047619047619046,3.1678296249359845,0.37976550642721074,0.0,0.0,0.0,0.0,0.0,0,0,0,0,0,0.0,0.23809523809523808,0.2584962269332141,0.37896623109972866,0.89295194023308,0.44104600851830916,0.0,0.2583454281567489,0.04806982882797347
1306,104,99.04761904761905,105,0,105,0,0,0.0,2.823216363073061,2.7708443382704915,4.360985739709513,2.1497014801574625,1.08073189040164,2.0288280460179338,3.3047619047619046,3.1678296249359845,0.37552199618601967,0.0,0.0,0.0,0.0,0.0,0,0,0,0,0,0.0,0.21904761904761905,0.25073423126023553,0.37120748774331125,0.902887422848237,0.4365925248469618,0.0,0.2583454281567489,0.04816552198342303
1307,104,99.04761904761905,105,0,105,0,0,0.0,2.8353819699724667,2.7815024433689755,4.485411850678299,2.152093206556835,1.0544013402938346,2.0067934800002036,3.3047619047619046,3.1678296249359845,0.3777633211161697,0.0,0.0,0.0,0.0,0.0,0,0,0,0,0,0.0,0.22857142857142856,0.2545789416505133,0.367407471551909,0.9075162949981185,0.4394727927035407,0.0,0.2583454281567489,0.048264232926633434
1308,105,100.0,105,0,105,0,0,0.0,2.837944905502987,2.7845548665942035,4.469054014316837,2.1544865235925474,1.047240563218404,1.9070932254665436,3.3047619047619046,3.1678296249359845,0.37638753193123486,0.0,0.0,0.0,0.0,0.0,0,0,0,0,0,0.0,0.20952380952380953,0.2523430166971489,0.3532469073170239,0.8888960458127069,0.4404946041475647,0.0,0.18613933236574745,0.048314955707324
1309,105,100.0,105,0,105,0,0,0.0,2.836930046597704,2.7841269052249906,4.376232378302869,2.156793178752554,1.0550171657937342,1.9837490250062035,3.3047619047619046,3.1678296249359845,0.37393358127741405,0.0,0.0,0.0,0.0,0.0,0,0,0,0,0,0.0,0.21904761904761905,0.24883899527351713,0.3559221899827715,0.8991584728540274,0.43525471375934077,0.0,0.22024673439767778,0.04834641686554948
1310,104,99.04761904761905,105,1,104,0,0,0.009523809523809525,2.8590368956292433,2.80164923322144,4.669410102183685,2.159577352929909,1.0303496655930209,1.9575963393277602,3.3047619047619046,3.1678296249359845,0.37832330652948354,0.8510748292293575,0.006851943912064818,1.0,0.1489251707706425,0.019851890336558542,0,1,0,0,0,0.0,0.21904761904761905,0.255844616060032,0.3449856811193276,0.9375811967271477,0.4385243407287707,0.009523809523809525,0.22024673439767778,0.04850105005790722
1311,104,99.04761904761905,105,0,105,0,0,0.0,2.849621835627464,2.7931258936787744,4.950060597819918,2.1619507973877585,1.0363036541787352,1.9396033725655661,3.3047619047619046,3.1678296249359845,0.3780522773573274,0.0,0.0,0.0,0.0,0.0,0,0,0,0,0,0.0,0.24761904761904763,0.26049926220805286,0.32314872262266753,0.9307412341207837,0.4449544542230093,0.0,0.2583454281567489,0.0484915680962319
1312,104,99.04761904761905,105,0,105,0,0,0.0,2.86995111273444,2.8131142826368802,5.334952520696392,2.16475561365451,1.0057027147815776,1.9192640027037566,3.3047619047619046,3.1678296249359845,0.38034413912414555,0.0,0.0,0.0,0.0,0.0,0,0,0,0,0,0.0,0.22857142857142856,0.26714108989794205,0.31050733433539696,0.9101852332573582,0.4497653212537491,0.0,0.2583454281567489,0.048637640382078365
1313,104,99.04761904761905,105,0,105,0,0,0.0,2.875113494108163,2.818407339878817,5.278766303369972,2.1676057181489394,0.9969693783957556,1.900145687102994,3.3047619047619046,3.1678296249359845,0.3786479882738101,0.0,0.0,0.0,0.0,0.0,0,0,0,0,0,0.0,0.22857142857142856,0.264811358364827,0.31396526777275235,0.9205210895011651,0.4473178411114792,0.0,0.29644412191582004,0.048708595516205065
1314,104,99.04761904761905,105,0,105,0,0,0.0,2.907395199254792,2.8498974303173936,5.882413268554259,2.1711635781199177,0.9761501692996625,1.882017829105302,3.3047619047619046,3.1678296249359845,0.38291187034658014,0.0,0.0,0.0,0.0,0.0,0,0,0,0,0,0.0,0.21904761904761905,0.2746765434956979,0.29266616485034136,0.9138638390611719,0.45407005030219644,0.0,0.33454281567489114,0.048926357513025404
1315,104,99.04761904761905,105,1,104,0,0,0.009523809523809525,2.8908196746560835,2.8375367300700347,6.177310758976381,2.1741911549224744,0.9970403761101592,1.9543865220565326,3.3047619047619046,3.1678296249359845,0.38426744026027104,0.4224287733040364,0.0029099534658107353,0.0,0.4224287733040364,0.010241475713233306,0,1,0,0,0,0.0,0.22857142857142856,0.2809384521172229,0.27920318962520857,0.9071778455482653,0.4509803592582038,0.009523809523809525,0.3534107402031931,0.0488914341274664
1316,104,99.04761904761905,105,0,105,0,0,0.0,2.895595336313911,2.842665110776649,5.784231531486603,2.177357113427625,1.0103482649205284,1.9648944299471216,3.3047619047619046,3.1678296249359845,0.3812928680465675,0.0,0.0,0.0,0.0,0.0,0,0,0,0,0,0.0,0.22857142857142856,0.27237263250635396,0.29200347967514084,0.9147595027685705,0.44868962515536587,0.0,0.3153120464441219,0.04896545852147521
1317,104,99.04761904761905,105,0,105,0,0,0.0,2.8877221374124744,2.8349063526649756,5.8638675110442655,2.1802261523709436,1.0157294124198317,1.9870922940255942,3.3047619047619046,3.1678296249359845,0.3833519437715529,0.0,0.0,0.0,0.0,0.0,0,0,0,0,0,0.0,0.22857142857142856,0.27473639348421464,0.2934272373290247,0.9090592022011742,0.4482596993661777,0.0,0.3534107402031931,0.048971535659766724
1318,104,99.04761904761905,105,0,104,1,0,0.0,2.918309504000547,2.8648589640201805,5.5633766228906945,2.183763383205427,1.003721985246677,1.9156852369228115,3.3047619047619046,3.1678296249359845,0.3847229213793899,0.4238032856700462,0.0031688364022798825,0.0,0.4238032856700462,0.005974241408282399,0,0,0,1,0,0.0,0.20952380952380953,0.2704251203420251,0.3067532406509188,0.9160325119650183,0.45185486746693315,0.0,0.3534107402031931,0.04918049921584566
1319,104,99.04761904761905,105,0,103,2,0,0.0,2.9152873772517807,2.8617855480402374,5.598956137450829,2.1871106721281053,1.0041999422125703,1.976205172986862,3.3047619047619046,3.1678296249359845,0.3822304849739009,0.5770977470225095,0.005245185875387718,0.5,0.3063723903462323,0.011710692981001358,0,0,0,2,0,0.0,0.22857142857142856,0.2695754103436482,0.3063204750896624,0.9044730325606654,0.44489101031351946,0.0,0.3534107402031931,0.04921840678716423
1320,104,99.04761904761905,105,1,103,1,0,0.009523809523809525,2.906343720312139,2.850542445661336,5.540396387852261,2.190167571321937,1.0352371360162163,1.9845792842472305,3.3047619047619046,3.1678296249359845,0.3791316231531294,0.7106242859507643,0.006094716412203627,1.0,0.2893757140492357,0.014114586095619053,0,1,0,1,0,0.0,0.23809523809523808,0.2665270544930215,0.2952507238045274,0.9307594543748774,0.44534953674181066,0.009523809523809525,0.3341799709724238,0.04922210718159934
1321,102,97.14285714285714,105,2,103,0,0,0.01904761904761905,2.88209985036969,2.838997599836916,5.216406338460976,2.1924421220899233,1.0704932978728836,2.017597144595688,3.3047619047619046,3.1678296249359845,0.37758117332235264,0.7519808619755894,0.005296093391217718,1.0,0.2480191380244106,0.011870288304708154,0,2,0,0,0,0.0,0.23809523809523808,0.26080810679081884,0.30744111099536553,0.9169636290903196,0.43966486694883944,0.01904761904761905,0.37227866473149496,0.049136914778418334
1322,102,97.14285714285714,105,0,105,0,0,0.0,2.85680861191375,2.8147342198546674,4.8224587577311375,2.194322078620597,1.0933855815665534,2.0305954281560465,3.3047619047619046,3.1678296249359845,0.3739210322009143,0.0,0.0,0.0,0.0,0.0,0,0,0,0,0,0.0,0.2571428571428571,0.2525085733110992,0.31724646467393236,0.9017068990637017,0.4363355919489082,0.0,0.37227866473149496,0.04904023549609593
1323,102,97.14285714285714,105,0,105,0,0,0.0,2.85325710399027,2.810514027195216,5.269320987647642,2.19603553052072,1.0813076040032714,2.026646428126776,3.3047619047619046,3.1678296249359845,0.3750099059245404,0.0,0.0,0.0,0.0,0.0,0,0,0,0,0,0.0,0.24761904761904763,0.2596697025949225,0.2861933144832601,0.9302234452127236,0.4347530135713293,0.0,0.3341799709724238,0.049049617574929094
1324,102,97.14285714285714,105,0,105,0,0,0.0,2.8605937618880253,2.817356219102872,5.873546460639932,2.197868102369738,1.0785845595689918,2.035550671356992,3.3047619047619046,3.1678296249359845,0.3752687788199365,0.0,0.0,0.0,0.0,0.0,0,0,0,0,0,0.0,0.24761904761904763,0.2682664343826479,0.2689203027584154,0.9302234452127236,0.4348438854015438,0.0,0.3341799709724238,0.04911532724138359
1325,103,98.0952380952381,105,0,105,0,0,0.0,2.865399306060546,2.8222135849428778,5.4745109374136485,2.199765719924082,1.0831964354929329,2.030066115822234,3.3047619047619046,3.1678296249359845,0.3770470919665474,0.0,0.0,0.0,0.0,0.0,0,0,0,0,0,0.0,0.23809523809523808,0.2642844055931104,0.2888613181537651,0.9324226477818841,0.43757854107909677,0.0,0.3341799709724238,0.04916941160777343
1326,105,100.0,105,0,105,0,0,0.0,2.8501843356085863,2.8081872031212636,4.941401238535589,2.20124775868445,1.1168317696584138,2.050321473630623,3.3047619047619046,3.1678296249359845,0.3738569049067857,0.0,0.0,0.0,0.0,0.0,0,0,0,0,0,0.0,0.23809523809523808,0.25439057303936347,0.3219150077750448,0.9274876797590134,0.43523700270870364,0.0,0.2960812772133527,0.049116810986965624
1327,105,100.0,105,0,105,0,0,0.0,2.8450320398768154,2.8043352138515396,5.082119471484678,2.2025852294161252,1.095817223347888,2.0291367101367626,3.3047619047619046,3.1678296249359845,0.3744675140181539,0.0,0.0,0.0,0.0,0.0,0,0,0,0,0,0.0,0.22857142857142856,0.2566662046456815,0.3101273605930951,0.9199984398217669,0.4406063173077927,0.0,0.3341799709724238,0.0491122339053382
1328,105,100.0,105,0,105,0,0,0.0,2.8153223107073213,2.7744004087444862,4.720279449537885,2.2031217044542597,1.1062229991094232,2.0393864567966604,3.3047619047619046,3.1678296249359845,0.3714968257231548,0.0,0.0,0.0,0.0,0.0,0,0,0,0,0,0.0,0.24761904761904763,0.2504194610660622,0.32205757638803484,0.9272246672236455,0.4359970177848749,0.0,0.29608127721335264,0.04897218256708493
1329,105,100.0,105,0,105,0,0,0.0,2.800700680714242,2.760919134698564,4.461451085989266,2.2032995338427686,1.1295770884473397,2.0525576616649674,3.3047619047619046,3.1678296249359845,0.3690042573159604,0.0,0.0,0.0,0.0,0.0,0,0,0,0,0,0.0,0.24761904761904763,0.24466819638368423,0.328753859379028,0.932873849428471,0.4380144047876289,0.0,0.29608127721335264,0.04890189108314505
1330,105,100.0,105,0,105,0,0,0.0,2.812097748381136,2.7714913248741366,4.859960398151267,2.203739657077136,1.1218589141182171,2.044613135248168,3.3047619047619046,3.1678296249359845,0.37358251167952283,0.0,0.0,0.0,0.0,0.0,0,0,0,0,0,0.0,0.24761904761904763,0.25416419552114705,0.31955710496399514,0.9344209086072724,0.4388442945987221,0.0,0.29608127721335264,0.048965847598581774
1331,105,100.0,105,0,104,1,0,0.0,2.7951596105846455,2.7544797247425437,4.668028395666867,2.2037347191503835,1.1404553868427918,2.0485148592988445,3.3047619047619046,3.1678296249359845,0.3741990045561929,0.06592025910954588,0.0049359149230386815,0.0,0.06592025910954588,-0.054047089007037696,0,0,0,1,0,0.0,0.26666666666666666,0.2531141413709148,0.3336022640783999,0.9217660385102762,0.4380220359354712,0.0,0.2808417997097242,0.04888107869704606
1332,104,99.04761904761905,105,1,103,1,0,0.009523809523809525,2.813416119027718,2.779435056033262,4.699936434730715,2.2041801570485626,1.1576512505686476,2.0575098287665705,3.3047619047619046,3.1678296249359845,0.3740593128893299,0.48359505838380284,0.0076094696761374574,0.5,0.0654961218808163,-0.02187014948126187,0,1,0,1,0,0.5,0.24761904761904763,0.25242273137271803,0.34668481897442455,0.9182189501234963,0.4295241062898522,0.009523809523809525,0.2579825834542816,0.04897941659611103
1333,104,99.04761904761905,105,0,105,0,0,0.0,2.769440815058288,2.7367300168069737,4.346024778181218,2.203711440428159,1.1586646216084755,2.0550022290551997,3.3047619047619046,3.1678296249359845,0.37053734929019644,0.0,0.0,0.0,0.0,0.0,0,0,0,0,0,0.0,0.2761904761904762,0.24571894427985483,0.34351353340690577,0.9252803419226056,0.42939432646041154,0.0,0.2960812772133527,0.04875211600428481
1334,103,98.0952380952381,105,1,104,0,0,0.009523809523809525,2.7524660670446175,2.7154911146067864,4.238611841602033,2.2028275025437085,1.1864081321578264,2.083821649261776,3.3047619047619046,3.1678296249359845,0.37137847835262194,0.9999994269448569,0.00867614280703366,1.0,5.73055143116008e-07,0.07365491942862112,0,1,0,0,0,1.0,0.2761904761904762,0.24612545572824415,0.3641086291639925,0.933300693963485,0.4325643954484089,0.009523809523809525,0.2960812772133527,0.04865324144113163
1335,103,98.0952380952381,105,0,105,0,0,0.0,2.7417204150500094,2.7056820738740712,3.8159215390318444,2.201614798966104,1.216412754060994,2.0979875820646834,3.3047619047619046,3.1678296249359845,0.3694213674158071,0.0,0.0,0.0,0.0,0.0,0,0,0,0,0,0.0,0.2857142857142857,0.23837321714355075,0.3983715709990919,0.924692622374616,0.4265312709796235,0.0,0.2960812772133527,0.04858030498956158
1336,103,98.0952380952381,105,0,105,0,0,0.0,2.7183605131800856,2.681830708451451,3.614791691913265,2.199836055275845,1.221745776486997,2.1109314278833575,3.3047619047619046,3.1678296249359845,0.3669367939652126,0.0,0.0,0.0,0.0,0.0,0,0,0,0,0,0.0,0.3047619047619048,0.23485156118721726,0.41457674248037224,0.9203598672766133,0.42200944914165667,0.0,0.29608127721335264,0.04843533169542611
1337,104,99.04761904761905,105,0,105,0,0,0.0,2.7048429901797078,2.6689400172194246,3.598936028494963,2.1977869750465926,1.2268110884041616,2.117514890476941,3.3047619047619046,3.1678296249359845,0.3643878369659044,0.0,0.0,0.0,0.0,0.0,0,0,0,0,0,0.0,0.2857142857142857,0.2330774064339575,0.39751709239789046,0.9327628813199911,0.4231052341612278,0.0,0.2579825834542816,0.04833528839515374
1338,104,99.04761904761905,105,0,105,0,0,0.0,2.7126976422575657,2.676494186796472,3.620605714817344,2.195994248765305,1.1990276778600162,2.0873293209192108,3.3047619047619046,3.1678296249359845,0.36858524507313994,0.0,0.0,0.0,0.0,0.0,0,0,0,0,0,0.0,0.2857142857142857,0.23697005701570828,0.4050961890003681,0.9183924964322684,0.4294787345839345,0.0,0.2960812772133527,0.048346166398426704
1339,105,100.0,105,0,105,0,0,0.0,2.7167227519535917,2.6805634815172557,3.6228323466410566,2.1943614396572015,1.2063964118743151,2.0810574254379266,3.3047619047619046,3.1678296249359845,0.36561620618610213,0.0,0.0,0.0,0.0,0.0,0,0,0,0,0,0.0,0.23809523809523808,0.23429554993303123,0.3932659484328021,0.9362552056821928,0.4303414987601682,0.0,0.2960812772133527,0.04834042964158426
1340,105,100.0,105,0,105,0,0,0.0,2.721841871385101,2.6866301532814143,3.4885772641324135,2.1929341006200587,1.2119169381760435,2.07450545929975,3.3047619047619046,3.1678296249359845,0.3621252109942146,0.0,0.0,0.0,0.0,0.0,0,0,0,0,0,0.0,0.2571428571428571,0.22862400041699443,0.390951665383322,0.9348494317467133,0.4313399722074337,0.0,0.29608127721335264,0.048343417404308364
1341,105,100.0,105,0,105,0,0,0.0,2.7431026683452635,2.70688588786044,3.742787650268932,2.192065310980377,1.1851869611177923,2.055086293549204,3.3047619047619046,3.1678296249359845,0.366275778104844,0.0,0.0,0.0,0.0,0.0,0,0,0,0,0,0.0,0.2761904761904762,0.23618197382226733,0.3834815995347008,0.9378510005770493,0.4364818975670152,0.0,0.29608127721335264,0.04843596050131707
1342,104,99.04761904761905,105,1,104,0,0,0.009523809523809525,2.722955640179219,2.682797362725875,3.674229400097606,2.190716007750963,1.2084954029183035,2.084130536369647,3.3047619047619046,3.1678296249359845,0.36739441836181586,0.9920805312564236,0.010869854331596117,1.0,0.007919468743576408,0.010911283465775856,0,1,0,0,0,1.0,0.26666666666666666,0.23724790633492918,0.38414339996972824,0.9521849196836705,0.43732316314585484,0.009523809523809525,0.2579825834542816,0.04831385354677105
1343,104,99.04761904761905,105,0,105,0,0,0.0,2.7272954057420944,2.6868364382125263,3.6919998574719783,2.1894093775898296,1.202438720152853,2.0656793042847243,3.3047619047619046,3.1678296249359845,0.3724385267855925,0.0,0.0,0.0,0.0,0.0,0,0,0,0,0,0.0,0.26666666666666666,0.24066204025099214,0.381078123999059,0.9441249347632544,0.4415070727229117,0.0,0.24274310595065313,0.04831485646591906
1344,104,99.04761904761905,105,0,105,0,0,0.0,2.713394021690326,2.673066699921425,3.6092676750962163,2.1877951777669398,1.1958650585213642,2.056117289406398,3.3047619047619046,3.1678296249359845,0.36973092670450747,0.0,0.0,0.0,0.0,0.0,0,0,0,0,0,0.0,0.29523809523809524,0.23770370032812027,0.3731843442036115,0.9403403666752963,0.44092875088809824,0.0,0.24274310595065313,0.048219781995562636
1345,104,99.04761904761905,105,0,105,0,0,0.0,2.6946812111852276,2.6544942235773563,3.4133777881262093,2.1857614375180763,1.2248635011698235,2.0707828572045908,3.3047619047619046,3.1678296249359845,0.3653003816993683,0.0,0.0,0.0,0.0,0.0,0,0,0,0,0,0.0,0.29523809523809524,0.23027537168987722,0.3829081947590284,0.9344316783937443,0.43511594730643977,0.0,0.24274310595065313,0.048094005229988274
1346,104,99.04761904761905,105,0,105,0,0,0.0,2.6957179626402996,2.6567292718559816,3.2763435397498375,2.183848764712512,1.2017486135772766,2.034109801815532,3.3047619047619046,3.1678296249359845,0.36197373339386885,0.0,0.0,0.0,0.0,0.0,0,0,0,0,0,0.0,0.29523809523809524,0.2243123378314047,0.3840786453767914,0.9418639306637839,0.43620577387245374,0.0,0.24274310595065313,0.048068893879382256
1347,105,100.0,105,0,105,0,0,0.0,2.691859769709696,2.652836772846166,3.2093890247110166,2.181898035933284,1.1989671437620577,2.0178525641712417,3.3047619047619046,3.1678296249359845,0.36174166192064394,0.0,0.0,0.0,0.0,0.0,0,0,0,0,0,0.0,0.29523809523809524,0.22295222116282212,0.3956962832667202,0.9195015818297938,0.43315426835393056,0.0,0.25798258345428154,0.048018705032643966
1348,105,100.0,105,0,105,0,0,0.0,2.6869887582929906,2.6478716839240866,3.417854436197308,2.179883274472004,1.1838238238842382,2.016748796318213,3.3047619047619046,3.1678296249359845,0.3620628023186825,0.0,0.0,0.0,0.0,0.0,0,0,0,0,0,0.0,0.2857142857142857,0.2281192434754517,0.3795876999269219,0.9387101264216501,0.43459710794895423,0.0,0.24274310595065313,0.047962437870339325
1349,105,100.0,105,0,105,0,0,0.0,2.6807718157936145,2.641310917821943,3.488949203063994,2.177766070107401,1.1824621716430304,2.0004129908635258,3.3047619047619046,3.1678296249359845,0.36349914756791435,0.0,0.0,0.0,0.0,0.0,0,0,0,0,0,0.0,0.3047619047619048,0.23118927256371982,0.37468824552419494,0.9531007594472591,0.4403690287623164,0.0,0.21988388969521042,0.04789781844430128
1350,105,100.0,105,0,105,0,0,0.0,2.7067088507106174,2.667315731352577,3.5319000031127357,2.176374965719426,1.1367323302501329,1.9615876765903852,3.3047619047619046,3.1678296249359845,0.36072637998388446,0.0,0.0,0.0,0.0,0.0,0,0,0,0,0,0.0,0.26666666666666666,0.2281730486119483,0.3647197268948966,0.9531007594472591,0.44082053244104263,0.0,0.21988388969521042,0.04800546971042827
1351,105,100.0,105,0,105,0,0,0.0,2.7170836510027114,2.6762958172968436,3.706310750009015,2.1752555082066776,1.139929669681967,1.9733833144837551,3.3047619047619046,3.1678296249359845,0.36607149081332424,0.0,0.0,0.0,0.0,0.0,0,0,0,0,0,0.0,0.3047619047619048,0.23567404607910777,0.36980049009280075,0.9531007594472591,0.44419609108906294,0.0,0.21988388969521042,0.04803961245852503
1352,105,100.0,105,0,105,0,0,0.0,2.724836111787538,2.683317754793537,3.732996603072921,2.174349467613668,1.1351145091731247,1.970609834525184,3.3047619047619046,3.1678296249359845,0.36494238657647715,0.0,0.0,0.0,0.0,0.0,0,0,0,0,0,0.0,0.29523809523809524,0.2355237229289513,0.3628994543659937,0.9557895721260503,0.4446478577381646,0.0,0.21988388969521044,0.04806402385128951
1353,105,100.0,105,0,105,0,0,0.0,2.730150121701073,2.6884361799182868,3.720601862008605,2.173601843232923,1.1297036478955236,1.9697284895861318,3.3047619047619046,3.1678296249359845,0.36420995398565537,0.0,0.0,0.0,0.0,0.0,0,0,0,0,0,0.0,0.2857142857142857,0.23402882703509295,0.3612447577630544,0.9507929286988068,0.4442406515280186,0.0,0.21988388969521044,0.04807875216754895
1354,105,100.0,105,0,105,0,0,0.0,2.7485323671732815,2.7069668605093886,3.8695109216874504,2.173347518630369,1.1118307796582778,1.9538159125946626,3.3047619047619046,3.1678296249359845,0.36470712094877955,0.0,0.0,0.0,0.0,0.0,0,0,0,0,0,0.0,0.2761904761904762,0.2360298138371521,0.3380306363267858,0.944173101193748,0.4511370804819193,0.0,0.21988388969521042,0.04816663510985838
1355,105,100.0,105,0,105,0,0,0.0,2.751110477963747,2.7096017207161984,4.055137551593371,2.1731680249036835,1.071456968543972,1.9244983035445349,3.3047619047619046,3.1678296249359845,0.36743317412255516,0.0,0.0,0.0,0.0,0.0,0,0,0,0,0,0.0,0.2761904761904762,0.240916728999249,0.32071819556405273,0.9493077911699701,0.45576647133866555,0.0,0.204644412191582,0.048176682636086286
1356,105,100.0,105,0,105,0,0,0.0,2.7192951441834827,2.6796683316447867,3.427969857346862,2.1722356262190456,1.1234246474413658,1.950156362227389,3.3047619047619046,3.1678296249359845,0.35873791250630216,0.0,0.0,0.0,0.0,0.0,0,0,0,0,0,0.0,0.2857142857142857,0.22365919937060819,0.35674707895173186,0.958096084213129,0.44464001274574083,0.0,0.204644412191582,0.04800283756630773
1357,105,100.0,105,0,104,1,0,0.0,2.7452960226987377,2.705005817775949,3.544168770069593,2.171974883049663,1.086825240903759,1.90641405619184,3.3047619047619046,3.1678296249359845,0.36472980647920705,0.14675579944382944,0.003335570191784366,0.0,0.14675579944382944,-0.024394598678200596,0,0,0,1,0,0.0,0.26666666666666666,0.22928183791752482,0.3563610193381741,0.9507204848882841,0.45054418793882345,0.0,0.204644412191582,0.04812871200920166
1358,103,98.0952380952381,105,2,103,0,0,0.01904761904761905,2.736824306794411,2.6938987000431345,3.468302857577886,2.171516332266627,1.1088913721804734,1.9219068421728203,3.3047619047619046,3.1678296249359845,0.36225008286662264,0.5616757464889848,0.0043279819801001155,0.5,0.1296327685936802,-0.002003635537212556,0,2,0,0,0,0.0,0.2857142857142857,0.22663425643662316,0.35518713257873963,0.9602034709801841,0.4457608365820546,0.01904761904761905,0.20464441219158197,0.048079090375904826
1359,103,98.0952380952381,105,0,105,0,0,0.0,2.7008164306731977,2.6595259966886795,3.0484158281320557,2.170125796507544,1.1490298459918362,1.9649101524241541,3.3047619047619046,3.1678296249359845,0.3539693941570343,0.0,0.0,0.0,0.0,0.0,0,0,0,0,0,0.0,0.26666666666666666,0.21264690382520074,0.37085244620156366,0.9504614644016036,0.43529131972651114,0.0,0.24274310595065313,0.047877026093437976
1360,103,98.0952380952381,105,0,105,0,0,0.0,2.7072726089128314,2.666258104598389,2.9640901261021853,2.1689499199191795,1.147283265658604,1.9501603426479235,3.3047619047619046,3.1678296249359845,0.35298475336476764,0.0,0.0,0.0,0.0,0.0,0,0,0,0,0,0.0,0.2571428571428571,0.209694336509563,0.3824147382992257,0.9625660669732115,0.4332510659777821,0.0,0.204644412191582,0.047890682101176696
1361,103,98.0952380952381,105,0,105,0,0,0.0,2.69369408457907,2.654108993955449,2.8507594559811937,2.167503402596843,1.1485735858361383,1.9411589028315865,3.3047619047619046,3.1678296249359845,0.3499449413142095,0.0,0.0,0.0,0.0,0.0,0,0,0,0,0,0.0,0.2571428571428571,0.2048531659111043,0.36894173718036954,0.9732010111903199,0.4350848221074124,0.0,0.18105950653120462,0.04779987787737448
1362,102,97.14285714285714,105,1,104,0,0,0.009523809523809525,2.682255085453935,2.6497317732103394,2.8244289577956287,2.1658228934452284,1.141717083685741,1.9300596754780037,3.3047619047619046,3.1678296249359845,0.3504743485583144,0.477704805830802,0.0027881994796011764,0.0,0.477704805830802,0.004734355697894377,0,1,0,0,0,0.0,0.2761904761904762,0.20483358353844372,0.3688604485550993,0.9779440180892528,0.4353852413209149,0.009523809523809525,0.18178519593613932,0.04771606504837151
1363,103,98.0952380952381,105,1,104,0,0,0.009523809523809525,2.690698464684831,2.665840278472195,3.039188953765961,2.16456020717842,1.1254086250155892,1.9278239163903195,3.3047619047619046,3.1678296249359845,0.355728148004653,0.8012301460925224,0.006627082298597304,1.0,0.1987698539074776,0.02812046695818471,0,1,0,0,0,0.0,0.24761904761904763,0.21267032312886203,0.361232533667495,0.9572696134915925,0.4394106918115646,0.009523809523809525,0.20464441219158197,0.04773828206971101
1364,102,97.14285714285714,105,1,104,0,0,0.009523809523809525,2.704870307657219,2.669317635842315,3.0888483018058115,2.1639291216286147,1.140019328092061,1.9435237633516942,3.3047619047619046,3.1678296249359845,0.3557112199453545,0.9999999940006399,0.009945317215745975,1.0,5.999360119801622e-09,0.047816219242382774,0,1,0,0,0,1.0,0.26666666666666666,0.21436447438505543,0.3669423655229738,0.9508409995100018,0.4369015287744525,0.009523809523809525,0.204644412191582,0.04779914542707024
1365,102,97.14285714285714,105,0,105,0,0,0.0,2.7166962642339247,2.6806730875174014,3.016322742087185,2.1633148588222966,1.1470128757568534,1.9258698231059719,3.3047619047619046,3.1678296249359845,0.3551072528561745,0.0,0.0,0.0,0.0,0.0,0,0,0,0,0,0.0,0.24761904761904763,0.21200055356834765,0.3744211298257052,0.9685657478391334,0.4390300563170274,0.0,0.18178519593613932,0.04784854581037702
1366,102,97.14285714285714,105,0,105,0,0,0.0,2.696942408927842,2.6614687597616657,2.769211687256953,2.162233366507999,1.17490456463668,1.9471366987588994,3.3047619047619046,3.1678296249359845,0.35029765461995144,0.0,0.0,0.0,0.0,0.0,0,0,0,0,0,0.0,0.23809523809523808,0.20386115486961312,0.382899315918605,0.9487464685092273,0.43658180347687364,0.0,0.21988388969521044,0.04773264661688474
1367,103,98.0952380952381,105,0,105,0,0,0.0,2.710758952021206,2.6738634702168476,2.888048284355543,2.1615002486754045,1.1760465728858982,1.9715646196429595,3.3047619047619046,3.1678296249359845,0.35274203856210185,0.0,0.0,0.0,0.0,0.0,0,0,0,0,0,0.0,0.20952380952380953,0.20792365418379324,0.3807217393953267,0.943973314299359,0.43678151979995833,0.0,0.1962989840348331,0.04779011737040825
1368,103,98.0952380952381,105,1,104,0,0,0.009523809523809525,2.7246982117552205,2.6954341628826017,2.966730751116458,2.161143210516584,1.1729309304068103,1.9824463742799339,3.3047619047619046,3.1678296249359845,0.3568416362018427,0.955903090497582,0.007726482296763195,1.0,0.04409690950241796,0.014371812302798048,0,1,0,0,0,1.0,0.22857142857142856,0.2117698928420374,0.4009988539578108,0.937754441447552,0.43740397630583433,0.009523809523809525,0.21516690856313497,0.04785415848879461
1369,104,99.04761904761905,105,0,105,0,0,0.0,2.76375619871084,2.7339009125441533,3.207251903039795,2.161966134075723,1.1672240852602667,1.970637516526828,3.3047619047619046,3.1678296249359845,0.35928746942291667,0.0,0.0,0.0,0.0,0.0,0,0,0,0,0,0.0,0.20952380952380953,0.21656998614479672,0.39079090383958887,0.9180268363241744,0.44070392645373546,0.0,0.21516690856313497,0.048062482831721196
1370,104,99.04761904761905,105,0,105,0,0,0.0,2.78822784520235,2.757607977309181,3.337102838132891,2.163363788355227,1.1247450891445536,1.922837558854597,3.3047619047619046,3.1678296249359845,0.3621182884205767,0.0,0.0,0.0,0.0,0.0,0,0,0,0,0,0.0,0.23809523809523808,0.2205091648093532,0.38369842524416864,0.9110809615806718,0.44630224946074404,0.0,0.2532656023222061,0.048206978717338894
1371,104,99.04761904761905,105,0,105,0,0,0.0,2.7900557540368798,2.7602535959002625,3.284196952284245,2.164784214280004,1.147605078449867,1.9446493091442767,3.3047619047619046,3.1678296249359845,0.3586575780430188,0.0,0.0,0.0,0.0,0.0,0,0,0,0,0,0.0,0.23809523809523808,0.2165899500139254,0.37434490091556444,0.9169484087361371,0.44638689694718486,0.0,0.21516690856313497,0.04823861659813423
1372,104,99.04761904761905,105,0,105,0,0,0.0,2.7463624684190684,2.7177835329413527,2.9999683150849346,2.165083340142623,1.1865986751952051,1.963922277050145,3.3047619047619046,3.1678296249359845,0.3548364703738083,0.0,0.0,0.0,0.0,0.0,0,0,0,0,0,0.0,0.23809523809523808,0.21004659582359406,0.3903114129974008,0.9243308607592211,0.4399619792156324,0.0,0.21988388969521044,0.04802488806889112
1373,105,100.0,105,0,105,0,0,0.0,2.7146202060569724,2.6873623433138896,2.938871480336135,2.1646020370417287,1.1989209887759613,1.984913358071279,3.3047619047619046,3.1678296249359845,0.351462488717307,0.0,0.0,0.0,0.0,0.0,0,0,0,0,0,0.0,0.22857142857142856,0.20737831933160342,0.3775607346038006,0.9429822190529319,0.43549664187409387,0.0,0.21988388969521044,0.0478585533259727
1374,105,100.0,105,0,105,0,0,0.0,2.718947430774738,2.6918580964366203,2.797224165942232,2.164249915042479,1.1866122773913605,1.969603513283405,3.3047619047619046,3.1678296249359845,0.34938561004321667,0.0,0.0,0.0,0.0,0.0,0,0,0,0,0,0.0,0.24761904761904763,0.20229237427059638,0.3900388605310241,0.9429822190529319,0.43311530704942425,0.0,0.21988388969521044,0.04787461213705746
1375,105,100.0,105,0,105,0,0,0.0,2.738553919796073,2.709125013005801,3.1487542470064973,2.1643465368669497,1.149073927264238,1.964639203647034,3.3047619047619046,3.1678296249359845,0.35297938642299553,0.0,0.0,0.0,0.0,0.0,0,0,0,0,0,0.0,0.26666666666666666,0.21058695511427453,0.36422651405430717,0.9352049369922959,0.437260898441468,0.0,0.21988388969521042,0.047974174989553996
1376,105,100.0,105,0,104,1,0,0.0,2.7260968087370503,2.696545222415305,2.9062253601660046,2.164121292810177,1.169602324548772,1.985643739270976,3.3047619047619046,3.1678296249359845,0.3516527994614782,0.09594915511017185,0.00581881026905794,0.0,0.09594915511017185,-0.04286274245341759,0,0,0,1,0,0.0,0.2761904761904762,0.20508751141020956,0.39257152295984254,0.9386717440976686,0.42863070961813293,0.0,0.21516690856313497,0.047908321760279454
1377,105,100.0,105,0,105,0,0,0.0,2.766977905518208,2.7356916008321197,3.0420557346477364,2.1648952565594253,1.1496601930023482,1.9249390581480241,3.3047619047619046,3.1678296249359845,0.35472184527518347,0.0,0.0,0.0,0.0,0.0,0,0,0,0,0,0.0,0.24761904761904763,0.20915384615119856,0.40029952325001983,0.9338885596777403,0.43017593243216856,0.0,0.21988388969521044,0.04812498617065272
1378,105,100.0,105,0,105,0,0,0.0,2.7903312949381025,2.759133572040994,3.0456433226408546,2.166238783822637,1.1639092826246253,1.9450108815860305,3.3047619047619046,3.1678296249359845,0.3526459572156069,0.0,0.0,0.0,0.0,0.0,0,0,0,0,0,0.0,0.22857142857142856,0.20648815543525656,0.39729517357684097,0.9250914970733838,0.4273500414908929,0.0,0.21988388969521042,0.048263033445083744
1379,105,100.0,105,0,104,1,0,0.0,2.791545187077406,2.7608290979177763,3.0742872351521546,2.167582719528004,1.1699848405782238,1.9255823761794253,3.3047619047619046,3.1678296249359845,0.3528413635211096,0.0729659067851107,0.006138561678766303,0.0,0.0729659067851107,-0.05297507206017915,0,0,0,1,0,0.0,0.24761904761904763,0.20694703737399525,0.3850811067649212,0.9345979104164799,0.43378806790948965,0.0,0.21988388969521044,0.04829038970248763
1380,105,100.0,105,0,105,0,0,0.0,2.820967041416453,2.7903448184202473,3.2755463147623245,2.169632087830429,1.150897027353929,1.9238462369049456,3.3047619047619046,3.1678296249359845,0.3545722724714022,0.0,0.0,0.0,0.0,0.0,0,0,0,0,0,0.0,0.21904761904761905,0.21100525733272193,0.373216845229534,0.9324496191025509,0.43798914739772493,0.0,0.21988388969521044,0.048469959222286994
1381,105,100.0,105,0,105,0,0,0.0,2.8317575561328594,2.8017014714203365,3.5729836918442586,2.1719043431711564,1.1288219440644163,1.883265070007007,3.3047619047619046,3.1678296249359845,0.3580593346516201,0.0,0.0,0.0,0.0,0.0,0,0,0,0,0,0.0,0.22857142857142856,0.21899883111720675,0.34908596260174735,0.936958914395625,0.4463919206587177,0.0,0.2532656023222061,0.0485599023847879
1382,105,100.0,105,0,105,0,0,0.0,2.8326298599023536,2.802187807510771,3.7415916692944773,2.1741169423730455,1.1198658950301348,1.892364688964084,3.3047619047619046,3.1678296249359845,0.3606657227014032,0.0,0.0,0.0,0.0,0.0,0,0,0,0,0,0.0,0.24761904761904763,0.22463676273569938,0.3484407056462894,0.9261884947807963,0.4507043351515606,0.0,0.29136429608127723,0.04859930959013464
1383,105,100.0,105,0,105,0,0,0.0,2.8097688642145737,2.778900484718301,3.6476320480861792,2.175669288033717,1.149260944794008,1.9081624117423035,3.3047619047619046,3.1678296249359845,0.3591686172808817,0.0,0.0,0.0,0.0,0.0,0,0,0,0,0,0.0,0.24761904761904763,0.2230388845576679,0.3565825549132222,0.9194780829514227,0.4466664424423466,0.0,0.2532656023222061,0.04850959244455582
1384,105,100.0,105,0,105,0,0,0.0,2.800076973409434,2.7698587976467373,3.5936470676268395,2.1769433178353497,1.15233500782894,1.9011815162107446,3.3047619047619046,3.1678296249359845,0.35780757525269813,0.0,0.0,0.0,0.0,0.0,0,0,0,0,0,0.0,0.2571428571428571,0.22082484001288347,0.3529869400975601,0.9204942133427598,0.44523052598240426,0.0,0.29136429608127723,0.04848131253727345
1385,105,100.0,105,0,105,0,0,0.0,2.7943385897446764,2.763655103428371,3.641000001133552,2.178019770572865,1.141646825807768,1.9038881573265112,3.3047619047619046,3.1678296249359845,0.3569834182724423,0.0,0.0,0.0,0.0,0.0,0,0,0,0,0,0.0,0.2571428571428571,0.22084292071136952,0.33884421224168215,0.9317285997057776,0.44456751953882745,0.0,0.29136429608127723,0.04846967071330838
1386,105,100.0,105,0,105,0,0,0.0,2.8102752303681275,2.781097753578539,3.7131435391887795,2.1795041658727268,1.1421737813031845,1.894602125135451,3.3047619047619046,3.1678296249359845,0.356972049837331,0.0,0.0,0.0,0.0,0.0,0,0,0,0,0,0.0,0.24761904761904763,0.2214515630474693,0.34203594359089134,0.933007935309535,0.4422841001510396,0.0,0.2532656023222061,0.048572865473455726
1387,105,100.0,105,0,105,0,0,0.0,2.8265545207352947,2.7969863375474198,3.818853113409245,2.1813441966744875,1.1457894382826923,1.8909050113318011,3.3047619047619046,3.1678296249359845,0.35744706677063665,0.0,0.0,0.0,0.0,0.0,0,0,0,0,0,0.0,0.26666666666666666,0.22308979548231092,0.3270198239209825,0.9206387821910215,0.4472124899871224,0.0,0.2532656023222061,0.048683406445714617
1388,105,100.0,105,0,105,0,0,0.0,2.8228088006028167,2.793371173683524,3.7005706658784696,2.1830343206499068,1.1596788248610124,1.9387699727466865,3.3047619047619046,3.1678296249359845,0.3554028411462309,0.0,0.0,0.0,0.0,0.0,0,0,0,0,0,0.0,0.2761904761904762,0.219101849795151,0.32401025095249636,0.9248281392719717,0.45189418191440905,0.0,0.29136429608127723,0.048691447969047966
1389,104,99.04761904761905,105,1,104,0,0,0.009523809523809525,2.8166392887277376,2.7817132546643113,3.6837460853124266,2.1845297662081573,1.1723855546123503,1.9028840032115446,3.3047619047619046,3.1678296249359845,0.35646104826959135,0.9999801784818905,0.01026059927890452,1.0,1.98215181095307e-05,0.059738402036316085,0,1,0,0,0,1.0,0.23809523809523808,0.2203534620150694,0.32134195588937875,0.9263075439360486,0.45705918139860546,0.009523809523809525,0.31059506531204645,0.04868428699338209
1390,104,99.04761904761905,105,0,105,0,0,0.0,2.799110965853896,2.7656375384457252,3.567171326813283,2.1854161333176574,1.1650719259122473,1.93742784782392,3.3047619047619046,3.1678296249359845,0.356051870687615,0.0,0.0,0.0,0.0,0.0,0,0,0,0,0,0.0,0.23809523809523808,0.21849145874427187,0.3045380753787492,0.9376909891310533,0.46493594088954276,0.0,0.31059506531204645,0.0486106846789531
1391,103,98.0952380952381,105,1,104,0,0,0.009523809523809525,2.8284850335235694,2.788202705766777,3.6151693564445466,2.1870356994628297,1.1521105736572954,1.9300902017954287,3.3047619047619046,3.1678296249359845,0.35709058764353396,0.8370435041211063,0.012924489826436718,1.0,0.16295649587889371,-0.009103352717518609,0,1,0,0,0,0.0,0.23809523809523808,0.21920351700920732,0.3050885513659952,0.9323187119311118,0.4666974173312102,0.009523809523809525,0.31059506531204645,0.04878320756537258
1392,101,96.19047619047619,105,2,103,0,0,0.01904761904761905,2.8541249046428674,2.809967159180763,3.775116205726432,2.1890691588122726,1.1759742314947024,1.9263461582194912,3.3047619047619046,3.1678296249359845,0.35912216253293283,0.7600102872385102,0.006588204495408634,1.0,0.23998971276148978,0.02208402818519767,0,2,0,0,0,0.0,0.24761904761904763,0.22325838970763606,0.3037087379668641,0.9286648724756963,0.47292787704307127,0.01904761904761905,0.32982583454281567,0.0489436151848104
1393,101,96.19047619047619,105,0,105,0,0,0.0,2.8331976084539665,2.7899967116247124,3.6123403194898582,2.19042905138155,1.2052797644454443,1.9523501531845704,3.3047619047619046,3.1678296249359845,0.35746878520805003,0.0,0.0,0.0,0.0,0.0,0,0,0,0,0,0.0,0.22857142857142856,0.21949484122506935,0.31348772849337353,0.8966936857801177,0.46886647695263806,0.0,0.32982583454281567,0.04886051824370433
1394,102,97.14285714285714,105,0,105,0,0,0.0,2.830783089456816,2.7883009700621093,3.3920399312650367,2.1917028903082847,1.2266501153370775,1.965798667155391,3.3047619047619046,3.1678296249359845,0.3540660813662184,0.0,0.0,0.0,0.0,0.0,0,0,0,0,0,0.0,0.24761904761904763,0.2126203306360892,0.3274332031587607,0.8949138936481968,0.4624484524238524,0.0,0.32982583454281567,0.048868622172166115
1395,101,96.19047619047619,105,1,104,0,0,0.009523809523809525,2.8387314009503055,2.795508684387122,3.441958939558092,2.193144365657045,1.2258720625856472,1.947898000855589,3.3047619047619046,3.1678296249359845,0.35440023262422304,0.9115679230987827,0.007149031208610863,1.0,0.08843207690121735,0.013774312994527027,0,1,0,0,0,0.0,0.23809523809523808,0.2127460399447863,0.3136926909999725,0.9047882516747623,0.4703513236648807,0.009523809523809525,0.3490566037735849,0.048931195471200645
1396,102,97.14285714285714,105,0,105,0,0,0.0,2.8359018364587554,2.793777470342575,3.4231662870799657,2.1944709770123865,1.2176931780994922,1.8948541151166503,3.3047619047619046,3.1678296249359845,0.35181240075894604,0.0,0.0,0.0,0.0,0.0,0,0,0,0,0,0.0,0.23809523809523808,0.21040294144767568,0.31208657945083385,0.891233151851374,0.4631487746383602,0.0,0.3490566037735849,0.04893806004250404
1397,103,98.0952380952381,105,1,104,0,0,0.009523809523809525,2.8565002662736814,2.816591752632196,3.4869416981762553,2.1962123542485474,1.1940685126195387,1.9074691985991334,3.3047619047619046,3.1678296249359845,0.35464960268455537,0.5362926684234028,0.004709733879332828,1.0,0.46370733157659716,0.018559508040262407,0,1,0,0,0,0.0,0.23809523809523808,0.2129342991455022,0.32330361748069486,0.9004476045966757,0.46042968681643187,0.009523809523809525,0.3490566037735849,0.049068634123563167
1398,103,98.0952380952381,105,0,105,0,0,0.0,2.8305193091017644,2.792372617032968,3.3444459824484007,2.1974061742649345,1.214820490567005,1.9070706386434422,3.3047619047619046,3.1678296249359845,0.3519675897681229,0.0,0.0,0.0,0.0,0.0,0,0,0,0,0,0.0,0.23809523809523808,0.2092128106834211,0.3259910530415133,0.8964889082392004,0.457529434565794,0.0,0.3490566037735849,0.04895763842977734
1399,103,98.0952380952381,105,0,105,0,0,0.0,2.842012013080362,2.803449053760385,3.6077954440119213,2.1988428822124053,1.1842361967072077,1.8734683880916816,3.3047619047619046,3.1678296249359845,0.3568061302012704,0.0,0.0,0.0,0.0,0.0,0,0,0,0,0,0.0,0.24761904761904763,0.21764040311102006,0.3231172256314101,0.8792145829973588,0.46239129258935724,0.0,0.34905660377358494,0.04903785817966223
1400,104,99.04761904761905,105,0,105,0,0,0.0,2.8647350504540845,2.8270074696520413,4.071545658236018,2.2008311100821163,1.1462927775028868,1.7974010314343183,3.3047619047619046,3.1678296249359845,0.36081307281663677,0.0,0.0,0.0,0.0,0.0,0,0,0,0,0,0.0,0.23809523809523808,0.22815773436169734,0.29489148559816114,0.8660297748396548,0.4727055257015611,0.0,0.34905660377358494,0.049182965202264804
1401,104,99.04761904761905,105,0,105,0,0,0.0,2.8507593206798916,2.8133557272185827,4.04851595866452,2.2024103831274586,1.1349552599721617,1.8387685785869559,3.3047619047619046,3.1678296249359845,0.3617091641875543,0.0,0.0,0.0,0.0,0.0,0,0,0,0,0,0.0,0.23809523809523808,0.22915636531291272,0.297367347565092,0.8712571863567665,0.47153811193303224,0.0,0.353410740203193,0.04913810089308833
1402,105,100.0,105,0,105,0,0,0.0,2.8722244281683524,2.83462569700475,4.2860189255941785,2.2044786646166927,1.114465738488271,1.8238319985962028,3.3047619047619046,3.1678296249359845,0.3646685133465135,0.0,0.0,0.0,0.0,0.0,0,0,0,0,0,0.0,0.2571428571428571,0.23411039961544694,0.2821422875187223,0.8930766839844118,0.4830440033726485,0.0,0.34905660377358494,0.049278186247402156
1403,105,100.0,105,0,105,0,0,0.0,2.857812865891116,2.820525836341532,4.306498867047508,2.206124098821652,1.10456130945374,1.7596259323274774,3.3047619047619046,3.1678296249359845,0.36554493811926525,0.0,0.0,0.0,0.0,0.0,0,0,0,0,0,0.0,0.26666666666666666,0.23528940694741204,0.2660555797044807,0.870107111883267,0.4910721524897917,0.0,0.353410740203193,0.049232190712117735
1404,105,100.0,105,0,105,0,0,0.0,2.8907516261112844,2.851919841966593,4.339549982133347,2.2085130153629238,1.0745096991013439,1.722986625618961,3.3047619047619046,3.1678296249359845,0.3683417199462429,0.0,0.0,0.0,0.0,0.0,0,0,0,0,0,0.0,0.2857142857142857,0.23617918143666378,0.2763975673099145,0.904357433642009,0.4949966544418926,0.0,0.353410740203193,0.04943472291617328
1405,105,100.0,105,0,105,0,0,0.0,2.8818206572978418,2.8441456878518974,4.368660702155017,2.21062923753258,1.0748148596410763,1.7685499726912821,3.3047619047619046,3.1678296249359845,0.36604738265297176,0.0,0.0,0.0,0.0,0.0,0,0,0,0,0,0.0,0.2857142857142857,0.23515461820826614,0.269712685491859,0.9248279722426047,0.4926512968501135,0.0,0.34905660377358494,0.049423587228515975
1406,105,100.0,105,0,105,0,0,0.0,2.9109815874918343,2.8716130513057165,4.505902351350295,2.213374516810759,1.0771478085643036,1.7376965126919244,3.3047619047619046,3.1678296249359845,0.36997021174560984,0.0,0.0,0.0,0.0,0.0,0,0,0,0,0,0.0,0.3142857142857143,0.23987207322468956,0.27873583120266465,0.9211399375136438,0.4922242266627592,0.0,0.353410740203193,0.049612874764616635
1407,105,100.0,105,0,105,0,0,0.0,2.939231946051719,2.8999839047329927,4.502312446736002,2.2167518225584493,1.0614716072848402,1.674894976246095,3.3047619047619046,3.1678296249359845,0.37296252274550556,0.0,0.0,0.0,0.0,0.0,0,0,0,0,0,0.0,0.3333333333333333,0.24033735117939498,0.2843342026992538,0.9289975174523758,0.4961649107927993,0.0,0.34905660377358494,0.04980762020341606
1408,105,100.0,105,0,105,0,0,0.0,2.9267820988533018,2.8877610203349975,4.749743145362132,2.219712380891755,1.0782517361447799,1.7022656368017757,3.3047619047619046,3.1678296249359845,0.3725077651225155,0.0,0.0,0.0,0.0,0.0,0,0,0,0,0,0.0,0.3142857142857143,0.24529366220698398,0.27387028102759503,0.9283478251555997,0.4977406858612934,0.0,0.3534107402031931,0.04979226368939696
1409,105,100.0,105,0,105,0,0,0.0,2.927813158496638,2.8904129360235733,4.63306118456392,2.2226463603177637,1.0952934043047702,1.6963591316185822,3.3047619047619046,3.1678296249359845,0.3712584792808229,0.0,0.0,0.0,0.0,0.0,0,0,0,0,0,0.0,0.3047619047619048,0.24171290503005177,0.27209166598782425,0.9388653022807713,0.5017630300883876,0.0,0.34905660377358494,0.049843890722336956
1410,104,99.04761904761905,105,1,104,0,0,0.009523809523809525,2.947789556650995,2.9060834771631785,4.949952786231852,2.2259782562979202,1.0883709088813234,1.6918665426842834,3.3047619047619046,3.1678296249359845,0.3754428015455027,0.9999361312762511,0.008468841774033637,1.0,6.38687237488611e-05,0.04169857916509212,0,1,0,0,0,1.0,0.3333333333333333,0.25001204698604085,0.25100780648925003,0.9138846011782136,0.5166031206927225,0.009523809523809525,0.3341799709724238,0.04999654710707447
1411,104,99.04761904761905,105,0,105,0,0,0.0,2.9282857739513943,2.8873475527113444,4.9459082496977445,2.228636058570005,1.091956235715272,1.7208770730076872,3.3047619047619046,3.1678296249359845,0.37197460521188996,0.0,0.0,0.0,0.0,0.0,0,0,0,0,0,0.0,0.3047619047619048,0.24811659180632217,0.24156198994403413,0.9093707509653134,0.5167803580915752,0.0,0.3341799709724238,0.04994112551745013
1412,104,99.04761904761905,105,0,105,0,0,0.0,2.9394591164365163,2.8975031927498303,5.232997809955841,2.2314670368933345,1.0873187176715577,1.7441484789354162,3.3047619047619046,3.1678296249359845,0.37419802372541255,0.0,0.0,0.0,0.0,0.0,0,0,0,0,0,0.0,0.29523809523809524,0.2542025012796671,0.23544854565516152,0.9110323804786571,0.5180935558198452,0.0,0.2960812772133527,0.050041832514876705
1413,104,99.04761904761905,105,0,105,0,0,0.0,2.92811470458676,2.887666716301739,5.222334434823929,2.233959052394684,1.0957230497823511,1.7162968643709007,3.3047619047619046,3.1678296249359845,0.3724781812511211,0.0,0.0,0.0,0.0,0.0,0,0,0,0,0,0.0,0.2857142857142857,0.2532741201810507,0.22686026098102383,0.9034350431137925,0.5201366578247585,0.0,0.2960812772133527,0.0500245818582828
1414,104,99.04761904761905,105,0,105,0,0,0.0,2.962090107293218,2.921247313031085,5.393912470507505,2.2372231459638625,1.1109438188595189,1.7214134062815816,3.3047619047619046,3.1678296249359845,0.37326747123142057,0.0,0.0,0.0,0.0,0.0,0,0,0,0,0,0.0,0.2761904761904762,0.2543183464609873,0.2340707043741905,0.902388791962637,0.5193432718804892,0.0,0.32982583454281567,0.050246159333350124
1415,104,99.04761904761905,105,1,104,0,0,0.009523809523809525,2.9596052839224107,2.913986782433473,5.365983517436179,2.2403283022311453,1.098856786458913,1.7175338473286186,3.3047619047619046,3.1678296249359845,0.3777671190491174,0.9952869021458803,0.014552984726498033,1.0,0.004713097854119663,-0.00767842290559706,0,1,0,0,0,1.0,0.3333333333333333,0.2580485325197117,0.24403309845190999,0.9199719060653474,0.5212494358585347,0.009523809523809525,0.32982583454281567,0.050282918246563856
1416,104,99.04761904761905,105,0,105,0,0,0.0,2.9380214177026467,2.8921606802715716,5.131973628037014,2.242653496841556,1.1191550713361471,1.7379451983546728,3.3047619047619046,3.1678296249359845,0.3773862434943247,0.0,0.0,0.0,0.0,0.0,0,0,0,0,0,0.0,0.34285714285714286,0.25592752422733855,0.2556982986069995,0.9261163445150712,0.5215203888895856,0.0,0.32982583454281567,0.050211828017318036
1417,104,99.04761904761905,105,0,105,0,0,0.0,2.944570037327389,2.897326656333509,5.483080882983397,2.2450359527043466,1.1065613584820846,1.7412441110563512,3.3047619047619046,3.1678296249359845,0.3827524107366782,0.0,0.0,0.0,0.0,0.0,0,0,0,0,0,0.0,0.29523809523809524,0.26629529269950303,0.2530335469271205,0.9222011174655064,0.5258030225964128,0.0,0.3679245283018868,0.050282307186753
1418,104,99.04761904761905,105,0,105,0,0,0.0,2.9429201715141127,2.896244918199538,5.350175613605262,2.2473155223276566,1.1139166951847852,1.7585997681444976,3.3047619047619046,3.1678296249359845,0.3815836131861696,0.0,0.0,0.0,0.0,0.0,0,0,0,0,0,0.0,0.29523809523809524,0.26322657091096674,0.2575323701177018,0.9160488534560249,0.5253846018589078,0.0,0.3679245283018868,0.05031016429861075
1419,104,99.04761904761905,105,0,105,0,0,0.0,2.955119201971501,2.906878959109522,5.195992312006563,2.2497923737077383,1.0929793417994556,1.7393545279970728,3.3047619047619046,3.1678296249359845,0.3823203303588214,0.0,0.0,0.0,0.0,0.0,0,0,0,0,0,0.0,0.3047619047619048,0.2609443262062095,0.2732037313115579,0.913956666718666,0.522079106174277,0.0,0.3679245283018868,0.05041039066678962
1420,104,99.04761904761905,105,1,104,0,0,0.009523809523809525,2.983414501699124,2.93075268331009,5.365472292343698,2.252904275814252,1.1039804920519531,1.7409607735327748,3.3047619047619046,3.1678296249359845,0.3847786310405572,0.9951226173529302,0.013982397460306358,1.0,0.004877382647069828,0.002789029819086908,0,1,0,0,0,1.0,0.3333333333333333,0.26365332127819846,0.26677706199138734,0.926514386074329,0.5284418967093695,0.009523809523809525,0.3341799709724238,0.050601157043842306
1421,104,99.04761904761905,105,0,105,0,0,0.0,2.982157400224285,2.928787010363476,5.389193187899286,2.2557592927960157,1.1058843650853514,1.736398280107231,3.3047619047619046,3.1678296249359845,0.386001351807153,0.0,0.0,0.0,0.0,0.0,0,0,0,0,0,0.0,0.3142857142857143,0.2655776999075956,0.2694119448173852,0.9201805027290437,0.5266227283096357,0.0,0.37227866473149496,0.05064009257334075
1422,102,97.14285714285714,105,2,103,0,0,0.01904761904761905,2.9723496885856733,2.9259089695368257,5.481779618463046,2.2582854954242753,1.103351127691096,1.7538535643299256,3.3047619047619046,3.1678296249359845,0.38515986677770986,0.733425510360036,0.005808331773360646,1.0,0.26657448963996405,0.022471250776239404,0,2,0,0,0,0.0,0.3047619047619048,0.26640434740301044,0.2623307420860537,0.9253726860987044,0.5324474760494704,0.01904761904761905,0.3341799709724238,0.05063106691276965
1423,102,97.14285714285714,105,0,105,0,0,0.0,2.9596029263558026,2.9133863358514165,5.4588963422969865,2.2605797508333434,1.094926291729754,1.7469479455626022,3.3047619047619046,3.1678296249359845,0.3840820412836805,0.0,0.0,0.0,0.0,0.0,0,0,0,0,0,0.0,0.3047619047619048,0.26528828901964707,0.2573586202826703,0.9424811259769388,0.5290022040484181,0.0,0.2960812772133527,0.05060367215288038
1424,102,97.14285714285714,105,0,105,0,0,0.0,2.9508398784510312,2.9052763558185344,5.569400241825308,2.2625957998598447,1.0705053048252753,1.7091010997864027,3.3047619047619046,3.1678296249359845,0.3864769286304912,0.0,0.0,0.0,0.0,0.0,0,0,0,0,0,0.0,0.3333333333333333,0.2693751779535018,0.24514947497528292,0.9342832874092007,0.5348301464639479,0.0,0.3341799709724238,0.05059178941251388
1425,103,98.0952380952381,105,0,105,0,0,0.0,2.954223385633814,2.909332692660714,5.42343299532248,2.26465078216017,1.113709154898835,1.7506659963368716,3.3047619047619046,3.1678296249359845,0.3830130413751376,0.0,0.0,0.0,0.0,0.0,0,0,0,0,0,0.0,0.3238095238095238,0.26434943204886013,0.2555284560365294,0.9388790959884163,0.5264029121469419,0.0,0.2960812772133527,0.05064125611747625
1426,102,97.14285714285714,105,1,103,1,0,0.009523809523809525,2.9489587138284206,2.9054090949624922,5.391497828164246,2.266532281124738,1.1032665798927,1.739493142497878,3.3047619047619046,3.1678296249359845,0.38274781434034266,0.498016910401457,0.004765562438997154,0.5,0.031934252534015516,0.008407432762043643,0,1,0,1,0,1.0,0.3142857142857143,0.26467395327301385,0.2511895802626328,0.9286230461418868,0.5288233134578696,0.009523809523809525,0.3109579100145138,0.050644734099245504
1427,104,99.04761904761905,105,0,105,0,0,0.0,2.914593158131492,2.8721012275806723,5.183048455253297,2.267519018900891,1.1291920810563316,1.768549728971064,3.3047619047619046,3.1678296249359845,0.38040151095119934,0.0,0.0,0.0,0.0,0.0,0,0,0,0,0,0.0,0.3238095238095238,0.26153454712084456,0.25619052700663975,0.9320000750601065,0.5194369418204502,0.0,0.3109579100145138,0.050488535406557566
1428,103,98.0952380952381,105,1,104,0,0,0.009523809523809525,2.931732880602119,2.892990048987974,5.643024288084809,2.2689266438272675,1.1223323515783494,1.7710788930945847,3.3047619047619046,3.1678296249359845,0.3870836089259311,0.9564541119814602,0.01041815811555791,1.0,0.04354588801853976,-0.0019194395357755578,0,1,0,0,0,1.0,0.3523809523809524,0.2731609713792683,0.2503011118439353,0.9368158516832129,0.5231097611609643,0.009523809523809525,0.3109579100145138,0.05059652959862357
1429,102,97.14285714285714,105,1,104,0,0,0.009523809523809525,2.9228068953139705,2.878969191600512,5.674699121020619,2.2701496423480974,1.110670699061967,1.7818420360658447,3.3047619047619046,3.1678296249359845,0.3887473495894018,0.09670139262552122,0.0038773427468133097,0.0,0.09670139262552122,-0.032694313386441465,0,1,0,0,0,0.0,0.3333333333333333,0.27650929299083654,0.2452881170931241,0.9308263589817056,0.5296177223898881,0.009523809523809525,0.2960812772133527,0.050571270926910515
1430,102,97.14285714285714,105,0,105,0,0,0.0,2.9041586985817447,2.8614211275296393,5.176279513096997,2.2707511263850653,1.1347972063971163,1.8016392883754204,3.3047619047619046,3.1678296249359845,0.3796429643409811,0.0,0.0,0.0,0.0,0.0,0,0,0,0,0,0.0,0.3238095238095238,0.2610866960063545,0.24058178657889026,0.9341249084065268,0.521545229556122,0.0,0.2728592162554427,0.05048755693800556
1431,102,97.14285714285714,105,1,104,0,0,0.009523809523809525,2.9337807846357524,2.892097110619616,5.822767904237904,2.2720655673473193,1.0887429556377966,1.732933542166972,3.3047619047619046,3.1678296249359845,0.3848448250993628,0.7913599729779797,0.00856810894699427,1.0,0.20864002702202034,0.007239303366022076,0,1,0,0,0,0.0,0.34285714285714286,0.2738913365455688,0.2207043900264688,0.9283954191009087,0.5345973277660673,0.009523809523809525,0.29172714078374457,0.05065648699337788
1432,102,97.14285714285714,105,1,104,0,0,0.009523809523809525,2.9208898398921077,2.877494066853806,5.868503148312239,2.2730821483640815,1.1006088815575992,1.7776546977698842,3.3047619047619046,3.1678296249359845,0.38872317594906236,0.9647960902151986,0.008620509040297354,1.0,0.03520390978480137,0.01072815105097824,0,1,0,0,0,1.0,0.3523809523809524,0.2799078481324346,0.213298089938861,0.9241680881337919,0.5457294310740237,0.009523809523809525,0.3109579100145138,0.05060813404696489
1433,101,96.19047619047619,105,1,104,0,0,0.009523809523809525,2.922511212475345,2.8742924632134432,6.045264023361348,2.2739946113077036,1.1284098080777614,1.8395561865193095,3.3047619047619046,3.1678296249359845,0.38975813616707566,0.761691661048459,0.008065269487486296,1.0,0.23830833895154102,-0.05681999037413199,0,1,0,0,0,0.0,0.3523809523809524,0.2844011916108433,0.21819342969359626,0.9243908873023425,0.5349491803386723,0.009523809523809525,0.3109579100145138,0.05063069354560339
1434,102,97.14285714285714,105,0,105,0,0,0.0,2.918305278837444,2.870493010401082,5.8958323219134146,2.274704198713412,1.1483167173594802,1.8843292610292148,3.3047619047619046,3.1678296249359845,0.38667125624355236,0.0,0.0,0.0,0.0,0.0,0,0,0,0,0,0.0,0.3619047619047619,0.27923904126062254,0.21893168773461036,0.9210754211424511,0.5297680505905717,0.0,0.3109579100145138,0.050620903137440304
1435,101,96.19047619047619,105,1,104,0,0,0.009523809523809525,2.9130368617130613,2.8665677461047854,5.955475699839634,2.2752431891065075,1.1613904922267126,1.9188319916337095,3.3047619047619046,3.1678296249359845,0.38777817901181444,0.9981625534830845,0.006430204333333776,1.0,0.0018374465169155307,0.06491994832373538,0,1,0,0,0,1.0,0.3333333333333333,0.28056029766733703,0.21772491265344157,0.9143699756208961,0.5282552258063131,0.009523809523809525,0.3341799709724238,0.050603098200492413
1436,102,97.14285714285714,105,0,105,0,0,0.0,2.910418055689849,2.8635653947550788,6.120227933473584,2.275737659646227,1.155429757024305,1.9037372503651937,3.3047619047619046,3.1678296249359845,0.3871706907517618,0.0,0.0,0.0,0.0,0.0,0,0,0,0,0,0.0,0.34285714285714286,0.28267246670598234,0.20654625567777576,0.9165394011143776,0.5307512349771036,0.0,0.3341799709724238,0.05059783616249826
1437,102,97.14285714285714,105,1,104,0,0,0.009523809523809525,2.9334980133275566,2.8809666037935155,5.9197559784152824,2.2767911138223926,1.1577682765359631,1.8870288628639216,3.3047619047619046,3.1678296249359845,0.38920982499338375,0.7049427501116012,0.008383788132297981,1.0,0.29505724988839876,0.014378004374360875,0,1,0,0,0,0.0,0.34285714285714286,0.28144552837994347,0.21187505427661252,0.9013936339827809,0.5334952122086168,0.009523809523809525,0.3153120464441219,0.05072992176742565
1438,103,98.0952380952381,105,0,105,0,0,0.0,2.9208545479235117,2.869845753055121,5.568954899291557,2.2773957095850146,1.1550302433704582,1.9049063981879968,3.3047619047619046,3.1678296249359845,0.38671229611769387,0.0,0.0,0.0,0.0,0.0,0,0,0,0,0,0.0,0.3523809523809524,0.27427662733233427,0.21272725264977704,0.8902245570960908,0.5337732860199716,0.0,0.353410740203193,0.05067628072224514
1439,103,98.0952380952381,105,0,105,0,0,0.0,2.9330075725755327,2.879736223738585,5.909988317052299,2.278231803392242,1.110435160251984,1.8523454084269964,3.3047619047619046,3.1678296249359845,0.39155184500079,0.0,0.0,0.0,0.0,0.0,0,0,0,0,0,0.0,0.34285714285714286,0.2842298493925033,0.21104892111998724,0.8963997563467898,0.5358644415660795,0.0,0.3534107402031931,0.05075028885916405
1440,104,99.04761904761905,105,0,105,0,0,0.0,2.950000264522442,2.895815378722154,6.051275015261003,2.27944889936016,1.088441094941841,1.8324605877766296,3.3047619047619046,3.1678296249359845,0.39232090544972475,0.0,0.0,0.0,0.0,0.0,0,0,0,0,0,0.0,0.34285714285714286,0.28638526611552023,0.21186820442089752,0.8846498990436253,0.5388077863680082,0.0,0.3153120464441219,0.05085453008221641
1441,104,99.04761904761905,105,0,105,0,0,0.0,2.968474972347775,2.914682534739324,6.161077657600249,2.2811055832875966,1.091574795279258,1.8329643281466463,3.3047619047619046,3.1678296249359845,0.39026844546831363,0.0,0.0,0.0,0.0,0.0,0,0,0,0,0,0.0,0.3142857142857143,0.2845041855092183,0.20816823626536038,0.9000330675648831,0.5330862787556945,0.0,0.3153120464441219,0.05097314408346551
1442,104,99.04761904761905,105,1,104,0,0,0.009523809523809525,2.9639830517454344,2.9107282103911922,6.066772198585151,2.2826135495057684,1.095158961393986,1.843614428457116,3.3047619047619046,3.1678296249359845,0.3933462679889195,0.9997392748161236,0.009778504800617392,1.0,0.0002607251838764313,0.04648073855241952,0,1,0,0,0,1.0,0.34285714285714286,0.2856833278306105,0.21009135632168446,0.8968126787463906,0.5400516024102411,0.009523809523809525,0.3341799709724238,0.05097456938075045
1443,104,99.04761904761905,105,0,105,0,0,0.0,2.9487302472800354,2.894938793476615,6.152855012576744,2.2836696242405354,1.08847915902825,1.8359552139136608,3.3047619047619046,3.1678296249359845,0.3943922094551269,0.0,0.0,0.0,0.0,0.0,0,0,0,0,0,0.0,0.34285714285714286,0.2889084332158295,0.204486847469559,0.8954452708147842,0.5419329002016987,0.0,0.3341799709724238,0.05091503268257816
1444,104,99.04761904761905,105,0,105,0,0,0.0,2.930627778805761,2.876928604104264,6.045196527885838,2.284235818635437,1.078268970842887,1.8410639502979431,3.3047619047619046,3.1678296249359845,0.39333250896384864,0.0,0.0,0.0,0.0,0.0,0,0,0,0,0,0.0,0.34285714285714286,0.28755543146256857,0.20474685161401546,0.9182709308931324,0.5387547491829447,0.0,0.3109579100145138,0.050833488377095
1445,104,99.04761904761905,105,0,105,0,0,0.0,2.9233770496505866,2.869725523524642,5.816245265096203,2.284601531900155,1.1061682417322398,1.8585726468346113,3.3047619047619046,3.1678296249359845,0.39094314668414043,0.0,0.0,0.0,0.0,0.0,0,0,0,0,0,0.0,0.34285714285714286,0.28179687940488535,0.21384448067013456,0.8953233155997994,0.5368652708975367,0.0,0.3109579100145138,0.05080302731789015
1446,104,99.04761904761905,105,0,105,0,0,0.0,2.9317826705514176,2.877313478715113,5.812184246423792,2.285147958785691,1.1027637922517644,1.8505306941971054,3.3047619047619046,3.1678296249359845,0.3917567980858625,0.0,0.0,0.0,0.0,0.0,0,0,0,0,0,0.0,0.3238095238095238,0.28232763906171665,0.21626347107562838,0.8890737878869575,0.5359801168758243,0.0,0.3490566037735849,0.050853710358773625
1447,105,100.0,105,0,105,0,0,0.0,2.9294973010425354,2.8753479453236723,5.647412670219147,2.285627263999219,1.1038812827384208,1.8312896821859386,3.3047619047619046,3.1678296249359845,0.38997926272392247,0.0,0.0,0.0,0.0,0.0,0,0,0,0,0,0.0,0.3238095238095238,0.277852650105131,0.21465368705860394,0.9144399434674247,0.5392367157709835,0.0,0.3109579100145138,0.05084987529750321
1448,105,100.0,105,0,105,0,0,0.0,2.960000070844931,2.904810921916269,6.376671557176432,2.28683805516091,1.0648515204631634,1.8012761204766348,3.3047619047619046,3.1678296249359845,0.3966044128583992,0.0,0.0,0.0,0.0,0.0,0,0,0,0,0,0.0,0.3238095238095238,0.2927240810914939,0.19957038217919232,0.9170300597674989,0.547104159732699,0.0,0.3109579100145138,0.051021567047073266
1449,105,100.0,105,0,105,0,0,0.0,2.960179648315279,2.9051813006044322,6.72114178715514,2.288019876894131,1.0797915012746888,1.8336494943152897,3.3047619047619046,3.1678296249359845,0.3997645313159992,0.0,0.0,0.0,0.0,0.0,0,0,0,0,0,0.0,0.3333333333333333,0.300750983189153,0.19694901472684342,0.9006569168266081,0.5467908854840918,0.0,0.3109579100145138,0.051041183983914454
1450,105,100.0,105,0,105,0,0,0.0,2.9870170561052385,2.9317737484963464,6.868141578920785,2.289838183282225,1.0624000333140884,1.7933846464391094,3.3047619047619046,3.1678296249359845,0.4010253801553212,0.0,0.0,0.0,0.0,0.0,0,0,0,0,0,0.0,0.3238095238095238,0.3017775699393717,0.19719810977877222,0.8998823883731171,0.5522558530177885,0.0,0.3109579100145138,0.05120417144708133
1451,105,100.0,105,0,105,0,0,0.0,2.941300090422201,2.8867745059314758,6.486701633872032,2.2904584893523126,1.1018629312051895,1.8252874532295031,3.3047619047619046,3.1678296249359845,0.39958614139715776,0.0,0.0,0.0,0.0,0.0,0,0,0,0,0,0.0,0.3142857142857143,0.2978128493607142,0.20061620148944861,0.9151570458018533,0.5503836505800953,0.0,0.3109579100145138,0.0509854117383929
1452,105,100.0,105,0,105,0,0,0.0,2.9341710446705953,2.8779479178831173,6.394537836965886,2.2908354561660933,1.0760433124631397,1.7781074727737298,3.3047619047619046,3.1678296249359845,0.40220450577503986,0.0,0.0,0.0,0.0,0.0,0,0,0,0,0,0.0,0.3333333333333333,0.29969673859816326,0.20694032751154368,0.8811812371060583,0.5497299463689594,0.0,0.3109579100145138,0.050955737342836434
1453,105,100.0,105,0,105,0,0,0.0,2.966320415494115,2.908621431221258,7.018260242750284,2.2919778290274975,1.061809311765794,1.7769875611177297,3.3047619047619046,3.1678296249359845,0.4063828670469012,0.0,0.0,0.0,0.0,0.0,0,0,0,0,0,0.0,0.34285714285714286,0.3111135385730297,0.20242181716765428,0.8819012213836744,0.5567823274322082,0.0,0.3109579100145138,0.051134578409919425
1454,105,100.0,105,0,105,0,0,0.0,3.026166337565421,2.964549952225918,7.587927655215125,2.29450138966871,1.0200443766785081,1.6956036917332178,3.3047619047619046,3.1678296249359845,0.4136553000414742,0.0,0.0,0.0,0.0,0.0,0,0,0,0,0,0.0,0.34285714285714286,0.3225878703317612,0.20551421716268967,0.8870861969359001,0.5600857185835818,0.0,0.3109579100145138,0.051473779071073734
1455,104,99.04761904761905,105,1,104,0,0,0.009523809523809525,3.0407488903049096,2.980548188819226,7.773445925825652,2.297284904845949,1.051359316950733,1.7360396217332072,3.3047619047619046,3.1678296249359845,0.4148608687965638,0.9981175978813944,0.009832950954332082,1.0,0.001882402118605575,0.025882293072921225,0,1,0,0,0,1.0,0.3238095238095238,0.3256498235111993,0.204587232511435,0.8829755721097754,0.5520475084479067,0.009523809523809525,0.3109579100145138,0.05159078034397076
1456,103,98.0952380952381,105,1,104,0,0,0.009523809523809525,3.041353545946009,2.9876936395873175,7.88940802882584,2.300078346638203,1.0620368984998063,1.767145091059149,3.3047619047619046,3.1678296249359845,0.4127672020951165,0.859291783388219,0.008324464637516776,1.0,0.140708216611781,0.04083727394684522,0,1,0,0,0,0.0,0.3333333333333333,0.3244460961777303,0.20166527273933824,0.8830772919763911,0.5486162274078553,0.009523809523809525,0.3109579100145138,0.05163804936050144
1457,102,97.14285714285714,105,1,104,0,0,0.009523809523809525,3.0373302893404555,2.9779992336468797,7.825565015538085,2.3028288455104313,1.0996747197253725,1.829393244926941,3.3047619047619046,3.1678296249359845,0.4129581731537786,0.8374428574957645,0.007885482926994697,1.0,0.16255714250423547,0.0037256210241880527,0,1,0,0,0,0.0,0.3333333333333333,0.3243129213081279,0.22476280759511255,0.8928117576631114,0.5272390556306399,0.009523809523809525,0.3490566037735849,0.051661498636527664
1458,102,97.14285714285714,105,0,105,0,0,0.0,3.0120864041533264,2.9536153421197415,7.69421919032429,2.304731552582239,1.085641368710677,1.8328725839490785,3.3047619047619046,3.1678296249359845,0.4125093182808899,0.0,0.0,0.0,0.0,0.0,0,0,0,0,0,0.0,0.34285714285714286,0.32320322122882544,0.21713228207319035,0.8981071508933042,0.5321883415954826,0.0,0.3109579100145138,0.05156541646974025
1459,102,97.14285714285714,105,0,105,0,0,0.0,3.0126744674718062,2.9547795830220487,7.731432783981147,2.3066034900703176,1.126922650080526,1.881193643462072,3.3047619047619046,3.1678296249359845,0.40865795166483077,0.0,0.0,0.0,0.0,0.0,0,0,0,0,0,0.0,0.3333333333333333,0.31890742120259075,0.21697584165217204,0.9000632868331552,0.5293617695324689,0.0,0.23476052249637153,0.051598006681486466
1460,103,98.0952380952381,105,0,105,0,0,0.0,3.0239158942174846,2.96445057847216,8.020508678029122,2.308661216295205,1.1224806712648165,1.8524725928447596,3.3047619047619046,3.1678296249359845,0.41207336347517876,0.0,0.0,0.0,0.0,0.0,0,0,0,0,0,0.0,0.3333333333333333,0.32618210536109543,0.23243571595074664,0.9083848117128381,0.5251855013679492,0.0,0.2728592162554427,0.05168680644569089
1461,104,99.04761904761905,105,0,105,0,0,0.0,3.0079776522189015,2.9486538213273916,7.71484690216755,2.3102534257770504,1.1372283704538604,1.8783785551996572,3.3047619047619046,3.1678296249359845,0.40834148157383865,0.0,0.0,0.0,0.0,0.0,0,0,0,0,0,0.0,0.3238095238095238,0.3207355786211486,0.23639452777427955,0.8786049971126637,0.5184940811339745,0.0,0.2728592162554426,0.051632334477526444
1462,105,100.0,105,0,105,0,0,0.0,3.0162837514019896,2.9566084704636357,7.897845963842129,2.3119967885607577,1.1068012070822781,1.850414484478882,3.3047619047619046,3.1678296249359845,0.41164388148541,0.0,0.0,0.0,0.0,0.0,0,0,0,0,0,0.0,0.3333333333333333,0.32551030976434336,0.22673836071365727,0.8883757420612688,0.5283078491059152,0.0,0.2772133526850508,0.05170147835480808
1463,105,100.0,105,0,105,0,0,0.0,3.0021163835862086,2.9444755567548406,7.650012409363523,2.313377444553865,1.0835645870186674,1.8368892221847692,3.3047619047619046,3.1678296249359845,0.4100191563577207,0.0,0.0,0.0,0.0,0.0,0,0,0,0,0,0.0,0.3142857142857143,0.32111781365331304,0.21257698071361072,0.8817575199061818,0.5336157347079507,0.0,0.2772133526850508,0.05165250993051323
1464,104,99.04761904761905,105,1,104,0,0,0.009523809523809525,2.982860961616382,2.928553534813105,7.399241461357803,2.3142433830536966,1.1418008803283681,1.8601210040660827,3.3047619047619046,3.1678296249359845,0.40576332595105025,0.22887952791293587,0.00849142406473329,0.0,0.22887952791293587,-0.04211984694910553,0,1,0,0,0,0.0,0.3238095238095238,0.3140065681573077,0.2364578101830958,0.8857124815252617,0.5149686975007625,0.009523809523809525,0.2772133526850508,0.05156994854882979
1465,104,99.04761904761905,105,0,105,0,0,0.0,3.0006696359485305,2.94394963902538,7.114122937651356,2.3155395426187946,1.1109106002644746,1.8047649027842643,3.3047619047619046,3.1678296249359845,0.4094123288151046,0.0,0.0,0.0,0.0,0.0,0,0,0,0,0,0.0,0.3047619047619048,0.31279054683661567,0.25481776373706805,0.8851248812590697,0.5178797824347787,0.0,0.3109579100145138,0.05167952198383534
1466,104,99.04761904761905,105,0,105,0,0,0.0,3.008626887643672,2.9523823719900584,7.424844638002011,2.31700834974764,1.111373953468818,1.8254902233412003,3.3047619047619046,3.1678296249359845,0.4102571231386307,0.0,0.0,0.0,0.0,0.0,0,0,0,0,0,0.0,0.3333333333333333,0.31696344735845655,0.2444680923355591,0.8851248812590697,0.5206001721430158,0.0,0.3109579100145138,0.05174257289599142
1467,104,99.04761904761905,105,0,105,0,0,0.0,3.008362812807542,2.952002135730885,7.854328098979212,2.318420991379635,1.1033208270432406,1.811250933226948,3.3047619047619046,3.1678296249359845,0.4142688265857313,0.0,0.0,0.0,0.0,0.0,0,0,0,0,0,0.0,0.34285714285714286,0.3264233776132462,0.22601178512293604,0.8847319732779511,0.5329233376282856,0.0,0.3109579100145138,0.051763627561867025
1468,104,99.04761904761905,105,0,105,0,0,0.0,3.022312691985014,2.9654043568194024,8.169466039809361,2.32012853055555,1.090682022384081,1.8003760427508055,3.3047619047619046,3.1678296249359845,0.4164109536198535,0.0,0.0,0.0,0.0,0.0,0,0,0,0,0,0.0,0.34285714285714286,0.33213230816784617,0.22490040255044758,0.8847319732779511,0.5362627603241459,0.0,0.3109579100145138,0.0518604229236904
1469,105,100.0,105,0,105,0,0,0.0,3.0383184492984068,2.980635635825851,8.493389422561137,2.322167978574492,1.0601325645124202,1.7729575100135198,3.3047619047619046,3.1678296249359845,0.4176530659530826,0.0,0.0,0.0,0.0,0.0,0,0,0,0,0,0.0,0.3333333333333333,0.33785511785749933,0.22357428700680418,0.8847319732779511,0.5372905455826368,0.0,0.3109579100145138,0.05197275482952197
1470,105,100.0,105,0,105,0,0,0.0,3.043425147106315,2.9859934117264166,8.252250992492487,2.3242786005246767,1.0405535823449081,1.7506393052570524,3.3047619047619046,3.1678296249359845,0.4189046794856526,0.0,0.0,0.0,0.0,0.0,0,0,0,0,0,0.0,0.34285714285714286,0.3356158997449545,0.2371938801886849,0.8743938592422843,0.5407502180061466,0.0,0.3109579100145138,0.05203171877226569
1471,105,100.0,105,0,105,0,0,0.0,3.0915840432402413,3.031674040973001,8.853204478789909,2.327480029172358,0.9819903044818774,1.673234734948604,3.3047619047619046,3.1678296249359845,0.42634810888416896,0.0,0.0,0.0,0.0,0.0,0,0,0,0,0,0.0,0.34285714285714286,0.34763470198184565,0.23664919046001412,0.8743938592422843,0.5471926268699328,0.0,0.3109579100145138,0.052323221155496535
1472,105,100.0,105,0,105,0,0,0.0,3.0943252977506144,3.0330795403393607,9.576318689140452,2.330615661075161,0.9551856171745986,1.662987544815914,3.3047619047619046,3.1678296249359845,0.43394310974213934,0.0,0.0,0.0,0.0,0.0,0,0,0,0,0,0.0,0.34285714285714286,0.3652775620960831,0.2269544622733339,0.8610245385985975,0.5578808582552113,0.0,0.3153120464441219,0.052386593166221365
1473,105,100.0,105,0,105,0,0,0.0,3.09870377562899,3.0371158744207243,9.652478481094677,2.333754252851051,0.9388475163282781,1.6282156206922491,3.3047619047619046,3.1678296249359845,0.43293500044024635,0.0,0.0,0.0,0.0,0.0,0,0,0,0,0,0.0,0.3142857142857143,0.36449847059970136,0.21893725167548594,0.8615439752272465,0.5571252963148897,0.0,0.3153120464441219,0.052458198175654475
1474,105,100.0,105,0,105,0,0,0.0,3.1178855859296855,3.054517722733331,10.27732261445991,2.3372344281117656,0.9232365889687534,1.6365024172223666,3.3047619047619046,3.1678296249359845,0.4378232742010282,0.0,0.0,0.0,0.0,0.0,0,0,0,0,0,0.0,0.3333333333333333,0.3751227558596143,0.21172338505671315,0.872087711219983,0.5605487984077828,0.0,0.3153120464441219,0.05260923023861225
1475,104,99.04761904761905,105,1,104,0,0,0.009523809523809525,3.155742649090235,3.098671046009053,10.959547519744476,2.341581739702833,0.9071957503462219,1.6273488669023501,3.3047619047619046,3.1678296249359845,0.43784193913706093,0.8687110311418178,0.006767521190360268,1.0,0.1312889688581822,0.021370255458599496,0,1,0,0,0,0.0,0.3142857142857143,0.3792339310229131,0.20439238014718558,0.8855365382214463,0.566779792809038,0.009523809523809525,0.3153120464441219,0.05286737326665006
1476,104,99.04761904761905,105,0,105,0,0,0.0,3.1994016900022255,3.1404559995950465,11.647410094291178,2.3469918560710354,0.8917347364370914,1.6212817897723362,3.3047619047619046,3.1678296249359845,0.44239972999781396,0.0,0.0,0.0,0.0,0.0,0,0,0,0,0,0.0,0.3142857142857143,0.3892818929703169,0.20134588833767392,0.9008674123845847,0.5710466914257959,0.0,0.3153120464441219,0.053171360105737725
1477,104,99.04761904761905,105,0,105,0,0,0.0,3.1885254470994324,3.130738405021299,12.076873315058357,2.351984319698393,0.8848100396761631,1.6466491546572273,3.3047619047619046,3.1678296249359845,0.44411285450935933,0.0,0.0,0.0,0.0,0.0,0,0,0,0,0,0.0,0.3333333333333333,0.39675218917403116,0.1877849299104938,0.8829306484063809,0.575302017755102,0.0,0.3153120464441219,0.05319605526212455
1478,104,99.04761904761905,105,0,105,0,0,0.0,3.2017936967524725,3.1428503532459247,12.38554567906449,2.357125579291162,0.88094544451796,1.6297734396686865,3.3047619047619046,3.1678296249359845,0.4465268207583253,0.0,0.0,0.0,0.0,0.0,0,0,0,0,0,0.0,0.3619047619047619,0.4027965886929011,0.1960524497472894,0.8787792164640322,0.5721180583263722,0.0,0.3153120464441219,0.05334382968262705
1479,104,99.04761904761905,105,0,105,0,0,0.0,3.19524508633681,3.137034333285513,12.619462663373413,2.3619565792568173,0.8939624753542225,1.6531284159474877,3.3047619047619046,3.1678296249359845,0.4480619495657947,0.0,0.0,0.0,0.0,0.0,0,0,0,0,0,0.0,0.34285714285714286,0.4074031732110948,0.19531238778545876,0.9002621874419154,0.575831340830795,0.0,0.3109579100145138,0.05338760555459507
1480,104,99.04761904761905,105,1,104,0,0,0.009523809523809525,3.2028739988105617,3.1490719720941884,12.116961232259879,2.3668441495211825,0.9258725388865071,1.6116421158060739,3.3047619047619046,3.1678296249359845,0.44591563791913225,0.8985505949148206,0.00899704093459891,1.0,0.10144940508517941,0.023264984009239598,0,1,0,0,0,0.0,0.3619047619047619,0.3983124833809051,0.21352233535972953,0.8954717631741316,0.5664526254783371,0.009523809523809525,0.33018867924528306,0.0535031650663509
1481,103,98.0952380952381,105,1,104,0,0,0.009523809523809525,3.1959792734547587,3.1317639574640763,12.044994204360767,2.371521776443117,0.9851985894352256,1.7991864042243177,3.3047619047619046,3.1678296249359845,0.44668980849800777,0.9999876804366539,0.004731114987435439,1.0,1.231956334613038e-05,0.047361981014101606,0,1,0,0,0,1.0,0.3619047619047619,0.3999430773061833,0.226107652872447,0.8943292832973039,0.5590788998963993,0.009523809523809525,0.33454281567489114,0.05354278106526039
1482,103,98.0952380952381,105,0,105,0,0,0.0,3.227788754066212,3.1618566188534483,12.53543011494078,2.376525791583175,0.9990856950241662,1.7867956678459906,3.3047619047619046,3.1678296249359845,0.4475438573263304,0.0,0.0,0.0,0.0,0.0,0,0,0,0,0,0.0,0.34285714285714286,0.4033465161581861,0.21936749756471757,0.8959379012200199,0.5593852499805778,0.0,0.3345428156748911,0.053781087805339176
1483,103,98.0952380952381,105,0,105,0,0,0.0,3.2438553219352095,3.177218975176865,12.458072407162609,2.3817606106689504,1.0203785626809452,1.7689125190920565,3.3047619047619046,3.1678296249359845,0.4478217890545597,0.0,0.0,0.0,0.0,0.0,0,0,0,0,0,0.0,0.3238095238095238,0.4018952818950691,0.22829428771321003,0.8995348168947801,0.5513379487323995,0.0,0.3345428156748911,0.05394433571958966
1484,102,97.14285714285714,105,1,104,0,0,0.009523809523809525,3.229675131907262,3.160042539540362,11.590900033800605,2.386502219083072,1.031723322426296,1.8052827875069781,3.3047619047619046,3.1678296249359845,0.4432185465749934,0.9871895537860066,0.008435406327196093,1.0,0.01281044621399341,0.06721620228511838,0,1,0,0,0,1.0,0.2761904761904762,0.3894488786894011,0.22440669396622756,0.8854935872371378,0.557464389157704,0.009523809523809525,0.37264150943396224,0.05394853780747043
1485,102,97.14285714285714,105,1,104,0,0,0.009523809523809525,3.253835528478831,3.1812995410977414,12.750532514020005,2.3915869239842227,1.0153854504682982,1.798002194032265,3.3047619047619046,3.1678296249359845,0.44820467867859026,0.647953207610606,0.006075011865982721,1.0,0.35204679238939396,0.0151919549353694,0,1,0,0,0,0.0,0.29523809523809524,0.40577066968613534,0.2154076998234417,0.8651732782069241,0.5634026318056846,0.009523809523809525,0.41074020319303334,0.05414987718442788
1486,103,98.0952380952381,105,0,105,0,0,0.0,3.2482183247501535,3.1759356756647055,13.254189028843744,2.396312109862249,1.0124633100585476,1.7834431143324831,3.3047619047619046,3.1678296249359845,0.44957252276814863,0.0,0.0,0.0,0.0,0.0,0,0,0,0,0,0.0,0.3047619047619048,0.4137195370991206,0.21881377213630585,0.8937150157493179,0.5607455917561796,0.0,0.3345428156748911,0.0541966340848232
1487,103,98.0952380952381,105,0,105,0,0,0.0,3.249042081824561,3.176758109740198,12.756312674946976,2.4009084525504294,0.9976885714339677,1.7717243003616983,3.3047619047619046,3.1678296249359845,0.44800262847923245,0.0,0.0,0.0,0.0,0.0,0,0,0,0,0,0.0,0.3047619047619048,0.40640088394235613,0.21992890478569788,0.8797969248583378,0.5617948890629219,0.0,0.37264150943396224,0.054273555022865114
1488,103,98.0952380952381,105,0,105,0,0,0.0,3.2659731881416225,3.192959285269205,13.27743118719901,2.405769771443666,1.0199115758917405,1.7964777811656545,3.3047619047619046,3.1678296249359845,0.44909147560164775,0.0,0.0,0.0,0.0,0.0,0,0,0,0,0,0.0,0.3238095238095238,0.4113168451443024,0.21681585066195438,0.892465746937186,0.5600612008135187,0.0,0.33454281567489114,0.05443520970448171
1489,104,99.04761904761905,105,0,105,0,0,0.0,3.2779088938838106,3.20440944614242,13.932894552951343,2.410767269307436,1.0256258997099617,1.7649247834483248,3.3047619047619046,3.1678296249359845,0.4535586814920005,0.0,0.0,0.0,0.0,0.0,0,0,0,0,0,0.0,0.3142857142857143,0.42167195881687236,0.21778647625549113,0.8769605259163048,0.5649437684570549,0.0,0.3345428156748911,0.05457404434210966
1490,105,100.0,105,0,105,0,0,0.0,3.2981016154871643,3.225223376195931,13.256241426251616,2.416133934827251,1.0222021171213882,1.7504136561686359,3.3047619047619046,3.1678296249359845,0.4519079583245611,0.0,0.0,0.0,0.0,0.0,0,0,0,0,0,0.0,0.29523809523809524,0.40974380243606445,0.22765786717655406,0.8687438899310429,0.5658810555594675,0.0,0.36828737300435416,0.0547600113602304
1491,104,99.04761904761905,105,1,104,0,0,0.009523809523809525,3.3231994515274934,3.2442181822086997,13.597684234544596,2.421947224774207,0.9987549491726168,1.7030925935719132,3.3047619047619046,3.1678296249359845,0.4543334685159808,0.9295432236706433,0.008631962489177627,1.0,0.07045677632935665,0.024793791429631673,0,1,0,0,0,0.0,0.3047619047619048,0.41483695272573085,0.22099443182336764,0.8851211567376217,0.5702517413972837,0.009523809523809525,0.33018867924528306,0.054977578100993595
1492,104,99.04761904761905,105,0,105,0,0,0.0,3.340981807944171,3.2605466991351886,13.456369558421517,2.4278549145035573,1.0113040554490962,1.6893323201613952,3.3047619047619046,3.1678296249359845,0.45356178219775733,0.0,0.0,0.0,0.0,0.0,0,0,0,0,0,0.0,0.2857142857142857,0.4107916709865246,0.22932601897659108,0.9049249379696023,0.5644419621278534,0.0,0.33018867924528306,0.05516006265577481
1493,104,99.04761904761905,105,0,105,0,0,0.0,3.341884713866923,3.2610608721776084,13.257317399299392,2.433588489188279,1.0498634959922815,1.716028228863091,3.3047619047619046,3.1678296249359845,0.44886388071364025,0.0,0.0,0.0,0.0,0.0,0,0,0,0,0,0.0,0.26666666666666666,0.40324320492639276,0.23017469230100301,0.9018664397850968,0.5542379671163059,0.0,0.353410740203193,0.0552553921241038
1494,104,99.04761904761905,105,0,105,0,0,0.0,3.342912975407831,3.263271318290715,12.48346698388076,2.439196452529023,1.0893236923692295,1.7343515088799304,3.3047619047619046,3.1678296249359845,0.4439362113219645,0.0,0.0,0.0,0.0,0.0,0,0,0,0,0,0.0,0.2761904761904762,0.3893366338544018,0.2479279926207979,0.8765039739056478,0.5453815279309454,0.0,0.3915094339622641,0.05534935879384015
1495,104,99.04761904761905,105,0,105,0,0,0.0,3.3380272694213784,3.2591120530983337,12.118831283430323,2.4445213583977474,1.0895285209662011,1.719831274580755,3.3047619047619046,3.1678296249359845,0.44256933688523636,0.0,0.0,0.0,0.0,0.0,0,0,0,0,0,0.0,0.29523809523809524,0.38264701197345313,0.25819504658176007,0.8733275286379377,0.5422272940750069,0.0,0.3915094339622641,0.055409272236712596
1496,105,100.0,105,0,105,0,0,0.0,3.327163106533024,3.2488746645367526,11.744715462370733,2.4494181378987236,1.0826919423161252,1.6926313606128665,3.3047619047619046,3.1678296249359845,0.43972008959367126,0.0,0.0,0.0,0.0,0.0,0,0,0,0,0,0.0,0.2761904761904762,0.377794736167796,0.2554356003269335,0.8828060757329935,0.5410011812282987,0.0,0.35341074020319296,0.05543251223812068
1497,105,100.0,105,0,105,0,0,0.0,3.3181973099739395,3.2399782807113753,11.773998922245559,2.4539343379421057,1.0909858983644953,1.6885648228747205,3.3047619047619046,3.1678296249359845,0.44066952953901395,0.0,0.0,0.0,0.0,0.0,0,0,0,0,0,0.0,0.3047619047619048,0.3795420114570551,0.2577680062085391,0.8887163640255118,0.5419846235124064,0.0,0.35341074020319296,0.055459216016773075
1498,105,100.0,105,0,105,0,0,0.0,3.3455675527689297,3.265322052073519,11.729269943371754,2.458949750460421,1.0993764434546143,1.713222486231438,3.3047619047619046,3.1678296249359845,0.44129981168109444,0.0,0.0,0.0,0.0,0.0,0,0,0,0,0,0.0,0.3142857142857143,0.37886475395738584,0.2626801966634358,0.8903587802481379,0.5429070697872611,0.0,0.353410740203193,0.055675507092531995
1499,105,100.0,105,0,105,0,0,0.0,3.353190156596932,3.2727982671886564,11.598496644640614,2.4639957502609615,1.0635559447916418,1.6697611637966412,3.3047619047619046,3.1678296249359845,0.44027077910572854,0.0,0.0,0.0,0.0,0.0,0,0,0,0,0,0.0,0.3047619047619048,0.3760708890220087,0.2636651957929626,0.8880194158479464,0.5468020288092601,0.0,0.353410740203193,0.05579354444994987
1500,104,99.04761904761905,105,1,104,0,0,0.009523809523809525,3.3073621554275903,3.2372292244618825,11.137925339191296,2.46778565158752,1.1182037694762423,1.736825419403514,3.3047619047619046,3.1678296249359845,0.43370564408580337,0.6850891491490654,0.004389375123475014,1.0,0.3149108508509346,0.005491824728399375,0,1,0,0,0,0.0,0.29523809523809524,0.3659778520391229,0.25848052459519844,0.9009729302801334,0.5402314628653624,0.009523809523809525,0.33490566037735847,0.05562443325259244
1501,102,97.14285714285714,105,2,103,0,0,0.01904761904761905,3.346416212269087,3.280578411519478,11.000997419183218,2.472597600358144,1.1385472847836042,1.7608203212881817,3.3047619047619046,3.1678296249359845,0.4322354029734823,0.9816574474126946,0.007351353997974658,1.0,0.01834255258730544,0.05466579514203346,0,2,0,0,0,1.0,0.2857142857142857,0.3623984289716033,0.26984758910805606,0.9006928493548197,0.5380680653725123,0.01904761904761905,0.35377358490566035,0.05589592070614621
1502,101,96.19047619047619,105,1,104,0,0,0.009523809523809525,3.3408796206553966,3.2734682517966114,11.060948540651156,2.4772616838098283,1.1830012254605147,1.7969222704546404,3.3047619047619046,3.1678296249359845,0.43012679043885593,0.9837857349617675,0.010494279576518478,1.0,0.016214265038232534,-0.007451226485511553,0,1,0,0,0,1.0,0.3047619047619048,0.3610972422497514,0.28336983343124833,0.8883316711763917,0.5296000857948363,0.009523809523809525,0.3537735849056604,0.05594211285673485
1503,101,96.19047619047619,105,0,105,0,0,0.0,3.346854993898392,3.279340254033754,11.053972124884927,2.481893383958698,1.165763252952391,1.7526703069307357,3.3047619047619046,3.1678296249359845,0.43322157103437964,0.0,0.0,0.0,0.0,0.0,0,0,0,0,0,0.0,0.2857142857142857,0.36390017531636387,0.27701480273171514,0.9030387420263937,0.5394826756098445,0.0,0.35377358490566035,0.05604535190767688
1504,101,96.19047619047619,105,0,105,0,0,0.0,3.358938757260837,3.290787253132486,11.278421747714418,2.4866684568810076,1.1592614145282514,1.7351217930665974,3.3047619047619046,3.1678296249359845,0.434366299537291,0.0,0.0,0.0,0.0,0.0,0,0,0,0,0,0.0,0.29523809523809524,0.36610706194417547,0.2819497071511512,0.8897181856298908,0.5380026841609716,0.0,0.39187227866473145,0.05618140381181172
1505,102,97.14285714285714,105,0,105,0,0,0.0,3.381801683446752,3.3132972109126095,11.305726672156403,2.4918627253175667,1.1680652978859702,1.7441332417903357,3.3047619047619046,3.1678296249359845,0.4318821567598248,0.0,0.0,0.0,0.0,0.0,0,0,0,0,0,0.0,0.2857142857142857,0.3625749584513935,0.28685611461841637,0.9013530723224292,0.5305278862482471,0.0,0.35377358490566035,0.056377991229907304
1506,104,99.04761904761905,105,0,105,0,0,0.0,3.40059330616513,3.3308750823966666,11.690597628616787,2.4973379177960364,1.1645977513149102,1.7213265899586623,3.3047619047619046,3.1678296249359845,0.43436314429722955,0.0,0.0,0.0,0.0,0.0,0,0,0,0,0,0.0,0.29523809523809524,0.36830587399801773,0.2869915951984836,0.8980377139429743,0.5343974032249917,0.0,0.3156748911465892,0.0565586717281768
1507,105,100.0,105,0,105,0,0,0.0,3.443710783810915,3.3733553672406296,12.386030078272695,2.5037162279435874,1.1164880001919502,1.7065387872373876,3.3047619047619046,3.1678296249359845,0.4375969263302164,0.0,0.0,0.0,0.0,0.0,0,0,0,0,0,0.0,0.29523809523809524,0.37518224900875263,0.2813471228634218,0.8821358516943762,0.5367440381227625,0.0,0.35377358490566035,0.05687528611561794
1508,105,100.0,105,0,105,0,0,0.0,3.465246996220144,3.3939002939799385,12.761263981143472,2.5104131467132498,1.0914369538429438,1.673645588899336,3.3047619047619046,3.1678296249359845,0.44246851641373186,0.0,0.0,0.0,0.0,0.0,0,0,0,0,0,0.0,0.29523809523809524,0.38184479468969784,0.28722897783194107,0.8918265239386267,0.5442696019327721,0.0,0.35377358490566035,0.05708904066603572
1509,105,100.0,105,0,105,0,0,0.0,3.4264025672872775,3.3551852224900696,11.847119585833719,2.515916776502992,1.1346856991691694,1.7192821354158563,3.3047619047619046,3.1678296249359845,0.44010746173459103,0.0,0.0,0.0,0.0,0.0,0,0,0,0,0,0.0,0.2761904761904762,0.3743159881916921,0.3057126917232572,0.8861048154042498,0.5363087980575683,0.0,0.3156748911465892,0.05698199132883451
1510,105,100.0,105,0,105,0,0,0.0,3.4241232356063174,3.352651194219138,11.4543286383568,2.521181841719191,1.1626110917290966,1.7436632996623376,3.3047619047619046,3.1678296249359845,0.43873794983848713,0.0,0.0,0.0,0.0,0.0,0,0,0,0,0,0.0,0.29523809523809524,0.3686066342044627,0.30637449444284826,0.8899123056079198,0.536724231954848,0.0,0.3156748911465892,0.05705398881827519
1511,105,100.0,105,0,105,0,0,0.0,3.388528686393858,3.3174816608991318,10.836884498121128,2.5253888299233287,1.1616874632404424,1.7188477317949777,3.3047619047619046,3.1678296249359845,0.43677543016488074,0.0,0.0,0.0,0.0,0.0,0,0,0,0,0,0.0,0.2857142857142857,0.36292493828447975,0.32106769106347366,0.8732977746893393,0.5303579357335022,0.0,0.39187227866473145,0.056942651181537005
1512,105,100.0,105,0,105,0,0,0.0,3.392794670481292,3.3211950983736727,11.157134152396765,2.529556656206756,1.1618596390201072,1.7150176134876483,3.3047619047619046,3.1678296249359845,0.4390033388123966,0.0,0.0,0.0,0.0,0.0,0,0,0,0,0,0.0,0.29523809523809524,0.3676772219076334,0.32805804951063006,0.8741032011132185,0.5292530556301184,0.0,0.31567489114658925,0.05702999591983532
1513,105,100.0,105,0,105,0,0,0.0,3.3770117996540883,3.3062729178391654,10.809204489470751,2.533214285449933,1.1536026925809524,1.7156697992431829,3.3047619047619046,3.1678296249359845,0.43797979424041555,0.0,0.0,0.0,0.0,0.0,0,0,0,0,0,0.0,0.29523809523809524,0.3630745826348308,0.3149462797677212,0.8674279778014742,0.5350228785671926,0.0,0.35377358490566035,0.057009015297067145
1514,105,100.0,105,0,105,0,0,0.0,3.3370842635120916,3.267501909547473,9.65535208150099,2.535773487641135,1.205035220662213,1.7501100057814933,3.3047619047619046,3.1678296249359845,0.431278905168341,0.0,0.0,0.0,0.0,0.0,0,0,0,0,0,0.0,0.3047619047619048,0.34617148403882114,0.31916885940156925,0.8899123056079198,0.531480982747404,0.0,0.3156748911465892,0.05684991319894461
1515,104,99.04761904761905,105,1,104,0,0,0.009523809523809525,3.32125287934449,3.242972141028109,9.728221327908797,2.53784985318408,1.2457362112695736,1.8450581002838644,3.3047619047619046,3.1678296249359845,0.4325295518476764,0.9999999632849521,0.007360213968446485,1.0,3.6715047890822916e-08,0.1327541118888681,0,1,0,0,0,1.0,0.3047619047619048,0.35069567225678067,0.32314267737129443,0.9035047042949835,0.5303555211148161,0.009523809523809525,0.35377358490566035,0.056803644139502285
1516,104,99.04761904761905,105,0,105,0,0,0.0,3.3162606295261,3.2392039317655192,9.702308606613867,2.5395450631085676,1.225026035090645,1.8117491039757039,3.3047619047619046,3.1678296249359845,0.4334500491957922,0.0,0.0,0.0,0.0,0.0,0,0,0,0,0,0.0,0.3142857142857143,0.3510688303107767,0.32075311133132084,0.8781200023718362,0.5357056433949368,0.0,0.3918722786647315,0.05680553357150672
1517,104,99.04761904761905,105,0,105,0,0,0.0,3.3284408199140385,3.2501898037404877,9.808892496250863,2.5414649826364464,1.2080927622709947,1.8255530176027919,3.3047619047619046,3.1678296249359845,0.4344813672024379,0.0,0.0,0.0,0.0,0.0,0,0,0,0,0,0.0,0.3238095238095238,0.35231758400163954,0.3303276821965163,0.8697161845807229,0.5273007615812868,0.0,0.3918722786647315,0.056896844413235954
1518,104,99.04761904761905,105,0,105,0,0,0.0,3.3336091324425228,3.256254531303847,9.901703003645046,2.5434777785738865,1.2451879295715196,1.8809881075830623,3.3047619047619046,3.1678296249359845,0.43260535430817915,0.0,0.0,0.0,0.0,0.0,0,0,0,0,0,0.0,0.3333333333333333,0.3510319804961454,0.31711286436873687,0.8808348504932133,0.5234352509190531,0.0,0.39187227866473145,0.05695456694887624
1519,104,99.04761904761905,105,0,105,0,0,0.0,3.321092174410895,3.245190626397385,10.216429307355352,2.5451464240394888,1.2513932975007684,1.8708915530716956,3.3047619047619046,3.1678296249359845,0.4314828150654504,0.0,0.0,0.0,0.0,0.0,0,0,0,0,0,0.0,0.3238095238095238,0.3530644586528302,0.3044179425536228,0.8956886369146564,0.5187675352959357,0.0,0.35377358490566035,0.05691841208141536
1520,105,100.0,105,0,105,0,0,0.0,3.374726181404685,3.2959906327548127,10.605867868177734,2.5480496157803847,1.2106631015689135,1.8278954980599484,3.3047619047619046,3.1678296249359845,0.434484199135853,0.0,0.0,0.0,0.0,0.0,0,0,0,0,0,0.0,0.3333333333333333,0.3572568720161548,0.2997967290876715,0.8956886369146564,0.5235124490833621,0.0,0.35377358490566035,0.05723256620040271
1521,105,100.0,105,0,105,0,0,0.0,3.415459939370091,3.3353438639576725,11.047532638284908,2.5518581540063745,1.1923805821619964,1.8433377674898865,3.3047619047619046,3.1678296249359845,0.43825866708669614,0.0,0.0,0.0,0.0,0.0,0,0,0,0,0,0.0,0.3047619047619048,0.3627692765244737,0.2904555774486084,0.843239037720238,0.5270315856928074,0.0,0.3918722786647315,0.05749655899132969
1522,105,100.0,105,0,105,0,0,0.0,3.396919840724749,3.3181423392976837,10.65289983721719,2.5551101122348685,1.2024481137010208,1.8804899845106275,3.3047619047619046,3.1678296249359845,0.43467325842696347,0.0,0.0,0.0,0.0,0.0,0,0,0,0,0,0.0,0.3047619047619048,0.3567912543358756,0.2904173147731031,0.8592108755693051,0.5242754815249108,0.0,0.37699564586357037,0.05745536674617937
1523,105,100.0,105,0,105,0,0,0.0,3.4173894058200567,3.33783227401965,10.542600793737618,2.5587580488354127,1.18239190399006,1.8490280140482471,3.3047619047619046,3.1678296249359845,0.4352468629830122,0.0,0.0,0.0,0.0,0.0,0,0,0,0,0,0.0,0.2857142857142857,0.35461211853915964,0.299842892978663,0.8723095934973836,0.527426008941319,0.0,0.3388969521044993,0.05761549477982137
1524,105,100.0,105,0,105,0,0,0.0,3.365228277470702,3.28735547908954,9.826713716546193,2.561011209928814,1.1912908979973564,1.8993068533488513,3.3047619047619046,3.1678296249359845,0.43167155795942835,0.0,0.0,0.0,0.0,0.0,0,0,0,0,0,0.0,0.3142857142857143,0.3472297105135033,0.3011140720981113,0.8812507552020854,0.5264464417067842,0.0,0.35377358490566035,0.05739037729038175
1525,105,100.0,105,0,105,0,0,0.0,3.3612236231471764,3.283233678035626,10.13664964903621,2.563088537409708,1.1961610185468579,1.890417263710649,3.3047619047619046,3.1678296249359845,0.4324676380818715,0.0,0.0,0.0,0.0,0.0,0,0,0,0,0,0.0,0.29523809523809524,0.3522026606438667,0.30433312554099246,0.8744116553864955,0.5234548839758847,0.0,0.3918722786647315,0.05740325711643746
1526,105,100.0,105,0,105,0,0,0.0,3.324295065118416,3.248750917104601,9.555970314540808,2.5642261746022403,1.2556266231264759,1.9419729804234405,3.3047619047619046,3.1678296249359845,0.42691989736969527,0.0,0.0,0.0,0.0,0.0,0,0,0,0,0,0.0,0.2761904761904762,0.3425782331701952,0.3084108260237254,0.8745052738857226,0.5183232655408824,0.0,0.35377358490566035,0.05723663353029833
1527,105,100.0,105,0,105,0,0,0.0,3.3318623807597376,3.2549605627776987,9.568366659725449,2.565485142182952,1.2377648698657082,1.938955189478018,3.3047619047619046,3.1678296249359845,0.4281948558050319,0.0,0.0,0.0,0.0,0.0,0,0,0,0,0,0.0,0.29523809523809524,0.34343404860789534,0.3066325180377954,0.872698095904797,0.5143301937666549,0.0,0.35377358490566035,0.057294411082499996
1528,105,100.0,105,0,105,0,0,0.0,3.332109578166485,3.2556650297034633,9.413397185346735,2.566722080865251,1.2055781850350826,1.9199192029290766,3.3047619047619046,3.1678296249359845,0.4282302768978625,0.0,0.0,0.0,0.0,0.0,0,0,0,0,0,0.0,0.3142857142857143,0.3417524351680469,0.3085684211537817,0.8748537738649251,0.5168844446220694,0.0,0.3007982583454281,0.05731523912454382
1529,105,100.0,105,0,105,0,0,0.0,3.340085155179174,3.2651614865118184,8.952082903662081,2.568160500695205,1.220601177532489,1.9708557879912383,3.3047619047619046,3.1678296249359845,0.4235176138299954,0.0,0.0,0.0,0.0,0.0,0,0,0,0,0,0.0,0.2857142857142857,0.33045777468950127,0.30746425318443155,0.8807500479145103,0.5123165371966578,0.0,0.3156748911465892,0.057377900354359385
1530,105,100.0,105,0,105,0,0,0.0,3.3892650737668344,3.3128431127006754,9.74858930559767,2.5707617319797045,1.2013232966743523,1.906595577430178,3.3047619047619046,3.1678296249359845,0.4271776084598786,0.0,0.0,0.0,0.0,0.0,0,0,0,0,0,0.0,0.26666666666666666,0.3404651047234371,0.3049837221671052,0.8785943699543821,0.5161338814140154,0.0,0.31567489114658925,0.057665001234919425
1531,105,100.0,105,0,105,0,0,0.0,3.3923417285675783,3.3147931627677063,9.940746488333929,2.5733299800999405,1.179281051875207,1.8649236333849828,3.3047619047619046,3.1678296249359845,0.42964958982164325,0.0,0.0,0.0,0.0,0.0,0,0,0,0,0,0.0,0.2761904761904762,0.3453888796297641,0.309524476536665,0.8592250094382017,0.5177606622746229,0.0,0.3007982583454281,0.05772106337132049
1532,105,100.0,105,0,105,0,0,0.0,3.3625320625840462,3.2861527987925485,9.14965575521015,2.575091048147626,1.2245195804674005,1.8922133808041333,3.3047619047619046,3.1678296249359845,0.42480127501947673,0.0,0.0,0.0,0.0,0.0,0,0,0,0,0,0.0,0.29523809523809524,0.33301156464134163,0.3140819198670041,0.8753136584427343,0.5150126654870859,0.0,0.30079825834542817,0.05759990885906776
1533,105,100.0,105,0,105,0,0,0.0,3.373551568619998,3.2971457821513668,9.5482359692415,2.5770749197467855,1.1964312156587233,1.8590883399370821,3.3047619047619046,3.1678296249359845,0.42645706427304253,0.0,0.0,0.0,0.0,0.0,0,0,0,0,0,0.0,0.29523809523809524,0.33852516714184866,0.31107748866775914,0.8689425198925942,0.5177880986470047,0.0,0.30079825834542817,0.05768642922536695
1534,105,100.0,105,0,105,0,0,0.0,3.375361936663834,3.3001425009206273,9.750410616548729,2.5790718904296663,1.178251888489414,1.8440879034575879,3.3047619047619046,3.1678296249359845,0.4271414348978049,0.0,0.0,0.0,0.0,0.0,0,0,0,0,0,0.0,0.3047619047619048,0.3415543830769499,0.30456707693485024,0.8543813150702618,0.5233017096805879,0.0,0.3388969521044993,0.05772711138003292
1535,105,100.0,105,0,105,0,0,0.0,3.4428046381508515,3.3658540433130444,10.989546007136104,2.582670904249179,1.0997958406962292,1.7831423211469637,3.3047619047619046,3.1678296249359845,0.4359058347126439,0.0,0.0,0.0,0.0,0.0,0,0,0,0,0,0.0,0.29523809523809524,0.3596669826333208,0.29287972078543617,0.8468279577036922,0.5390607364212667,0.0,0.3388969521044993,0.05812133020045804
1536,104,99.04761904761905,105,1,104,0,0,0.009523809523809525,3.418444791507485,3.3400005436184013,10.587044916716838,2.585560857594201,1.1505907698596638,1.867339969257348,3.3047619047619046,3.1678296249359845,0.4307256404873776,0.7854500855478759,0.006827367849454957,1.0,0.21454991445212412,-0.0014653250467511203,0,1,0,0,0,0.0,0.3047619047619048,0.35232890267454536,0.28565337497210763,0.8630464488450755,0.5348341038493251,0.009523809523809525,0.3388969521044993,0.05804530536634643
1537,103,98.0952380952381,105,1,104,0,0,0.009523809523809525,3.4460645630417526,3.3777215302149393,11.173275393784955,2.5889633511531445,1.1317364605978348,1.879403305840655,3.3047619047619046,3.1678296249359845,0.4339706435472688,0.6131727682123144,0.0036252519807316473,1.0,0.38682723178768563,0.013289569464172035,0,1,0,0,0,0.0,0.2857142857142857,0.3604725941027975,0.28974053246096226,0.8630464488450755,0.5302565128873726,0.009523809523809525,0.3388969521044993,0.058237296823491144
1538,103,98.0952380952381,105,0,105,0,0,0.0,3.409044731798315,3.3410110720217143,10.78391295222058,2.591619433946096,1.1805571721413115,1.914448593416557,3.3047619047619046,3.1678296249359845,0.4316722298212263,0.0,0.0,0.0,0.0,0.0,0,0,0,0,0,0.0,0.29523809523809524,0.3568814776129972,0.297532856657467,0.8579173175035275,0.5260295900849395,0.0,0.3388969521044993,0.058094267756062926
1539,103,98.0952380952381,105,0,105,0,0,0.0,3.4220239219108115,3.3548256278143667,10.795064097385515,2.5945414738342314,1.1760912521909883,1.9089245290633035,3.3047619047619046,3.1678296249359845,0.4297820015319054,0.0,0.0,0.0,0.0,0.0,0,0,0,0,0,0.0,0.29523809523809524,0.3539852066826175,0.28816043377358386,0.8258641795808181,0.5280768541366275,0.0,0.3388969521044993,0.05820544632923981
1540,103,98.0952380952381,105,0,105,0,0,0.0,3.402128735790585,3.3348289182691873,10.432198355099384,2.596864179125951,1.179864879100811,1.9098950567265878,3.3047619047619046,3.1678296249359845,0.4289060734204786,0.0,0.0,0.0,0.0,0.0,0,0,0,0,0,0.0,0.3142857142857143,0.35063149873182997,0.30457616156654516,0.8411133935325114,0.5231872994598898,0.0,0.3388969521044993,0.0581427600718042
1541,104,99.04761904761905,105,0,105,0,0,0.0,3.381223053557826,3.3145449915372676,9.818314688446543,2.598599256879248,1.181163223124205,1.917448939031217,3.3047619047619046,3.1678296249359845,0.4267172212969428,0.0,0.0,0.0,0.0,0.0,0,0,0,0,0,0.0,0.3047619047619048,0.3433878127983506,0.31063318028096565,0.850685893910023,0.5210453993900697,0.0,0.31567489114658925,0.05806571381418272
1542,105,100.0,105,0,104,1,0,0.0,3.3967720600836575,3.3286246815332037,10.074194604594345,2.6006361867980927,1.1706948597090323,1.9090561192066156,3.3047619047619046,3.1678296249359845,0.4300636309804995,0.730899039772877,0.00900828049507435,1.0,0.26910096022712304,0.016911692435888526,0,0,0,1,0,0.0,0.3333333333333333,0.3480836362185786,0.3104030080836581,0.850685893910023,0.5270283564419275,0.0,0.31567489114658925,0.05817572208151604
1543,105,100.0,105,0,105,0,0,0.0,3.393292336256112,3.3250533927350787,10.145469415220836,2.6025180843718982,1.1792219578642313,1.8919518570143656,3.3047619047619046,3.1678296249359845,0.4292679171424849,0.0,0.0,0.0,0.0,0.0,0,0,0,0,0,0.0,0.3333333333333333,0.3482722142254604,0.3127086042138454,0.8731113744931617,0.5272246835163547,0.0,0.31567489114658925,0.0581881311168053
1544,104,99.04761904761905,105,1,103,1,0,0.009523809523809525,3.374231240276006,3.319810573437982,9.877738666830226,2.6038854285622985,1.1744700904291667,1.938508558353791,3.3047619047619046,3.1678296249359845,0.4272469094121256,0.7900061028488069,0.0070502850294319195,1.0,0.2099938971511931,0.03540959755846795,0,1,0,1,0,0.0,0.3238095238095238,0.3445901721644033,0.3183079126917823,0.88245598439076,0.5203981360217849,0.009523809523809525,0.33454281567489114,0.05811448320407395
1545,103,98.0952380952381,105,1,104,0,0,0.009523809523809525,3.3782219824060147,3.3206173064612887,9.865230435738122,2.6056301995721847,1.1731597035077377,1.9423535447518507,3.3047619047619046,3.1678296249359845,0.4252191503196634,0.9040492461233968,0.007199811495023282,1.0,0.09595075387660323,0.047381201982572785,0,1,0,0,0,0.0,0.3142857142857143,0.34216968579505813,0.3137966038885037,0.8635681219957239,0.5230116423084618,0.009523809523809525,0.33454281567489114,0.058162072601193215
1546,103,98.0952380952381,105,0,105,0,0,0.0,3.3560804699233535,3.299211086409375,9.674498505532522,2.6066989831414173,1.215681170795296,1.974529119893754,3.3047619047619046,3.1678296249359845,0.42144292623167656,0.0,0.0,0.0,0.0,0.0,0,0,0,0,0,0.0,0.3333333333333333,0.33823571286115256,0.3131633911344635,0.8635681219957239,0.51892463615356,0.0,0.33454281567489114,0.05806829366004622
1547,102,97.14285714285714,105,1,104,0,0,0.009523809523809525,3.3347327482292393,3.2705830319681772,8.973813924309145,2.607234586073423,1.2518675561440407,2.0019710031321547,3.3047619047619046,3.1678296249359845,0.41720377211511606,0.9970538769058194,0.012540529268933846,1.0,0.0029461230941806305,0.026095826623827367,0,1,0,0,0,1.0,0.3333333333333333,0.3266670756733611,0.3155751132381486,0.8515228242427283,0.51043919516066,0.009523809523809525,0.32002902757619733,0.057970038545751695
1548,102,97.14285714285714,105,0,105,0,0,0.0,3.3297895171953478,3.2656430765918536,8.910519072302469,2.6074018435241704,1.2545489453668361,2.022235687320782,3.3047619047619046,3.1678296249359845,0.41610589794190456,0.0,0.0,0.0,0.0,0.0,0,0,0,0,0,0.0,0.3142857142857143,0.3244110568915406,0.30170147601329267,0.8617101705468797,0.5116552071322207,0.0,0.35377358490566035,0.05794797160611957
1549,102,97.14285714285714,105,1,104,0,0,0.009523809523809525,3.3352205898487464,3.2629450678585563,9.065725009590093,2.607717456334498,1.262669510166754,2.0154249159356716,3.3047619047619046,3.1678296249359845,0.41450110173623766,0.4013067483366779,0.011698256839849432,0.0,0.4013067483366779,-0.08580385624517106,0,1,0,0,0,0.0,0.3142857142857143,0.3242818455027786,0.2889524250628787,0.8626003726653358,0.5177172174340362,0.009523809523809525,0.32002902757619733,0.05798012600743939
1550,103,98.0952380952381,105,0,105,0,0,0.0,3.3219513305073973,3.2508340689171833,8.73303670908208,2.6074941179722435,1.282032605948542,2.031049299067712,3.3047619047619046,3.1678296249359845,0.4104639667867134,0.0,0.0,0.0,0.0,0.0,0,0,0,0,0,0.0,0.29523809523809524,0.31784278821539924,0.29838863914700925,0.8194330050511374,0.5110057018788066,0.0,0.3918722786647315,0.057910242221330975
1551,103,98.0952380952381,105,0,105,0,0,0.0,3.353794818060506,3.281223100266974,9.000240075333133,2.608047992779055,1.2475827054729733,2.007595607378103,3.3047619047619046,3.1678296249359845,0.4134202495605761,0.0,0.0,0.0,0.0,0.0,0,0,0,0,0,0.0,0.29523809523809524,0.32223846502680525,0.2991425395999839,0.8194330050511374,0.5153783989196206,0.0,0.3918722786647315,0.058078232564204135
1552,104,99.04761904761905,105,0,105,0,0,0.0,3.3460185001144587,3.274129387407708,8.845534387666708,2.608404548385682,1.2315807586141767,1.988649605813208,3.3047619047619046,3.1678296249359845,0.40999720363952763,0.0,0.0,0.0,0.0,0.0,0,0,0,0,0,0.0,0.3047619047619048,0.31803322306924,0.2928330074472389,0.8528838077491347,0.5171140828077995,0.0,0.35377358490566035,0.05804499851154195
1553,104,99.04761904761905,105,0,105,0,0,0.0,3.3523559800021476,3.2800655967536585,8.850044633320369,2.6089002481167785,1.2000066746261306,1.976494774710103,3.3047619047619046,3.1678296249359845,0.4122103052394883,0.0,0.0,0.0,0.0,0.0,0,0,0,0,0,0.0,0.29523809523809524,0.3201004086467688,0.2923001688855767,0.8352485079247355,0.5204577295604741,0.0,0.3581277213352685,0.05808453737244659
1554,105,100.0,105,0,105,0,0,0.0,3.351800775129604,3.279468445071085,8.434642120596912,2.609365111526618,1.2152812158714843,1.9445425136437986,3.3047619047619046,3.1678296249359845,0.41072563815812124,0.0,0.0,0.0,0.0,0.0,0,0,0,0,0,0.0,0.3047619047619048,0.3135831551449907,0.3083354912455247,0.8589205785010541,0.515085837437709,0.0,0.35812772133526855,0.05808912438849007
1555,105,100.0,105,0,105,0,0,0.0,3.3711248843083066,3.2974315191567682,8.947297126960418,2.6102704805215944,1.1776938173405698,1.9372056680380991,3.3047619047619046,3.1678296249359845,0.4111597749627971,0.0,0.0,0.0,0.0,0.0,0,0,0,0,0,0.0,0.29523809523809524,0.31994691255015245,0.2912656999552857,0.8823416954673763,0.5204633117928874,0.0,0.32002902757619733,0.0582000852080025
1556,104,99.04761904761905,105,1,104,0,0,0.009523809523809525,3.4233623948769454,3.343609156145851,10.044310180528585,2.6124190415521165,1.126193075116844,1.8857376882417796,3.3047619047619046,3.1678296249359845,0.4206155718190283,0.9297289112614964,0.00952945892255836,1.0,0.07027108873850363,0.027441786921727163,0,1,0,0,0,0.0,0.3238095238095238,0.33781870741035597,0.27273779258616954,0.8930818346897358,0.5401463993914105,0.009523809523809525,0.32002902757619733,0.05849530413726306
1557,103,98.0952380952381,105,1,104,0,0,0.009523809523809525,3.464038671993073,3.38102151953617,10.576695960121267,2.6154032737909736,1.0945082495305916,1.8587276092608636,3.3047619047619046,3.1678296249359845,0.422857704295555,0.6410935328523543,0.0058201444290742034,1.0,0.35890646714764574,0.017640854262090278,0,1,0,0,0,0.0,0.3142857142857143,0.34310369272831165,0.2633580101379803,0.891745257142926,0.5474380833664123,0.009523809523809525,0.32002902757619733,0.0587459532193134
1558,102,97.14285714285714,105,1,104,0,0,0.009523809523809525,3.490589057772994,3.4160523503969698,10.837484413842336,2.6188711470110944,1.0376818569578112,1.8225436433917004,3.3047619047619046,3.1678296249359845,0.42573098473735294,0.8910488349907012,0.010593179545552492,1.0,0.1089511650092988,-0.007495142228951979,0,1,0,0,0,0.0,0.3047619047619048,0.34687235321750803,0.2669109036160488,0.8949902887234913,0.5503259541409964,0.009523809523809525,0.32002902757619733,0.05893363330582411
1559,101,96.19047619047619,105,1,104,0,0,0.009523809523809525,3.503630519877328,3.4241732475085733,11.241520346198138,2.622784736765842,1.0004447746143237,1.8154665899476943,3.3047619047619046,3.1678296249359845,0.4310319554622286,0.861737143664602,0.004692134021968756,1.0,0.13826285633539803,-0.027844983096197873,0,1,0,0,0,0.0,0.3047619047619048,0.35592902402205734,0.2653106370935812,0.8732127408065785,0.558934679151624,0.009523809523809525,0.3392597968069666,0.05906082854417045
1560,100,95.23809523809524,105,1,104,0,0,0.009523809523809525,3.5164830795305604,3.4479304717622985,11.284730729866824,2.626778131895298,1.0147627856801966,1.8233363127414988,3.3047619047619046,3.1678296249359845,0.4320707164736861,0.6239544774105665,0.00728816118667186,1.0,0.37604552258943347,0.018225763931954297,0,1,0,0,0,0.0,0.3238095238095238,0.3555248549955729,0.26844965823181993,0.8729198706034466,0.5582625944021946,0.009523809523809525,0.3392597968069666,0.059188343319412445
1561,101,96.19047619047619,105,0,104,1,0,0.0,3.5102564127150284,3.4425041183686,10.968824660868364,2.630808408292837,1.0411902734350313,1.8420809684183743,3.3047619047619046,3.1678296249359845,0.42878914857511363,0.518003103212457,0.005140308813122543,1.0,0.481996896787543,-0.002570001254187604,0,0,0,1,0,0.0,0.3142857142857143,0.34896431490161517,0.2714814885983852,0.8707740131046414,0.5507110824921089,0.0,0.3392597968069666,0.05922104613017881
1562,101,96.19047619047619,105,1,104,0,0,0.009523809523809525,3.489180346193955,3.412383745895948,11.107112875577068,2.634196026082781,1.0472510831393804,1.8449483409762262,3.3047619047619046,3.1678296249359845,0.42961683565969144,0.9999653502648935,0.00799853967971566,1.0,3.46497351064734e-05,0.08571329596165278,0,1,0,0,0,1.0,0.3047619047619048,0.35209472838874545,0.2681690804226009,0.8879834437644202,0.5521928882001772,0.009523809523809525,0.32002902757619733,0.059169322777538155
1563,102,97.14285714285714,105,0,105,0,0,0.0,3.468470182354955,3.393281784470541,10.687132595973937,2.6367438924904554,1.082057006873068,1.8531475192643294,3.3047619047619046,3.1678296249359845,0.42836829703716495,0.0,0.0,0.0,0.0,0.0,0,0,0,0,0,0.0,0.3142857142857143,0.3474585927013213,0.2784657819655081,0.8960010842067551,0.5501118201135818,0.0,0.2819303338171263,0.05910612799177621
1564,102,97.14285714285714,105,1,104,0,0,0.009523809523809525,3.44211627749674,3.3636109499520317,9.8635656157323,2.6385973407639494,1.158213973252458,1.911055769479421,3.3047619047619046,3.1678296249359845,0.4204227460834915,0.7376926264113439,0.01081224827193672,1.0,0.2623073735886561,0.007517284846275896,0,1,0,0,0,0.0,0.3142857142857143,0.33192702450743694,0.28767193541411173,0.8873962770890578,0.537033245129393,0.009523809523809525,0.27757619738751815,0.05900371550923044
1565,103,98.0952380952381,105,0,105,0,0,0.0,3.468025292542523,3.3887631067597455,10.588603940635585,2.640891265812325,1.116605382396989,1.8669844162122673,3.3047619047619046,3.1678296249359845,0.42351009537280015,0.0,0.0,0.0,0.0,0.0,0,0,0,0,0,0.0,0.3333333333333333,0.3398263705136764,0.27312340188846684,0.87679056210008,0.5437613799238338,0.0,0.30116110304789545,0.05916959440308749
1566,103,98.0952380952381,105,0,105,0,0,0.0,3.530243894930402,3.4485672017258606,11.094937985352813,2.6446281166932533,1.1026750078055718,1.8460763383160321,3.3047619047619046,3.1678296249359845,0.4262613265665698,0.0,0.0,0.0,0.0,0.0,0,0,0,0,0,0.0,0.2761904761904762,0.34434058598205924,0.2789954796694466,0.8841753198542182,0.5439453225603916,0.0,0.30116110304789545,0.05953987594964975
1567,104,99.04761904761905,105,0,105,0,0,0.0,3.5153522959692305,3.4346580242489715,9.908862131620747,2.647894095269178,1.1518355552148898,1.8745262934832114,3.3047619047619046,3.1678296249359845,0.4201291341692368,0.0,0.0,0.0,0.0,0.0,0,0,0,0,0,0.0,0.29523809523809524,0.32715325161110637,0.3008506369182576,0.8836753027365013,0.5314801982109902,0.0,0.30116110304789545,0.059517148273279995
1568,104,99.04761904761905,105,0,105,0,0,0.0,3.4991803024684107,3.4204425079389638,9.75568901352921,2.650696354538625,1.1889726485353918,1.8960912600977324,3.3047619047619046,3.1678296249359845,0.4143551798295202,0.0,0.0,0.0,0.0,0.0,0,0,0,0,0,0.0,0.29523809523809524,0.320069931442256,0.29469129493460483,0.8836753027365013,0.524940130536017,0.0,0.30116110304789545,0.05948067370542842
1569,102,97.14285714285714,105,3,101,1,0,0.02857142857142857,3.5186397973309416,3.437977341803471,9.836261205452619,2.6539039428685705,1.142874401259236,1.893646658909375,3.3047619047619046,3.1678296249359845,0.41764415420028445,0.9210241785484107,0.008590018992258305,1.0,0.07897582145158927,0.041268082660815775,0,3,0,1,0,0.5,0.29523809523809524,0.32408546767856605,0.3038780216106094,0.8826934704578155,0.532486394387016,0.02857142857142857,0.33490566037735847,0.05962877664642208
1570,101,96.19047619047619,105,1,103,1,0,0.009523809523809525,3.5699014886001383,3.482180124730302,10.953309942442303,2.6582061220436417,1.1111672692537071,1.8805238289572244,3.3047619047619046,3.1678296249359845,0.4244280357066854,0.6514160657278413,0.006586003354005504,0.5,0.33379702641741027,0.017967772749816202,0,1,0,1,0,0.0,0.29523809523809524,0.33925436424531313,0.2881344434643446,0.8826934704578155,0.5417673256169493,0.009523809523809525,0.33490566037735847,0.05995322795598093
1571,100,95.23809523809524,105,1,103,1,0,0.009523809523809525,3.560555069129636,3.4719185329166047,11.172472141097495,2.6620154931763986,1.1370345949355318,1.9226578426210137,3.3047619047619046,3.1678296249359845,0.42455140519507006,0.8486463999842879,0.006748260921227453,1.0,0.15135360001571202,-0.014498691591684931,0,1,0,1,0,0.5,0.2857142857142857,0.3421702224077016,0.2897086366417112,0.8794208435160056,0.530319458248574,0.009523809523809525,0.33490566037735847,0.05996683305226204
1572,99,94.28571428571429,105,1,104,0,0,0.009523809523809525,3.5735047239490783,3.4748197752550554,11.829094843768255,2.6659995020777396,1.1644180317043145,1.9463096946519562,3.3047619047619046,3.1678296249359845,0.42457581065428784,0.9917736603087849,0.011569056972664169,1.0,0.008226339691215112,0.009886062575589438,0,1,0,0,0,1.0,0.2857142857142857,0.3475957090519871,0.2720454990186789,0.8892539511949178,0.5306748574439675,0.009523809523809525,0.33490566037735847,0.06009468463347763
1573,99,94.28571428571429,105,0,105,0,0,0.0,3.5711130903748867,3.472090159156611,11.774095134982154,2.669537100583275,1.1686563388931135,1.9488507334601957,3.3047619047619046,3.1678296249359845,0.42431649836966145,0.0,0.0,0.0,0.0,0.0,0,0,0,0,0,0.0,0.29523809523809524,0.346700959208666,0.26961371167681886,0.8735822926745114,0.5302926871644265,0.0,0.37300435413642963,0.0601387590123415
1574,102,97.14285714285714,105,0,105,0,0,0.0,3.564085225937595,3.464817292218753,11.37254337374181,2.6727783203685895,1.203245138082381,1.9524142841976901,3.3047619047619046,3.1678296249359845,0.4228694169710039,0.0,0.0,0.0,0.0,0.0,0,0,0,0,0,0.0,0.2761904761904762,0.34133126938651787,0.2770987584986418,0.8735822926745114,0.5248012704731395,0.0,0.37300435413642963,0.060154957850439277
1575,103,98.0952380952381,105,0,105,0,0,0.0,3.5351857766868533,3.43770548729295,10.02781516226103,2.675229779202699,1.2517872873513294,1.9784493345474803,3.3047619047619046,3.1678296249359845,0.4169391067181958,0.0,0.0,0.0,0.0,0.0,0,0,0,0,0,0.0,0.26666666666666666,0.3233584179355433,0.28889149561089905,0.8755280321452801,0.5168136886132205,0.0,0.33490566037735847,0.06004928962378059
1576,104,99.04761904761905,105,0,104,1,0,0.0,3.5249859713046785,3.4279272281490827,9.684449337307479,2.6773557731256497,1.2753844824771485,1.973807131695936,3.3047619047619046,3.1678296249359845,0.41210350447328103,0.9124083322635819,0.010565303650831356,1.0,0.08759166773641813,-0.0026036671292126723,0,0,0,1,0,0.0,0.26666666666666666,0.31541956278351074,0.28657607333195423,0.8896284493872371,0.5144616329494754,0.0,0.29680696661828737,0.06003196452952749
1577,105,100.0,105,0,105,0,0,0.0,3.5132258416797373,3.4170373686359,9.266406189504375,2.679138441426666,1.2473568812857103,1.9734660402046178,3.3047619047619046,3.1678296249359845,0.41206907229268985,0.0,0.0,0.0,0.0,0.0,0,0,0,0,0,0.0,0.2761904761904762,0.31248793125580304,0.29825631107259504,0.8683623969829541,0.5155196026555167,0.0,0.33490566037735847,0.060001399828679754
1578,105,100.0,105,0,105,0,0,0.0,3.5100454443167317,3.4140695793213838,8.990899490977547,2.68078942622584,1.203504094929145,1.9202083904587366,3.3047619047619046,3.1678296249359845,0.41283836150286723,0.0,0.0,0.0,0.0,0.0,0,0,0,0,0,0.0,0.2761904761904762,0.31022744544466496,0.30758875613752,0.8812558291332039,0.5207830939193496,0.0,0.29680696661828737,0.060011648034650436
1579,105,100.0,105,0,105,0,0,0.0,3.55714965378674,3.4576800880626672,9.594079779194539,2.6834933159318357,1.2071613501851337,1.9487883697006279,3.3047619047619046,3.1678296249359845,0.4166531944374552,0.0,0.0,0.0,0.0,0.0,0,0,0,0,0,0.0,0.26666666666666666,0.3185438512680217,0.3173054676240742,0.8685352306197057,0.5163251110447382,0.0,0.33490566037735847,0.06028999639156654
1580,103,98.0952380952381,105,2,103,0,0,0.01904761904761905,3.5881868740687786,3.50848829242428,10.119662870033347,2.6868891910080217,1.1905013262274655,1.9606210866919451,3.3047619047619046,3.1678296249359845,0.4199806688952148,0.8394844033886153,0.00936698694286106,1.0,0.1605155966113847,-0.00011393903938183847,0,2,0,0,0,0.5,0.2761904761904762,0.324299992516104,0.3261986065487465,0.8433951230957593,0.5110642078590902,0.01904761904761905,0.37264150943396224,0.06049897026132136
1581,103,98.0952380952381,105,0,105,0,0,0.0,3.5854939353849584,3.5070475796997562,9.98509190390456,2.6906509529783302,1.2085644336831696,1.976324265355166,3.3047619047619046,3.1678296249359845,0.4177054367581041,0.0,0.0,0.0,0.0,0.0,0,0,0,0,0,0.0,0.2857142857142857,0.32140201504922467,0.3229079984243765,0.8438793898743691,0.5110039876966039,0.0,0.37264150943396224,0.060545088672959754
1582,103,98.0952380952381,105,0,105,0,0,0.0,3.5664051422162584,3.4886130121342873,9.45620519329422,2.6938263681844696,1.2382403308046999,2.018422084042834,3.3047619047619046,3.1678296249359845,0.41596183977378964,0.0,0.0,0.0,0.0,0.0,0,0,0,0,0,0.0,0.2761904761904762,0.3160667738790878,0.33569915414226575,0.855551116482774,0.5099249325693747,0.0,0.3345428156748911,0.06049994057892366
1583,103,98.0952380952381,105,0,105,0,0,0.0,3.5799584312507093,3.5024615856141508,9.178555790129254,2.697252151017655,1.2045330339168479,2.0098174315176687,3.3047619047619046,3.1678296249359845,0.4178835761180808,0.0,0.0,0.0,0.0,0.0,0,0,0,0,0,0.0,0.29523809523809524,0.3154511885435922,0.3435835492287142,0.845722010447516,0.5125376718929074,0.0,0.29644412191582,0.06062196850583372
1584,103,98.0952380952381,105,0,105,0,0,0.0,3.6069941489317636,3.529839302063348,9.524111675677311,2.7012632344172114,1.2016329151680603,1.99317196647743,3.3047619047619046,3.1678296249359845,0.4205192795912376,0.0,0.0,0.0,0.0,0.0,0,0,0,0,0,0.0,0.29523809523809524,0.31932462912112597,0.34059744832094474,0.8339661928709632,0.5144594000301267,0.0,0.3345428156748911,0.06082067923834501
1585,105,100.0,105,0,105,0,0,0.0,3.6098271687836365,3.5320007423029285,10.146829475674009,2.705202030123944,1.18912959959798,1.9866802718625562,3.3047619047619046,3.1678296249359845,0.4248393576436078,0.0,0.0,0.0,0.0,0.0,0,0,0,0,0,0.0,0.3142857142857143,0.3296881179644485,0.3319050288113049,0.8584896619005903,0.519972589747362,0.0,0.29644412191582,0.060897231506236174
1586,104,99.04761904761905,105,1,104,0,0,0.009523809523809525,3.6776902749436067,3.6083923086645533,11.12373384762518,2.7106683962688716,1.145906979416579,1.9101841009789402,3.3047619047619046,3.1678296249359845,0.4288529437866879,0.822082476092896,0.008202252033740193,1.0,0.17791752390710402,0.008388099472040222,0,1,0,0,0,0.0,0.2857142857142857,0.3387445192233877,0.32432206114108153,0.8502210576215112,0.5294652497124441,0.009523809523809525,0.353410740203193,0.06132312962010927
1587,104,99.04761904761905,105,0,104,1,0,0.0,3.70166296113889,3.6329024179617257,10.897142492684921,2.7168663670110553,1.1643440347924834,1.904803377738921,3.3047619047619046,3.1678296249359845,0.42735512309184154,0.04953027096987252,0.006243145493215273,0.0,0.04953027096987252,-0.06528047651520752,0,0,0,1,0,1.0,0.2857142857142857,0.33368857164727367,0.3299514897671938,0.8749965935412936,0.5249501461075888,0.0,0.31531204644412186,0.06154116362774356
1588,104,99.04761904761905,105,0,104,1,0,0.0,3.6930698909419193,3.6236033799038467,10.722214223776406,2.7226323344539773,1.1665848248772677,1.9290057141106383,3.3047619047619046,3.1678296249359845,0.42756120145406107,0.0472590791113405,0.00611603244479043,0.0,0.0472590791113405,-0.06959516233280771,0,0,0,1,0,1.0,0.2857142857142857,0.3331461191906068,0.330288278944367,0.8606915456419246,0.5248840947283739,0.0,0.31531204644412186,0.061589526289169236
1589,103,98.0952380952381,105,1,104,0,0,0.009523809523809525,3.645327442426837,3.586020585244781,10.127919948851527,2.7270613109965858,1.20707658632455,1.9702023394058124,3.3047619047619046,3.1678296249359845,0.41936352621483297,0.05094241635981307,0.006501107501805592,0.0,0.05094241635981307,-0.06122155453998679,0,1,0,0,0,0.0,0.2571428571428571,0.3213923467140021,0.34683482967354967,0.8603840899567329,0.5275805286976321,0.009523809523809525,0.3534107402031931,0.061420965262092925
1590,103,98.0952380952381,105,0,104,1,0,0.0,3.603003765314492,3.5443797488539013,9.28882434112558,2.7304965842602082,1.244329663225854,2.031520463555173,3.3047619047619046,3.1678296249359845,0.41334848613355857,0.013331154601669074,0.014845425194559598,0.0,0.013331154601669074,-0.1124006063786882,0,0,0,1,0,1.0,0.29523809523809524,0.3100620198978168,0.35263293302229354,0.8663955058832175,0.5204739880083779,0.0,0.31531204644412186,0.06126375867860248
1591,104,99.04761904761905,105,0,105,0,0,0.0,3.622263294549982,3.5628159210884567,9.75544557734018,2.7342902551402886,1.256457880466779,2.0475211500247057,3.3047619047619046,3.1678296249359845,0.4135275140321786,0.0,0.0,0.0,0.0,0.0,0,0,0,0,0,0.0,0.3047619047619048,0.31422815729593273,0.34317695548849153,0.8492319993229559,0.5194749120798127,0.0,0.353410740203193,0.0614201448397858
1592,104,99.04761904761905,105,0,105,0,0,0.0,3.646867508891537,3.5862424817442373,10.04082405901659,2.7385574398132038,1.2531989899237004,2.0516177906924598,3.3047619047619046,3.1678296249359845,0.4162229775638424,0.0,0.0,0.0,0.0,0.0,0,0,0,0,0,0.0,0.29523809523809524,0.3183602731114467,0.3496925033974729,0.8492319993229559,0.5176725373345894,0.0,0.353410740203193,0.06161075448160325
1593,104,99.04761904761905,105,0,105,0,0,0.0,3.651479194633462,3.5900068088758927,10.409835634687331,2.7427848453219443,1.2369873020410824,2.059790398346619,3.3047619047619046,3.1678296249359845,0.41904263712866996,0.0,0.0,0.0,0.0,0.0,0,0,0,0,0,0.0,0.29523809523809524,0.32483633080543717,0.34109414236227736,0.8492776563836262,0.520217198691951,0.0,0.353410740203193,0.06170077141234889
1594,105,100.0,105,0,105,0,0,0.0,3.6370455465485874,3.5757089115040532,10.22666160600715,2.7465159874036624,1.2118653523656515,2.047870505716332,3.3047619047619046,3.1678296249359845,0.4205592553722741,0.0,0.0,0.0,0.0,0.0,0,0,0,0,0,0.0,0.3142857142857143,0.3251992295403554,0.33810639521849695,0.8628943084611368,0.5271743077549963,0.0,0.31531204644412186,0.06168770128403109
1595,105,100.0,105,0,105,0,0,0.0,3.65504455918375,3.5934300271151276,10.901395339998627,2.750578033061325,1.1683570557395826,2.0242989074517466,3.3047619047619046,3.1678296249359845,0.4239735697966571,0.0,0.0,0.0,0.0,0.0,0,0,0,0,0,0.0,0.3047619047619048,0.3338951675542109,0.31515177080670387,0.8628943084611368,0.5344995327081922,0.0,0.31531204644412186,0.06184203569006784
1596,105,100.0,105,0,105,0,0,0.0,3.634538259550172,3.5723678729641715,10.973836737454423,2.7539776295061906,1.2504925636607043,2.0762892211823156,3.3047619047619046,3.1678296249359845,0.42071198334251125,0.0,0.0,0.0,0.0,0.0,0,0,0,0,0,0.0,0.3142857142857143,0.33247611623651663,0.31506665195536654,0.8821093764678278,0.5282629426420075,0.0,0.31531204644412186,0.0617933509035543
1597,105,100.0,105,0,105,0,0,0.0,3.654937808951338,3.591885772094757,12.034398034589636,2.757764167560406,1.2171617998861244,2.060681207206386,3.3047619047619046,3.1678296249359845,0.4268088181845393,0.0,0.0,0.0,0.0,0.0,0,0,0,0,0,0.0,0.3238095238095238,0.34775386515629975,0.3005728695870992,0.9031668048793262,0.5395898490905822,0.0,0.31531204644412186,0.06195532418768058
1598,105,100.0,105,0,105,0,0,0.0,3.6449436631292595,3.5833509567022803,11.42594001480305,2.7612144598120314,1.2314626420726884,2.078768819164972,3.3047619047619046,3.1678296249359845,0.42498048865168303,0.0,0.0,0.0,0.0,0.0,0,0,0,0,0,0.0,0.3142857142857143,0.34079540659670493,0.31245744018358057,0.8975789718151101,0.5330636832986502,0.0,0.31531204644412186,0.06196000314861712
1599,105,100.0,105,0,105,0,0,0.0,3.6328826644436916,3.5715133920872737,11.251897570860915,2.764255457580567,1.2411811446323993,2.075513014132974,3.3047619047619046,3.1678296249359845,0.42454683054098075,0.0,0.0,0.0,0.0,0.0,0,0,0,0,0,0.0,0.3238095238095238,0.33925331085601823,0.3173814659000315,0.8889400652252751,0.532166195786591,0.0,0.33889695210449927,0.061947864969291944
1600,104,99.04761904761905,105,1,104,0,0,0.009523809523809525,3.6604605983796525,3.592250403247628,12.038444831630315,2.767876364907049,1.2116228779622171,2.0652379851738525,3.3047619047619046,3.1678296249359845,0.42846630505961336,0.8965633427506154,0.016194645072997338,1.0,0.10343665724938456,0.0048985388895599336,0,1,0,0,0,0.0,0.3238095238095238,0.35015579815369957,0.3045373807783816,0.8854101681214948,0.5353032036775449,0.009523809523809525,0.33889695210449927,0.06214310672646163
1601,104,99.04761904761905,105,0,105,0,0,0.0,3.6771678664740812,3.6079032323099214,12.128044874840123,2.771628539383631,1.2104952400400333,2.047108245279083,3.3047619047619046,3.1678296249359845,0.42904387115782616,0.0,0.0,0.0,0.0,0.0,0,0,0,0,0,0.0,0.2857142857142857,0.34988601412785103,0.30374777357404537,0.8829811709222564,0.5348113488497823,0.0,0.33889695210449927,0.062286074314258005
1602,104,99.04761904761905,105,0,105,0,0,0.0,3.686630070672055,3.6165865585456243,11.882728555137803,2.775481909750305,1.2210039971362687,2.1011099987687536,3.3047619047619046,3.1678296249359845,0.42640157214609786,0.0,0.0,0.0,0.0,0.0,0,0,0,0,0,0.0,0.29523809523809524,0.3453135888676901,0.29845748682452466,0.8999728114973717,0.5352133548998513,0.0,0.3007982583454281,0.06239441943926487
1603,104,99.04761904761905,105,0,105,0,0,0.0,3.6731346369365485,3.6035923046360288,11.171253929221649,2.778883903249034,1.2421986162303864,2.1155507323492926,3.3047619047619046,3.1678296249359845,0.42231830073819965,0.0,0.0,0.0,0.0,0.0,0,0,0,0,0,0.0,0.3047619047619048,0.33507311309520726,0.3085363030556364,0.8999728114973717,0.529159632642062,0.0,0.3007982583454281,0.0623808269495329
1604,104,99.04761904761905,105,0,105,0,0,0.0,3.6852780970310586,3.615421202472601,11.093404037837724,2.7824779028538487,1.2447398497763735,2.1072058578873873,3.3047619047619046,3.1678296249359845,0.42105519879249353,0.0,0.0,0.0,0.0,0.0,0,0,0,0,0,0.0,0.2857142857142857,0.33219489312342154,0.3019707532435553,0.8892539729973075,0.5299392162890104,0.0,0.33889695210449927,0.062498470142106154
1605,105,100.0,105,0,105,0,0,0.0,3.6960287446253792,3.6270871848154447,10.824956017072244,2.7862536974302197,1.2270472529468348,2.0898226017333332,3.3047619047619046,3.1678296249359845,0.4199992468137952,0.0,0.0,0.0,0.0,0.0,0,0,0,0,0,0.0,0.3047619047619048,0.3281556719151334,0.3055151500556967,0.8829811709222564,0.53111143530255,0.0,0.33889695210449927,0.06261202874966126
1606,105,100.0,105,0,105,0,0,0.0,3.692566737414003,3.6248334510128766,10.77525093990816,2.7898527657097714,1.2445378338392796,2.091563106811211,3.3047619047619046,3.1678296249359845,0.41860914751769274,0.0,0.0,0.0,0.0,0.0,0,0,0,0,0,0.0,0.26666666666666666,0.32693293333958334,0.3004106872938779,0.888380243145821,0.526520435942068,0.0,0.33889695210449927,0.06265172488919504
1607,105,100.0,105,0,105,0,0,0.0,3.656267462472907,3.590049316413023,10.53567587335351,2.7924562999416365,1.2430793207669022,2.0955348572192594,3.3047619047619046,3.1678296249359845,0.41654941603405193,0.0,0.0,0.0,0.0,0.0,0,0,0,0,0,0.0,0.2761904761904762,0.3244076242473112,0.29378037943675306,0.8967781207992079,0.5233794772299326,0.0,0.3007982583454281,0.06251146627883575
1608,104,99.04761904761905,105,1,104,0,0,0.009523809523809525,3.619634800168966,3.551242644149331,10.27745834344867,2.794046501573771,1.2850987102053755,2.1144549227383562,3.3047619047619046,3.1678296249359845,0.41632108876356533,0.642863795674111,0.009453236484100503,1.0,0.357136204325889,0.0018684582713470732,0,1,0,0,0,0.0,0.29523809523809524,0.32386293108475706,0.2969387418373394,0.8817312401497123,0.5216785058279602,0.009523809523809525,0.33889695210449927,0.062353490406515534
1609,104,99.04761904761905,105,0,105,0,0,0.0,3.6447571058267414,3.5748781219068766,11.060777705781506,2.7961327073233266,1.210106445472126,2.072934835648478,3.3047619047619046,3.1678296249359845,0.4223549091153662,0.0,0.0,0.0,0.0,0.0,0,0,0,0,0,0.0,0.2761904761904762,0.33616482573305584,0.2783848562199934,0.8817312401497123,0.5348322992321525,0.0,0.33889695210449927,0.06251214565669017
1610,104,99.04761904761905,105,0,105,0,0,0.0,3.637623814939238,3.566524258327224,11.457322313794062,2.7979411166968684,1.2053802699885732,2.075159826702354,3.3047619047619046,3.1678296249359845,0.42547088566716207,0.0,0.0,0.0,0.0,0.0,0,0,0,0,0,0.0,0.2857142857142857,0.34374684766355357,0.2727896542334461,0.9015252723968609,0.536605479996853,0.0,0.3007982583454281,0.06250512286619024
1611,104,99.04761904761905,105,0,105,0,0,0.0,3.6082597899102384,3.537862516413434,11.23145420732287,2.7989658746214414,1.2420648202870814,2.115342724604669,3.3047619047619046,3.1678296249359845,0.42139768848090187,0.0,0.0,0.0,0.0,0.0,0,0,0,0,0,0.0,0.29523809523809524,0.3393575559569182,0.2738639501632883,0.9094049425554563,0.5325262653419838,0.0,0.29608127721335264,0.062374534033604496
1612,104,99.04761904761905,105,0,105,0,0,0.0,3.5779807327258797,3.509524243585161,10.376384900000936,2.799240003399415,1.2818838052830352,2.126688560928169,3.3047619047619046,3.1678296249359845,0.4156625723293237,0.0,0.0,0.0,0.0,0.0,0,0,0,0,0,0.0,0.29523809523809524,0.3269521567621314,0.29328111690871245,0.8904034883852947,0.520305935496111,0.0,0.3007982583454281,0.06222748071400227
1613,105,100.0,105,0,105,0,0,0.0,3.5894308062785614,3.521649881001284,9.960133822264888,2.7998127438721743,1.2883209512775955,2.0876854137737695,3.3047619047619046,3.1678296249359845,0.41064709099043584,0.0,0.0,0.0,0.0,0.0,0,0,0,0,0,0.0,0.3142857142857143,0.31678911484609984,0.2991238139387107,0.8811590940642238,0.5149648545868468,0.0,0.3007982583454281,0.062293802802950715
1614,105,100.0,105,0,105,0,0,0.0,3.599533563092196,3.5305247743838337,10.206439697594364,2.8005922541039667,1.2627691273169823,2.0982230933724337,3.3047619047619046,3.1678296249359845,0.41427214016740055,0.0,0.0,0.0,0.0,0.0,0,0,0,0,0,0.0,0.2761904761904762,0.32174373732009415,0.30273893305241595,0.8794242851275424,0.5168721180468546,0.0,0.29608127721335264,0.062356663365044945
1615,105,100.0,105,0,104,1,0,0.0,3.6185294268583896,3.5485665644126327,10.89356877214841,2.801804297315228,1.235239870938013,2.089244872236885,3.3047619047619046,3.1678296249359845,0.42051132197301055,0.41215944331992577,0.003277620242826295,0.0,0.41215944331992577,0.018500872460546214,0,0,0,1,0,0.0,0.26666666666666666,0.3330031853171737,0.2974993678317154,0.8770145556233129,0.5244839758428869,0.0,0.262699564586357,0.0624708404158326
1616,104,99.04761904761905,105,1,104,0,0,0.009523809523809525,3.5953996985478436,3.533415423980481,10.563164097533937,2.8024389056171484,1.270581451335708,2.1088369754438254,3.3047619047619046,3.1678296249359845,0.4165451309795518,0.4081565674690416,0.003090346901783428,0.0,0.4081565674690416,0.01965576448645634,0,1,0,0,0,0.0,0.2857142857142857,0.3263202394413064,0.29432312486447454,0.8696605138518563,0.5202922461280123,0.009523809523809525,0.29608127721335264,0.062365243429175134
1617,104,99.04761904761905,105,0,105,0,0,0.0,3.58724710380734,3.5258109033357248,10.294556015972278,2.8030157615963502,1.2578816742709844,2.117299969090624,3.3047619047619046,3.1678296249359845,0.4163282445306098,0.0,0.0,0.0,0.0,0.0,0,0,0,0,0,0.0,0.2761904761904762,0.32476034834419737,0.28600931137403385,0.8692824574394233,0.521438095582182,0.0,0.262699564586357,0.062333617362773805
1618,104,99.04761904761905,105,0,105,0,0,0.0,3.587989587405953,3.5274406731782184,9.985470512393965,2.80361564642646,1.2840630601974803,2.1136679965349066,3.3047619047619046,3.1678296249359845,0.4137369739586527,0.0,0.0,0.0,0.0,0.0,0,0,0,0,0,0.0,0.2571428571428571,0.3187326818756067,0.3011988569104643,0.8817279640572939,0.5162282669034152,0.0,0.262699564586357,0.062346831445448725
1619,104,99.04761904761905,105,0,105,0,0,0.0,3.570676496718791,3.511563283755317,9.67755449026432,2.8037941530105632,1.3295152497474352,2.1376731654677665,3.3047619047619046,3.1678296249359845,0.41184162870192664,0.0,0.0,0.0,0.0,0.0,0,0,0,0,0,0.0,0.2857142857142857,0.31437569171300217,0.30774633109797395,0.8618128486474628,0.5148406439520181,0.0,0.3007982583454281,0.06226309338423976
1620,103,98.0952380952381,105,1,104,0,0,0.009523809523809525,3.591310582146158,3.5429224008592346,9.943857964408789,2.804476295012967,1.309508939423056,2.13969431540452,3.3047619047619046,3.1678296249359845,0.41353604654289566,0.6071291365184031,0.0033878266136166775,1.0,0.39287086348159694,0.021714838794264946,0,1,0,0,0,0.0,0.3142857142857143,0.3178707299009115,0.3022845742806862,0.8583539702763427,0.5104358565452833,0.009523809523809525,0.33417997097242375,0.06237706835959473
1621,104,99.04761904761905,105,0,105,0,0,0.0,3.641908521832096,3.5919014058413334,10.866451282023371,2.8066635175814265,1.2275553948808828,2.0871065627847587,3.3047619047619046,3.1678296249359845,0.42113610129484313,0.0,0.0,0.0,0.0,0.0,0,0,0,0,0,0.0,0.29523809523809524,0.3316901454776262,0.28862291147701885,0.8508208657377265,0.5210562974328811,0.0,0.33417997097242375,0.0626647018002679
1622,104,99.04761904761905,105,0,105,0,0,0.0,3.636805234618529,3.5872435596505077,10.674855627025105,2.8086634105601855,1.2261189652042783,2.1205225259143146,3.3047619047619046,3.1678296249359845,0.4213066053407024,0.0,0.0,0.0,0.0,0.0,0,0,0,0,0,0.0,0.2857142857142857,0.3300277758092727,0.28888288102842397,0.8672690373209532,0.5222093308132808,0.0,0.29608127721335264,0.06267086196532412
1623,104,99.04761904761905,105,0,105,0,0,0.0,3.6701960694387683,3.619529451619157,11.61346242983055,2.811418159977062,1.171684377417225,2.0440155821936976,3.3047619047619046,3.1678296249359845,0.42666936664866406,0.0,0.0,0.0,0.0,0.0,0,0,0,0,0,0.0,0.3047619047619048,0.3426326144498091,0.272137911160586,0.9028265388010166,0.5353887301575168,0.0,0.25798258345428154,0.06288144902348561
1624,104,99.04761904761905,105,0,105,0,0,0.0,3.650425121298054,3.6000744376245892,11.421458926261018,2.8135926022683346,1.1735651703630732,2.0850471148012657,3.3047619047619046,3.1678296249359845,0.42495718611970856,0.0,0.0,0.0,0.0,0.0,0,0,0,0,0,0.0,0.2857142857142857,0.3403452956237524,0.2661267428428404,0.848910999924378,0.5296353207702692,0.0,0.29608127721335264,0.06281703559632207
1625,105,100.0,105,0,105,0,0,0.0,3.631636009653367,3.5810502674165376,11.516937099044261,2.815216039292727,1.1788607556002801,2.1384930412357805,3.3047619047619046,3.1678296249359845,0.42819394127911203,0.0,0.0,0.0,0.0,0.0,0,0,0,0,0,0.0,0.3142857142857143,0.34595106493133804,0.2711668016339488,0.8961250589357912,0.5345411087560087,0.0,0.29608127721335264,0.06274880389759907
1626,105,100.0,105,0,105,0,0,0.0,3.6127754146732918,3.56282274098418,10.923752544312821,2.816326115012345,1.1958478892762516,2.1509107554599742,3.3047619047619046,3.1678296249359845,0.4231516536471758,0.0,0.0,0.0,0.0,0.0,0,0,0,0,0,0.0,0.2761904761904762,0.33636791850747844,0.2784914717137515,0.8797759374409628,0.5280326078155225,0.0,0.3341799709724238,0.06267208357645133
1627,105,100.0,105,0,105,0,0,0.0,3.640561635757775,3.588882948425951,11.397090799352558,2.818061459801786,1.1617686423567062,2.146204968021862,3.3047619047619046,3.1678296249359845,0.42511454262832427,0.0,0.0,0.0,0.0,0.0,0,0,0,0,0,0.0,0.29523809523809524,0.34138584959467333,0.2603838476356906,0.8696605138518563,0.5352680810512271,0.0,0.29608127721335264,0.0628385010650411
1628,105,100.0,105,0,105,0,0,0.0,3.633671564219407,3.5811688351681705,11.462033801675998,2.819546335852827,1.174381540689362,2.153539818517492,3.3047619047619046,3.1678296249359845,0.42380821650894385,0.0,0.0,0.0,0.0,0.0,0,0,0,0,0,0.0,0.26666666666666666,0.341944533881548,0.2611388546785376,0.8667541880001446,0.5355294162078705,0.0,0.3341799709724238,0.06282756987906848
1629,105,100.0,105,0,104,1,0,0.0,3.63974084422054,3.5879422412162185,11.865991678806152,2.821155829531156,1.1827088626591964,2.171179177541255,3.3047619047619046,3.1678296249359845,0.4234105007609825,0.5911296353536957,0.019055850122476646,1.0,0.40887036464630433,-0.03287126266105567,0,0,0,1,0,0.0,0.2857142857142857,0.34626744173398155,0.2517234278863016,0.8899320973010556,0.5353607516584803,0.0,0.29608127721335264,0.06288340928785094
1630,104,99.04761904761905,105,1,104,0,0,0.009523809523809525,3.6347588176023584,3.57891869994481,11.647746538896214,2.8226355455672505,1.199755040819383,2.1461580656256753,3.3047619047619046,3.1678296249359845,0.42271319743675084,0.6003045815457607,0.019440188044803113,1.0,0.3996954184542393,-0.04794057584190803,1,0,0,0,0,0.0,0.29523809523809524,0.3439655358244544,0.2653213831362393,0.873171070619993,0.5301924562705164,0.009523809523809525,0.33417997097242375,0.0628819365962382
1631,103,98.0952380952381,105,1,104,0,0,0.009523809523809525,3.5950776574890115,3.553087558905504,11.460228474254738,2.8229362095248085,1.2051524064827985,2.1368781580218488,3.3047619047619046,3.1678296249359845,0.4198309209831095,0.9404934311697591,0.013864663458866739,1.0,0.05950656883024086,0.05865345387326548,0,1,0,0,0,0.0,0.3142857142857143,0.34205865695069343,0.26439316185640527,0.8953502734147142,0.5263806464398831,0.009523809523809525,0.29608127721335264,0.06268829305663098
1632,103,98.0952380952381,105,0,103,2,0,0.0,3.6306765079460335,3.5894120705554453,11.664015012165144,2.824475567132103,1.194726103518066,2.1292379573190168,3.3047619047619046,3.1678296249359845,0.41860112539103067,0.41653496392208983,0.007254932182270007,0.5,0.12290485786564216,0.0005902218813776949,0,0,0,2,0,0.5,0.3047619047619048,0.340553864370426,0.2616829893641546,0.8969562205416697,0.5245645772741037,0.0,0.262699564586357,0.06289066942207489
1633,103,98.0952380952381,105,0,103,2,0,0.0,3.652807463358632,3.611108915714021,12.659334081262827,2.826516015783968,1.146097567255799,2.091324227328599,3.3047619047619046,3.1678296249359845,0.421889243524493,0.4989788086522503,0.006514979631494868,0.5,0.18336637884427884,0.009335801610062477,0,0,0,2,0,0.0,0.3238095238095238,0.3527485026398317,0.25108999026534523,0.9061213108859942,0.5296009602739805,0.0,0.262699564586357,0.06303364316757556
1634,101,96.19047619047619,105,2,102,0,1,0.01904761904761905,3.6188412244427477,3.5697871245869814,11.805514180267842,2.8276573007253174,1.2319481081407866,2.150775445671808,3.3047619047619046,3.1678296249359845,0.4210850218279387,0.7885664142488551,0.009694743666423103,1.0,0.21143358575114488,-0.006492447182876522,0,3,0,0,0,0.0,0.3142857142857143,0.3464451118943906,0.2517905981014121,0.8973983619462007,0.5287456860780637,0.01904761904761905,0.262699564586357,0.06288188895423465
1635,101,96.19047619047619,105,2,103,0,0,0.01904761904761905,3.663566773191678,3.594295067622352,12.64490195559574,2.8296425007144763,1.227323621295137,2.1762334726464014,3.3047619047619046,3.1678296249359845,0.42523725984229443,0.9996453806504582,0.020203290681925293,1.0,0.00035461934954178487,0.010185576485706394,0,2,0,0,0,1.0,0.3142857142857143,0.35762168383776555,0.24471679738788998,0.9009932815917987,0.535691667882898,0.01904761904761905,0.262699564586357,0.0631369605746647
1636,101,96.19047619047619,105,1,104,0,0,0.009523809523809525,3.6374049536059254,3.5640244661983242,12.061088278576166,2.830417523180658,1.2880798251890377,2.1342868092058263,3.3047619047619046,3.1678296249359845,0.4245715219087831,0.8992275746612717,0.007487156938276012,1.0,0.10077242533872832,0.019646631147822946,0,1,0,0,0,0.0,0.2857142857142857,0.35268547777564163,0.2609720733276076,0.8924815969943688,0.5331974541052268,0.009523809523809525,0.262699564586357,0.06301842717237774
1637,101,96.19047619047619,105,0,104,1,0,0.0,3.7157024469015467,3.6385632528602354,13.042528156286942,2.832965506088875,1.2309637570045733,2.089834687470524,3.3047619047619046,3.1678296249359845,0.4315064911750841,0.7022871806766298,0.005464747818453663,1.0,0.29771281932337024,0.008416527055988832,0,0,0,1,0,0.0,0.2761904761904762,0.36450783897928984,0.2643310360922392,0.8929811262668843,0.5389833991814033,0.0,0.29608127721335264,0.06345027251755825
1638,100,95.23809523809524,105,1,104,0,0,0.009523809523809525,3.718170717448196,3.648476564752048,13.222610414141132,2.835507281963648,1.2311561768413994,2.092593408739386,3.3047619047619046,3.1678296249359845,0.43246566520914875,0.7179238737268154,0.005452789768046528,1.0,0.28207612627318457,0.01138646724190251,0,1,0,0,0,0.0,0.3238095238095238,0.36601721198921966,0.265010716014901,0.8783306218397404,0.540718307374818,0.009523809523809525,0.3149492017416545,0.06350287343487176
1639,100,95.23809523809524,105,1,104,0,0,0.009523809523809525,3.727159098477451,3.6489545615611036,13.133477867002641,2.8383962957869358,1.2563473461471268,2.089947723790241,3.3047619047619046,3.1678296249359845,0.4319777958323494,0.999033804199083,0.01798377804274851,1.0,0.0009661958009169469,0.02878866353876619,0,1,0,0,0,1.0,0.3238095238095238,0.3635433591868068,0.2599656064269103,0.9058781687046544,0.546301319144776,0.009523809523809525,0.29608127721335264,0.06359357485789933
1640,102,97.14285714285714,105,0,105,0,0,0.0,3.772445664885394,3.691491265037764,14.49408423237336,2.8420328601725444,1.2078303279719402,2.068437886221123,3.3047619047619046,3.1678296249359845,0.436344967867732,0.0,0.0,0.0,0.0,0.0,0,0,0,0,0,0.0,0.34285714285714286,0.3773659014132815,0.2460857452933282,0.9055478444931364,0.5525835177020697,0.0,0.33417997097242375,0.06387760777190765
1641,103,98.0952380952381,105,0,105,0,0,0.0,3.801758083871394,3.7191811600666274,15.138638369443573,2.8462559593524857,1.1614954644675133,2.0227299794126097,3.3047619047619046,3.1678296249359845,0.44044028810399527,0.0,0.0,0.0,0.0,0.0,0,0,0,0,0,0.0,0.3142857142857143,0.3854088654082325,0.24649605530183732,0.899972879867083,0.5604049052060045,0.0,0.3722786647314949,0.06409106016029395
1642,103,98.0952380952381,105,0,105,0,0,0.0,3.769895939689444,3.6887485180810273,14.26995213442609,2.849574034546738,1.1911572976885425,2.016449509064323,3.3047619047619046,3.1678296249359845,0.43740782302609804,0.0,0.0,0.0,0.0,0.0,0,0,0,0,0,0.0,0.3047619047619048,0.3760766044458017,0.25917680547832717,0.8915477863480795,0.5533180940397037,0.0,0.410377358490566,0.06398430492387479
1643,104,99.04761904761905,105,0,105,0,0,0.0,3.748809126718514,3.6697934303256305,13.088200941000679,2.8523066268637303,1.240933711341416,2.0662150451324375,3.3047619047619046,3.1678296249359845,0.43118748526661865,0.0,0.0,0.0,0.0,0.0,0,0,0,0,0,0.0,0.3047619047619048,0.3602525740700516,0.26487990575908804,0.8991670673394082,0.5434504549124781,0.0,0.3722786647314949,0.06392215279349334
1644,105,100.0,105,0,105,0,0,0.0,3.7405393095136263,3.662141477385022,12.635801742487054,2.854758734646066,1.277743389633911,2.0835701476153803,3.3047619047619046,3.1678296249359845,0.43042703820331796,0.0,0.0,0.0,0.0,0.0,0,0,0,0,0,0.0,0.3047619047619048,0.35564691898710915,0.2784524125816496,0.8777416962780674,0.5358430257258763,0.0,0.3722786647314949,0.063919643005851
1645,104,99.04761904761905,105,1,104,0,0,0.009523809523809525,3.7300772067876387,3.663356989555688,13.096884661192078,2.856858324638193,1.2756309522928502,2.080222265188958,3.3047619047619046,3.1678296249359845,0.4340691503598466,0.9345204165905107,0.01049078708117052,1.0,0.06547958340948934,-0.005513996272832777,0,1,0,0,0,0.0,0.3238095238095238,0.36401075364721314,0.273599385607337,0.8967240143690655,0.5406757583759751,0.009523809523809525,0.3722786647314949,0.06390058820910746
1646,104,99.04761904761905,105,0,105,0,0,0.0,3.7001464920677942,3.6337540348759623,12.05524998426866,2.8584468297391403,1.2887555619824513,2.079879724422476,3.3047619047619046,3.1678296249359845,0.4299030460085411,0.0,0.0,0.0,0.0,0.0,0,0,0,0,0,0.0,0.3238095238095238,0.3526293182066069,0.28859586838333634,0.878249222060805,0.5368284089738585,0.0,0.3722786647314949,0.06377609520309895
1647,103,98.0952380952381,105,1,104,0,0,0.009523809523809525,3.6775678134506578,3.6232737698633155,11.965135204313285,2.859393591752237,1.2982861089597,2.0935332427096824,3.3047619047619046,3.1678296249359845,0.4312325633393641,0.9825891310892303,0.01232572796036425,1.0,0.017410868910769706,-0.008592459496089777,0,1,0,0,0,1.0,0.3142857142857143,0.3539940395871324,0.291996358725165,0.8624753894739063,0.5326931080026642,0.009523809523809525,0.35304789550072563,0.06367819771377753
1648,103,98.0952380952381,105,0,105,0,0,0.0,3.707845021301771,3.6529854515978473,12.605056932029562,2.8613891587234432,1.2733726583952274,2.059487784012488,3.3047619047619046,3.1678296249359845,0.4349231454886453,0.0,0.0,0.0,0.0,0.0,0,0,0,0,0,0.0,0.3238095238095238,0.36134780236109376,0.29130606070129683,0.8704478680646671,0.5357403690830567,0.0,0.35304789550072563,0.06386119183388274
1649,103,98.0952380952381,105,0,105,0,0,0.0,3.685639595039192,3.6322575423360646,12.54616720868288,2.8627962096527697,1.311211247953778,2.123409528889219,3.3047619047619046,3.1678296249359845,0.4334594259347355,0.0,0.0,0.0,0.0,0.0,0,0,0,0,0,0.0,0.3142857142857143,0.36046452733204304,0.29025138302365217,0.8637702387032673,0.5332143563383394,0.0,0.35304789550072563,0.06377245119065841
1650,104,99.04761904761905,105,0,105,0,0,0.0,3.693066147648185,3.6393498644058195,12.53417636892496,2.864338425749617,1.3226822689956148,2.1339552087318707,3.3047619047619046,3.1678296249359845,0.4322355975769927,0.0,0.0,0.0,0.0,0.0,0,0,0,0,0,0.0,0.3142857142857143,0.35880470285084265,0.29554080765780566,0.8776024658561853,0.5318846515428685,0.0,0.3149492017416545,0.06383401134290162
1651,104,99.04761904761905,105,0,105,0,0,0.0,3.7023393356016348,3.6481048966401333,12.48079298418149,2.866053662671901,1.3349246815872893,2.141914924790833,3.3047619047619046,3.1678296249359845,0.4336305552520645,0.0,0.0,0.0,0.0,0.0,0,0,0,0,0,0.0,0.3047619047619048,0.3585070566708459,0.30362145284444575,0.8921643586870881,0.5310563586863583,0.0,0.35304789550072563,0.06390754517434984
1652,104,99.04761904761905,105,1,104,0,0,0.009523809523809525,3.710248125325151,3.649783501987174,12.813336593629378,2.86787423387124,1.3623616339660602,2.1565639113659887,3.3047619047619046,3.1678296249359845,0.4346798466467028,0.9999916986962252,0.01389287391328974,1.0,8.301303774826962e-06,0.018246701340893345,0,1,0,0,0,1.0,0.3047619047619048,0.3623331882457335,0.3073827752163888,0.8994345838702079,0.5293387918164945,0.009523809523809525,0.3341799709724238,0.06397592541986528
1653,104,99.04761904761905,105,0,105,0,0,0.0,3.7397874997028087,3.679422734721589,13.518688853765207,2.8702711390184734,1.3600412222691551,2.1351883138025456,3.3047619047619046,3.1678296249359845,0.43383362932748337,0.0,0.0,0.0,0.0,0.0,0,0,0,0,0,0.0,0.29523809523809524,0.36514851631905515,0.298105925385954,0.8994345838702079,0.5319840592709785,0.0,0.3341799709724238,0.06416158722742141
1654,104,99.04761904761905,105,0,105,0,0,0.0,3.7870052468463586,3.724696065339319,14.86319466605437,2.8737394598779735,1.3436825394070395,2.1172911937882635,3.3047619047619046,3.1678296249359845,0.4367538915735283,0.0,0.0,0.0,0.0,0.0,0,0,0,0,0,0.0,0.29523809523809524,0.37614174073909434,0.291020439149304,0.9019932636829172,0.5358194065913299,0.0,0.3341799709724238,0.0644526112109767
1655,104,99.04761904761905,105,0,105,0,0,0.0,3.760140294497272,3.698240912409528,13.800870503492993,2.876427466904333,1.418543493409047,2.1669812334051137,3.3047619047619046,3.1678296249359845,0.43102120152722745,0.0,0.0,0.0,0.0,0.0,0,0,0,0,0,0.0,0.2761904761904762,0.36335145335567565,0.30593419007301514,0.8855031819648423,0.5250916735884614,0.0,0.3722786647314949,0.06436086219068195
1656,104,99.04761904761905,105,0,105,0,0,0.0,3.7535915644719378,3.691061664865753,14.278801906899623,2.8788483813833605,1.4448698374687257,2.172604124791599,3.3047619047619046,3.1678296249359845,0.4309981879934939,0.0,0.0,0.0,0.0,0.0,0,0,0,0,0,0.0,0.2857142857142857,0.3663346768813291,0.29473188044667925,0.8869556522421089,0.5274300115157559,0.0,0.3722786647314949,0.06436646376358578
1657,105,100.0,105,0,105,0,0,0.0,3.780585954010173,3.7171785748147452,15.419534312367519,2.8818544767847114,1.403756587848047,2.131948407796387,3.3047619047619046,3.1678296249359845,0.4315478994427986,0.0,0.0,0.0,0.0,0.0,0,0,0,0,0,0.0,0.2761904761904762,0.3737851658156472,0.276038016419278,0.8881635268430397,0.5316836858333551,0.0,0.3341799709724238,0.06454904970161587
1658,105,100.0,105,0,105,0,0,0.0,3.737092078047073,3.6737802123413856,14.50554144541817,2.8836655152588517,1.3893584435840483,2.1350826016740694,3.3047619047619046,3.1678296249359845,0.4332178994932463,0.0,0.0,0.0,0.0,0.0,0,0,0,0,0,0.0,0.3047619047619048,0.37321817749245434,0.2877325356919445,0.8771351767898995,0.5309077509555946,0.0,0.3341799709724238,0.06436026562845176
1659,105,100.0,105,0,105,0,0,0.0,3.733709767486874,3.669362794821627,14.046856938067384,2.8853072341110093,1.4080076994355626,2.1179368372393315,3.3047619047619046,3.1678296249359845,0.43159428006368006,0.0,0.0,0.0,0.0,0.0,0,0,0,0,0,0.0,0.2857142857142857,0.3698235419281084,0.29897343882477095,0.8771351767898995,0.5313665794509408,0.0,0.3341799709724238,0.06436935750372919
1660,105,100.0,105,0,105,0,0,0.0,3.7476939721747247,3.682687934632437,14.44509421417595,2.887234640288203,1.415058695603874,2.1358757795986034,3.3047619047619046,3.1678296249359845,0.43546541191509425,0.0,0.0,0.0,0.0,0.0,0,0,0,0,0,0.0,0.3047619047619048,0.37637485335162385,0.297284118502856,0.9014785724006454,0.5387778763186706,0.0,0.3341799709724238,0.06446980699910543
1661,105,100.0,105,0,105,0,0,0.0,3.746643603613443,3.6822774322461918,14.075489285197758,2.889090586308561,1.4492721290479704,2.1688400448625957,3.3047619047619046,3.1678296249359845,0.43367905220328673,0.0,0.0,0.0,0.0,0.0,0,0,0,0,0,0.0,0.29523809523809524,0.37261086065582116,0.3066739184601715,0.912889134189293,0.5334979843221276,0.0,0.3341799709724238,0.06449395176022688
1662,105,100.0,105,0,105,0,0,0.0,3.7536454415650047,3.68953619529584,13.486357675090877,2.891071695318096,1.4662971410715413,2.180342406900895,3.3047619047619046,3.1678296249359845,0.4299132534104666,0.0,0.0,0.0,0.0,0.0,0,0,0,0,0,0.0,0.3142857142857143,0.3634134245267237,0.3177416601516809,0.9226449054346327,0.5302266707645636,0.0,0.3341799709724238,0.06456034002903785
1663,105,100.0,105,0,105,0,0,0.0,3.750020623400741,3.6858915330882946,13.005846774798346,2.892897680818213,1.4659905827459838,2.1917091259874093,3.3047619047619046,3.1678296249359845,0.4303290334725336,0.0,0.0,0.0,0.0,0.0,0,0,0,0,0,0.0,0.3047619047619048,0.3603254169205635,0.3266776174131408,0.9229779048373553,0.5267449782413722,0.0,0.25798258345428154,0.0645711379930264
1664,105,100.0,105,0,105,0,0,0.0,3.7778164721315246,3.7127711255147746,13.556530092856745,2.895347021962268,1.4264086648964969,2.1545624255172298,3.3047619047619046,3.1678296249359845,0.4340290009962393,0.0,0.0,0.0,0.0,0.0,0,0,0,0,0,0.0,0.29523809523809524,0.3663877484929871,0.3204798077583572,0.9237857411479823,0.5315067580816145,0.0,0.29608127721335264,0.06474891271386889
1665,105,100.0,105,0,105,0,0,0.0,3.7685836801942174,3.7040947894664917,13.233955306969072,2.8974988909169896,1.414868841362062,2.163338458464711,3.3047619047619046,3.1678296249359845,0.4347392900740419,0.0,0.0,0.0,0.0,0.0,0,0,0,0,0,0.0,0.3142857142857143,0.36478173224665195,0.3263126758843496,0.9331121174643945,0.5301345044107767,0.0,0.29608127721335264,0.06473683252530107
1666,105,100.0,105,0,105,0,0,0.0,3.7475613730305346,3.68365724429863,13.50753874996728,2.8990646510411238,1.4510780804339105,2.1676333206101956,3.3047619047619046,3.1678296249359845,0.43188130092565324,0.0,0.0,0.0,0.0,0.0,0,0,0,0,0,0.0,0.3142857142857143,0.36417735939328666,0.3154579967999604,0.9071793525843699,0.5295873753995612,0.0,0.29608127721335264,0.06465652129601654
1667,104,99.04761904761905,105,1,104,0,0,0.009523809523809525,3.74474273104523,3.6910227826713498,14.233905246953347,2.9005205970898094,1.4655586980826452,2.185017176762724,3.3047619047619046,3.1678296249359845,0.43301529974346353,0.9955132769983728,0.010947365571510298,1.0,0.004486723001627224,0.008363254882364446,0,1,0,0,0,1.0,0.2857142857142857,0.370611516338099,0.294130947366769,0.9039838331307473,0.5407427135299165,0.009523809523809525,0.3341799709724238,0.0646654890312167
1668,103,98.0952380952381,105,1,104,0,0,0.009523809523809525,3.7555401305013922,3.6958626686718357,14.841873484017173,2.9024244939340957,1.4150329459525028,2.1636013888553984,3.3047619047619046,3.1678296249359845,0.43918935711152685,0.8653458123231901,0.013596421634892485,1.0,0.13465418767680992,-0.031105186556964703,0,1,0,0,0,0.0,0.3142857142857143,0.3829002953414169,0.2845397673312274,0.9113027767943409,0.5515315478363944,0.009523809523809525,0.3915094339622642,0.06474963213262827
1669,103,98.0952380952381,105,0,105,0,0,0.0,3.7855813648014864,3.726555468438044,15.44201005552498,2.904921373468935,1.4097862596163984,2.1264944585692063,3.3047619047619046,3.1678296249359845,0.4383373871908247,0.0,0.0,0.0,0.0,0.0,0,0,0,0,0,0.0,0.3238095238095238,0.38495897952895697,0.2794375233394879,0.9227230793104502,0.5535819368492023,0.0,0.35341074020319296,0.06493938674893054
1670,103,98.0952380952381,105,0,105,0,0,0.0,3.831113713534308,3.7718109346454614,16.019698203168918,2.908486048966508,1.4139553284722794,2.125702940791931,3.3047619047619046,3.1678296249359845,0.4379840123237786,0.0,0.0,0.0,0.0,0.0,0,0,0,0,0,0.0,0.3047619047619048,0.3852220778931526,0.28125874964403874,0.9352682737946706,0.5528965940626345,0.0,0.27721335268505076,0.06522350991581713
1671,102,97.14285714285714,105,1,104,0,0,0.009523809523809525,3.825903232106266,3.7651584561200053,15.554863314903134,2.911819399712261,1.4416348524752314,2.146857621403376,3.3047619047619046,3.1678296249359845,0.4371831184716657,0.6550784715848131,0.010811428602039172,1.0,0.34492152841518686,-0.012468373418357714,0,1,0,0,0,0.0,0.3047619047619048,0.3807910533867988,0.2825029336542493,0.922438148549165,0.5551964526793132,0.009523809523809525,0.3153120464441219,0.06525025494489041
1672,103,98.0952380952381,105,0,105,0,0,0.0,3.8381884558326647,3.7767524628454647,16.32185758695242,2.9152907888463577,1.3865714952275763,2.1503026087494104,3.3047619047619046,3.1678296249359845,0.43951185041176255,0.0,0.0,0.0,0.0,0.0,0,0,0,0,0,0.0,0.3142857142857143,0.3894934078201914,0.28410444070941715,0.922438148549165,0.5528086802300367,0.0,0.3153120464441219,0.06536666491021577
1673,104,99.04761904761905,105,0,105,0,0,0.0,3.8250910145881982,3.764502628150834,16.7460812946755,2.9183417671730973,1.3697275106959523,2.118364121061361,3.3047619047619046,3.1678296249359845,0.43837374677465935,0.0,0.0,0.0,0.0,0.0,0,0,0,0,0,0.0,0.3238095238095238,0.3931397266886175,0.27962626074612423,0.922635209183713,0.551585803814061,0.0,0.3153120464441219,0.06534950260163586
1674,104,99.04761904761905,105,0,105,0,0,0.0,3.8173805747540444,3.756865810805252,16.832702588257895,2.921102558614732,1.3914955140297982,2.125945611936373,3.3047619047619046,3.1678296249359845,0.4363896529360467,0.0,0.0,0.0,0.0,0.0,0,0,0,0,0,0.0,0.3142857142857143,0.39184068783520043,0.26779681742005745,0.9036350911898189,0.550898457977127,0.0,0.3153120464441219,0.06535467898705048
1675,104,99.04761904761905,105,0,105,0,0,0.0,3.7924707013010175,3.7332221510983303,15.438055777172288,2.923176700201904,1.4539589367029027,2.179567828196972,3.3047619047619046,3.1678296249359845,0.43032007813127215,0.0,0.0,0.0,0.0,0.0,0,0,0,0,0,0.0,0.3047619047619048,0.3756699562558336,0.27953366642585387,0.9167579033589033,0.5419473408966389,0.0,0.27721335268505076,0.06526298225561612
1676,105,100.0,105,0,105,0,0,0.0,3.7994686914840052,3.7397804601167857,15.181481033514585,2.925351341362199,1.447451095740986,2.160580801272896,3.3047619047619046,3.1678296249359845,0.43454265934225744,0.0,0.0,0.0,0.0,0.0,0,0,0,0,0,0.0,0.2571428571428571,0.37700500190558933,0.29013154871227087,0.924831775779804,0.5481989447753282,0.0,0.3153120464441219,0.065332416669987
1677,104,99.04761904761905,105,1,104,0,0,0.009523809523809525,3.7894319801252405,3.723226553042867,14.058866487473454,2.9272125680868535,1.5296792867590292,2.231167432807967,3.3047619047619046,3.1678296249359845,0.4288868199073237,0.9453382975360005,0.01699884710669447,1.0,0.054661702463999484,-0.004414104199323532,0,1,0,0,0,0.0,0.2761904761904762,0.3635555306623724,0.30532606795208783,0.9133394171267752,0.5323746076187216,0.009523809523809525,0.31531204644412186,0.06531171335897859
1678,104,99.04761904761905,105,0,105,0,0,0.0,3.797857932213489,3.7334671605177787,13.740264697358436,2.92909936416866,1.55755510589649,2.238571974624517,3.3047619047619046,3.1678296249359845,0.426018675355752,0.0,0.0,0.0,0.0,0.0,0,0,0,0,0,0.0,0.26666666666666666,0.35589558761967477,0.30743234980057504,0.9325442094851508,0.5324991651219623,0.0,0.27721335268505076,0.06538372836204064
1679,104,99.04761904761905,105,0,105,0,0,0.0,3.840586037423956,3.7744400004910186,14.29480865606991,2.931964749575504,1.5141436812502174,2.217268405716242,3.3047619047619046,3.1678296249359845,0.4277504228070437,0.0,0.0,0.0,0.0,0.0,0,0,0,0,0,0.0,0.2857142857142857,0.3607078638427722,0.3060251569759285,0.9257043076078616,0.5332788259972836,0.0,0.27721335268505076,0.06564275415198627
1680,104,99.04761904761905,105,0,105,0,0,0.0,3.8405580620180753,3.775044828063892,14.554516895142655,2.934754692380188,1.4837420977409497,2.1912029145932777,3.3047619047619046,3.1678296249359845,0.4304477593905851,0.0,0.0,0.0,0.0,0.0,0,0,0,0,0,0.0,0.26666666666666666,0.3648067022403478,0.3133672027686291,0.9247829040069676,0.5315568857916532,0.0,0.27721335268505076,0.06568680459229964
1681,103,98.0952380952381,105,1,104,0,0,0.009523809523809525,3.8484505832450693,3.7782328087426906,14.387440324636545,2.937651395621497,1.5405533584702462,2.239146020407758,3.3047619047619046,3.1678296249359845,0.42902227032898477,0.9999973385927677,0.009670986828194256,1.0,2.6614072322628246e-06,0.0432037333483668,0,1,0,0,0,1.0,0.2761904761904762,0.36160510769746185,0.30972089865004326,0.9368498565282594,0.528925523038053,0.009523809523809525,0.25798258345428154,0.06577214851014694
1682,104,99.04761904761905,105,0,105,0,0,0.0,3.814727106569978,3.744639567440491,13.509136878505304,2.939490645685218,1.6052468681026777,2.2910608894727176,3.3047619047619046,3.1678296249359845,0.4252402318361539,0.0,0.0,0.0,0.0,0.0,0,0,0,0,0,0.0,0.26666666666666666,0.3519615752437393,0.3135070296937582,0.925817850094567,0.5174800379528092,0.0,0.3341799709724238,0.06563266328096909
1683,104,99.04761904761905,105,0,105,0,0,0.0,3.7735440238782436,3.70443042311604,12.69996288844249,2.940252625691869,1.6358839016790576,2.3070577464585815,3.3047619047619046,3.1678296249359845,0.4218275806358076,0.0,0.0,0.0,0.0,0.0,0,0,0,0,0,0.0,0.2857142857142857,0.34373473732448057,0.3153158798120324,0.9036194149152545,0.5134407048763705,0.0,0.2960812772133527,0.06543881698170381
1684,104,99.04761904761905,105,0,105,0,0,0.0,3.758754129017155,3.690012845514507,12.030489536651345,2.9406250880345652,1.6683524792977615,2.3401847492116405,3.3047619047619046,3.1678296249359845,0.41495008542420986,0.0,0.0,0.0,0.0,0.0,0,0,0,0,0,0.0,0.2761904761904762,0.33286866874773213,0.31649360403731347,0.9135927922734135,0.504426047813015,0.0,0.29608127721335264,0.06537076699361519
1685,104,99.04761904761905,105,0,105,0,0,0.0,3.784466371149638,3.7127978299082933,13.450429437308939,2.941563182993358,1.65456531677653,2.332994396759889,3.3047619047619046,3.1678296249359845,0.42174485083050706,0.0,0.0,0.0,0.0,0.0,0,0,0,0,0,0.0,0.29523809523809524,0.3514432507496187,0.3049921791685868,0.9182997743712218,0.5082696702599333,0.0,0.29608127721335264,0.06551418682928495
1686,105,100.0,105,0,105,0,0,0.0,3.8231169831329677,3.75028814916978,14.321382418382928,2.943421664254176,1.6795961181664083,2.3410137001335807,3.3047619047619046,3.1678296249359845,0.4235244812228418,0.0,0.0,0.0,0.0,0.0,0,0,0,0,0,0.0,0.2761904761904762,0.3589375086647037,0.3117978288460384,0.9182997743712218,0.5039374841347292,0.0,0.29608127721335264,0.06573687664917863
1687,105,100.0,105,0,105,0,0,0.0,3.8446080164203864,3.770353134444677,14.837018858546488,2.9457297716332613,1.6650202460416308,2.3005413146890423,3.3047619047619046,3.1678296249359845,0.4284069965161452,0.0,0.0,0.0,0.0,0.0,0,0,0,0,0,0.0,0.29523809523809524,0.3668148733481908,0.3049509511689753,0.908431398751051,0.5135658905026794,0.0,0.29608127721335264,0.06588089027028073
1688,105,100.0,105,0,105,0,0,0.0,3.877461809691899,3.802437181416201,14.897409468624934,2.94877785645889,1.620831470519194,2.2935575091703866,3.3047619047619046,3.1678296249359845,0.4310835488391207,0.0,0.0,0.0,0.0,0.0,0,0,0,0,0,0.0,0.3047619047619048,0.3679863505513936,0.316807829251015,0.9205241888000437,0.5124972067028458,0.0,0.25798258345428154,0.06609343830368801
1689,105,100.0,105,0,105,0,0,0.0,3.9105286240454866,3.8345939175551194,15.585624462547688,2.952544319641477,1.5755060196293733,2.2540672385220524,3.3047619047619046,3.1678296249359845,0.434134783220647,0.0,0.0,0.0,0.0,0.0,0,0,0,0,0,0.0,0.29523809523809524,0.37442298566446014,0.30904414499386806,0.9316028837437513,0.5202183883796282,0.0,0.2198838896952104,0.0663184299437111
1690,105,100.0,105,0,105,0,0,0.0,3.943008192202121,3.8659959428436035,16.14537295412328,2.9569872778154878,1.5822230366984658,2.2106557587863485,3.3047619047619046,3.1678296249359845,0.4345286754509623,0.0,0.0,0.0,0.0,0.0,0,0,0,0,0,0.0,0.2857142857142857,0.37635052303922484,0.30144188827799895,0.936252543349041,0.5207057864572694,0.0,0.21988388969521042,0.06655120045712418
1691,105,100.0,105,0,105,0,0,0.0,3.972753087627434,3.894854772785865,16.61442247372179,2.962020849495695,1.5745218582428182,2.2235538768289578,3.3047619047619046,3.1678296249359845,0.4338409957530509,0.0,0.0,0.0,0.0,0.0,0,0,0,0,0,0.0,0.2761904761904762,0.377742725814808,0.29684087302753415,0.9145721571220717,0.5213759177989208,0.0,0.21988388969521042,0.06677965242168973
1692,105,100.0,105,0,105,0,0,0.0,3.990770044635864,3.9123476840448106,16.629728515506137,2.9673382827011254,1.5304053299086036,2.180235813183663,3.3047619047619046,3.1678296249359845,0.43382630211587925,0.0,0.0,0.0,0.0,0.0,0,0,0,0,0,0.0,0.2761904761904762,0.37759739092295624,0.2980700768760365,0.9021628528139517,0.5229893633675088,0.0,0.1817851959361393,0.0669539608189158
1693,105,100.0,105,0,105,0,0,0.0,4.02235238454766,3.9420974348825877,18.13002555686548,2.973241205818494,1.4861485690667395,2.148903455630561,3.3047619047619046,3.1678296249359845,0.44171031206392897,0.0,0.0,0.0,0.0,0.0,0,0,0,0,0,0.0,0.2571428571428571,0.3924185493005061,0.27967813992433155,0.9230691497170446,0.536708882518423,0.0,0.25798258345428154,0.06720536979209937
1694,105,100.0,105,0,105,0,0,0.0,4.03865413318847,3.9575519842377886,18.832315946059698,2.979348793422913,1.4811889958194244,2.1707113970678313,3.3047619047619046,3.1678296249359845,0.4450558883065925,0.0,0.0,0.0,0.0,0.0,0,0,0,0,0,0.0,0.2571428571428571,0.39841723735106555,0.2763218375321689,0.9144302145591896,0.5347662193282902,0.0,0.21988388969521044,0.06738361752005428
1695,104,99.04761904761905,105,1,104,0,0,0.009523809523809525,4.064817669843257,4.006128948829488,21.42695146778519,2.9858992142601215,1.4526226321193858,2.079125330871925,3.3047619047619046,3.1678296249359845,0.44874210973851625,0.5231164684157663,0.008008347752921998,1.0,0.4768835315842337,-0.03225411138766976,0,1,0,0,0,0.0,0.3047619047619048,0.4135712401616093,0.25040740147210777,0.9011312073701914,0.5377315850253449,0.009523809523809525,0.1436865021770682,0.06761818828924775
1696,103,98.0952380952381,105,1,104,0,0,0.009523809523809525,4.091992647529702,4.015308767845488,20.971275131637608,2.9935332715272995,1.5672128596247787,2.179480057379067,3.3047619047619046,3.1678296249359845,0.44700798568023004,0.9999999999417917,0.015097542423599414,1.0,5.820832704728218e-11,-0.01764941305237122,0,1,0,0,0,1.0,0.2761904761904762,0.4105387070872365,0.298135540347276,0.912972503639405,0.5318235982696019,0.009523809523809525,0.18178519593613934,0.0678749801415271
1697,103,98.0952380952381,105,0,105,0,0,0.0,4.091954394567034,4.0154102131000275,20.67918733123057,3.0004643211541717,1.6101793138946665,2.1976116709245623,3.3047619047619046,3.1678296249359845,0.4450592537615581,0.0,0.0,0.0,0.0,0.0,0,0,0,0,0,0.0,0.26666666666666666,0.40711537654678387,0.3024599734664338,0.9260754825464675,0.5285116532409772,0.0,0.21988388969521044,0.06798457079841329
1698,102,97.14285714285714,105,1,103,1,0,0.009523809523809525,4.103817735274889,4.0262767960878785,19.65553335494199,3.0074879826337804,1.6551200648782558,2.2263124623558603,3.3047619047619046,3.1678296249359845,0.441003587272615,0.8363291549605059,0.012853667590266495,1.0,0.16367084503949414,0.022321865476740088,0,1,0,1,0,0.5,0.2571428571428571,0.39590659594017935,0.30941043525580236,0.9336453924097436,0.522301145572309,0.009523809523809525,0.23911465892597966,0.06815513631650569
1699,102,97.14285714285714,105,0,105,0,0,0.0,4.147521315083008,4.068201302047253,20.182552748939308,3.015314836192145,1.655547546298738,2.210711423443627,3.3047619047619046,3.1678296249359845,0.44424657511165,0.0,0.0,0.0,0.0,0.0,0,0,0,0,0,0.0,0.2571428571428571,0.4007865637299224,0.31705125422612995,0.9245207094783572,0.5222900925567575,0.0,0.23911465892597966,0.06849762490840741
1700,102,97.14285714285714,105,1,104,0,0,0.009523809523809525,4.170746067586338,4.101732139599551,19.206349867548546,3.0234691135269514,1.679653425241148,2.2064577525736033,3.3047619047619046,3.1678296249359845,0.4444432806173375,0.6165547899311714,0.007397906744492658,1.0,0.3834452100688286,0.022379979493095448,0,1,0,0,0,0.0,0.2571428571428571,0.3943119013441014,0.33620947854173094,0.9381770630656829,0.5206928781212682,0.009523809523809525,0.2198838896952104,0.06874290547747977
1701,101,96.19047619047619,105,2,103,0,0,0.01904761904761905,4.15949965693264,4.096145306046346,18.21630466913175,3.03137521490675,1.7278405375451853,2.2407162017979605,3.3047619047619046,3.1678296249359845,0.44277473663496947,0.9304692431182328,0.013256056849750224,1.0,0.06953075688176724,0.03842316732302964,0,2,0,0,0,0.5,0.24761904761904763,0.38737329006015675,0.36351903853880263,0.9266671233799645,0.5101120375894023,0.01904761904761905,0.2768505079825835,0.06881189933505465
1702,101,96.19047619047619,105,0,105,0,0,0.0,4.152655823698658,4.090413958399133,17.851413249586415,3.0390082889313144,1.7500077564838457,2.249735157621118,3.3047619047619046,3.1678296249359845,0.4432292972706613,0.0,0.0,0.0,0.0,0.0,0,0,0,0,0,0.0,0.24761904761904763,0.3864843572890225,0.37218265553849056,0.9162882850784665,0.5097385798368278,0.0,0.2768505079825835,0.06889858155900647
1703,101,96.19047619047619,105,1,104,0,0,0.009523809523809525,4.157191014927051,4.089874027503803,17.557236419244408,3.0465352936273242,1.7453790384609664,2.1940620914838243,3.3047619047619046,3.1678296249359845,0.44302707642465733,0.9999999999413778,0.02181125493484774,1.0,5.862221819086244e-11,0.08135495794200764,0,1,0,0,0,1.0,0.24761904761904763,0.3834305381473297,0.37101199537071167,0.894919328144355,0.5095132983920916,0.009523809523809525,0.25798258345428154,0.06904047885746369
1704,100,95.23809523809524,105,1,104,0,0,0.009523809523809525,4.172487183355228,4.1005373069185564,17.690769943986787,3.0540699982671637,1.779193237722377,2.224041559062209,3.3047619047619046,3.1678296249359845,0.44195347508657234,0.9230568655545281,0.011506206626704355,1.0,0.07694313444547185,-0.03471801447928535,0,1,0,0,0,0.0,0.24761904761904763,0.38267320142278827,0.3695420436290897,0.9244482547397377,0.5110916493627636,0.009523809523809525,0.25798258345428154,0.0692363030024707
1705,101,96.19047619047619,105,0,105,0,0,0.0,4.151358590730501,4.079642668961978,16.334872312608685,3.0607111673429004,1.789507118007558,2.2312979155849315,3.3047619047619046,3.1678296249359845,0.4385155444165174,0.0,0.0,0.0,0.0,0.0,0,0,0,0,0,0.0,0.22857142857142856,0.37258561698389264,0.39857152203665785,0.9244482547397377,0.5025729048674881,0.0,0.25798258345428154,0.0692358505000587
1706,103,98.0952380952381,105,0,105,0,0,0.0,4.164302641656602,4.09156575780246,16.519449796199158,3.06744411800961,1.7380827068291167,2.155032043791378,3.3047619047619046,3.1678296249359845,0.43859942412637776,0.0,0.0,0.0,0.0,0.0,0,0,0,0,0,0.0,0.23809523809523808,0.3731668011509608,0.3993286906893772,0.9212580741292609,0.5092504941875536,0.0,0.25798258345428154,0.06940721495761538
1707,102,97.14285714285714,105,1,104,0,0,0.009523809523809525,4.130399920516673,4.047399620725028,15.765344638428003,3.073109074436139,1.7739652041266856,2.2200451588254033,3.3047619047619046,3.1678296249359845,0.4401612586243957,0.9963368137286024,0.022492185880431746,1.0,0.0036631862713976115,0.05442898721734757,0,1,0,0,0,1.0,0.2571428571428571,0.3726135186892839,0.41754830154936357,0.9127939644263652,0.5164244423600093,0.009523809523809525,0.2198838896952104,0.06932742943587539
1708,102,97.14285714285714,105,1,104,0,0,0.009523809523809525,4.122768194493241,4.033066610065604,14.790466128376531,3.078154606692405,1.8225885236317887,2.279296384339644,3.3047619047619046,3.1678296249359845,0.43725022097767186,0.9851740505957594,0.014439327196271886,1.0,0.014825949404240646,0.01788823245648241,0,1,0,0,0,1.0,0.2571428571428571,0.3633621817201373,0.43549188495806784,0.915599983838355,0.5104312428334795,0.009523809523809525,0.23911465892597966,0.06936918773853307
1709,103,98.0952380952381,105,0,105,0,0,0.0,4.111712356839795,4.022940954712698,14.418352798684229,3.0825958454459284,1.8469609812216883,2.2909272377731797,3.3047619047619046,3.1678296249359845,0.43721492904290327,0.0,0.0,0.0,0.0,0.0,0,0,0,0,0,0.0,0.2761904761904762,0.3610602540285675,0.43447526473882897,0.9090822700577046,0.5092862838634238,0.0,0.27721335268505076,0.06938425398873997
1710,102,97.14285714285714,105,1,104,0,0,0.009523809523809525,4.153314176453955,4.07610136254212,16.374100308296875,3.087893709069409,1.8487425837683875,2.292146547437538,3.3047619047619046,3.1678296249359845,0.4443050438183933,0.9841454010010299,0.015623135439401109,1.0,0.015854598998970126,0.037032905493822765,0,1,0,0,0,1.0,0.26666666666666666,0.3806784424405784,0.41759927280997056,0.9090822700577046,0.517524704410619,0.009523809523809525,0.27721335268505076,0.06967617673348744
1711,102,97.14285714285714,105,0,105,0,0,0.0,4.145933922402956,4.067493616896391,17.195431362133597,3.0931555115977134,1.8329528569930247,2.289832395913656,3.3047619047619046,3.1678296249359845,0.4491023274044248,0.0,0.0,0.0,0.0,0.0,0,0,0,0,0,0.0,0.2761904761904762,0.39250192296188924,0.41260019595249736,0.9090822700577046,0.5195133602970526,0.0,0.27721335268505076,0.06972261793288108
1712,103,98.0952380952381,105,0,105,0,0,0.0,4.135532711270533,4.058494597850601,16.747856057655728,3.098022570313691,1.8251987252387651,2.3065270987723503,3.3047619047619046,3.1678296249359845,0.4474739991808192,0.0,0.0,0.0,0.0,0.0,0,0,0,0,0,0.0,0.26666666666666666,0.38841423653128626,0.41566685235491285,0.905581329506646,0.5151332161214248,0.0,0.27721335268505076,0.06974770194115285
1713,103,98.0952380952381,105,1,104,0,0,0.009523809523809525,4.1648708455096495,4.07851672325676,16.629020653587364,3.1034702657187023,1.8066187397834599,2.2887203246815284,3.3047619047619046,3.1678296249359845,0.44724173060370465,0.9994724519810525,0.016732626373880188,1.0,0.000527548018947499,-0.000284785380231245,0,1,0,0,0,1.0,0.2761904761904762,0.38714121260143175,0.4171239684354557,0.8873908530514006,0.509925367145237,0.009523809523809525,0.35341074020319296,0.06998067946680653
1714,103,98.0952380952381,105,0,105,0,0,0.0,4.159122618966942,4.075073880848477,15.36668327880378,3.108430733348623,1.8489989720587903,2.331054897182871,3.3047619047619046,3.1678296249359845,0.44186790642481455,0.0,0.0,0.0,0.0,0.0,0,0,0,0,0,0.0,0.23809523809523808,0.3719438755164413,0.4275077701524519,0.906536335733701,0.5013500641425915,0.0,0.31531204644412186,0.07003050791565099
1715,104,99.04761904761905,105,0,105,0,0,0.0,4.218531777632681,4.130373266444388,17.160347891029534,3.1146354940708796,1.8133428648008678,2.3031675097156152,3.3047619047619046,3.1678296249359845,0.4493089820432494,0.0,0.0,0.0,0.0,0.0,0,0,0,0,0,0.0,0.24761904761904763,0.3910252916634418,0.42508725336659964,0.8872385987251744,0.5051870150568992,0.0,0.353410740203193,0.0704258318331377
1716,104,99.04761904761905,105,0,105,0,0,0.0,4.282668471552285,4.191639202926063,17.796159384392684,3.122196338933509,1.7548036801153628,2.2538170753869755,3.3047619047619046,3.1678296249359845,0.45118533576786746,0.0,0.0,0.0,0.0,0.0,0,0,0,0,0,0.0,0.2571428571428571,0.39481934488156206,0.4313976290353575,0.8845613286365854,0.5001193926393155,0.0,0.3153120464441219,0.07086627264446263
1717,104,99.04761904761905,105,0,105,0,0,0.0,4.293206645299834,4.202820112338874,16.82261466744159,3.1298010228412574,1.724839228746988,2.2418605634686197,3.3047619047619046,3.1678296249359845,0.4494629160713699,0.0,0.0,0.0,0.0,0.0,0,0,0,0,0,0.0,0.22857142857142856,0.38556370045459903,0.4449618699929375,0.8993205937943423,0.49922933504169664,0.0,0.3153120464441219,0.07103941522805657
1718,105,100.0,105,0,105,0,0,0.0,4.3207931187824125,4.229732756182891,17.77098129213291,3.1378468406829283,1.7265213708256535,2.2741146914613086,3.3047619047619046,3.1678296249359845,0.4520081535967473,0.0,0.0,0.0,0.0,0.0,0,0,0,0,0,0.0,0.21904761904761905,0.3919471774425057,0.41802146076412255,0.9093740780740095,0.5092095307061898,0.0,0.3153120464441219,0.07130478649604788
1719,105,100.0,105,0,105,0,0,0.0,4.342813058455125,4.250011738954246,18.67844590597892,3.1461517036225373,1.6817983704945378,2.258270189461604,3.3047619047619046,3.1678296249359845,0.45507222261456914,0.0,0.0,0.0,0.0,0.0,0,0,0,0,0,0.0,0.22857142857142856,0.40056562610139496,0.4077751670184376,0.9092359378979546,0.5086811767992893,0.0,0.353410740203193,0.07154642814866707
1720,105,100.0,105,0,105,0,0,0.0,4.387797294060925,4.294537424220897,19.4151557374851,3.1553218809325,1.6476910416528145,2.2441970304993255,3.3047619047619046,3.1678296249359845,0.4573798621682572,0.0,0.0,0.0,0.0,0.0,0,0,0,0,0,0.0,0.21904761904761905,0.40356272971078594,0.38450783942062655,0.9065215577137251,0.5202700507005406,0.0,0.353410740203193,0.07191659712343816
1721,105,100.0,105,0,105,0,0,0.0,4.371799980107229,4.279414267527423,19.527782403966963,3.1638183019786097,1.6465686773720103,2.229629606741757,3.3047619047619046,3.1678296249359845,0.45623242861176405,0.0,0.0,0.0,0.0,0.0,0,0,0,0,0,0.0,0.20952380952380953,0.40317221787003443,0.37321127386025693,0.9092359378979546,0.5233984887123132,0.0,0.353410740203193,0.07197118662514866
1722,105,100.0,105,0,105,0,0,0.0,4.372735855950859,4.280595521596008,19.633694520282024,3.1720755069748257,1.6366438234440184,2.2421194064760765,3.3047619047619046,3.1678296249359845,0.45580844555175504,0.0,0.0,0.0,0.0,0.0,0,0,0,0,0,0.0,0.21904761904761905,0.40295025425834924,0.366088172244205,0.9086200581780525,0.5195466699856149,0.0,0.353410740203193,0.07210665309739772
1723,105,100.0,105,0,105,0,0,0.0,4.386352358089292,4.293765654410061,19.925959634364325,3.180404903680122,1.6017737556903502,2.2242976361938442,3.3047619047619046,3.1678296249359845,0.45727331038901653,0.0,0.0,0.0,0.0,0.0,0,0,0,0,0,0.0,0.22857142857142856,0.4053120126967109,0.37006021332641603,0.8976370815368042,0.522683833970762,0.0,0.3153120464441219,0.0723066661562943
1724,103,98.0952380952381,105,2,102,1,0,0.01904761904761905,4.424549215829924,4.325612655006921,19.901773570105398,3.1894165644185204,1.613979979601962,2.2161547048539285,3.3047619047619046,3.1678296249359845,0.4562876799613098,0.7912512168431336,0.010026537323945943,1.0,0.20874878315686632,0.020166066512826708,0,2,0,1,0,0.0,0.21904761904761905,0.4016093859786893,0.3713435774827125,0.9055373823845019,0.5261943437312533,0.01904761904761905,0.2583454281567489,0.07264038747428231
1725,103,98.0952380952381,105,0,105,0,0,0.0,4.415239716006857,4.31702916600081,18.794313252515018,3.1977861846984155,1.6427148972083268,2.2560364982505625,3.3047619047619046,3.1678296249359845,0.4525694075214075,0.0,0.0,0.0,0.0,0.0,0,0,0,0,0,0.0,0.21904761904761905,0.3910023593231463,0.3837110883244601,0.9164884497153168,0.5202695404070684,0.0,0.29644412191582,0.07272640763052757
1726,102,97.14285714285714,105,1,103,1,0,0.009523809523809525,4.461460107732483,4.377860722525449,19.764476868263962,3.2070348114961504,1.6070795079972706,2.218703979054924,3.3047619047619046,3.1678296249359845,0.45475379637158286,0.7124283326932661,0.006014675759470565,1.0,0.28757166730673395,0.02589284170969175,0,1,0,1,0,0.0,0.21904761904761905,0.3958889948887556,0.3807178136834012,0.9194928429739503,0.5228368780343571,0.009523809523809525,0.29644412191582,0.07310399995895489
1727,101,96.19047619047619,105,1,104,0,0,0.009523809523809525,4.486771985263382,4.413644669744171,20.618740711226344,3.216981988856482,1.6318358234431207,2.2445295830262646,3.3047619047619046,3.1678296249359845,0.4589022903982085,0.6407419870166998,0.009258352259230484,1.0,0.3592580129833002,0.017401426661884933,0,1,0,0,0,0.0,0.22857142857142856,0.40411902734062133,0.3908804700896173,0.9177475027428008,0.5242341896641224,0.009523809523809525,0.29644412191582,0.07338811416224215
1728,100,95.23809523809524,105,1,104,0,0,0.009523809523809525,4.486127676245265,4.405356032612894,20.47539555264601,3.226941630828271,1.6288918525456566,2.2442963112772043,3.3047619047619046,3.1678296249359845,0.45769900293861365,0.9986483080486658,0.021797391159198796,1.0,0.0013516919513342218,0.02290064522220714,0,1,0,0,0,1.0,0.22857142857142856,0.4011861862526154,0.38235587295295437,0.9160333654067159,0.5246154820514497,0.009523809523809525,0.29644412191582004,0.07354264486161151
1729,102,97.14285714285714,105,0,105,0,0,0.0,4.507782547446654,4.427449422143968,19.915836171693645,3.2369208614064875,1.5836713488434413,2.20280233529667,3.3047619047619046,3.1678296249359845,0.457570386890626,0.0,0.0,0.0,0.0,0.0,0,0,0,0,0,0.0,0.21904761904761905,0.3969338088100807,0.39211365697444334,0.9181507555386379,0.5312186571425774,0.0,0.22024673439767778,0.07380898172891716
1730,102,97.14285714285714,105,0,105,0,0,0.0,4.515917703264345,4.434196117016798,20.005153092781242,3.2467549460012144,1.601602103118027,2.2332182513780636,3.3047619047619046,3.1678296249359845,0.4586295656588102,0.0,0.0,0.0,0.0,0.0,0,0,0,0,0,0.0,0.20952380952380953,0.39804034371154035,0.3915272368904835,0.9168599212790529,0.5351503282023958,0.0,0.29644412191582,0.07400542103057213
1731,103,98.0952380952381,105,0,105,0,0,0.0,4.519627364091163,4.4391253524151,19.884987465056792,3.256402423374193,1.5966799660475037,2.214835946126855,3.3047619047619046,3.1678296249359845,0.45557985211706375,0.0,0.0,0.0,0.0,0.0,0,0,0,0,0,0.0,0.20952380952380953,0.3934958465933107,0.3863398813933941,0.9099637563871794,0.5379564546195936,0.0,0.29644412191582004,0.07417677715784632
1732,103,98.0952380952381,105,1,104,0,0,0.009523809523809525,4.562106915075868,4.468720110104429,20.71854117342541,3.266806593509952,1.6190165618846668,2.21690846306297,3.3047619047619046,3.1678296249359845,0.45647792223189354,0.9996461543413557,0.006543751688664355,1.0,0.00035384565864426953,0.12042803292461868,0,1,0,0,0,1.0,0.22857142857142856,0.3979292302666168,0.38202899791118233,0.9086161962209236,0.5323044043410434,0.009523809523809525,0.2583454281567489,0.07455396810466451
1733,103,98.0952380952381,105,1,104,0,0,0.009523809523809525,4.5951109257730804,4.5156737313877064,21.408326440009148,3.2773733748068934,1.5830130429329474,2.1863888409444545,3.3047619047619046,3.1678296249359845,0.4594462389482783,0.7794923310572623,0.005675070934387879,1.0,0.22050766894273766,0.01591814466074859,0,1,0,0,0,0.0,0.22857142857142856,0.4038786018648155,0.39403042007535516,0.9022858052627903,0.5278622850558601,0.009523809523809525,0.2583454281567489,0.07488635697231392
1734,102,97.14285714285714,105,1,104,0,0,0.009523809523809525,4.577522192037171,4.493071961185923,21.600777275761274,3.2875785388623773,1.6353660559863668,2.2319660641647165,3.3047619047619046,3.1678296249359845,0.45806772186489075,0.9999985750830693,0.021002284888268514,1.0,1.4249169306701504e-06,0.04761757188970117,0,1,0,0,0,1.0,0.24761904761904763,0.40375125191488903,0.38617699736606215,0.9025627559668117,0.5280205696795665,0.009523809523809525,0.2728592162554426,0.07496005440874584
1735,102,97.14285714285714,105,0,105,0,0,0.0,4.57584673599555,4.490865029905445,21.14687315201218,3.2972440142318447,1.6657991730472952,2.2436866166208005,3.3047619047619046,3.1678296249359845,0.45750368531768304,0.0,0.0,0.0,0.0,0.0,0,0,0,0,0,0.0,0.22857142857142856,0.4006019358789777,0.38805231823876496,0.9073410558205636,0.5282843736794234,0.0,0.29644412191582004,0.07510477002461018
1736,102,97.14285714285714,105,0,105,0,0,0.0,4.578563101535345,4.493653751347166,20.837860024461285,3.3066739773643583,1.6775033936770256,2.294121889780695,3.3047619047619046,3.1678296249359845,0.4556863247922205,0.0,0.0,0.0,0.0,0.0,0,0,0,0,0,0.0,0.23809523809523808,0.39615340082208206,0.38703658588393264,0.8967550215230783,0.5271307033878551,0.0,0.2583454281567489,0.07526771443517531
1737,101,96.19047619047619,105,2,103,0,0,0.01904761904761905,4.574234067347994,4.487936933222998,20.89395831517336,3.315744050297409,1.7311215922470757,2.340494888056585,3.3047619047619046,3.1678296249359845,0.4523628204821164,0.8494217108824682,0.00857108194960039,1.0,0.1505782891175318,0.02782407664704023,0,2,0,0,0,0.5,0.23809523809523808,0.39166795246219027,0.37064627069272166,0.9174827836377389,0.525874309242204,0.01904761904761905,0.2583454281567489,0.0753897314929268
1738,102,97.14285714285714,105,0,105,0,0,0.0,4.670467326251112,4.5819659099395205,24.03109296914691,3.3268260267846603,1.6569271440165396,2.311724187009248,3.3047619047619046,3.1678296249359845,0.4583760603429847,0.0,0.0,0.0,0.0,0.0,0,0,0,0,0,0.0,0.24761904761904763,0.40882553432432595,0.3362902808069354,0.9023069126949832,0.533709504064567,0.0,0.22024673439767778,0.07604642685453818
1739,103,98.0952380952381,105,0,105,0,0,0.0,4.627144982694669,4.540080758398622,23.116461211360058,3.3364954649465517,1.6621916285312788,2.3177833447441634,3.3047619047619046,3.1678296249359845,0.45483404675830474,0.0,0.0,0.0,0.0,0.0,0,0,0,0,0,0.0,0.2571428571428571,0.40193701749727934,0.3270909220442393,0.8847640015765941,0.5297214805377808,0.0,0.2583454281567489,0.07598297080008459
1740,103,98.0952380952381,105,0,105,0,0,0.0,4.54672558724616,4.4618954314904915,20.934176038016425,3.3438771694232665,1.7004898691637333,2.3537589788612974,3.3047619047619046,3.1678296249359845,0.4512938584926187,0.0,0.0,0.0,0.0,0.0,0,0,0,0,0,0.0,0.2761904761904762,0.391276991482029,0.3470357778100426,0.9067284729764448,0.5227934134183863,0.0,0.2583454281567489,0.07569779373346133
1741,103,98.0952380952381,105,0,105,0,0,0.0,4.569697787735084,4.483079447264862,22.22929757036124,3.351561892900703,1.691526013601427,2.380013898930722,3.3047619047619046,3.1678296249359845,0.45347298163331096,0.0,0.0,0.0,0.0,0.0,0,0,0,0,0,0.0,0.26666666666666666,0.40106789661284237,0.3457930509041628,0.9058591966909445,0.5255841026304833,0.0,0.22024673439767778,0.07593437420936228
1742,104,99.04761904761905,105,1,104,0,0,0.009523809523809525,4.550424425501765,4.483375001469351,22.54274343965034,3.358523088468179,1.7433429333126529,2.4146097200681274,3.3047619047619046,3.1678296249359845,0.45248463343740464,0.9162026894657055,0.0036555522465649,1.0,0.08379731053429451,0.11201095356376767,0,1,0,0,0,0.0,0.26666666666666666,0.40256562258372086,0.3464879106035414,0.8989056357483842,0.5144851503303236,0.009523809523809525,0.16291727140783746,0.07594826680591381
1743,103,98.0952380952381,105,1,103,0,1,0.009523809523809525,4.465898436960804,4.383479231638288,19.05137065924148,3.363626579229741,1.8594544248078195,2.538455269426696,3.3047619047619046,3.1678296249359845,0.4452862958606931,0.9999999735881998,0.02702916619218594,1.0,2.641180019136158e-08,0.10013271191311723,0,2,0,0,0,1.0,0.2761904761904762,0.3817997934598892,0.3937333763882142,0.8913621587333226,0.49824598343419996,0.009523809523809525,0.22024673439767778,0.07560647180933432
1744,103,98.0952380952381,105,0,105,0,0,0.0,4.46315406994556,4.3803582781728085,18.29531922559131,3.368082449752116,1.8514508396459537,2.5190328795733996,3.3047619047619046,3.1678296249359845,0.44567267369362407,0.0,0.0,0.0,0.0,0.0,0,0,0,0,0,0.0,0.2761904761904762,0.37863695132380853,0.4159633527354634,0.8913621587333226,0.49734966961863963,0.0,0.22024673439767778,0.07566332716748639
1745,103,98.0952380952381,105,0,104,1,0,0.0,4.4320170165817405,4.3504935712111,17.47855752383423,3.371640315460408,1.891074712795052,2.54606238159242,3.3047619047619046,3.1678296249359845,0.4415206323896117,0.5180381538586714,0.014046172705124585,1.0,0.48196184614132864,-0.037266693561661235,0,0,0,1,0,0.0,0.2857142857142857,0.37047608290010203,0.4240752419044442,0.8939201826546662,0.49061370043842434,0.0,0.2583454281567489,0.07556399546262865
1746,103,98.0952380952381,105,0,105,0,0,0.0,4.411716853364692,4.330722980028552,17.332899651575076,3.374584435129171,1.9244193839144719,2.5420724924607345,3.3047619047619046,3.1678296249359845,0.4421321256058237,0.0,0.0,0.0,0.0,0.0,0,0,0,0,0,0.0,0.3142857142857143,0.3716374447437427,0.4271082716788779,0.9128143944135607,0.4990174668954592,0.0,0.2583454281567489,0.07550912699407372
1747,104,99.04761904761905,105,0,105,0,0,0.0,4.4311038936517875,4.349098588805084,18.633409114909004,3.3779009764857437,1.910431953818069,2.535711130368156,3.3047619047619046,3.1678296249359845,0.4459982875726973,0.0,0.0,0.0,0.0,0.0,0,0,0,0,0,0.0,0.29523809523809524,0.3837071519905773,0.4141297435399797,0.89614851601124,0.5065565554671974,0.0,0.22024673439767778,0.07565859338531758
1748,105,100.0,105,0,105,0,0,0.0,4.4954467787714805,4.411608727675202,20.660674568602303,3.3826966272208714,1.8296134804996396,2.4472439180208947,3.3047619047619046,3.1678296249359845,0.4516678616491998,0.0,0.0,0.0,0.0,0.0,0,0,0,0,0,0.0,0.3142857142857143,0.398641258154719,0.3933314951948718,0.8955400655456643,0.5171327242371403,0.0,0.2583454281567489,0.07605626683326397
1749,104,99.04761904761905,105,1,104,0,0,0.009523809523809525,4.5125980563139825,4.444698544610058,21.64703704025781,3.3877280764452027,1.865267868472035,2.510873380873301,3.3047619047619046,3.1678296249359845,0.4540230902845861,0.9961542343374854,0.01310500781563096,1.0,0.0038457656625145997,0.009429506621631223,0,1,0,0,0,1.0,0.3142857142857143,0.40667934678986617,0.39012388177347757,0.9061405531156014,0.5230927084776614,0.009523809523809525,0.29644412191582,0.07622171709052247
1750,104,99.04761904761905,105,0,105,0,0,0.0,4.5069843092063815,4.439810091681318,20.373108020717332,3.3929271183274397,1.8722411100533634,2.510382301222505,3.3047619047619046,3.1678296249359845,0.4500255053580826,0.0,0.0,0.0,0.0,0.0,0,0,0,0,0,0.0,0.3142857142857143,0.39450887587354455,0.39880244800108816,0.8985738732521767,0.5218103366676156,0.0,0.29644412191582,0.07627599674946363
1751,104,99.04761904761905,105,0,105,0,0,0.0,4.573384841385686,4.5047999512444274,21.744602560638768,3.3996084778402746,1.8601774673878562,2.487951736310508,3.3047619047619046,3.1678296249359845,0.4531393494282263,0.0,0.0,0.0,0.0,0.0,0,0,0,0,0,0.0,0.3047619047619048,0.40264267710285645,0.3948783067944888,0.8926852848786199,0.5260554633232236,0.0,0.26306240928882435,0.07671382645335818
1752,102,97.14285714285714,105,2,103,0,0,0.01904761904761905,4.626554840831593,4.558585802269673,24.225986053608565,3.407356654751685,1.899217544493264,2.522746433439947,3.3047619047619046,3.1678296249359845,0.4602927324993429,0.8949263113223029,0.014531096701703727,1.0,0.10507368867769706,0.023105916209105293,0,2,0,0,0,0.5,0.3047619047619048,0.42182407107763614,0.3837249840851721,0.8998032587154828,0.528499762746989,0.01904761904761905,0.29644412191582004,0.07710240097238377
1753,102,97.14285714285714,105,0,105,0,0,0.0,4.690245436272447,4.619582368535872,25.728337154618497,3.416489800270272,1.8800735610738533,2.537310674275837,3.3047619047619046,3.1678296249359845,0.46618002428312666,0.0,0.0,0.0,0.0,0.0,0,0,0,0,0,0.0,0.3047619047619048,0.43440337796054396,0.38929329644447797,0.8973859115386222,0.5313608673943161,0.0,0.2583454281567489,0.0775655151943012
1754,103,98.0952380952381,105,0,105,0,0,0.0,4.706694837112169,4.636534251435101,26.06515032368088,3.4257632287142066,1.8671401292668575,2.49654613878683,3.3047619047619046,3.1678296249359845,0.46900211757254207,0.0,0.0,0.0,0.0,0.0,0,0,0,0,0,0.0,0.3142857142857143,0.43668968099349426,0.3825782378026544,0.9120310147262563,0.5389118870521259,0.0,0.2583454281567489,0.07779464540524691
1755,103,98.0952380952381,105,0,105,0,0,0.0,4.621529641522788,4.553470100512898,23.757510388007,3.4326378261201542,1.9646822082484496,2.573571563455277,3.3047619047619046,3.1678296249359845,0.46262082692619044,0.0,0.0,0.0,0.0,0.0,0,0,0,0,0,0.0,0.3142857142857143,0.42094000813570515,0.38604934733166085,0.9052671192634767,0.5358119292779024,0.0,0.29644412191582004,0.07747770719391035
1756,103,98.0952380952381,105,0,105,0,0,0.0,4.625933567823639,4.557704324429862,24.271522787779503,3.439401954392584,1.9553011303022596,2.6066384966706186,3.3047619047619046,3.1678296249359845,0.4630290035369564,0.0,0.0,0.0,0.0,0.0,0,0,0,0,0,0.0,0.3142857142857143,0.42439725190846866,0.38161013276948275,0.906944761717925,0.5414486226271442,0.0,0.29644412191582004,0.07760686485505595
1757,105,100.0,105,0,105,0,0,0.0,4.5867689860711085,4.520350249290062,21.648726928840897,3.4450051558390102,2.005059553745667,2.634398205458374,3.3047619047619046,3.1678296249359845,0.4561226831823848,0.0,0.0,0.0,0.0,0.0,0,0,0,0,0,0.0,0.3047619047619048,0.40366191864050754,0.4000617629603019,0.9095772874187902,0.5351692823731213,0.0,0.29644412191582004,0.07749979188397567
1758,105,100.0,105,0,105,0,0,0.0,4.612582006567022,4.545741942734164,22.793432395261995,3.4510743498798298,1.9634872016455733,2.5886849907291682,3.3047619047619046,3.1678296249359845,0.4599707669559443,0.0,0.0,0.0,0.0,0.0,0,0,0,0,0,0.0,0.3047619047619048,0.4126506812186481,0.3912310495443618,0.9030910593360193,0.5469716128514684,0.0,0.22496371552975325,0.0777249878498652
1759,105,100.0,105,0,105,0,0,0.0,4.602678635500721,4.537040448746229,22.66572953690143,3.4567307633903384,1.9660731214748723,2.5859550379670613,3.3047619047619046,3.1678296249359845,0.4585174969355572,0.0,0.0,0.0,0.0,0.0,0,0,0,0,0,0.0,0.3142857142857143,0.4102763615391644,0.3809749594377682,0.8915900514907666,0.5487534040057296,0.0,0.22496371552975325,0.07776506376598108
1760,104,99.04761904761905,105,1,104,0,0,0.009523809523809525,4.603914131785758,4.526179012741637,22.258529271618016,3.462239623206796,1.998871772109435,2.625218757187922,3.3047619047619046,3.1678296249359845,0.45805131402370924,0.7504355285145913,0.014546426472397643,1.0,0.24956447148540872,0.007724948793689679,0,1,0,0,0,0.0,0.3047619047619048,0.40723774527327733,0.37934419824559085,0.8915900514907666,0.547686735892976,0.009523809523809525,0.22496371552975325,0.07785849689403723
1761,103,98.0952380952381,105,1,104,0,0,0.009523809523809525,4.5921589417193465,4.509795912320458,22.154110152671304,3.466963680219394,2.0213363834924745,2.6844333938992584,3.3047619047619046,3.1678296249359845,0.461008094576314,0.8617757017349177,0.0165138208745936,1.0,0.1382242982650823,-0.03623977110843368,0,1,0,0,0,0.0,0.3142857142857143,0.40992871046981616,0.3780705826507565,0.8734659701003751,0.5450690689657994,0.009523809523809525,0.239477503628447,0.07787454598247716
1762,102,97.14285714285714,105,1,104,0,0,0.009523809523809525,4.6622428018840285,4.591446700321544,24.208293150688217,3.47318635936141,2.003176207169996,2.644488489487619,3.3047619047619046,3.1678296249359845,0.46420137711002596,0.9749714741061289,0.008578519011509855,1.0,0.025028525893871056,0.013063633343246783,0,1,0,0,0,1.0,0.29523809523809524,0.4204354807904742,0.35918971372734704,0.8734659701003751,0.5535157204651358,0.009523809523809525,0.239477503628447,0.0783235272199633
1763,101,96.19047619047619,105,1,104,0,0,0.009523809523809525,4.704812703847258,4.621885739715005,25.259568600110466,3.480573380182501,1.9979973157817943,2.6248021552467247,3.3047619047619046,3.1678296249359845,0.4679542870148421,0.9296427605680354,0.014086615597055832,1.0,0.07035723943196459,0.017853496281595715,0,1,0,0,0,0.0,0.3142857142857143,0.42885941686244944,0.3531412739924698,0.8777319765133147,0.5560653024521532,0.009523809523809525,0.27757619738751815,0.07865338084676482
1764,101,96.19047619047619,105,0,105,0,0,0.0,4.748178563534081,4.661778451254202,28.445148337232226,3.488456504589614,2.0075485230596795,2.6356045234377676,3.3047619047619046,3.1678296249359845,0.4748153130877777,0.0,0.0,0.0,0.0,0.0,0,0,0,0,0,0.0,0.3142857142857143,0.4522674337872411,0.34838062875158377,0.8784797068940837,0.5593278878065214,0.0,0.27757619738751815,0.07899507212036846
1765,102,97.14285714285714,105,0,105,0,0,0.0,4.832425765618471,4.74289125281069,32.23738910315858,3.4981455173322455,1.9659516307210652,2.6031358961318536,3.3047619047619046,3.1678296249359845,0.4820513604073273,0.0,0.0,0.0,0.0,0.0,0,0,0,0,0,0.0,0.3142857142857143,0.47525928545554585,0.34051423860189395,0.8817393923222847,0.5623015524536978,0.0,0.239477503628447,0.07956977383880287
1766,103,98.0952380952381,105,0,105,0,0,0.0,4.774962862615975,4.687632846557816,28.87154648241648,3.5061272049280148,2.0062763320106303,2.6368623030491642,3.3047619047619046,3.1678296249359845,0.4773667178957941,0.0,0.0,0.0,0.0,0.0,0,0,0,0,0,0.0,0.3238095238095238,0.45503132899554605,0.3524502128548738,0.8606613711850603,0.5583842959087472,0.0,0.27757619738751815,0.0794088824559047
1767,103,98.0952380952381,105,1,104,0,0,0.009523809523809525,4.747369623953361,4.654734523538181,28.176700457096505,3.513194729145046,2.0578497639428077,2.6321301224443654,3.3047619047619046,3.1678296249359845,0.4730758204674972,0.9914471809158336,0.00914594001490227,1.0,0.008552819084166385,0.0386085332101449,0,1,0,0,0,1.0,0.29523809523809524,0.448451003499847,0.34989666348013587,0.8798339998418484,0.5540408815224737,0.009523809523809525,0.27757619738751815,0.07938285982553996
1768,104,99.04761904761905,105,0,104,1,0,0.0,4.779250960966902,4.684302784488517,31.332424106484552,3.5206152907964823,2.060784069746269,2.5925947445061603,3.3047619047619046,3.1678296249359845,0.47864689058017973,0.9013672652658045,0.007135253363118535,1.0,0.09863273473419554,0.017617613336623594,0,0,0,1,0,0.0,0.3142857142857143,0.4671644208754508,0.3300267625162644,0.8555742044734933,0.5654393505183863,0.0,0.2728592162554427,0.07965980188577307
1769,104,99.04761904761905,105,0,105,0,0,0.0,4.769037958871369,4.674704368229891,31.162397413158743,3.5275575325185757,2.057025343454204,2.5601163925873136,3.3047619047619046,3.1678296249359845,0.4807696269231847,0.0,0.0,0.0,0.0,0.0,0,0,0,0,0,0.0,0.3238095238095238,0.4690569956753721,0.32761142643879937,0.8929616458375297,0.5722826189556829,0.0,0.239477503628447,0.07971869607024898
1770,104,99.04761904761905,105,0,104,1,0,0.0,4.785904304677871,4.691993851643085,31.249779595375617,3.534718016952811,2.0341217508588083,2.5540680118286323,3.3047619047619046,3.1678296249359845,0.4811892181207602,0.8802215853093196,0.006795718584140182,1.0,0.1197784146906804,0.01622229757234206,0,0,0,1,0,0.0,0.3333333333333333,0.46911194696636555,0.319180475675408,0.9055725007475929,0.5747335432044048,0.0,0.239477503628447,0.0799164437728798
1771,103,98.0952380952381,105,1,104,0,0,0.009523809523809525,4.750558546557227,4.6716620504846915,30.426194642659127,3.540753580971622,2.022776910382574,2.571181369013464,3.3047619047619046,3.1678296249359845,0.48100625184140133,0.9164633915740433,0.007390767732138851,1.0,0.08353660842595667,0.015619611460170768,0,1,0,0,0,0.0,0.3333333333333333,0.4675578942362709,0.3242765422003043,0.8713334187644302,0.5684080014668152,0.009523809523809525,0.29644412191582004,0.07983531317478652
1772,104,99.04761904761905,105,0,105,0,0,0.0,4.7505480738488215,4.672141862194192,29.664204225091513,3.54699293531132,1.9856989251928279,2.630860977171524,3.3047619047619046,3.1678296249359845,0.4784075677034232,0.0,0.0,0.0,0.0,0.0,0,0,0,0,0,0.0,0.3333333333333333,0.4604302290512753,0.3305872484546631,0.8782749281467228,0.5635320682957531,0.0,0.29644412191582004,0.07993408686883334
1773,103,98.0952380952381,105,1,104,0,0,0.009523809523809525,4.764657233302989,4.673784311755889,29.547767692920818,3.553378287328634,2.036946383801949,2.685588070997957,3.3047619047619046,3.1678296249359845,0.48001146191114485,0.9996611125807777,0.017416289245741734,1.0,0.00033888741922227794,0.021686563369743617,0,1,0,0,0,1.0,0.3238095238095238,0.461027614824502,0.33006979179219736,0.8748739621017847,0.5701275642202979,0.009523809523809525,0.3156748911465892,0.08010577120253465
1774,103,98.0952380952381,105,0,105,0,0,0.0,4.776335748480341,4.683871977464259,32.33425900166947,3.5595149845335445,2.0360221280038893,2.634743884824371,3.3047619047619046,3.1678296249359845,0.48145493934801276,0.0,0.0,0.0,0.0,0.0,0,0,0,0,0,0.0,0.34285714285714286,0.4760046958697485,0.3183171233757775,0.8621769656213314,0.5699770285608672,0.0,0.3156748911465892,0.08026136383444629
1775,102,97.14285714285714,105,1,104,0,0,0.009523809523809525,4.768447530641166,4.668914551064135,32.30120199432679,3.565281987204704,2.0818925428651807,2.688836014258589,3.3047619047619046,3.1678296249359845,0.48028627439644445,0.948158135649271,0.01556119669477846,1.0,0.05184186435072902,0.021031670122845014,0,1,0,0,0,0.0,0.3238095238095238,0.47576433934041107,0.3121676157790866,0.8356328792486561,0.5666344605147869,0.009523809523809525,0.36828737300435416,0.08031326715479432
1776,102,97.14285714285714,105,1,104,0,0,0.009523809523809525,4.843460010581953,4.761925362868929,33.81467474190782,3.57249621616788,2.030830264243561,2.711684685248762,3.3047619047619046,3.1678296249359845,0.48533438801302875,0.9997716487731303,0.009754162589699026,1.0,0.00022835122686970521,0.007292680301263843,0,1,0,0,0,1.0,0.2857142857142857,0.48412829200769,0.3227376666091343,0.8690167859911246,0.5587288085781658,0.009523809523809525,0.33454281567489114,0.08080259679565137
1777,101,96.19047619047619,105,1,104,0,0,0.009523809523809525,4.804264889003482,4.748727925766641,32.174216430242694,3.5790931304015063,2.028620974004025,2.734419337948599,3.3047619047619046,3.1678296249359845,0.4799792386885313,0.7846089051042429,0.011150994856146589,1.0,0.21539109489575714,0.011090298325229231,0,1,0,0,0,0.0,0.2571428571428571,0.471059702447472,0.32545790732661345,0.8690167859911246,0.5388753953131034,0.009523809523809525,0.33454281567489114,0.08071111068947123
1778,101,96.19047619047619,105,1,104,0,0,0.009523809523809525,4.84483489839181,4.8059444874014705,35.153080004204014,3.5870033596562694,2.05239919019589,2.682657003141831,3.3047619047619046,3.1678296249359845,0.48454705555085686,0.999999999865937,0.02575167382481288,1.0,1.3406298293716645e-10,0.09393568769832195,0,1,0,0,0,1.0,0.22857142857142856,0.4860245987733117,0.3136380828472239,0.8690167859911246,0.534470194148726,0.009523809523809525,0.33454281567489114,0.08103925202927924
1779,100,95.23809523809524,105,1,103,0,1,0.009523809523809525,4.925563510096283,4.86784919085751,41.01349465878416,3.5971872343093363,2.062478201274059,2.707997354638711,3.3047619047619046,3.1678296249359845,0.49396079306955354,0.9999999999417922,0.03210183144619755,1.0,5.820777193576987e-11,0.1294153416181918,0,2,0,0,0,1.0,0.2857142857142857,0.5174994130031441,0.3074870578833845,0.8716084026246818,0.5473461287422658,0.009523809523809525,0.37264150943396224,0.0816041989869147
1780,101,96.19047619047619,105,0,105,0,0,0.0,4.902564621422199,4.845417851080816,40.857636486375505,3.6060301371472487,2.113756659601438,2.725584937590792,3.3047619047619046,3.1678296249359845,0.48943011041476736,0.0,0.0,0.0,0.0,0.0,0,0,0,0,0,0.0,0.2761904761904762,0.5121640301602113,0.2951115544874834,0.8983658573472292,0.5471604468712213,0.0,0.3345428156748911,0.08162926859144612
1781,102,97.14285714285714,105,0,105,0,0,0.0,4.897594598016665,4.840517344741651,40.936489701961186,3.614468720136092,2.072746641864729,2.7216412411721347,3.3047619047619046,3.1678296249359845,0.4910578755642987,0.0,0.0,0.0,0.0,0.0,0,0,0,0,0,0.0,0.26666666666666666,0.5161237291534226,0.29848383958393443,0.8857275360144358,0.5470443198410572,0.0,0.37264150943396224,0.08173807844034116
1782,103,98.0952380952381,105,0,105,0,0,0.0,4.79897266327448,4.744577523497954,35.204586939143184,3.6202086151295134,2.1565245044127823,2.760254664144152,3.3047619047619046,3.1678296249359845,0.4812660638180395,0.0,0.0,0.0,0.0,0.0,0,0,0,0,0,0.0,0.2761904761904762,0.48409746893935396,0.30772205372761724,0.8941649733002214,0.5419006003871346,0.0,0.37264150943396224,0.08133588381365114
1783,104,99.04761904761905,105,0,105,0,0,0.0,4.75531553014706,4.701625432580997,34.79900042289914,3.624678160780417,2.1847683704711804,2.7813504785468193,3.3047619047619046,3.1678296249359845,0.4773492725043835,0.0,0.0,0.0,0.0,0.0,0,0,0,0,0,0.0,0.2571428571428571,0.48003628117001274,0.29641815970248653,0.8857275360144358,0.5414406873827438,0.0,0.37264150943396224,0.08118839194362872
1784,105,100.0,105,0,105,0,0,0.0,4.6831824030497256,4.633067414749075,31.64097875605165,3.6272686778807715,2.236688637991742,2.8110187349710634,3.3047619047619046,3.1678296249359845,0.47152330781138674,0.0,0.0,0.0,0.0,0.0,0,0,0,0,0,0.0,0.26666666666666666,0.4633452060994657,0.30931073891513045,0.9042435879015872,0.5349557428098679,0.0,0.3345428156748911,0.08086875789221408
1785,105,100.0,105,0,105,0,0,0.0,4.736648374211138,4.685784765050393,32.672393352731554,3.631113128485243,2.1917478001449004,2.774236207971636,3.3047619047619046,3.1678296249359845,0.47411405482536684,0.0,0.0,0.0,0.0,0.0,0,0,0,0,0,0.0,0.23809523809523808,0.46788926297321987,0.30791249203665266,0.90166216967164,0.5382816759292459,0.0,0.3345428156748911,0.08119698057060337
1786,105,100.0,105,0,105,0,0,0.0,4.714515055305356,4.665045976129304,30.968477571970663,3.6343102178451145,2.1940355049588054,2.8112230158821903,3.3047619047619046,3.1678296249359845,0.4649307890000973,0.0,0.0,0.0,0.0,0.0,0,0,0,0,0,0.0,0.22857142857142856,0.45078310230857954,0.303803904477378,0.8803702333150376,0.5310759071706316,0.0,0.3345428156748911,0.08113695314801331
1787,105,100.0,105,0,105,0,0,0.0,4.690658409888826,4.640887673267041,31.193121701733652,3.636793793761146,2.198305163833755,2.8540810331108664,3.3047619047619046,3.1678296249359845,0.46968005274280644,0.0,0.0,0.0,0.0,0.0,0,0,0,0,0,0.0,0.22857142857142856,0.4584669507008902,0.3049136153065844,0.8844623094408582,0.531441915884322,0.0,0.3345428156748911,0.08105700764774357
1788,104,99.04761904761905,105,1,104,0,0,0.009523809523809525,4.741006907910445,4.681965952664649,31.983416096085197,3.6404346954007356,2.192189863631882,2.8204915176702388,3.3047619047619046,3.1678296249359845,0.4727142191039386,0.9446723236410957,0.010008609055929917,1.0,0.05532767635890434,0.021137561164406016,0,1,0,0,0,0.0,0.22857142857142856,0.46397472639527637,0.31486794913250904,0.8865746424412457,0.5355661562329161,0.009523809523809525,0.3345428156748911,0.08136641891822852
1789,104,99.04761904761905,105,0,105,0,0,0.0,4.77028581406619,4.711222886122854,33.11599798942541,3.644506738070074,2.105747827668875,2.779302036902941,3.3047619047619046,3.1678296249359845,0.4746015119313105,0.0,0.0,0.0,0.0,0.0,0,0,0,0,0,0.0,0.23809523809523808,0.47015651997961283,0.30993150963301686,0.8937007100883443,0.5398944401782422,0.0,0.3345428156748911,0.0815773111360169
1790,104,99.04761904761905,105,0,105,0,0,0.0,4.7825923199671925,4.7228346449845455,33.152860261144035,3.648744057955151,2.112744958291703,2.786295995540863,3.3047619047619046,3.1678296249359845,0.4730114098899203,0.0,0.0,0.0,0.0,0.0,0,0,0,0,0,0.0,0.2761904761904762,0.4668065230792081,0.30546940354780416,0.8964723795727071,0.5379150093189767,0.0,0.3345428156748911,0.0817059592028333
1791,103,98.0952380952381,105,1,104,0,0,0.009523809523809525,4.746639122109767,4.707369802060691,32.22673495659665,3.6519443752696072,2.127052292330283,2.792388322989893,3.3047619047619046,3.1678296249359845,0.47028726367141127,0.7777033416170063,0.005841229520083804,1.0,0.22229665838299373,0.0034743625540024636,0,1,0,0,0,0.0,0.29523809523809524,0.460718045519425,0.3090435421487461,0.8778808840557875,0.5317213934773464,0.009523809523809525,0.35341074020319296,0.08157688351353583
1792,102,97.14285714285714,105,1,104,0,0,0.009523809523809525,4.74989596779379,4.702119413268886,31.714169011275263,3.6556752542599122,2.1023108165182367,2.756909924388349,3.3047619047619046,3.1678296249359845,0.4685242192105721,0.9999999999417923,0.024395098065503586,1.0,5.820766091346741e-11,0.04465073815027587,0,1,0,0,0,1.0,0.2761904761904762,0.4555006393484872,0.2989425877580008,0.8865670573696798,0.5361156835303351,0.009523809523809525,0.3915094339622641,0.08165226168691864
1793,103,98.0952380952381,105,0,105,0,0,0.0,4.722746152134808,4.677686885451949,29.755769965667927,3.6584146112992864,2.1041977372685894,2.7435233027490593,3.3047619047619046,3.1678296249359845,0.46644099776693815,0.0,0.0,0.0,0.0,0.0,0,0,0,0,0,0.0,0.2761904761904762,0.4451365754519598,0.3058428890391792,0.888782127314484,0.5334717421261458,0.0,0.353410740203193,0.08155990169053676
1794,102,97.14285714285714,105,1,104,0,0,0.009523809523809525,4.803109457422769,4.753537349730562,32.26607172027324,3.663067424887995,2.0638945476694945,2.708292100305652,3.3047619047619046,3.1678296249359845,0.4720270609703239,0.9999906693751295,0.015393062661678081,1.0,9.330624870518278e-06,0.019876207192049966,0,1,0,0,0,1.0,0.2857142857142857,0.4594025698638251,0.30339145637070813,0.8797671686840127,0.5380189066977955,0.009523809523809525,0.3915094339622641,0.08203541482060464
1795,102,97.14285714285714,105,0,105,0,0,0.0,4.769855308645967,4.7200748653854205,32.11104744808299,3.6666468337448825,2.0982342513392775,2.7528938075607225,3.3047619047619046,3.1678296249359845,0.4723871225208274,0.0,0.0,0.0,0.0,0.0,0,0,0,0,0,0.0,0.2857142857142857,0.4612991618442478,0.30144695527430676,0.8910304661861227,0.5368251260041836,0.0,0.4296081277213353,0.08192583886380367
1796,102,97.14285714285714,105,1,104,0,0,0.009523809523809525,4.761491039848294,4.719762255316628,33.080435552070504,3.6699209873478447,2.0825421821883583,2.739431447246243,3.3047619047619046,3.1678296249359845,0.4741456121441918,0.8523138950507134,0.014290997266448745,1.0,0.14768610494928658,0.005958357173156736,0,1,0,0,0,0.0,0.2761904761904762,0.468084902634307,0.2885208006296224,0.8904703476625118,0.5450403147483626,0.009523809523809525,0.35341074020319296,0.08193587732371557
1797,103,98.0952380952381,105,0,105,0,0,0.0,4.748389102161958,4.707585715650121,30.568937450330303,3.6729667790345912,2.0863372282506276,2.7105111441240592,3.3047619047619046,3.1678296249359845,0.46820804004781547,0.0,0.0,0.0,0.0,0.0,0,0,0,0,0,0.0,0.2857142857142857,0.4493280471946373,0.29827270007487255,0.8956851594128918,0.5364475131328733,0.0,0.353410740203193,0.0819186103809672
1798,103,98.0952380952381,105,0,105,0,0,0.0,4.766833013644258,4.725307976521734,32.70951302936574,3.6763652140540515,2.063670718272962,2.676609510919495,3.3047619047619046,3.1678296249359845,0.4716968585701393,0.0,0.0,0.0,0.0,0.0,0,0,0,0,0,0.0,0.2571428571428571,0.4615787905940316,0.2813359966311592,0.9016754434256568,0.5415280797779093,0.0,0.353410740203193,0.08206465825404402
1799,103,98.0952380952381,105,1,104,0,0,0.009523809523809525,4.878562373485866,4.846631937940592,37.63692792790555,3.6824546892323045,1.995811861455523,2.652412798233977,3.3047619047619046,3.1678296249359845,0.4798128135094477,0.6797333496017326,0.010730570748668579,1.0,0.3202666503982674,-0.036813879124051985,0,1,0,0,0,0.0,0.2571428571428571,0.483902240594039,0.2668626660527371,0.8879490094702205,0.5443955123458585,0.009523809523809525,0.29608127721335264,0.08271975715260198
1800,103,98.0952380952381,105,0,105,0,0,0.0,4.823347102947464,4.792057994493456,35.007270497822496,3.6872441848969,2.0213884746697697,2.675923349383352,3.3047619047619046,3.1678296249359845,0.4776427968172372,0.0,0.0,0.0,0.0,0.0,0,0,0,0,0,0.0,0.2857142857142857,0.4741487139976346,0.27774611801819477,0.8879490094702205,0.5402991972115891,0.0,0.29608127721335264,0.08251954233118401
1801,104,99.04761904761905,105,0,105,0,0,0.0,4.820431404030736,4.79024981360804,35.24838145128403,3.6918361334271403,2.0325014623022595,2.6904625153908617,3.3047619047619046,3.1678296249359845,0.47487470470815807,0.0,0.0,0.0,0.0,0.0,0,0,0,0,0,0.0,0.2761904761904762,0.47014581499788544,0.264773277514108,0.8946531155535999,0.5370713851840425,0.0,0.3341799709724238,0.08257769638955174
1802,104,99.04761904761905,105,0,105,0,0,0.0,4.772757167875713,4.743893113192473,32.62043405632035,3.695107815820351,2.1357758947991394,2.740000365264353,3.3047619047619046,3.1678296249359845,0.4672425691281199,0.0,0.0,0.0,0.0,0.0,0,0,0,0,0,0.0,0.2857142857142857,0.4519423892070493,0.2643959794075791,0.8797550180180639,0.529176403835414,0.0,0.33417997097242375,0.08239114587081961
1803,104,99.04761904761905,105,0,105,0,0,0.0,4.777161724969222,4.7485532151174645,32.91758934144962,3.6983939561609422,2.1478474746828518,2.735227774355105,3.3047619047619046,3.1678296249359845,0.46670783521110293,0.0,0.0,0.0,0.0,0.0,0,0,0,0,0,0.0,0.26666666666666666,0.4507327217361462,0.25716922087302996,0.8857068250680278,0.5357664680665017,0.0,0.29608127721335264,0.08246521831990027
1804,105,100.0,105,0,105,0,0,0.0,4.740658304831187,4.712529109879338,31.275900273057943,3.7006630513520253,2.1867669016872795,2.757090777448982,3.3047619047619046,3.1678296249359845,0.4641996078665249,0.0,0.0,0.0,0.0,0.0,0,0,0,0,0,0.0,0.29523809523809524,0.4416764176718827,0.2642341937143162,0.8770866237098413,0.5312416342646182,0.0,0.3341799709724238,0.08231864175405065
1805,104,99.04761904761905,105,1,104,0,0,0.009523809523809525,4.801239282267069,4.760226579369014,32.69312382570223,3.704386880914395,2.157425245244981,2.7606202367174646,3.3047619047619046,3.1678296249359845,0.4663529503954442,0.9999999999417923,0.012577633621295183,1.0,5.820766091346741e-11,0.09664475975258324,0,1,0,0,0,1.0,0.3047619047619048,0.44684226801899474,0.25782022611250066,0.8843730735434339,0.5214081005835309,0.009523809523809525,0.3341799709724238,0.08268052892925949
1806,104,99.04761904761905,105,0,105,0,0,0.0,4.806256304526748,4.7650758077580155,34.38979393327727,3.7077978023495994,2.147544403379879,2.750002280777098,3.3047619047619046,3.1678296249359845,0.4681178415113123,0.0,0.0,0.0,0.0,0.0,0,0,0,0,0,0.0,0.2761904761904762,0.45575780330759774,0.24735905660062915,0.882509537183316,0.5274222955277228,0.0,0.3341799709724238,0.08275964013041173
1807,104,99.04761904761905,105,0,104,1,0,0.0,4.732259377882989,4.692349057005015,31.751373153024247,3.70925758396061,2.19665504376673,2.759906890229825,3.3047619047619046,3.1678296249359845,0.46334131613696505,0.4873654952511278,0.01797734839926452,0.0,0.4873654952511278,-0.06280790730090668,0,0,0,1,0,0.0,0.29523809523809524,0.44516369926752547,0.25399843276801687,0.8843730735434339,0.5282319721549914,0.0,0.3341799709724238,0.08241277719435942
1808,104,99.04761904761905,105,0,105,0,0,0.0,4.688273699353776,4.648593436607104,30.027407040184567,3.709562239372857,2.204695030941532,2.7652515757080183,3.3047619047619046,3.1678296249359845,0.46181892784398193,0.0,0.0,0.0,0.0,0.0,0,0,0,0,0,0.0,0.2857142857142857,0.4387936005503155,0.25707953817019513,0.898368643532233,0.5292649181995142,0.0,0.3722786647314949,0.08219767428391493
1809,103,98.0952380952381,105,1,104,0,0,0.009523809523809525,4.722521641271839,4.6705773142217,30.882013503132267,3.7107357828337095,2.2156117641982926,2.786191920693516,3.3047619047619046,3.1678296249359845,0.4632145957658844,0.7832434800529828,0.028311437559870818,1.0,0.21675651994701717,-0.06879248661971049,0,1,0,0,0,0.0,0.29523809523809524,0.4422004313354123,0.2479224740680416,0.8834860026973197,0.5337673332366561,0.009523809523809525,0.29608127721335264,0.08238750192221243
1810,103,98.0952380952381,105,2,103,0,0,0.01904761904761905,4.751377971657912,4.678985151528001,30.10651982103279,3.71229515235395,2.1646732964195126,2.7465820254475255,3.3047619047619046,3.1678296249359845,0.461119368134552,0.9812476893823405,0.019618342717056654,1.0,0.018752310617659473,0.01774984044640715,0,2,0,0,0,1.0,0.3142857142857143,0.43660621933455124,0.2604890814451723,0.9007768284032318,0.5372406121615163,0.01904761904761905,0.3341799709724238,0.082556482658955
1811,103,98.0952380952381,105,0,105,0,0,0.0,4.78325004918303,4.710627496576097,32.435870184981255,3.714075689438153,2.1396452573332754,2.722349228834057,3.3047619047619046,3.1678296249359845,0.4613441393405642,0.0,0.0,0.0,0.0,0.0,0,0,0,0,0,0.0,0.3238095238095238,0.4438977808811892,0.2365615526501264,0.8958170673835372,0.5431487479542315,0.0,0.33417997097242375,0.08274404523719876
1812,103,98.0952380952381,105,0,105,0,0,0.0,4.770490758580336,4.7000529870053525,31.12192155510899,3.7155318361836214,2.169612639158528,2.760468818862158,3.3047619047619046,3.1678296249359845,0.4577844928248296,0.0,0.0,0.0,0.0,0.0,0,0,0,0,0,0.0,0.3333333333333333,0.4352406727364249,0.24050878616831103,0.8992638385310792,0.5416681582127795,0.0,0.29608127721335264,0.08270331290817803
1813,102,97.14285714285714,105,1,104,0,0,0.009523809523809525,4.71790368870967,4.644668833812988,28.854889982074763,3.7156549868970483,2.201048676260739,2.7995697463424216,3.3047619047619046,3.1678296249359845,0.4526101871061845,0.9999997999972569,0.01827665748173983,1.0,2.0000274314480038e-07,0.05858156094312461,0,1,0,0,0,1.0,0.34285714285714286,0.4224826359333597,0.2504331462946888,0.9001943064513989,0.5340144673132101,0.009523809523809525,0.3341799709724238,0.08244232816121634
1814,102,97.14285714285714,105,0,105,0,0,0.0,4.7977845265445,4.722391264930933,31.750926668350935,3.7176272150584095,2.1434873081550174,2.764388774005364,3.3047619047619046,3.1678296249359845,0.4590782748137108,0.0,0.0,0.0,0.0,0.0,0,0,0,0,0,0.0,0.3238095238095238,0.43656328039140296,0.23842477765092174,0.8945309845950322,0.5452795957283944,0.0,0.3341799709724238,0.08287297076437396
1815,104,99.04761904761905,105,0,105,0,0,0.0,4.816109051808015,4.741357894401929,31.936604923210265,3.7200176307975905,2.1305865610862833,2.7520428474144114,3.3047619047619046,3.1678296249359845,0.46055953402645566,0.0,0.0,0.0,0.0,0.0,0,0,0,0,0,0.0,0.29523809523809524,0.43677854781480896,0.2340302937292199,0.8935698551262403,0.5489062138448475,0.0,0.3341799709724238,0.08300245553966398
1816,104,99.04761904761905,105,0,105,0,0,0.0,4.8517909169992395,4.776320054046435,32.419825630520286,3.723218355559416,2.0640033944142155,2.7183987606616604,3.3047619047619046,3.1678296249359845,0.4622633963782392,0.0,0.0,0.0,0.0,0.0,0,0,0,0,0,0.0,0.26666666666666666,0.4389868148118156,0.23143173623574365,0.8945309845950322,0.5522843449749162,0.0,0.3341799709724238,0.08323156161922898
1817,103,98.0952380952381,105,1,104,0,0,0.009523809523809525,4.845726211994873,4.78286473774892,29.732861748024213,3.7261955192411436,2.0251519032759977,2.6988548995562884,3.3047619047619046,3.1678296249359845,0.4581835320425929,0.9872015939285463,0.009740574620699407,1.0,0.01279840607145366,0.015729318136626036,0,1,0,0,0,1.0,0.2857142857142857,0.4224717895081937,0.2455501760429187,0.9019585218496211,0.5520267295398759,0.009523809523809525,0.3341799709724238,0.08324839383075346
1818,104,99.04761904761905,105,0,105,0,0,0.0,4.841434688290676,4.778086476351928,30.951748351058388,3.729245304821935,2.046334781515607,2.696535597105632,3.3047619047619046,3.1678296249359845,0.45794992013604463,0.0,0.0,0.0,0.0,0.0,0,0,0,0,0,0.0,0.2571428571428571,0.4262177328516648,0.2282740466676164,0.8986395016902521,0.5550087332898656,0.0,0.3722786647314949,0.08327524221779514
1819,104,99.04761904761905,105,0,105,0,0,0.0,4.776327198346819,4.71463486005645,28.47688503082614,3.7305904471127938,2.1356465350500575,2.7422757494680354,3.3047619047619046,3.1678296249359845,0.45342113415241836,0.0,0.0,0.0,0.0,0.0,0,0,0,0,0,0.0,0.2761904761904762,0.41305026344610307,0.23631902706768712,0.9072020461443728,0.5496057357403061,0.0,0.3722786647314949,0.08297101067606955
1820,104,99.04761904761905,105,0,105,0,0,0.0,4.743528176519319,4.68344177839664,24.986149532648195,3.7311024626422644,2.167676922442923,2.7440262423975703,3.3047619047619046,3.1678296249359845,0.45048743483890763,0.0,0.0,0.0,0.0,0.0,0,0,0,0,0,0.0,0.2761904761904762,0.39756392400528323,0.2685597316160377,0.9120552833042176,0.5458878223800143,0.0,0.3341799709724238,0.08281512545674546
1821,104,99.04761904761905,105,0,105,0,0,0.0,4.776709464274417,4.71474811159581,26.110497234544784,3.732391643430161,2.1174925219348983,2.7178155854081005,3.3047619047619046,3.1678296249359845,0.4546567243171391,0.0,0.0,0.0,0.0,0.0,0,0,0,0,0,0.0,0.29523809523809524,0.408238953169529,0.27221862421711635,0.9185540843436452,0.552976225696899,0.0,0.29608127721335264,0.08300145142097994
1822,105,100.0,105,0,104,1,0,0.0,4.773479605645002,4.712110189163829,25.742015840188177,3.733573133256512,2.095038768705632,2.7331274000768695,3.3047619047619046,3.1678296249359845,0.4496646038847387,0.29181283022811444,0.014164003665042831,0.0,0.29181283022811444,-0.0764363263032588,0,0,0,1,0,0.0,0.29523809523809524,0.40114323470931074,0.2635148577387338,0.9137110846512404,0.5435524810572508,0.0,0.3341799709724238,0.08300401592020024
1823,104,99.04761904761905,105,1,104,0,0,0.009523809523809525,4.791857574824808,4.742339291142881,26.38098239272797,3.73515801330702,2.0525928081135456,2.7178641143694566,3.3047619047619046,3.1678296249359845,0.453228218342844,0.7124049620987989,0.010935544122019913,1.0,0.2875950379012011,0.005715720435669036,0,1,0,0,0,0.0,0.2761904761904762,0.40647276716223574,0.26504140842211155,0.9273111677184904,0.5477180937372919,0.009523809523809525,0.29608127721335264,0.08312100891597912
1824,103,98.0952380952381,105,1,104,0,0,0.009523809523809525,4.748182618977248,4.690113456600246,24.44406307351422,3.735966423323499,2.092153322278559,2.7360616539924996,3.3047619047619046,3.1678296249359845,0.44956465906364595,0.44337234586208407,0.018809890765128096,0.0,0.44337234586208407,-0.09697675019193275,0,1,0,0,0,0.0,0.29523809523809524,0.39674631697733076,0.276454289820895,0.9254769346111913,0.5383938798187837,0.009523809523809525,0.2768505079825834,0.08291543866273779
1825,103,98.0952380952381,105,0,105,0,0,0.0,4.75819490796169,4.700716803370987,24.98523936124151,3.736745931773019,2.065837418561835,2.720265394321866,3.3047619047619046,3.1678296249359845,0.4497437535347888,0.0,0.0,0.0,0.0,0.0,0,0,0,0,0,0.0,0.29523809523809524,0.3985195916358943,0.2689536544272355,0.9265749809139474,0.5442879986609233,0.0,0.2768505079825834,0.0829778468574564
1826,103,98.0952380952381,105,0,105,0,0,0.0,4.76529333805938,4.708937027938998,24.3932455642882,3.737709068890229,2.082786175527164,2.7075437834630374,3.3047619047619046,3.1678296249359845,0.4493229508943448,0.0,0.0,0.0,0.0,0.0,0,0,0,0,0,0.0,0.3142857142857143,0.3945650132535477,0.27260096931913075,0.9240737854411245,0.543427351566136,0.0,0.3149492017416545,0.0830285942794087
1827,103,98.0952380952381,105,0,105,0,0,0.0,4.7878581859763045,4.732542528512204,24.83871006593156,3.739239921096728,2.071756506439113,2.681865007192169,3.3047619047619046,3.1678296249359845,0.4481023508223092,0.0,0.0,0.0,0.0,0.0,0,0,0,0,0,0.0,0.3047619047619048,0.3939426276855583,0.2629509775612227,0.9156733221382636,0.5471452360148888,0.0,0.2768505079825834,0.08316566591384907
1828,104,99.04761904761905,105,0,105,0,0,0.0,4.81210165780986,4.754843612355572,27.567118827857172,3.741287446786054,2.061568836436397,2.674714205289752,3.3047619047619046,3.1678296249359845,0.4538117892881448,0.0,0.0,0.0,0.0,0.0,0,0,0,0,0,0.0,0.3238095238095238,0.41258781750288853,0.24759546864612839,0.9164378000255595,0.5562662480075703,0.0,0.3149492017416545,0.08331931433569917
1829,105,100.0,105,0,105,0,0,0.0,4.808263318371008,4.750661612582682,26.714577027071446,3.7431641274478387,2.0484916696953834,2.6741366177922057,3.3047619047619046,3.1678296249359845,0.4523869478608131,0.0,0.0,0.0,0.0,0.0,0,0,0,0,0,0.0,0.3238095238095238,0.40718952548978504,0.25212148211320595,0.9145752758355077,0.5518046272032119,0.0,0.2768505079825834,0.08332984766148964
1830,105,100.0,105,0,105,0,0,0.0,4.793262159164965,4.736300246561851,26.1368449685615,3.7446174031777715,2.0838932884562102,2.68290475533945,3.3047619047619046,3.1678296249359845,0.4503035535267257,0.0,0.0,0.0,0.0,0.0,0,0,0,0,0,0.0,0.3047619047619048,0.4014227990504316,0.24263342760133624,0.9145752758355077,0.5558092561906438,0.0,0.2768505079825834,0.08327786051501183
1831,105,100.0,105,0,105,0,0,0.0,4.784053805975104,4.726852328602254,26.25694779957636,3.745785206453349,2.1296315989684453,2.697537178925473,3.3047619047619046,3.1678296249359845,0.44834363228096286,0.0,0.0,0.0,0.0,0.0,0,0,0,0,0,0.0,0.29523809523809524,0.4007944379863437,0.24061832514921283,0.9056666849874742,0.552537738256388,0.0,0.2768505079825834,0.08325031575812489
1832,105,100.0,105,0,104,1,0,0.0,4.791277789037885,4.735549110487117,26.175146396655858,3.7471364150971724,2.1245913920784023,2.687892811692117,3.3047619047619046,3.1678296249359845,0.4468914634937309,0.35460827689367447,0.017018129711613213,0.0,0.35460827689367447,-0.10266244704215133,0,0,0,1,0,0.0,0.2857142857142857,0.3984676318498546,0.23613797292052066,0.9085221362700914,0.553854014599387,0.0,0.3149492017416546,0.08330783766729566
1833,105,100.0,105,0,105,0,0,0.0,4.765137543233706,4.708131839524157,27.13644364094156,3.747749993807752,2.0905090684505683,2.6805011853406477,3.3047619047619046,3.1678296249359845,0.44988923745523923,0.0,0.0,0.0,0.0,0.0,0,0,0,0,0,0.0,0.3142857142857143,0.4074093568601581,0.22941190444248372,0.9208141553086434,0.5569968697403486,0.0,0.3530478955007257,0.08318685500235778
1834,105,100.0,105,0,104,1,0,0.0,4.736558703288888,4.681493528072207,25.149019832451337,3.747669050332759,2.073332697507606,2.6612455420429066,3.3047619047619046,3.1678296249359845,0.44530547462266745,0.3826401504966007,0.01685814275701561,0.0,0.3826401504966007,-0.11274660020542138,0,0,0,1,0,0.0,0.29523809523809524,0.3941115807110117,0.23951869618232577,0.9322896311730096,0.5460727802541979,0.0,0.3149492017416545,0.08304267872694356
1835,105,100.0,105,0,104,1,0,0.0,4.767114381184478,4.712341643252592,24.85177960551622,3.748372443594282,2.0726621906505067,2.660049259358642,3.3047619047619046,3.1678296249359845,0.4444523535037066,0.41351582611388793,0.017518373093064806,0.0,0.41351582611388793,-0.11811451526072947,0,0,0,1,0,0.0,0.26666666666666666,0.3904111802710589,0.24463603592071484,0.9288986926620924,0.5393994262343099,0.0,0.2768505079825835,0.08320659826648066
1836,105,100.0,105,0,105,0,0,0.0,4.760918515442636,4.707221236295063,25.06958526505024,3.7489237899408714,2.1049637016457177,2.6959126247896177,3.3047619047619046,3.1678296249359845,0.4461381139504428,0.0,0.0,0.0,0.0,0.0,0,0,0,0,0,0.0,0.2857142857142857,0.39337849778836104,0.2399321103124031,0.9247214065446128,0.5418517620535714,0.0,0.3149492017416545,0.0831843517942231
1837,105,100.0,105,0,105,0,0,0.0,4.794145294547136,4.741316441911872,25.500781485147158,3.7503217329939282,2.020951462306906,2.644133954394036,3.3047619047619046,3.1678296249359845,0.45004983397378995,0.0,0.0,0.0,0.0,0.0,0,0,0,0,0,0.0,0.3047619047619048,0.3984992288997812,0.24350527039094425,0.9280956387326234,0.5482107514194431,0.0,0.3149492017416545,0.08337262791683282
1838,104,99.04761904761905,105,1,104,0,0,0.009523809523809525,4.868145075663404,4.812010431523183,28.140447199216442,3.7535000603370134,1.9779730503993997,2.585981058955709,3.3047619047619046,3.1678296249359845,0.4561490103497694,0.9999998082570465,0.00889593074128179,1.0,1.917429535147619e-07,0.11387718840080563,0,1,0,0,0,1.0,0.26666666666666666,0.41394489489768027,0.23516479590836611,0.9427707706962961,0.5665753003199562,0.009523809523809525,0.2768505079825835,0.08379296881999
1839,104,99.04761904761905,105,0,105,0,0,0.0,4.864372811347369,4.8099151882581115,26.85021406811054,3.7564915080680166,1.9577080042344466,2.561129583177751,3.3047619047619046,3.1678296249359845,0.45607563482838187,0.0,0.0,0.0,0.0,0.0,0,0,0,0,0,0.0,0.2761904761904762,0.4073878449965605,0.2372103052645423,0.9443675506665012,0.5722280787784697,0.0,0.2768505079825835,0.08382148948212843
1840,104,99.04761904761905,105,0,105,0,0,0.0,4.931900998571422,4.874033160100936,29.904630518966762,3.761013110317138,1.9317655317083198,2.56752088803107,3.3047619047619046,3.1678296249359845,0.46132609906490174,0.0,0.0,0.0,0.0,0.0,0,0,0,0,0,0.0,0.2857142857142857,0.42399605860903566,0.2318365968655959,0.9443675506665012,0.5751931818488524,0.0,0.2768505079825835,0.08423074874603341
1841,104,99.04761904761905,105,0,105,0,0,0.0,4.898028285122175,4.842287927685172,27.74004382173995,3.764586968009113,1.976883029617009,2.552290314584319,3.3047619047619046,3.1678296249359845,0.45764680468166286,0.0,0.0,0.0,0.0,0.0,0,0,0,0,0,0.0,0.3047619047619048,0.41247671698588534,0.24421743294207374,0.9225837266058771,0.5735182675167099,0.0,0.2768505079825835,0.08411799204014689
1842,104,99.04761904761905,105,0,105,0,0,0.0,4.908277567597995,4.852177860979675,28.062689506148594,3.7682982489678003,1.9639571203418995,2.570895176343032,3.3047619047619046,3.1678296249359845,0.45714447936721725,0.0,0.0,0.0,0.0,0.0,0,0,0,0,0,0.0,0.3333333333333333,0.4137997903791601,0.24191637984060513,0.9267777307490388,0.5718931057329141,0.0,0.2768505079825835,0.08422802198136295
1843,105,100.0,105,0,105,0,0,0.0,4.882496934131668,4.825297057772187,28.460583949792714,3.7712107324308723,2.0017085089256446,2.62297002067211,3.3047619047619046,3.1678296249359845,0.4565023630863765,0.0,0.0,0.0,0.0,0.0,0,0,0,0,0,0.0,0.29523809523809524,0.41746710712920876,0.2414860923549834,0.9202492803058759,0.5666978605751338,0.0,0.3149492017416545,0.08414525007101359
1844,105,100.0,105,0,105,0,0,0.0,4.855725998944359,4.7979507209642245,29.343037670163383,3.773337925092989,2.0222610312163445,2.6742587486386307,3.3047619047619046,3.1678296249359845,0.45501083632909123,0.0,0.0,0.0,0.0,0.0,0,0,0,0,0,0.0,0.3238095238095238,0.4224542508892749,0.23198534520206965,0.9396723053580112,0.5660633304114033,0.0,0.3149492017416545,0.08404508831474204
1845,105,100.0,105,0,105,0,0,0.0,4.815468078360212,4.758740921358337,26.06698574074346,3.774404052197542,2.0291401017981565,2.7135524065315217,3.3047619047619046,3.1678296249359845,0.45035316279536364,0.0,0.0,0.0,0.0,0.0,0,0,0,0,0,0.0,0.3142857142857143,0.40282809231329614,0.25225600475610366,0.9334950564137914,0.558384270508524,0.0,0.3149492017416545,0.08386068525695006
1846,105,100.0,105,0,105,0,0,0.0,4.804708199274302,4.7498995487328095,24.42394126655129,3.775212342514811,2.1068710688765653,2.7336409847326184,3.3047619047619046,3.1678296249359845,0.44453999884120643,0.0,0.0,0.0,0.0,0.0,0,0,0,0,0,0.0,0.3333333333333333,0.3902063016980126,0.2655738633784316,0.9197238196373848,0.5535221854403034,0.0,0.3149492017416545,0.08381968849158347
1847,105,100.0,105,0,105,0,0,0.0,4.840210685244259,4.784958516378444,24.23016019769564,3.7768835142625736,2.146906965532473,2.759685851123374,3.3047619047619046,3.1678296249359845,0.4448959541351001,0.0,0.0,0.0,0.0,0.0,0,0,0,0,0,0.0,0.2857142857142857,0.3880082265316586,0.286578698372528,0.9208711746434295,0.5556250721450984,0.0,0.3149492017416545,0.08402367085828785
1848,105,100.0,105,0,105,0,0,0.0,4.879514687116404,4.8239260764343,24.817662139943344,3.779489286865879,2.183353781640038,2.770884271771083,3.3047619047619046,3.1678296249359845,0.4454287422966703,0.0,0.0,0.0,0.0,0.0,0,0,0,0,0,0.0,0.29523809523809524,0.3893134302094956,0.282572870345885,0.9183295485179046,0.5586738731089127,0.0,0.35304789550072563,0.08426146408589157
1849,105,100.0,105,0,105,0,0,0.0,4.877208834821492,4.82152452542822,23.712849914305046,3.7819516513973155,2.1992528763994565,2.764104663980192,3.3047619047619046,3.1678296249359845,0.4438748975699691,0.0,0.0,0.0,0.0,0.0,0,0,0,0,0,0.0,0.29523809523809524,0.3815029957850889,0.291283524966265,0.9262153732763452,0.5551597857512856,0.0,0.3149492017416545,0.0842889365809674
1850,105,100.0,105,0,105,0,0,0.0,4.811529619114686,4.757758197505196,21.951001647991223,3.782720005514307,2.182797452493527,2.781068090098749,3.3047619047619046,3.1678296249359845,0.43656680458797514,0.0,0.0,0.0,0.0,0.0,0,0,0,0,0,0.0,0.3047619047619048,0.3685847006898555,0.30092411966674215,0.9203794100853246,0.5471526408435005,0.0,0.35304789550072563,0.08397271057710459
1851,104,99.04761904761905,105,1,104,0,0,0.009523809523809525,4.78852237285259,4.755693641296445,21.705802220187795,3.7829357778611494,2.1773490952619277,2.773742962088035,3.3047619047619046,3.1678296249359845,0.43367971774627634,0.9999999999417917,0.017130703529321677,1.0,5.820832704728218e-11,0.012050709972203144,0,1,0,0,0,1.0,0.3142857142857143,0.3640046972077625,0.2929928374640065,0.9246593359402784,0.5501422317197543,0.009523809523809525,0.3149492017416545,0.08386109199595697
1852,104,99.04761904761905,105,0,105,0,0,0.0,4.784321910437693,4.75082593431542,22.424168271586247,3.7834972746988704,2.156906841367678,2.7823555760679306,3.3047619047619046,3.1678296249359845,0.4336058143172865,0.0,0.0,0.0,0.0,0.0,0,0,0,0,0,0.0,0.29523809523809524,0.3676308335193444,0.2771399753835867,0.9224779504566313,0.5518883993605558,0.0,0.3149492017416545,0.08384898331546668
1853,103,98.0952380952381,105,1,104,0,0,0.009523809523809525,4.7980734071480065,4.759371601529488,21.821128437344655,3.7843810244810148,2.1720038773609622,2.7929347939986773,3.3047619047619046,3.1678296249359845,0.43319154492015755,0.8879640207224044,0.016919079717107044,1.0,0.11203597927759557,0.009129380495444206,0,1,0,0,0,0.0,0.3047619047619048,0.36366563556146536,0.2829501235566983,0.9216850928540613,0.552757145952835,0.009523809523809525,0.3149492017416545,0.08393173864272278
1854,103,98.0952380952381,105,0,105,0,0,0.0,4.8575538855529965,4.819801705387258,23.467645824808038,3.786644766296191,2.2179811352351657,2.800114872853268,3.3047619047619046,3.1678296249359845,0.4312144175649182,0.0,0.0,0.0,0.0,0.0,0,0,0,0,0,0.0,0.3142857142857143,0.3676591564841282,0.2713161930934648,0.9211974347482939,0.5534158137031359,0.0,0.3149492017416546,0.08426499677667434
1855,103,98.0952380952381,105,0,105,0,0,0.0,4.876592788044813,4.837377661456717,24.69304855208928,3.7892822177021017,2.2161202689565664,2.755494109901079,3.3047619047619046,3.1678296249359845,0.43331313569164753,0.0,0.0,0.0,0.0,0.0,0,0,0,0,0,0.0,0.3238095238095238,0.37436580652405527,0.26800092748059345,0.9243609460032336,0.5556944925263594,0.0,0.3149492017416545,0.0844019662726233
1856,104,99.04761904761905,105,0,105,0,0,0.0,4.879391886973285,4.840001828723705,25.218931878804018,3.791902622459505,2.178134946325405,2.692387730932712,3.3047619047619046,3.1678296249359845,0.43353961514547135,0.0,0.0,0.0,0.0,0.0,0,0,0,0,0,0.0,0.3523809523809524,0.37660677656601743,0.26125550557077654,0.927246126197223,0.5659564154720366,0.0,0.35304789550072563,0.08445746674636478
1857,104,99.04761904761905,105,0,105,0,0,0.0,4.901728478243214,4.863589872156648,27.85398326389728,3.7950378004809604,2.170488011304412,2.7009977650073735,3.3047619047619046,3.1678296249359845,0.4349431497667531,0.0,0.0,0.0,0.0,0.0,0,0,0,0,0,0.0,0.3238095238095238,0.3879978350973017,0.2470214361392523,0.9036554704343132,0.5696402811945241,0.0,0.35304789550072563,0.08461880825179349
1858,105,100.0,105,0,105,0,0,0.0,4.891142392636743,4.852557709621184,28.657946815498608,3.797794077313802,2.157910935314134,2.72620592514011,3.3047619047619046,3.1678296249359845,0.43587351324754575,0.0,0.0,0.0,0.0,0.0,0,0,0,0,0,0.0,0.3142857142857143,0.3935310349002486,0.24126335624512601,0.9315431732688096,0.5706500376763383,0.0,0.3149492017416545,0.08460953490078914
1859,104,99.04761904761905,105,1,103,0,1,0.009523809523809525,4.914286159575635,4.863347008971653,31.06044548084101,3.8010647874685204,2.1504911200556793,2.7058039498701705,3.3047619047619046,3.1678296249359845,0.44017466391991933,0.9999806912032818,0.013789744926147932,1.0,1.9308796718242593e-05,0.12076384257781358,0,2,0,0,0,1.0,0.3333333333333333,0.4077141258136793,0.22117706127438244,0.9127585784095273,0.5852489004805956,0.009523809523809525,0.37227866473149485,0.08477705899809708
1860,102,97.14285714285714,105,2,103,0,0,0.01904761904761905,4.895007297097225,4.846030758042028,32.59913876322671,3.803432157413477,2.2342902441783403,2.7765245329060284,3.3047619047619046,3.1678296249359845,0.44015015183295736,0.7155168159733923,0.011573541092894542,0.5,0.2328711942277225,-0.0021474317364476025,0,2,0,0,0,0.5,0.3238095238095238,0.41552381097740887,0.21358834695134934,0.921269671184601,0.5782666243177904,0.01904761904761905,0.3530478955007257,0.08471816180892912
1861,102,97.14285714285714,105,0,105,0,0,0.0,4.981901281625761,4.930493395477474,35.37008070288405,3.807897611116549,2.173612073075398,2.748542470194919,3.3047619047619046,3.1678296249359845,0.4450533923399351,0.0,0.0,0.0,0.0,0.0,0,0,0,0,0,0.0,0.3142857142857143,0.42718244183548815,0.20727101482040103,0.9177513875162763,0.5855940625371981,0.0,0.3530478955007257,0.08522336071421865
1862,102,97.14285714285714,105,1,104,0,0,0.009523809523809525,4.997945539916362,4.936633645802735,35.224009556135314,3.812613327012455,2.1818939377659117,2.7938750233859078,3.3047619047619046,3.1678296249359845,0.4450256042359535,0.9996818637936566,0.025883861930794692,1.0,0.0003181362063433557,0.026807022671419656,0,1,0,0,0,1.0,0.3142857142857143,0.4276851155908308,0.21805027877780592,0.8975761952624244,0.5794121485505288,0.009523809523809525,0.410377358490566,0.08537827492826082
1863,102,97.14285714285714,105,0,105,0,0,0.0,4.945013497563594,4.8845306681004095,32.13848116017137,3.815623120189631,2.212097378355467,2.806475263823774,3.3047619047619046,3.1678296249359845,0.4423382494162855,0.0,0.0,0.0,0.0,0.0,0,0,0,0,0,0.0,0.29523809523809524,0.4143214655322672,0.2296845126407552,0.903930310431245,0.5748325167725483,0.0,0.37227866473149496,0.08516128727645492
1864,103,98.0952380952381,105,0,105,0,0,0.0,4.899630672828192,4.840175185677463,32.8881513103018,3.81741348335691,2.2184506035015428,2.819036381812682,3.3047619047619046,3.1678296249359845,0.44387560707883167,0.0,0.0,0.0,0.0,0.0,0,0,0,0,0,0.0,0.3047619047619048,0.42168124945766006,0.2227859104248749,0.9045973528152305,0.5740251919419793,0.0,0.33417997097242375,0.08496273098018142
1865,104,99.04761904761905,105,0,105,0,0,0.0,4.9106998511700946,4.85125944661105,31.865832475895132,3.81942803527063,2.1800624365758146,2.8093551992042807,3.3047619047619046,3.1678296249359845,0.441569307695342,0.0,0.0,0.0,0.0,0.0,0,0,0,0,0,0.0,0.29523809523809524,0.41540566758804215,0.2227025565143258,0.901729230126836,0.5762087921831577,0.0,0.3722786647314949,0.08504998565805719
1866,104,99.04761904761905,105,0,105,0,0,0.0,4.855517970888908,4.797585891793953,29.129487488997828,3.820018540195815,2.207206188933812,2.8074770515510976,3.3047619047619046,3.1678296249359845,0.4385775877673259,0.0,0.0,0.0,0.0,0.0,0,0,0,0,0,0.0,0.29523809523809524,0.4032716207904225,0.23243968676322432,0.896989357783849,0.5738751271115139,0.0,0.37227866473149496,0.08478342935162961
1867,105,100.0,105,0,105,0,0,0.0,4.890404174524346,4.8320152608964815,29.02565419437398,3.82146286993433,2.1902227581426152,2.7979982835934796,3.3047619047619046,3.1678296249359845,0.4386977170103705,0.0,0.0,0.0,0.0,0.0,0,0,0,0,0,0.0,0.3142857142857143,0.40125234226447176,0.24140796557395058,0.8930470629361709,0.5742419612884436,0.0,0.37227866473149496,0.08498073732247603
1868,105,100.0,105,0,105,0,0,0.0,4.8934747054331345,4.833688419502726,29.781421746050338,3.822903848018707,2.1286298920467073,2.77967949015784,3.3047619047619046,3.1678296249359845,0.4403673672132935,0.0,0.0,0.0,0.0,0.0,0,0,0,0,0,0.0,0.3333333333333333,0.4065896546305747,0.24047589182138313,0.8906625547743408,0.5720362698599034,0.0,0.37227866473149496,0.08501891384234284
1869,105,100.0,105,0,105,0,0,0.0,4.934736844231261,4.873733397183654,31.80855346338323,3.825314023705459,2.1394172775079676,2.7929129937330983,3.3047619047619046,3.1678296249359845,0.44184318124945543,0.0,0.0,0.0,0.0,0.0,0,0,0,0,0,0.0,0.34285714285714286,0.4147554036276143,0.23262978500791986,0.8930470629361709,0.5715417086807127,0.0,0.37227866473149496,0.08526339966604243
1870,105,100.0,105,0,105,0,0,0.0,4.974506969226387,4.913931937403892,32.23272683657518,3.828666586145504,2.1084759083976956,2.7637028647004382,3.3047619047619046,3.1678296249359845,0.4441987280493225,0.0,0.0,0.0,0.0,0.0,0,0,0,0,0,0.0,0.34285714285714286,0.41690406697255733,0.23087144786771235,0.8859346001371409,0.5765908166053264,0.0,0.3722786647314949,0.08551535202410318
1871,105,100.0,105,0,105,0,0,0.0,5.033979475218872,4.97188174878274,36.041730265232225,3.833381546153341,2.103994128131524,2.7831801641219687,3.3047619047619046,3.1678296249359845,0.4496684782854419,0.0,0.0,0.0,0.0,0.0,0,0,0,0,0,0.0,0.3333333333333333,0.4340469455763047,0.2172314255341506,0.8906625547743408,0.5858451750096773,0.0,0.37227866473149496,0.08588739550403168
1872,105,100.0,105,0,105,0,0,0.0,5.073859790667547,5.010982184264156,36.78290357582168,3.8389380524041745,2.053187645098636,2.7352300012042883,3.3047619047619046,3.1678296249359845,0.45328875158604665,0.0,0.0,0.0,0.0,0.0,0,0,0,0,0,0.0,0.3523809523809524,0.4388290794853135,0.2215287802581487,0.8954408585365039,0.5940692493246034,0.0,0.37227866473149496,0.08617480740683772
1873,105,100.0,105,0,105,0,0,0.0,5.0797280033569745,5.018689690257392,39.80402839748275,3.84451386653044,2.05587920536854,2.735341794548526,3.3047619047619046,3.1678296249359845,0.45535058041592835,0.0,0.0,0.0,0.0,0.0,0,0,0,0,0,0.0,0.34285714285714286,0.4494917074451874,0.20704010116607943,0.8956952995952121,0.593905487602597,0.0,0.3341799709724238,0.08629246461614645
1874,104,99.04761904761905,105,1,104,0,0,0.009523809523809525,5.039771598407529,4.959818078972699,36.87991115656148,3.8489624853959565,2.158992829117422,2.76952509587408,3.3047619047619046,3.1678296249359845,0.4504460172301403,0.9999999998664983,0.03047773787008257,1.0,1.3350165417591597e-10,0.06434218442725959,0,1,0,0,0,1.0,0.3142857142857143,0.4352059728563345,0.20382024518050126,0.9012081249054049,0.5896281124128474,0.009523809523809525,0.3341799709724238,0.08616314492456038
1875,103,98.0952380952381,105,1,103,1,0,0.009523809523809525,5.051331978937139,4.963134634770753,36.75103984748426,3.853009918928465,2.1770349242613616,2.790923211261918,3.3047619047619046,3.1678296249359845,0.4481297396198405,0.660870871962453,0.020049838121393354,0.5,0.170414646509995,-0.03590771983685359,0,1,0,1,0,0.5,0.3142857142857143,0.43236144585706976,0.20477986171152412,0.8901396450439341,0.5846943000833706,0.009523809523809525,0.36792452830188677,0.08628505472645463
1876,101,96.19047619047619,105,2,102,1,0,0.01904761904761905,5.064133625186059,4.970344969921522,38.80451067409029,3.857041360273093,2.231650107380241,2.845584822120254,3.3047619047619046,3.1678296249359845,0.450696336470747,0.6933012706888623,0.01361469796732328,0.6666666666666666,0.026730827863566037,0.03634454156928546,0,2,1,0,0,0.6666666666666666,0.2857142857142857,0.4389694847667114,0.1912218319163341,0.9074204212519522,0.5858210013420952,0.01904761904761905,0.35341074020319296,0.08641291755431277
1877,101,96.19047619047619,105,0,104,1,0,0.0,5.108376853647019,5.013826223758497,41.52990783585,3.8619204393835527,2.146759257928795,2.822121722995633,3.3047619047619046,3.1678296249359845,0.45500134731741815,0.05087610039501832,0.01020935529684174,0.0,0.05087610039501832,-0.08340661450789844,0,0,0,1,0,0.0,0.29523809523809524,0.44998291355249626,0.17543610258996417,0.8961288578136266,0.5961959674792132,0.0,0.3915094339622641,0.08671141415336016
1878,100,95.23809523809524,105,1,104,0,0,0.009523809523809525,5.107357390738694,5.010460107582938,40.36457959289579,3.8666462929823116,2.1189201692604898,2.7473891468921927,3.3047619047619046,3.1678296249359845,0.45479651646297725,0.050499690270396,0.010474703065451153,0.0,0.050499690270396,-0.08865864461359307,0,1,0,0,0,0.0,0.3047619047619048,0.4483124298075317,0.17695327069605085,0.8828406130993737,0.6008685867144453,0.009523809523809525,0.41074020319303334,0.08678117033398483
1879,101,96.19047619047619,105,1,104,0,0,0.009523809523809525,5.112670870388768,4.998645562511135,39.687938446756064,3.871271433431157,2.1286357633557413,2.832766286243869,3.3047619047619046,3.1678296249359845,0.4534426939824039,0.9999999952168589,0.027163056247470896,1.0,4.7831411054133355e-09,-0.03232803320480482,0,1,0,0,0,1.0,0.34285714285714286,0.44544233647309295,0.18295985481016747,0.8912363016776181,0.5920824581412321,0.009523809523809525,0.3726415094339623,0.08688099601690191
1880,101,96.19047619047619,105,1,104,0,0,0.009523809523809525,5.127250822222606,5.009826655254138,41.0718227266621,3.8756040744354645,2.124746260329965,2.8395211511901217,3.3047619047619046,3.1678296249359845,0.4577214806157732,0.8422831297511273,0.01734533198847582,1.0,0.1577168702488727,-0.014954845947136697,0,1,0,0,0,0.0,0.3333333333333333,0.4545847649738136,0.18562280983745988,0.8764026261303328,0.594377514716308,0.009523809523809525,0.33454281567489114,0.08702252111870938
1881,103,98.0952380952381,105,0,105,0,0,0.0,5.112025377956505,4.995850450231931,41.816101987807095,3.8794395648842275,2.1700350936451414,2.844100638902944,3.3047619047619046,3.1678296249359845,0.455602782654402,0.0,0.0,0.0,0.0,0.0,0,0,0,0,0,0.0,0.3333333333333333,0.45341907355981426,0.17441458748850566,0.8628331434321539,0.5945992419824808,0.0,0.33454281567489114,0.08700714479872765
1882,103,98.0952380952381,105,0,105,0,0,0.0,5.159991520799745,5.03953268093629,49.06388559260425,3.884260576446362,2.12920298719817,2.827859544471427,3.3047619047619046,3.1678296249359845,0.46339747580593627,0.0,0.0,0.0,0.0,0.0,0,0,0,0,0,0.0,0.34285714285714286,0.4826785468954992,0.15722384421119723,0.8631200572181192,0.6017551417621282,0.0,0.3726415094339623,0.08732333622918728
1883,103,98.0952380952381,105,0,104,1,0,0.0,5.184944083307018,5.0639522585622085,48.2579486353106,3.889547723067464,2.1097857168602556,2.791098991495138,3.3047619047619046,3.1678296249359845,0.46363153935063495,0.9266578543107125,0.017497330259951878,1.0,0.07334214568928754,0.04235198059908907,0,0,0,1,0,0.0,0.3333333333333333,0.4797517738405041,0.15938964998248742,0.8753113616622937,0.6055692726386672,0.0,0.33454281567489114,0.08753184294021218
1884,103,98.0952380952381,105,1,104,0,0,0.009523809523809525,5.144045778140199,5.027215254905956,45.087250246881794,3.8936663168595262,2.1262220827051372,2.8124846615321255,3.3047619047619046,3.1678296249359845,0.461356628379316,0.8866764101542772,0.017976346705778384,1.0,0.11332358984572277,0.023057126131212247,0,1,0,0,0,0.0,0.3523809523809524,0.4708861992187391,0.1643469610597889,0.8550493182233245,0.5978281852079279,0.009523809523809525,0.39187227866473145,0.08739258643151594
1885,104,99.04761904761905,105,0,105,0,0,0.0,5.131345280207816,5.014244931221708,42.50715812255841,3.8973957908963697,2.1565523322214406,2.815018311805332,3.3047619047619046,3.1678296249359845,0.4629842271139848,0.0,0.0,0.0,0.0,0.0,0,0,0,0,0,0.0,0.34285714285714286,0.466172921552464,0.1804286437433019,0.852485728307406,0.5990229427441183,0.0,0.39187227866473145,0.08738815563355073
1886,103,98.0952380952381,105,1,104,0,0,0.009523809523809525,5.177858630151999,5.06030182913664,44.46652678329653,3.902148433517882,2.129125720026142,2.77590116632075,3.3047619047619046,3.1678296249359845,0.46463200537491134,0.7126668219516012,0.02289156956482502,1.0,0.28733317804839875,-0.06907977334762272,0,1,0,0,0,0.0,0.37142857142857144,0.47139225337984647,0.1698774856802262,0.8567455833634539,0.5984352685119558,0.009523809523809525,0.39187227866473145,0.08769600019373747
1887,102,97.14285714285714,105,1,104,0,0,0.009523809523809525,5.225731756403454,5.092211244324997,49.04807379039868,3.907886095572145,2.0992396572765686,2.7676047589510957,3.3047619047619046,3.1678296249359845,0.47197037649721296,0.9997451109494346,0.030895769358814766,1.0,0.0002548890505653656,0.005222968999874844,0,1,0,0,0,1.0,0.38095238095238093,0.49339541602589676,0.1661331327643774,0.8478076017303744,0.6053729545193922,0.009523809523809525,0.39187227866473145,0.08802624550416156
1888,102,97.14285714285714,105,0,105,0,0,0.0,5.22508693314955,5.092542212145739,48.92330776764013,3.913149370814834,2.1735244109700584,2.8101437948084187,3.3047619047619046,3.1678296249359845,0.46655474115936846,0.0,0.0,0.0,0.0,0.0,0,0,0,0,0,0.0,0.3619047619047619,0.4860829788871684,0.1615118915844261,0.8675071756422182,0.5986099518490976,0.0,0.39187227866473145,0.08810638718408195
1889,103,98.0952380952381,105,0,105,0,0,0.0,5.176748433606561,5.048268556929942,43.69116470498827,3.9171239032923695,2.1498611525463454,2.781138263244976,3.3047619047619046,3.1678296249359845,0.4624115333960943,0.0,0.0,0.0,0.0,0.0,0,0,0,0,0,0.0,0.3619047619047619,0.4669758803173949,0.1741724222085188,0.8743600378413592,0.5920890301689072,0.0,0.35377358490566035,0.08792764789500504
1890,103,98.0952380952381,105,0,105,0,0,0.0,5.162772088689664,5.033366691069174,44.59721155812925,3.920594876775505,2.2261527868721247,2.835301582719156,3.3047619047619046,3.1678296249359845,0.46381787467315805,0.0,0.0,0.0,0.0,0.0,0,0,0,0,0,0.0,0.37142857142857144,0.47040136250864245,0.1718255800008805,0.87038235493039,0.5944803667461851,0.0,0.35377358490566035,0.08791274343355678
1891,104,99.04761904761905,105,0,105,0,0,0.0,5.1528396979136515,5.023546734211762,43.88333212519774,3.9237070321303795,2.2339323146399646,2.845286868620605,3.3047619047619046,3.1678296249359845,0.464332271992844,0.0,0.0,0.0,0.0,0.0,0,0,0,0,0,0.0,0.37142857142857144,0.4689006530729995,0.17481961433194812,0.8630893600432997,0.5936447894279591,0.0,0.39187227866473145,0.08791237536932958
1892,105,100.0,105,0,105,0,0,0.0,5.160534092174026,5.03019673227816,47.42544515216718,3.9268891281929923,2.2271504669829474,2.7884057160815203,3.3047619047619046,3.1678296249359845,0.4657728780113366,0.0,0.0,0.0,0.0,0.0,0,0,0,0,0,0.0,0.37142857142857144,0.4794819989246263,0.15936672912464334,0.8626004018189116,0.6031135773911359,0.0,0.35377358490566035,0.08800124903151414
1893,105,100.0,105,0,105,0,0,0.0,5.114709469658701,4.985701777135029,46.31449065985088,3.9288428013773395,2.293114523675732,2.8179287876247283,3.3047619047619046,3.1678296249359845,0.46468623222424776,0.0,0.0,0.0,0.0,0.0,0,0,0,0,0,0.0,0.3619047619047619,0.47684046869963115,0.16109664335061397,0.8617311255334115,0.6014439438604067,0.0,0.39187227866473145,0.08780307043789161
1894,105,100.0,105,0,105,0,0,0.0,5.177474888292041,5.044510357928178,51.26082063900874,3.932224950039273,2.2535788605123974,2.8100267216886885,3.3047619047619046,3.1678296249359845,0.4694112764655438,0.0,0.0,0.0,0.0,0.0,0,0,0,0,0,0.0,0.3619047619047619,0.49406779364764486,0.1527838484077498,0.8626004018189116,0.6031022741553536,0.0,0.35377358490566035,0.08817046788469438
1895,105,100.0,105,0,105,0,0,0.0,5.1881995480828405,5.056151792780745,51.77953055984381,3.935794982651557,2.227160472159249,2.8154093198593957,3.3047619047619046,3.1678296249359845,0.4681121663082535,0.0,0.0,0.0,0.0,0.0,0,0,0,0,0,0.0,0.3523809523809524,0.49311238147282505,0.14565437443688903,0.8707476793006118,0.6096255965078211,0.0,0.35377358490566035,0.08828063745900427
1896,105,100.0,105,0,105,0,0,0.0,5.229432820581193,5.097201250191677,54.00726903939704,3.940292224211321,2.188378876430749,2.785064092910402,3.3047619047619046,3.1678296249359845,0.4701032801993421,0.0,0.0,0.0,0.0,0.0,0,0,0,0,0,0.0,0.3238095238095238,0.5002112146750018,0.13591583444762803,0.870361660033553,0.6131094602886963,0.0,0.35377358490566035,0.08855803629671359
1897,105,100.0,105,0,105,0,0,0.0,5.287434260268337,5.150209571350863,58.60453960192472,3.9459903714617384,2.182779350224787,2.7205036522366117,3.3047619047619046,3.1678296249359845,0.4785047383993224,0.0,0.0,0.0,0.0,0.0,0,0,0,0,0,0.0,0.3238095238095238,0.5228420547970848,0.13327178955027547,0.870361660033553,0.6270741456367137,0.0,0.35377358490566035,0.08893829729348492
1898,105,100.0,105,0,105,0,0,0.0,5.298578745414354,5.162361676576344,54.899349739172536,3.951815977506994,2.253939444799964,2.7443104396592415,3.3047619047619046,3.1678296249359845,0.47312935729360284,0.0,0.0,0.0,0.0,0.0,0,0,0,0,0,0.0,0.34285714285714286,0.5047021031411206,0.1477391149568609,0.8624903501157493,0.6170696582904872,0.0,0.39187227866473145,0.08908629235628182
1899,105,100.0,105,0,105,0,0,0.0,5.268953225310355,5.136356281015995,51.731118163607285,3.9567979929784016,2.2680924376897127,2.7264301434604237,3.3047619047619046,3.1678296249359845,0.4689825912731176,0.0,0.0,0.0,0.0,0.0,0,0,0,0,0,0.0,0.3523809523809524,0.4901680192622406,0.14996690230991178,0.8669329982348678,0.6153443928297855,0.0,0.3918722786647315,0.08901707563677291
1900,105,100.0,105,0,105,0,0,0.0,5.187717329020153,5.058729865741349,48.051859521751126,3.95965492862391,2.3314024723418956,2.7842783481936,3.3047619047619046,3.1678296249359845,0.4644830685680428,0.0,0.0,0.0,0.0,0.0,0,0,0,0,0,0.0,0.37142857142857144,0.47775907702825565,0.15149454804415347,0.8779875296448907,0.6097446786374463,0.0,0.35377358490566035,0.08865614758219378
1901,105,100.0,105,0,105,0,0,0.0,5.190927240859067,5.065138618057874,43.84539499293688,3.962583776099253,2.332369166241024,2.757403452381377,3.3047619047619046,3.1678296249359845,0.4580687787469018,0.0,0.0,0.0,0.0,0.0,0,0,0,0,0,0.0,0.3904761904761905,0.45523218172537194,0.15959861135032427,0.8696436326760772,0.6069449278477977,0.0,0.35377358490566035,0.08871858759038491
1902,104,99.04761904761905,105,1,104,0,0,0.009523809523809525,5.223609471504753,5.137050059175428,42.84733691790886,3.966268835677097,2.3111206100805375,2.6804357174217883,3.3047619047619046,3.1678296249359845,0.4553144834762166,0.9999006265403443,0.016631973212157418,1.0,9.937345965571609e-05,0.024819480686755657,0,1,0,0,0,1.0,0.3523809523809524,0.445545146882657,0.1768197084815568,0.8624903501157493,0.5895422902434513,0.009523809523809525,0.39187227866473145,0.08894036694811508
1903,103,98.0952380952381,105,1,104,0,0,0.009523809523809525,5.221034349891875,5.114029453296801,44.68645579952891,3.9707047512212794,2.3876869070435003,2.7687338420379524,3.3047619047619046,3.1678296249359845,0.4573176731332742,0.9999999999417919,0.035927096983360496,1.0,5.820810500267726e-11,0.20329244403044466,0,1,0,0,0,1.0,0.3333333333333333,0.45563615967546484,0.21031029461129525,0.870977610634115,0.5859362341788877,0.009523809523809525,0.3918722786647314,0.08899775246342356
1904,102,97.14285714285714,105,1,104,0,0,0.009523809523809525,5.2219522896464055,5.10656804011661,42.655735943472784,3.97459939612716,2.422994204834644,2.808374221100819,3.3047619047619046,3.1678296249359845,0.45486513834221487,0.9995682539427264,0.020821103120463567,1.0,0.0004317460572735854,0.03521212833532594,0,1,0,0,0,1.0,0.34285714285714286,0.44602250758793976,0.20920607824082116,0.8644395138825771,0.5922020470027044,0.009523809523809525,0.4111030478955007,0.08906403001975349
1905,102,97.14285714285714,105,0,105,0,0,0.0,5.2554162138210865,5.136902462771296,44.88192153198183,3.9788735133999062,2.4398233111825,2.8087612960101733,3.3047619047619046,3.1678296249359845,0.458069184761539,0.0,0.0,0.0,0.0,0.0,0,0,0,0,0,0.0,0.34285714285714286,0.45566969054867484,0.21000903134859433,0.8631566312600595,0.5899979043123985,0.0,0.4111030478955007,0.08929904801721218
1906,102,97.14285714285714,105,0,105,0,0,0.0,5.261930788144252,5.142801814399918,45.498823272610444,3.9831617390463374,2.459615911634102,2.8231784824369717,3.3047619047619046,3.1678296249359845,0.4598049553336563,0.0,0.0,0.0,0.0,0.0,0,0,0,0,0,0.0,0.3333333333333333,0.46033626031834207,0.20914493596263092,0.8545169382667306,0.591351822672553,0.0,0.4111030478955007,0.08939954273003387
1907,103,98.0952380952381,105,0,105,0,0,0.0,5.233639381448293,5.115406302244683,42.64000394064231,3.9866198464903917,2.4615661824295434,2.840513617752851,3.3047619047619046,3.1678296249359845,0.45738102038306816,0.0,0.0,0.0,0.0,0.0,0,0,0,0,0,0.0,0.34285714285714286,0.45049511021059385,0.22343117543979146,0.8644395138825771,0.5866721609250877,0.0,0.4111030478955007,0.08931285917259152
1908,104,99.04761904761905,105,0,105,0,0,0.0,5.257835597674289,5.13805848982249,45.4322821270026,3.9905424731493997,2.470375268367542,2.904676290734682,3.3047619047619046,3.1678296249359845,0.4598834942310739,0.0,0.0,0.0,0.0,0.0,0,0,0,0,0,0.0,0.3142857142857143,0.4628936392764161,0.21015645325154786,0.8565617561955133,0.591942336743144,0.0,0.4111030478955007,0.08949597131841133
1909,104,99.04761904761905,105,1,104,0,0,0.009523809523809525,5.236529964863891,5.111588498402603,41.43615794992087,3.9938713059076174,2.5343420472626015,2.94675152011528,3.3047619047619046,3.1678296249359845,0.4532449888294383,0.9999543084317879,0.01773854591639979,1.0,4.569156821210285e-05,0.00266857147525279,0,1,0,0,0,1.0,0.3142857142857143,0.4434945097748832,0.2234297986662178,0.8546141328840838,0.5777284690446423,0.009523809523809525,0.4111030478955007,0.08944216902949906
1910,104,99.04761904761905,105,0,105,0,0,0.0,5.248624484097143,5.124143965755363,41.523401833145506,3.9972115879545136,2.5065211828827,3.0016617001408306,3.3047619047619046,3.1678296249359845,0.4562506020440886,0.0,0.0,0.0,0.0,0.0,0,0,0,0,0,0.0,0.3238095238095238,0.44733488039926106,0.2191279453074049,0.859860801772313,0.5836650345321689,0.0,0.41110304789550073,0.0895555488477843
1911,104,99.04761904761905,105,0,105,0,0,0.0,5.209720241145355,5.087723265024502,39.11985028026557,3.999523058959281,2.454363927881279,2.9457269407639624,3.3047619047619046,3.1678296249359845,0.454530912279568,0.0,0.0,0.0,0.0,0.0,0,0,0,0,0,0.0,0.3619047619047619,0.43938569107945785,0.23035877148849,0.8552448215314019,0.5849275650370729,0.0,0.44920174165457183,0.08939763936465578
1912,104,99.04761904761905,105,0,105,0,0,0.0,5.1407362314580505,5.020685286989337,36.799613501127986,4.0000623873582635,2.5268306614905907,2.9362432292373986,3.3047619047619046,3.1678296249359845,0.4517432517328621,0.0,0.0,0.0,0.0,0.0,0,0,0,0,0,0.0,0.3619047619047619,0.43162266322221365,0.2324584104472333,0.8436961779311778,0.5838598676190584,0.0,0.4873004354136429,0.08906126181861859
1913,103,98.0952380952381,105,1,104,0,0,0.009523809523809525,5.179199788745969,5.057574563921692,39.235336087955446,4.001539898479327,2.52158002535615,2.894659752934328,3.3047619047619046,3.1678296249359845,0.45160636982688285,0.3544538023489925,0.0181443022587365,0.0,0.3544538023489925,-0.10421511453007204,0,1,0,0,0,0.0,0.3523809523809524,0.43626788841772357,0.22094309069638549,0.8457523543098702,0.5909204041500746,0.009523809523809525,0.48730043541364293,0.08927698212256056
1914,104,99.04761904761905,105,0,105,0,0,0.0,5.297992476986897,5.170882099360889,44.85499752997072,4.005821720132918,2.469619767284611,2.879286740108084,3.3047619047619046,3.1678296249359845,0.46007101140376827,0.0,0.0,0.0,0.0,0.0,0,0,0,0,0,0.0,0.34285714285714286,0.45909035859236325,0.21002979956687468,0.8493532722316541,0.6029018455932085,0.0,0.48730043541364293,0.08993876597117989
1915,103,98.0952380952381,105,1,104,0,0,0.009523809523809525,5.317724278158858,5.175349692422359,45.43347247671517,4.010460587162277,2.4461989461226303,2.823437101482097,3.3047619047619046,3.1678296249359845,0.462243013659402,0.6737854704835157,0.017023894244580257,1.0,0.32621452951648433,-0.014518486703145594,0,1,0,0,0,0.0,0.3333333333333333,0.46380832227520535,0.20061048530354933,0.8475790813165219,0.6021896695226077,0.009523809523809525,0.5065312046444121,0.09011090067904842
1916,103,98.0952380952381,105,0,105,0,0,0.0,5.401478905803249,5.254505817521004,52.411536816887576,4.016579062130901,2.326609379228752,2.7599253656712115,3.3047619047619046,3.1678296249359845,0.47007543350955183,0.0,0.0,0.0,0.0,0.0,0,0,0,0,0,0.0,0.34285714285714286,0.49242650992702974,0.18004559981615822,0.8506557863533526,0.6178952662495953,0.0,0.5065312046444121,0.09062658524859557
1917,102,97.14285714285714,105,1,104,0,0,0.009523809523809525,5.365985140569996,5.241437068080972,49.45186018161098,4.021695812056373,2.302253084740831,2.7267522789153964,3.3047619047619046,3.1678296249359845,0.46701175618469337,0.9703754685664504,0.019876287344975326,1.0,0.029624531433549595,0.007711410763673765,0,1,0,0,0,1.0,0.34285714285714286,0.47911612954104155,0.18939302795397306,0.8388138744171004,0.6102281391167703,0.009523809523809525,0.5065312046444121,0.09053016138241578
1918,102,97.14285714285714,105,1,104,0,0,0.009523809523809525,5.40990664159844,5.285006757156332,50.450683108761936,4.028161098128103,2.2956913495068454,2.7563398017891156,3.3047619047619046,3.1678296249359845,0.4698271034700461,0.9999531873812475,0.014665683782692555,1.0,4.681261875250087e-05,0.08613041179740843,0,1,0,0,0,1.0,0.3142857142857143,0.4852133407991234,0.19819551105926506,0.8204552812433801,0.6131687300983798,0.009523809523809525,0.5446298984034832,0.09085217351131655
1919,102,97.14285714285714,105,1,104,0,0,0.009523809523809525,5.434880072775609,5.292993366951847,53.44819329173852,4.035029980779242,2.3190192577142956,2.7962819892034694,3.3047619047619046,3.1678296249359845,0.47280307852672077,0.9236410177401406,0.02737432680022539,1.0,0.07635898225985938,0.029880658158669693,0,1,0,0,0,0.0,0.34285714285714286,0.49542742271658863,0.204789190299874,0.8262718985471148,0.6117998184111151,0.009523809523809525,0.5446298984034832,0.09108583791696484
1920,102,97.14285714285714,105,0,105,0,0,0.0,5.463248182015007,5.319773305704892,54.87574071040556,4.042024189479112,2.345068578060064,2.8034786259787756,3.3047619047619046,3.1678296249359845,0.47305574971965014,0.0,0.0,0.0,0.0,0.0,0,0,0,0,0,0.0,0.3523809523809524,0.49703581867541835,0.1989165143454986,0.8262718985471148,0.612470530841523,0.0,0.5446298984034832,0.091338460770774
1921,101,96.19047619047619,105,1,104,0,0,0.009523809523809525,5.422450811796416,5.280964554289193,50.931300326051044,4.0478907319117905,2.335056230518107,2.7950283544478083,3.3047619047619046,3.1678296249359845,0.46619330389330726,0.9947729287496475,0.012256171776114516,1.0,0.0052270712503524885,-0.005048785217951268,0,1,0,0,0,1.0,0.3523809523809524,0.4804908414185719,0.20129986882446008,0.8165759431181915,0.6094656958783929,0.009523809523809525,0.5446298984034833,0.09122739495425196
1922,101,96.19047619047619,105,1,104,0,0,0.009523809523809525,5.421632654047626,5.270811595440718,49.90645971801901,4.053483467853292,2.3336713220137164,2.805275756387617,3.3047619047619046,3.1678296249359845,0.4653363072649179,0.9999999995503399,0.025545206478105674,1.0,4.4966008694302673e-10,-0.002976140768698343,0,1,0,0,0,1.0,0.3047619047619048,0.4784317941755786,0.2088777427211708,0.8106856967262809,0.6056195831126072,0.009523809523809525,0.5446298984034833,0.09131188833850767
1923,102,97.14285714285714,105,0,105,0,0,0.0,5.485254004296455,5.333275221354973,52.96066210625359,4.060235275669916,2.297763609665043,2.7638503593435653,3.3047619047619046,3.1678296249359845,0.4679131909012073,0.0,0.0,0.0,0.0,0.0,0,0,0,0,0,0.0,0.3238095238095238,0.48768709855147124,0.18941517812111655,0.8135763631696354,0.6130131549192415,0.0,0.5446298984034833,0.0917369379738687
1924,102,97.14285714285714,105,1,104,0,0,0.009523809523809525,5.475806638226063,5.317413987602325,53.29528081948678,4.0665119071021625,2.3304180730555215,2.7747109432083947,3.3047619047619046,3.1678296249359845,0.4686233025835689,0.963663676679005,0.014068601166784512,1.0,0.03633632332099501,0.02291507946259541,0,1,0,0,0,1.0,0.3142857142857143,0.4892546441952077,0.18486591766750707,0.7937503555063155,0.613446596923547,0.009523809523809525,0.5446298984034833,0.0917891176384961
1925,101,96.19047619047619,105,1,104,0,0,0.009523809523809525,5.547513580842319,5.402719157000629,58.11994842240455,4.074171899084494,2.2800062726681722,2.733300419603379,3.3047619047619046,3.1678296249359845,0.47485008834528775,0.9774825627736912,0.01289450802703917,1.0,0.022517437226308834,0.017583475572963136,0,1,0,0,0,1.0,0.3333333333333333,0.505393903232079,0.18322402293244724,0.7976541921843497,0.6214700534591172,0.009523809523809525,0.5634978229317852,0.09226898009921938
1926,102,97.14285714285714,105,0,105,0,0,0.0,5.533057551930863,5.388854245102903,58.718870985689925,4.081676851671271,2.326043711689061,2.817952934330522,3.3047619047619046,3.1678296249359845,0.4713902200134874,0.0,0.0,0.0,0.0,0.0,0,0,0,0,0,0.0,0.3047619047619048,0.5051753002941086,0.18042906399458838,0.8200157403929382,0.6111762632069545,0.0,0.5634978229317852,0.09231557201035279
1927,103,98.0952380952381,105,0,105,0,0,0.0,5.553273036832983,5.408358195203491,58.42744773083086,4.089438341674121,2.357826161992823,2.77841521718133,3.3047619047619046,3.1678296249359845,0.47026139334862593,0.0,0.0,0.0,0.0,0.0,0,0,0,0,0,0.0,0.3333333333333333,0.500845051681277,0.1814930255812345,0.7932927652759737,0.6121273489493693,0.0,0.6015965166908563,0.09253958482468674
1928,102,97.14285714285714,105,1,104,0,0,0.009523809523809525,5.55693753721609,5.426517758346865,55.75829964486589,4.097075608675202,2.4086204562139115,2.7758055921292977,3.3047619047619046,3.1678296249359845,0.4646595663392339,0.827343438433605,0.0048813521872442586,1.0,0.17265656156639497,0.03422546176665431,0,1,0,0,0,0.0,0.3238095238095238,0.48497168800672996,0.1881637772125966,0.836992685337535,0.6043119619584741,0.009523809523809525,0.5442670537010159,0.09267887512990013
1929,103,98.0952380952381,105,0,105,0,0,0.0,5.5663583222731905,5.437356992518517,55.231826317397314,4.105084198285587,2.4054489005682607,2.813650550860653,3.3047619047619046,3.1678296249359845,0.46422389072841796,0.0,0.0,0.0,0.0,0.0,0,0,0,0,0,0.0,0.3047619047619048,0.482008162229149,0.19193738592747853,0.8310322612504233,0.6086158698289837,0.0,0.5442670537010159,0.0928528282922943
1930,104,99.04761904761905,105,0,105,0,0,0.0,5.649526026662328,5.515520344761153,59.34106883212785,4.114819954884302,2.412363857985199,2.835014761843398,3.3047619047619046,3.1678296249359845,0.4683382437371948,0.0,0.0,0.0,0.0,0.0,0,0,0,0,0,0.0,0.3523809523809524,0.4928305201764212,0.19577011928024307,0.8189901297845873,0.6062526979398501,0.0,0.5442670537010159,0.09342287290511286
1931,104,99.04761904761905,105,0,105,0,0,0.0,5.567745381177695,5.43444472729226,56.17764626845424,4.122192629358248,2.48493796658162,2.9047102591134246,3.3047619047619046,3.1678296249359845,0.46623279056443945,0.0,0.0,0.0,0.0,0.0,0,0,0,0,0,0.0,0.3333333333333333,0.4864184799564704,0.2099025075795812,0.8252105576331819,0.5957798612773698,0.0,0.5442670537010159,0.09313074656075757
1932,104,99.04761904761905,105,0,105,0,0,0.0,5.582159125730933,5.449771494869537,55.47907897158221,4.129720170773145,2.4508350986481213,2.8583581873581063,3.3047619047619046,3.1678296249359845,0.4681064658615348,0.0,0.0,0.0,0.0,0.0,0,0,0,0,0,0.0,0.3238095238095238,0.4872146837077591,0.21111363152032955,0.8350966370046604,0.5995321011422441,0.0,0.5061683599419449,0.09332204512700898
1933,105,100.0,105,0,105,0,0,0.0,5.633376713696216,5.498282776944199,58.674767127889986,4.13823865631307,2.3775690358153683,2.81493009614369,3.3047619047619046,3.1678296249359845,0.47311369298659645,0.0,0.0,0.0,0.0,0.0,0,0,0,0,0,0.0,0.3238095238095238,0.5006523949448806,0.20857586212343585,0.8377001090769453,0.607159195170859,0.0,0.4680696661828737,0.09371305862110021
1934,105,100.0,105,0,105,0,0,0.0,5.650902731488082,5.514637536964556,58.80905233773555,4.146901763490875,2.3356165153363126,2.766806243368581,3.3047619047619046,3.1678296249359845,0.4743434716043864,0.0,0.0,0.0,0.0,0.0,0,0,0,0,0,0.0,0.3142857142857143,0.5013594418809688,0.20979187498351087,0.8433669276502568,0.6071916473756631,0.0,0.4680696661828737,0.09393790494786877
1935,105,100.0,105,0,105,0,0,0.0,5.642461141133504,5.504715575412208,60.344848956877634,4.155038989523116,2.3309880996419827,2.8337674572305698,3.3047619047619046,3.1678296249359845,0.4795128201448884,0.0,0.0,0.0,0.0,0.0,0,0,0,0,0,0.0,0.3238095238095238,0.5132358474798092,0.21058012903831377,0.8468317671247456,0.6131560105419518,0.0,0.4680696661828737,0.09402458372454454
1936,105,100.0,105,0,105,0,0,0.0,5.738524022236075,5.594720081258678,69.69400232066752,4.165199393618446,2.3448682058129755,2.7796913485139423,3.3047619047619046,3.1678296249359845,0.48796255674189926,0.0,0.0,0.0,0.0,0.0,0,0,0,0,0,0.0,0.34285714285714286,0.5421921236951214,0.1974364103632814,0.8260594480087902,0.6180510911327072,0.0,0.4680696661828737,0.09466583027552992
1937,105,100.0,105,0,105,0,0,0.0,5.692265325466766,5.548454783345342,69.35470924377296,4.17386544877214,2.388075645577328,2.823505839282521,3.3047619047619046,3.1678296249359845,0.48789334102364745,0.0,0.0,0.0,0.0,0.0,0,0,0,0,0,0.0,0.3142857142857143,0.545931538135767,0.2019403006016528,0.8260594480087902,0.6122639074444459,0.0,0.4680696661828737,0.09457179972291939
1938,104,99.04761904761905,105,1,104,0,0,0.009523809523809525,5.64592171889361,5.529628193892834,66.1801272459632,4.181100140276289,2.45853139969413,2.83057174675165,3.3047619047619046,3.1678296249359845,0.48765884703105633,0.9999999999417923,0.022443602043375463,1.0,5.820766091346741e-11,0.04952825073046618,0,1,0,0,0,1.0,0.37142857142857144,0.5381996882641058,0.21042219531286513,0.8253531610268213,0.6068779946687699,0.009523809523809525,0.5061683599419449,0.0944546730404242
1939,104,99.04761904761905,105,0,105,0,0,0.0,5.646301987781112,5.5306857559418425,66.83023145168914,4.188812172855449,2.483369702357127,2.8345942257544428,3.3047619047619046,3.1678296249359845,0.4879580510395438,0.0,0.0,0.0,0.0,0.0,0,0,0,0,0,0.0,0.3333333333333333,0.5394946916189024,0.20379416577921233,0.8253531610268213,0.6093168315965094,0.0,0.5061683599419449,0.09457872641122538
1940,104,99.04761904761905,105,0,105,0,0,0.0,5.674048616455582,5.558322145240041,65.58546542566638,4.196980280363842,2.5192903215208444,2.81288967810268,3.3047619047619046,3.1678296249359845,0.48652559288660235,0.0,0.0,0.0,0.0,0.0,0,0,0,0,0,0.0,0.3523809523809524,0.5308563840035492,0.21423352296808773,0.8253531610268213,0.6094362608082395,0.0,0.5061683599419449,0.09484683541932148
1941,102,97.14285714285714,105,2,103,0,0,0.01904761904761905,5.600153945847732,5.4584064896156095,53.58470704672565,4.203061300826057,2.5887953295631436,2.883645254106114,3.3047619047619046,3.1678296249359845,0.4812553879612793,0.9981947558647698,0.02837207002018438,1.0,0.0018052441352301996,0.08089466763667241,0,2,0,0,0,1.0,0.3333333333333333,0.49679134192240926,0.258073390584108,0.7991580472029012,0.5869691297635411,0.01904761904761905,0.5065312046444121,0.09457368025013246
1942,101,96.19047619047619,105,1,104,0,0,0.009523809523809525,5.637957229707753,5.483546090195641,54.82592221753537,4.209150133890646,2.6670928183029274,2.9030816561195367,3.3047619047619046,3.1678296249359845,0.48370711771885255,0.9994894586048602,0.034853140311936495,1.0,0.0005105413951398408,0.07633778595419027,0,1,0,0,0,1.0,0.3238095238095238,0.502923218814052,0.2628963097822779,0.8103077415153134,0.5810874632119851,0.009523809523809525,0.43033381712627,0.09485913859824904
1943,102,97.14285714285714,105,0,105,0,0,0.0,5.598309832768499,5.446660395649697,52.5485402405066,4.213844166257664,2.7023477185677462,2.933960412878026,3.3047619047619046,3.1678296249359845,0.4777429345843123,0.0,0.0,0.0,0.0,0.0,0,0,0,0,0,0.0,0.3142857142857143,0.49002834524046596,0.2625930900871553,0.8282535358758192,0.5733361639508338,0.0,0.4684325108853411,0.094735251087516
1944,102,97.14285714285714,105,0,105,0,0,0.0,5.543719339715909,5.39438451831656,48.47841908749607,4.217064691093671,2.7221704640320787,2.9152049364870116,3.3047619047619046,3.1678296249359845,0.4718125739983712,0.0,0.0,0.0,0.0,0.0,0,0,0,0,0,0.0,0.3238095238095238,0.47257143278527036,0.274603968128364,0.791360530089918,0.5685724616231738,0.0,0.5065312046444121,0.09451330899216978
1945,102,97.14285714285714,105,0,105,0,0,0.0,5.60656089899148,5.453799107828828,48.77439366275511,4.221688917564327,2.690226577959994,2.8843763040294235,3.3047619047619046,3.1678296249359845,0.4711891684625824,0.0,0.0,0.0,0.0,0.0,0,0,0,0,0,0.0,0.3238095238095238,0.4674305114625742,0.28115359698793,0.791360530089918,0.5681373029331828,0.0,0.5065312046444121,0.09490076059657843
1946,104,99.04761904761905,105,0,105,0,0,0.0,5.60757599028024,5.452845481790117,47.484886735509406,4.226142489020389,2.6889183734018225,2.8475900828093836,3.3047619047619046,3.1678296249359845,0.4731890304893811,0.0,0.0,0.0,0.0,0.0,0,0,0,0,0,0.0,0.3333333333333333,0.46694121799429655,0.298141378577394,0.7901680525048456,0.564711696461033,0.0,0.5065312046444121,0.09497637683099863
1947,105,100.0,105,0,105,0,0,0.0,5.583679727203127,5.430755498330432,44.35697247094279,4.229895160488356,2.718302088659935,2.867852554602752,3.3047619047619046,3.1678296249359845,0.46927031590938695,0.0,0.0,0.0,0.0,0.0,0,0,0,0,0,0.0,0.3238095238095238,0.45416615427783197,0.317613884736094,0.8109940920736143,0.5582580427034789,0.0,0.5065312046444121,0.09491633463485746
1948,105,100.0,105,0,105,0,0,0.0,5.540187376923855,5.389072245221864,40.852927337875705,4.232472590165345,2.7526836200932085,2.8836327241309734,3.3047619047619046,3.1678296249359845,0.4657867563418685,0.0,0.0,0.0,0.0,0.0,0,0,0,0,0,0.0,0.3333333333333333,0.4408706670286888,0.33599012921953125,0.8282535358758192,0.5542876024305919,0.0,0.4684325108853411,0.09473969717389587
1949,105,100.0,105,0,105,0,0,0.0,5.573167902722992,5.422918102986859,41.972476854909,4.235826114548738,2.791414123278546,2.9345378979315,3.3047619047619046,3.1678296249359845,0.4647397280810681,0.0,0.0,0.0,0.0,0.0,0,0,0,0,0,0.0,0.3238095238095238,0.4416943298651031,0.3265668942918516,0.8291835054796118,0.5549012609585544,0.0,0.5065312046444121,0.09495771677233984
1950,105,100.0,105,0,105,0,0,0.0,5.5824557935029135,5.43262869708744,42.07523369872353,4.239319497054577,2.7379380066951464,2.8786280373413686,3.3047619047619046,3.1678296249359845,0.46469912016554704,0.0,0.0,0.0,0.0,0.0,0,0,0,0,0,0.0,0.3238095238095238,0.44099446421854294,0.31742192154502524,0.8297393808789661,0.5614635416811795,0.0,0.5065312046444121,0.09505948842920561
1951,104,99.04761904761905,105,1,104,0,0,0.009523809523809525,5.568396641723255,5.408805137542844,40.64794738970265,4.242350954909298,2.7756871703096477,2.8954232314257045,3.3047619047619046,3.1678296249359845,0.46358564003919667,0.9566867450686183,0.03147925381979459,1.0,0.04331325493138172,0.015114068027596517,0,1,0,0,0,1.0,0.3238095238095238,0.4367852552118328,0.3238323116790428,0.8360271571427487,0.5569707433110364,0.009523809523809525,0.5065312046444121,0.09503720838030197
1952,104,99.04761904761905,105,0,105,0,0,0.0,5.507043582522699,5.351394760965559,41.481343963196686,4.243578959434038,2.8152742498550034,2.944733291096789,3.3047619047619046,3.1678296249359845,0.4598770274235,0.0,0.0,0.0,0.0,0.0,0,0,0,0,0,0.0,0.34285714285714286,0.4374235902257906,0.3016288532065119,0.824266554886629,0.5532091874590319,0.0,0.5065312046444121,0.09474989362986433
1953,104,99.04761904761905,105,0,105,0,0,0.0,5.522172755448637,5.368691908135473,38.61497690574081,4.245206418189502,2.7993742470846334,2.9431920517398855,3.3047619047619046,3.1678296249359845,0.45816091427769146,0.0,0.0,0.0,0.0,0.0,0,0,0,0,0,0.0,0.3142857142857143,0.4259991271604531,0.32295778051353763,0.8399570081962366,0.5527911238491637,0.0,0.5065312046444121,0.09485131705478861
1954,104,99.04761904761905,105,0,105,0,0,0.0,5.521598893745481,5.367544941700265,40.95050919705143,4.246753254670358,2.811884017890576,2.9524217517818636,3.3047619047619046,3.1678296249359845,0.4600412760063468,0.0,0.0,0.0,0.0,0.0,0,0,0,0,0,0.0,0.3333333333333333,0.436816733971366,0.31266625322214076,0.8427788306281105,0.5604708575585322,0.0,0.5065312046444121,0.09487294831841778
1955,104,99.04761904761905,105,0,105,0,0,0.0,5.574561347737483,5.416220461271191,46.88542342072777,4.249484656030172,2.7981092270533656,2.9395495248082515,3.3047619047619046,3.1678296249359845,0.46805085234850075,0.0,0.0,0.0,0.0,0.0,0,0,0,0,0,0.0,0.3333333333333333,0.46311625598265516,0.2957420039568908,0.861699484242699,0.5655206245266173,0.0,0.4684325108853411,0.09518102365910383
1956,105,100.0,105,0,105,0,0,0.0,5.500541137104365,5.346548272197971,42.56221562963594,4.250363854251892,2.839958161913624,2.975783750366274,3.3047619047619046,3.1678296249359845,0.4607594182377275,0.0,0.0,0.0,0.0,0.0,0,0,0,0,0,0.0,0.3333333333333333,0.44442158953690214,0.3084174540454594,0.8665264653283529,0.5500623324785952,0.0,0.4684325108853411,0.09482484835680301
1957,105,100.0,105,0,105,0,0,0.0,5.560435562494264,5.403623121535778,45.90986987141368,4.25266162816045,2.8286752820580063,3.0160942191868587,3.3047619047619046,3.1678296249359845,0.46238708416122254,0.0,0.0,0.0,0.0,0.0,0,0,0,0,0,0.0,0.3238095238095238,0.4529984080280507,0.2921594169202927,0.8599083816936242,0.5502043901188808,0.0,0.5065312046444121,0.09516071526504719
1958,105,100.0,105,0,105,0,0,0.0,5.577632468002632,5.418665290113101,43.68284428720126,4.255267820724359,2.81927199747581,3.0049331426387327,3.3047619047619046,3.1678296249359845,0.46129601588453495,0.0,0.0,0.0,0.0,0.0,0,0,0,0,0,0.0,0.3047619047619048,0.4429053723085405,0.3161529675835653,0.8553837347573869,0.5470065088995372,0.0,0.5065312046444121,0.09528797966265021
1959,105,100.0,105,0,105,0,0,0.0,5.637525554703666,5.476483810990207,44.514310129855325,4.259256727334582,2.8439724721694803,3.0221697695697207,3.3047619047619046,3.1678296249359845,0.4629079368452602,0.0,0.0,0.0,0.0,0.0,0,0,0,0,0,0.0,0.3238095238095238,0.4445676693361495,0.3216705562158968,0.8442971775952162,0.5452327249234042,0.0,0.5065312046444121,0.09565062597881022
1960,105,100.0,105,0,105,0,0,0.0,5.64522932538256,5.481854483628743,45.68612328867479,4.263255379186617,2.787260811328016,2.9572635228246846,3.3047619047619046,3.1678296249359845,0.4658659354692707,0.0,0.0,0.0,0.0,0.0,0,0,0,0,0,0.0,0.3333333333333333,0.45127959397541173,0.3212580026554587,0.8442971775952162,0.5477330859006168,0.0,0.5065312046444121,0.09575248007118811
1961,105,100.0,105,0,105,0,0,0.0,5.592775159389118,5.435228771338564,41.90645738132445,4.265945742059272,2.796958562367264,2.9770280964458165,3.3047619047619046,3.1678296249359845,0.46020666752685635,0.0,0.0,0.0,0.0,0.0,0,0,0,0,0,0.0,0.3333333333333333,0.4353049058565547,0.33431752326715136,0.8517651355974434,0.542446871375097,0.0,0.4684325108853411,0.09553282229727002
1962,105,100.0,105,0,105,0,0,0.0,5.6097851605720095,5.450971794686828,43.25397601261493,4.268949848545818,2.7400328549119144,2.9756919349444924,3.3047619047619046,3.1678296249359845,0.4627466862035279,0.0,0.0,0.0,0.0,0.0,0,0,0,0,0,0.0,0.3238095238095238,0.4435853236187815,0.33836795938645475,0.8564757432455952,0.539675256016733,0.0,0.4303338171262699,0.09566545479080718
1963,105,100.0,105,0,105,0,0,0.0,5.584355479357388,5.427967380564864,44.25344733669865,4.27127579754064,2.7932476502335373,3.00284290614839,3.3047619047619046,3.1678296249359845,0.4595599807655877,0.0,0.0,0.0,0.0,0.0,0,0,0,0,0,0.0,0.3142857142857143,0.4417520864963372,0.3127541514049732,0.8698893954800979,0.5425819035500075,0.0,0.4684325108853411,0.09557514743539351
1964,105,100.0,105,0,105,0,0,0.0,5.570926192736729,5.413905479850423,45.8040563945118,4.273171698788814,2.8124430612496667,3.0491113174613997,3.3047619047619046,3.1678296249359845,0.46010682305081363,0.0,0.0,0.0,0.0,0.0,0,0,0,0,0,0.0,0.3333333333333333,0.4478068905918763,0.30423488926496317,0.8737377031423894,0.5429321793658413,0.0,0.43033381712626995,0.09553803046298981
1965,105,100.0,105,0,105,0,0,0.0,5.598816512204351,5.439771579049208,46.802905606851866,4.275663056278177,2.7665343666659514,2.9603728272846537,3.3047619047619046,3.1678296249359845,0.463076502563615,0.0,0.0,0.0,0.0,0.0,0,0,0,0,0,0.0,0.3523809523809524,0.454658741579823,0.30439279292121996,0.8647845214826342,0.5441821812873376,0.0,0.46843251088534105,0.09571694304063348
1966,105,100.0,105,0,105,0,0,0.0,5.576704949740557,5.419461929240002,46.548532427958776,4.277560791724228,2.7829325667552163,2.99132077937736,3.3047619047619046,3.1678296249359845,0.46195746940612925,0.0,0.0,0.0,0.0,0.0,0,0,0,0,0,0.0,0.34285714285714286,0.4536503100610784,0.2970987812199015,0.8647524192331024,0.5398363409886576,0.0,0.46843251088534105,0.09563644374114595
1967,105,100.0,105,0,105,0,0,0.0,5.569132013394634,5.415050086521083,43.16205396843765,4.279286602416089,2.81467103389764,3.0103421101811256,3.3047619047619046,3.1678296249359845,0.45854817941113013,0.0,0.0,0.0,0.0,0.0,0,0,0,0,0,0.0,0.3238095238095238,0.44051285563907,0.31590052582743705,0.8536087057753068,0.5362139635621673,0.0,0.5065312046444121,0.0956259144305999
1968,104,99.04761904761905,105,1,104,0,0,0.009523809523809525,5.590986868978634,5.4617599705647635,44.761292703300406,4.2815440876069095,2.7591803088628915,2.9570821245524197,3.3047619047619046,3.1678296249359845,0.4578044174186484,0.7835347016337181,0.024677190298081568,1.0,0.21646529836628192,-0.056288777990997296,0,1,0,0,0,0.0,0.3333333333333333,0.4425735228007551,0.3126135037360765,0.8739108212114712,0.5320306026953108,0.009523809523809525,0.4684325108853411,0.09577094535084657
1969,104,99.04761904761905,105,0,105,0,0,0.0,5.626171450883037,5.4946651909906645,47.74816911347518,4.285161370964,2.710542095335075,2.926493054572004,3.3047619047619046,3.1678296249359845,0.4631219476963844,0.0,0.0,0.0,0.0,0.0,0,0,0,0,0,0.0,0.34285714285714286,0.45526792118474224,0.3105330936306566,0.8705580793627202,0.534941095642527,0.0,0.43033381712626995,0.09600416294727049
1970,104,99.04761904761905,105,0,105,0,0,0.0,5.647741895003815,5.5149898927632455,47.28004309644477,4.289179146486434,2.706738429623307,2.9391826453682786,3.3047619047619046,3.1678296249359845,0.4627467889750896,0.0,0.0,0.0,0.0,0.0,0,0,0,0,0,0.0,0.34285714285714286,0.4526186020003942,0.3223035340424758,0.8653280913768232,0.5258465414998063,0.0,0.46843251088534105,0.09617565330950592
1971,104,99.04761904761905,105,0,105,0,0,0.0,5.690850097213586,5.555244091772182,48.37250781440332,4.294089793278793,2.6647141978736273,2.9332335071290054,3.3047619047619046,3.1678296249359845,0.4671695661848605,0.0,0.0,0.0,0.0,0.0,0,0,0,0,0,0.0,0.3333333333333333,0.4588458450040346,0.3322864286439539,0.8648587894252749,0.5281575352633848,0.0,0.4684325108853411,0.09646897478248692
1972,104,99.04761904761905,105,0,104,1,0,0.0,5.733236379356029,5.596652206650318,48.56013963846206,4.299894269971476,2.571597067900936,2.8376300736321376,3.3047619047619046,3.1678296249359845,0.4666324004341216,0.5039347787742869,0.013764318762841782,1.0,0.49606522122571306,-0.05813696927758594,0,0,0,1,0,0.0,0.3333333333333333,0.4575885018873359,0.33327502700964384,0.8692062178020765,0.5283864931130986,0.0,0.39223512336719885,0.0967728441593208
1973,104,99.04761904761905,105,1,104,0,0,0.009523809523809525,5.76675401037822,5.628826699038929,53.43281941290285,4.30634709036437,2.5436218488037623,2.750419947293292,3.3047619047619046,3.1678296249359845,0.4708117279365249,0.45446691419798313,0.013737732239021718,0.0,0.45446691419798313,-0.07551649630253232,0,1,0,0,0,0.0,0.3523809523809524,0.47627139025636683,0.31624618585725295,0.8582800308026077,0.5281216172950229,0.009523809523809525,0.3922351233671988,0.09704263949245676
1974,104,99.04761904761905,105,0,105,0,0,0.0,5.749171336940861,5.6129425951228304,51.64733619174977,4.312176118170402,2.614665339997302,2.8537808185999314,3.3047619047619046,3.1678296249359845,0.46252637667880414,0.0,0.0,0.0,0.0,0.0,0,0,0,0,0,0.0,0.3238095238095238,0.46033035133419214,0.3135397350003769,0.8641023334862709,0.5191995104211357,0.0,0.43033381712626995,0.09704705296011258
1975,104,99.04761904761905,105,0,105,0,0,0.0,5.770569672873446,5.636157572879126,47.542791143555924,4.318408821060975,2.5916173942346554,2.827299514211809,3.3047619047619046,3.1678296249359845,0.4627568091150518,0.0,0.0,0.0,0.0,0.0,0,0,0,0,0,0.0,0.3238095238095238,0.44927103224112214,0.34346928794324055,0.8717544175238852,0.5154912225208672,0.0,0.3160377358490566,0.09725276534407641
1976,104,99.04761904761905,105,0,105,0,0,0.0,5.711181244329965,5.579490045804169,44.91140669796127,4.323007977974628,2.5838541196294296,2.819411082989496,3.3047619047619046,3.1678296249359845,0.4606933255400616,0.0,0.0,0.0,0.0,0.0,0,0,0,0,0,0.0,0.3523809523809524,0.4418641021468313,0.34939161755586445,0.844954513358144,0.5148078263781811,0.0,0.39223512336719885,0.097028669928963
1977,103,98.0952380952381,105,1,104,0,0,0.009523809523809525,5.764877382961819,5.61676396980915,49.56459305331625,4.328761166491162,2.613624796541424,2.842048696306292,3.3047619047619046,3.1678296249359845,0.4623651719425874,0.9998991949579931,0.02904138764926823,1.0,0.00010080504200693507,0.04711652183355053,0,1,0,0,0,1.0,0.3523809523809524,0.4529407854893287,0.3208337876214621,0.8308176148684103,0.5186793477876157,0.009523809523809525,0.3922351233671988,0.09738827622722487
1978,104,99.04761904761905,105,0,105,0,0,0.0,5.77604884156868,5.626119986442557,47.2873861283847,4.334214104398308,2.612498234308702,2.844855671393371,3.3047619047619046,3.1678296249359845,0.46185688460775376,0.0,0.0,0.0,0.0,0.0,0,0,0,0,0,0.0,0.3238095238095238,0.44475583196773827,0.3373036184613771,0.8376403879385466,0.512506492711409,0.0,0.43033381712626995,0.09753050341148514
1979,102,97.14285714285714,105,2,103,0,0,0.01904761904761905,5.699975042398308,5.553955169031055,45.413487936460925,4.337660637794306,2.6980608665159997,2.93518876931905,3.3047619047619046,3.1678296249359845,0.4562456891352873,0.5963234328385555,0.02044291125739925,0.5,0.09693858085247431,-0.05675817844035258,0,2,0,0,0,0.5,0.3142857142857143,0.43545952450019804,0.3244820117252695,0.834940379663931,0.5062798286407206,0.01904761904761905,0.43033381712626995,0.09720472456860914
1980,101,96.19047619047619,105,1,104,0,0,0.009523809523809525,5.751298524963388,5.586917420654946,46.49551704319578,4.342283226849645,2.7262758973173407,2.9790168462467017,3.3047619047619046,3.1678296249359845,0.45584644953937103,0.9999999999417724,0.025520864398680003,1.0,5.822764492791066e-11,0.09636947315815814,0,1,0,0,0,1.0,0.3238095238095238,0.4354369145843424,0.3130324538899735,0.8409864179111428,0.5073972549808317,0.009523809523809525,0.43033381712626995,0.09753455985420158
1981,101,96.19047619047619,105,0,105,0,0,0.0,5.7864858217158535,5.620425359235202,50.04070887752668,4.347163492052689,2.75675525962688,2.922133966799535,3.3047619047619046,3.1678296249359845,0.45694040977798656,0.0,0.0,0.0,0.0,0.0,0,0,0,0,0,0.0,0.3333333333333333,0.4444690359169495,0.28874672205461527,0.857028114464003,0.5065250284648352,0.0,0.39223512336719885,0.09778779558140265
1982,101,96.19047619047619,105,1,104,0,0,0.009523809523809525,5.8394453585090105,5.693599222139568,55.60555099750625,4.353143767765526,2.736717572154253,2.91509253123372,3.3047619047619046,3.1678296249359845,0.4616513050288398,0.9946876625642401,0.019220955044796262,1.0,0.005312337435759873,0.019899378981421023,1,0,0,0,0,1.0,0.3047619047619048,0.4614900351645965,0.26923072050933866,0.8583034926715469,0.5084725014949883,0.009523809523809525,0.43033381712626995,0.09814731573821048
1983,101,96.19047619047619,105,0,105,0,0,0.0,5.742363219294276,5.601857194570081,49.531546566080394,4.357209423279153,2.7772639567709367,2.9777112326857917,3.3047619047619046,3.1678296249359845,0.4550012648283861,0.0,0.0,0.0,0.0,0.0,0,0,0,0,0,0.0,0.3142857142857143,0.4425452778897568,0.27789453474048637,0.8441877642884921,0.5086438372614279,0.0,0.46843251088534105,0.09772630156204107
1984,103,98.0952380952381,105,0,105,0,0,0.0,5.717225348054634,5.577227743040013,49.733111749199544,4.360522110503352,2.7773627706985806,3.0523597655849,3.3047619047619046,3.1678296249359845,0.45499827800746173,0.0,0.0,0.0,0.0,0.0,0,0,0,0,0,0.0,0.3142857142857143,0.44353796397128703,0.2738880358855125,0.862302219585898,0.5065897684270209,0.0,0.43033381712626995,0.09765308234947767
1985,104,99.04761904761905,105,0,105,0,0,0.0,5.719231478757943,5.57977725130621,48.852397123151334,4.363794468702795,2.824533571604311,3.060425755354172,3.3047619047619046,3.1678296249359845,0.4513308691082025,0.0,0.0,0.0,0.0,0.0,0,0,0,0,0,0.0,0.3047619047619048,0.43535933658626935,0.2747508892662225,0.849138616397586,0.5044992289055623,0.0,0.43033381712626995,0.09771494436923223
1986,104,99.04761904761905,105,0,105,0,0,0.0,5.664851580354326,5.526642682759155,46.2446502149826,4.365616594086951,2.8020103981781683,2.9946682310987947,3.3047619047619046,3.1678296249359845,0.44910705716521737,0.0,0.0,0.0,0.0,0.0,0,0,0,0,0,0.0,0.3047619047619048,0.4280864556578494,0.28236373601478365,0.827270330461606,0.5017496398780555,0.0,0.4684325108853411,0.09747190579107552
1987,105,100.0,105,0,105,0,0,0.0,5.65821084276047,5.520522436119313,47.58846637015413,4.367225894454444,2.7606569370840854,2.932265113511827,3.3047619047619046,3.1678296249359845,0.4496974424443858,0.0,0.0,0.0,0.0,0.0,0,0,0,0,0,0.0,0.3142857142857143,0.4337601575748771,0.278792628121742,0.8151581342159232,0.5031675783981066,0.0,0.4684325108853411,0.09746419205000406
1988,105,100.0,105,0,105,0,0,0.0,5.664401328394267,5.526958332984823,49.42989098901671,4.36894731752617,2.782850886106627,2.945160397487549,3.3047619047619046,3.1678296249359845,0.44990013116178385,0.0,0.0,0.0,0.0,0.0,0,0,0,0,0,0.0,0.3047619047619048,0.4401471390655476,0.2677252860423738,0.8314643174236178,0.5038521699042993,0.0,0.46843251088534105,0.09752241035319135
1989,105,100.0,105,0,105,0,0,0.0,5.724824863326087,5.584397045673733,51.46888461876556,4.372069857293252,2.754675712379344,2.90370880695442,3.3047619047619046,3.1678296249359845,0.4542958897871956,0.0,0.0,0.0,0.0,0.0,0,0,0,0,0,0.0,0.3047619047619048,0.4482201585289319,0.26810146144330915,0.8390406764390594,0.5076728456224566,0.0,0.46843251088534105,0.09787398639774647
1990,105,100.0,105,0,105,0,0,0.0,5.825298376001441,5.679660015500578,59.349885086770726,4.377507695184357,2.7177387677885725,2.8721493033390684,3.3047619047619046,3.1678296249359845,0.45884944344600465,0.0,0.0,0.0,0.0,0.0,0,0,0,0,0,0.0,0.3238095238095238,0.46921320733791766,0.24144877494509828,0.8356386869755705,0.5151314722629455,0.0,0.4684325108853411,0.09846248468095845
1991,105,100.0,105,0,105,0,0,0.0,5.884557042907259,5.7362467669062935,61.80152210624135,4.384207329135646,2.6923582339811842,2.862144994344824,3.3047619047619046,3.1678296249359845,0.4609621751951678,0.0,0.0,0.0,0.0,0.0,0,0,0,0,0,0.0,0.3047619047619048,0.47340376611771934,0.23995060241037097,0.8258842387569361,0.5196820037552661,0.0,0.5065312046444121,0.09886489451002314
1992,105,100.0,105,0,105,0,0,0.0,5.815030816820802,5.671329597204157,58.81868694488598,4.389049557831069,2.7298872461378405,2.887842937532771,3.3047619047619046,3.1678296249359845,0.4572237647701327,0.0,0.0,0.0,0.0,0.0,0,0,0,0,0,0.0,0.3238095238095238,0.4645482932443155,0.24245923506201209,0.8315624802197692,0.518194855374911,0.0,0.4684325108853411,0.09859396015715123
1993,105,100.0,105,0,105,0,0,0.0,5.817902888574212,5.67307711752431,61.49779707833205,4.393782679744494,2.7766613486833545,2.930744095469256,3.3047619047619046,3.1678296249359845,0.45843296087403806,0.0,0.0,0.0,0.0,0.0,0,0,0,0,0,0.0,0.29523809523809524,0.4715875121547222,0.23221389703780573,0.8089808852717035,0.5172488710083611,0.0,0.4684325108853411,0.09868328913499719
1994,104,99.04761904761905,105,1,104,0,0,0.009523809523809525,5.859574501905233,5.682635698868673,67.62316103162442,4.399322587578103,2.780187182189576,2.964414071602415,3.3047619047619046,3.1678296249359845,0.46535465095601847,0.9999999999417923,0.03228774032838085,1.0,5.820766091346741e-11,0.11891168307022415,0,1,0,0,0,1.0,0.3238095238095238,0.4941723715916463,0.2122990159260573,0.789520585241898,0.5258058038512842,0.009523809523809525,0.5446298984034834,0.09897939462242591
1995,103,98.0952380952381,105,1,104,0,0,0.009523809523809525,5.957475335317565,5.773820807063576,73.14464846327886,4.406325385598329,2.795461069511177,2.969928127154363,3.3047619047619046,3.1678296249359845,0.4676344749161585,0.9085361653489242,0.02575893762230616,1.0,0.09146383465107577,-0.020675809771459885,0,1,0,0,0,0.0,0.3047619047619048,0.5050779685185444,0.20449190248943064,0.8062578684856814,0.5273137550097341,0.009523809523809525,0.5257619738751814,0.09957981714461715
1996,103,98.0952380952381,105,0,105,0,0,0.0,5.990870733423787,5.807846805246923,72.19386053370424,4.41392665799628,2.7637940385801545,2.966929167230528,3.3047619047619046,3.1678296249359845,0.47007054521066327,0.0,0.0,0.0,0.0,0.0,0,0,0,0,0,0.0,0.3238095238095238,0.5052710436563965,0.2081644316931739,0.8354574289470797,0.5363568253866163,0.0,0.4876632801161103,0.09986719181459543
1997,103,98.0952380952381,105,0,105,0,0,0.0,6.007601809247815,5.823424652200124,73.37030648272851,4.421681918755903,2.7782117057369176,2.972214962146476,3.3047619047619046,3.1678296249359845,0.4694278174206965,0.0,0.0,0.0,0.0,0.0,0,0,0,0,0,0.0,0.3047619047619048,0.5061600016174084,0.20954150904159144,0.8060395778822058,0.5346712749528244,0.0,0.4876632801161103,0.10007368391763276
1998,102,97.14285714285714,105,1,104,0,0,0.009523809523809525,6.0373541185643065,5.875819522632167,78.61552813215515,4.429886641500944,2.8447915495821245,2.980654897451419,3.3047619047619046,3.1678296249359845,0.4679586781079188,0.8954358271590672,0.012843138565338218,1.0,0.10456417284093278,0.023335637031852485,0,1,0,0,0,0.0,0.3142857142857143,0.5109539060819289,0.20051874344062534,0.8156752163112375,0.527968408664354,0.009523809523809525,0.5065312046444121,0.10035240128309585
1999,103,98.0952380952381,105,0,105,0,0,0.0,6.030428598542386,5.870933892330029,66.84412625708552,4.438340326601705,2.8819732742440514,2.9793792437031152,3.3047619047619046,3.1678296249359845,0.4658746298519758,0.0,0.0,0.0,0.0,0.0,0,0,0,0,0,0.0,0.3047619047619048,0.48418458521234703,0.2363221132628862,0.8560217005193635,0.526009473503886,0.0,0.4684325108853411,0.10045167285349661
2000,103,98.0952380952381,105,1,104,0,0,0.009523809523809525,6.084137820507883,5.933079975849723,71.74437429531967,4.447755678480735,2.8820519716983286,3.01839090803008,3.3047619047619046,3.1678296249359845,0.46939802018113075,0.9933817461358775,0.01126691935081647,1.0,0.006618253864122514,0.035371820839587675,0,1,0,0,0,1.0,0.3238095238095238,0.49617730621242456,0.23041616887145816,0.833002070684879,0.53049595759086,0.009523809523809525,0.4684325108853411,0.10086935011638201
