,satisfied_count,pct_satisfied,move_attempts,successful_moves,failed_searches,voluntary_stays,destination_conflicts,movement_success_rate,city_mean_income,mean_neighbor_income,mean_neighbor_income_variance,mean_rent,mean_utility,mean_value,mean_vision,rent_income_timescale_ratio,gini_coefficient,mean_qre_move_probability,mean_qre_accept_probability,mean_ne_move_probability,mean_qre_ne_move_gap,mean_delta_neighborhood_utility,move_accept_outcomes,move_reject_outcomes,stay_accept_outcomes,stay_reject_outcomes,qre_nonconvergence_count,ne_following_rate,homeless_fraction,theil_index,moran_i,spatial_entropy,neighborhood_heterogeneity,income_mobility_indicator,segregation_index,gentrification_indicator
0,0,0.0,0,0,0,0,0,0.0,0.5721603135046389,0.5725810364175308,0.04368521696701197,0.4580648291340245,0.2452677500602893,0.9447421469805948,8.2,1.064675958454609,0.21284453880693555,0.0,0.0,0.0,0.0,0.0,0,0,0,0,0,0.0,0.23636363636363636,0.07190252404464721,-0.03465367284701077,0.9883617175147688,0.3520867843448354,0.0,0.10909090909090909,0.005299254622486266
1,0,0.0,110,0,95,15,0,0.0,0.5710340387845464,0.5715216641428965,0.044337554410162,0.4580558060284897,0.24283890726314425,0.9384181208880569,8.2,1.064675958454609,0.21494976816797884,0.02695443001423154,0.0008865801109971225,0.0,0.02695443001423154,-0.00863788294669312,0,0,0,15,0,0.8666666666666667,0.2545454545454545,0.07326084957507803,-0.03612241456395346,0.990120357666651,0.35549707754097354,0.0,0.07272727272727272,0.005293575215468136
2,0,0.0,110,0,95,15,0,0.0,0.5666128062255473,0.5670724729724244,0.041446790813968626,0.45800898341480006,0.25270605614239794,0.9573289522976467,8.2,1.064675958454609,0.20976603433102925,0.026684934114789734,0.0008760290694849288,0.0,0.026684934114789734,-0.007780747981973432,0,0,0,15,0,0.8666666666666667,0.24545454545454545,0.07000343548138728,-0.033562118267483544,0.9914894271560722,0.3472204339605093,0.0,0.07272727272727272,0.005271219798117604
3,0,0.0,110,2,97,11,0,0.01818181818181818,0.5652466115376786,0.5652970911471362,0.04202020452616155,0.4579500597836444,0.25195499105317837,0.9692522236116747,8.2,1.064675958454609,0.21202742120331575,0.029353985314217963,0.0009504029618147339,0.0,0.029353985314217963,-0.010037831412721371,0,2,0,11,0,0.8461538461538461,0.23636363636363636,0.07091311898292474,-0.030488388432147767,0.9881126885978823,0.3507636011031752,0.01818181818181818,0.14545454545454545,0.005264075151810879
4,0,0.0,110,1,96,13,0,0.00909090909090909,0.5676075345311761,0.5673736591922063,0.04325632829671174,0.45790941000823726,0.2480478780769045,0.9710125145017932,8.2,1.064675958454609,0.21461169564491844,0.027408095100446873,0.0008614507697120812,0.0,0.027408095100446873,-0.00595342874313808,0,1,0,13,0,0.8571428571428571,0.23636363636363636,0.07262674974560009,-0.010753121484878432,0.9893690148021295,0.35358846236964075,0.00909090909090909,0.12727272727272726,0.005275663372585403
5,108,98.18181818181819,110,0,98,12,0,0.0,0.5693293856847912,0.5692776432681984,0.04549525528293127,0.45788292837216493,0.2443334448182639,0.9709397674507103,8.2,1.064675958454609,0.21948509293184992,0.011008478200400315,0.0006498782410467909,0.0,0.011008478200400315,-0.003635803372979224,0,0,0,12,0,0.9166666666666666,0.24545454545454545,0.07524799595297438,-0.004091454214802414,0.9807427092850262,0.36047547111425315,0.0,0.1636363636363636,0.005284131656547146
6,108,98.18181818181819,110,0,102,8,0,0.0,0.5674681447613331,0.5674387734760176,0.04740368527674666,0.45784106627603766,0.24096882829942068,0.9591544014520433,8.2,1.064675958454609,0.22352675419533963,0.012456267713690497,0.0006197910780524239,0.0,0.012456267713690497,-0.002154466415309208,0,0,0,8,0,0.875,0.24545454545454545,0.0781404993491889,0.024247160139357023,0.9779721902571288,0.36677531242063355,0.0,0.19999999999999998,0.005274602604093268
7,108,98.18181818181819,110,0,102,8,0,0.0,0.5649273572081611,0.5648983808711703,0.04886956351679089,0.4577780123161323,0.23986042605346397,0.9561400014513082,8.2,1.064675958454609,0.22687538846246658,0.011010939707200592,0.0006170408075374233,0.0,0.011010939707200592,-0.0018146994326755893,0,0,0,8,0,0.875,0.2545454545454545,0.080692746967522,0.033834355578612973,0.9751071727439857,0.37224883902989864,0.0,0.19999999999999998,0.005261563006151425
8,109,99.0909090909091,110,0,102,8,0,0.0,0.5626732147836813,0.5626362197520988,0.04687833190849924,0.45769636192811775,0.24472864795292137,0.9711855901406825,8.2,1.064675958454609,0.2247025818793884,0.017058581724590162,0.0006802085014780139,0.0,0.017058581724590162,-0.0024499094959889445,0,0,0,8,0,0.875,0.23636363636363636,0.07901550203573195,0.039313718937048825,0.9666020874159257,0.36671359897709,0.0,0.19999999999999998,0.005249857638003438
9,110,100.0,110,0,103,7,0,0.0,0.5559152195917934,0.5558386919353991,0.043707298195707345,0.4575576835366075,0.25213943971951297,0.987454562880732,8.2,1.064675958454609,0.21993458090195794,0.012455377407591851,0.0007288341057520134,0.0,0.012455377407591851,-0.005257101332975915,0,0,0,7,0,0.8571428571428571,0.24545454545454545,0.07553343182351367,0.02045017044564058,0.9742145756506092,0.3601208531687155,0.0,0.1636363636363636,0.0052153294242970084
10,109,99.0909090909091,110,1,104,5,0,0.00909090909090909,0.5575115240950561,0.5574523059394364,0.04566590643698635,0.4574331687856767,0.25170572070088615,0.985435639496258,8.2,1.064675958454609,0.22325377496477627,0.019749895825156363,0.0007110551810376203,0.0,0.019749895825156363,-0.006662789211003083,0,1,0,5,0,0.8333333333333334,0.23636363636363636,0.07792237096307256,0.028561926416631564,0.9719953468040324,0.36442673222196,0.00909090909090909,0.1818181818181818,0.005222648107504377
11,109,99.0909090909091,110,0,106,4,0,0.0,0.5622271453401492,0.5622033397532862,0.04893168809384459,0.4573515028484041,0.24497832522652052,0.9695116569041671,8.2,1.064675958454609,0.22788439882873224,0.0064611940756601725,0.0005548070005005337,0.0,0.0064611940756601725,-0.006634449655102022,0,0,0,4,0,1.0,0.24545454545454545,0.0815893006306496,0.03988519336178331,0.9691056007532092,0.37187553063843737,0.0,0.18181818181818182,0.005245791474929648
12,109,99.0909090909091,110,0,103,7,0,0.0,0.560568184942154,0.5604835493760106,0.047900400372748925,0.45725605823298593,0.24910976967980805,0.9765868805841185,8.2,1.064675958454609,0.22670339434285958,0.0036685307708429695,0.0006478055516882542,0.0,0.0036685307708429695,-0.005990139131180604,0,0,0,7,0,1.0,0.22727272727272727,0.08091612574506377,0.03761562690307453,0.9624692748837979,0.3696028187411477,0.0,0.21818181818181817,0.0052369885850026745
13,109,99.0909090909091,110,0,105,5,0,0.0,0.5616655833628148,0.5615840219263861,0.04810708296958194,0.45717100296678026,0.2479365343166633,0.9801482301327221,8.2,1.064675958454609,0.22721548745911746,0.004997141126389903,0.0007007937092091434,0.0,0.004997141126389903,-0.008416652294902188,0,0,0,5,0,1.0,0.24545454545454545,0.08121164949184843,0.03426661509897396,0.9734526483188412,0.37049596712444244,0.0,0.18181818181818182,0.005242022795620633
14,109,99.0909090909091,110,0,103,7,0,0.0,0.5598559794778879,0.5597505402505853,0.046526099489358985,0.45707123675266137,0.24950508103384408,0.9854667099556745,8.2,1.064675958454609,0.22496695786927234,0.003351912086418812,0.0006729370795579756,0.0,0.003351912086418812,-0.006147893046218691,0,0,0,7,0,1.0,0.2636363636363636,0.07944880844842825,0.0360647349312226,0.9795529299636584,0.36661152997753527,0.0,0.18181818181818182,0.005232443682747806
15,110,100.0,110,0,103,7,0,0.0,0.5609114066995825,0.5607960174262286,0.04754908550644946,0.45698143748075104,0.24997642499913797,0.9837373446629704,8.2,1.064675958454609,0.22623112412723523,0.0038867246674019174,0.0007104472313788641,0.0,0.0038867246674019174,-0.00690108729687238,0,0,0,7,0,1.0,0.2545454545454545,0.08008672897125693,0.011208691259094522,0.968670726665739,0.3706438037117171,0.0,0.2181818181818182,0.00523724278322683
16,110,100.0,110,0,101,9,0,0.0,0.5615851705983246,0.561497839173878,0.04852217681246778,0.4568985719820343,0.25011998579303063,0.9793620474048301,8.2,1.064675958454609,0.22779418664901874,0.0032417317423820047,0.0006856394232065235,0.0,0.0032417317423820047,-0.005871968583996979,0,0,0,9,0,1.0,0.2545454545454545,0.0813128600759566,0.014135734908871066,0.9659067913931512,0.37418966534236525,0.0,0.2181818181818182,0.005240170478199196
17,110,100.0,110,0,102,8,0,0.0,0.5646149439088175,0.5645690266189113,0.04741846171662898,0.4568427472878534,0.2512611917699235,0.975495257156102,8.2,1.064675958454609,0.22494392415725373,0.00016247708579808832,0.0006682553857167161,0.0,0.00016247708579808832,-0.0066070928499886335,0,0,0,8,0,1.0,0.2545454545454545,0.07946012507785444,0.01357049509071289,0.9691505188514324,0.36977103664006067,0.0,0.2181818181818182,0.005255022168702748
18,110,100.0,110,0,101,9,0,0.0,0.5655292699178222,0.5655518902608399,0.048458003149768836,0.4567958883960902,0.25115302998162364,0.9701042600786848,8.2,1.064675958454609,0.22697183925764342,0.00013505491419481274,0.0006482259796126929,0.0,0.00013505491419481274,-0.006325414684147466,0,0,0,9,0,1.0,0.23636363636363636,0.08030567919161306,0.0022168500160245994,0.9799953550176587,0.37397813125196333,0.0,0.18181818181818182,0.005259344351070271
19,110,100.0,110,0,101,9,0,0.0,0.5630055587151522,0.5629778145349849,0.049013223420410305,0.4567276039473577,0.2504369740908414,0.9708961454335184,8.2,1.064675958454609,0.22737360600083,0.00013578380990769814,0.0006309251428348091,0.0,0.00013578380990769814,-0.006325272716892431,0,0,0,9,0,1.0,0.23636363636363636,0.08080211157446823,-0.0094950885637509,0.9637099940735042,0.3772245308019322,0.0,0.21818181818181817,0.005246362291002412
20,110,100.0,110,0,102,8,0,0.0,0.5601710816178033,0.5601734142976365,0.04882685046751634,0.4566361602866494,0.25426654185744335,0.9787437842148513,8.2,1.064675958454609,0.22779563348084286,0.00014678713393093948,0.0006334567925132476,0.0,0.00014678713393093948,-0.003951520014795665,0,0,0,8,0,1.0,0.21818181818181817,0.08139533590252324,0.008919484854960134,0.984651887179107,0.3777846951140775,0.0,0.18181818181818182,0.005231703116180121
21,110,100.0,110,0,105,5,0,0.0,0.560519839896155,0.5605809367122304,0.04947821714994564,0.45654916123915096,0.25515228279596897,0.9851118629322866,8.2,1.064675958454609,0.22912577745556661,0.00016804818893500757,0.0006385865695631519,0.0,0.00016804818893500757,-0.002920672600244817,0,0,0,5,0,1.0,0.22727272727272727,0.08210590485864573,0.022617081965741716,0.9776836236877355,0.37717751813078054,0.0,0.21818181818181817,0.005232983778600479
22,110,100.0,110,0,100,10,0,0.0,0.5610087172034678,0.5611731170143118,0.04911236184496851,0.4564681322906409,0.2558496266896601,0.9862201980373826,8.2,1.064675958454609,0.22767270435869413,0.0027030971043641356,0.0007457222310488862,0.0,0.0027030971043641356,-0.006009848437222046,0,0,0,10,0,1.0,0.2545454545454545,0.08137783237766323,0.017287531243111297,0.984651887179107,0.3777424954147371,0.0,0.18181818181818182,0.005234996817269956
23,110,100.0,110,0,101,9,0,0.0,0.5635307740841208,0.5637374460549734,0.050173697042118805,0.4564098074736984,0.25201218553991905,0.9753547457509444,8.2,1.064675958454609,0.22944139968544874,0.0029888096353100652,0.0006671768097414212,0.0,0.0029888096353100652,-0.005622263915223913,0,0,0,9,0,1.0,0.24545454545454545,0.08195728812076979,0.02315263944438032,0.9763312612446232,0.3802471708860556,0.0,0.2181818181818182,0.005247296616521321
24,110,100.0,110,0,102,8,0,0.0,0.5637818157295993,0.5640646672627887,0.05270441169141139,0.4563548907034841,0.244144226204923,0.9426301399846951,8.2,1.064675958454609,0.23456201312756608,0.003537553314443452,0.0005861086467604483,0.0,0.003537553314443452,-0.004364667847609589,0,0,0,8,0,1.0,0.23636363636363636,0.0856946343586155,0.023259291449670774,0.9805512435159357,0.38883005548565375,0.0,0.18181818181818182,0.005248259481923898
25,109,99.0909090909091,110,1,102,7,0,0.00909090909090909,0.5638212300331434,0.5639384765063022,0.052514473927803486,0.4563011904175337,0.24659919192223487,0.9541957080174939,8.2,1.064675958454609,0.2345845763761394,0.0030254316377361064,0.0006906314256921769,0.0,0.0030254316377361064,-0.008357360284498554,0,1,0,7,0,1.0,0.22727272727272727,0.08567994810412974,0.05333357253228344,0.9728540237394238,0.38118176243622665,0.00909090909090909,0.19999999999999998,0.005248170686424551
26,109,99.0909090909091,110,0,103,7,0,0.0,0.5639237794132499,0.5640021927008533,0.05131042603822487,0.4562468979456904,0.24879223276802223,0.9539381684392059,8.2,1.064675958454609,0.23041098857212217,0.0001751433445153512,0.0006307748321723036,0.0,0.0001751433445153512,-0.006296254719669285,0,0,0,7,0,1.0,0.22727272727272727,0.08295666831445186,0.037907078752615994,0.9797752303874252,0.37690865782422434,0.0,0.19999999999999998,0.005248394413877601
27,109,99.0909090909091,110,0,102,8,0,0.0,0.5643308634948998,0.5644084319952817,0.0518370921859271,0.4561966436184231,0.25132974357067583,0.958281975117324,8.2,1.064675958454609,0.2318924619981544,0.00020044940629613536,0.0006773738471281797,0.0,0.00020044940629613536,-0.0040342360614765635,0,0,0,8,0,1.0,0.21818181818181817,0.08418104066897046,0.0420998473868161,0.9607363290412327,0.37820063381356256,0.0,0.23636363636363633,0.005250162311415601
28,109,99.0909090909091,110,0,101,9,0,0.0,0.5631442922849178,0.56320302106464,0.05334219878726809,0.4561366573605931,0.24758676433696294,0.9573400165261937,8.2,1.064675958454609,0.23261081881868573,0.0003099174199212228,0.0007357628340986592,0.0,0.0003099174199212228,-0.002716504652696214,0,0,0,9,0,1.0,0.2,0.08531000728276883,0.040929972983009516,0.9571098220030345,0.3820424916457168,0.0,0.2727272727272727,0.005243910125732944
29,109,99.0909090909091,110,0,101,9,0,0.0,0.5631094932602504,0.5631367525718524,0.053633717204833696,0.4560767453262601,0.2473821499741054,0.9565076187676208,8.2,1.064675958454609,0.23315794288029412,0.0002686215109305693,0.0007043976456085816,0.0,0.0002686215109305693,-0.004764675675888341,0,0,0,9,0,1.0,0.20909090909090908,0.08547714366721296,0.04292297160112627,0.9508056085790703,0.3826223535573244,0.0,0.2727272727272727,0.005243417196096726
30,110,100.0,110,0,101,9,0,0.0,0.5563726129909655,0.5563742314548462,0.052864490106974575,0.45595987201173815,0.253884963454328,0.9743187612499397,8.2,1.064675958454609,0.23315791480154102,0.00029857683811090316,0.0007172351506998466,0.0,0.00029857683811090316,-0.0034732488102090725,0,0,0,9,0,1.0,0.22727272727272727,0.08554325759732757,0.05663687961324699,0.9816799471589257,0.38206188791403134,0.0,0.19999999999999998,0.005209110633709518
31,110,100.0,110,0,101,9,0,0.0,0.554742748783694,0.5547760159562334,0.05311813076307561,0.4558306303663554,0.25137149451209834,0.9812483210413117,8.2,1.064675958454609,0.23406033957153793,0.0003316017079424923,0.000746088881548328,0.0,0.0003316017079424923,-0.0028254143616684773,0,0,0,9,0,1.0,0.22727272727272727,0.08630682616618002,0.052318090848993824,0.9765349676926708,0.38428661890776417,0.0,0.2,0.005200273310309811
32,110,100.0,110,0,102,8,0,0.0,0.5619345236483636,0.561978419405124,0.05621168938577882,0.45576411053206045,0.2456897150413137,0.9705622473093244,8.2,1.064675958454609,0.23557091947334308,0.00316715881020228,0.0007217387832679151,0.0,0.00316715881020228,-0.0026985824264515977,0,0,0,8,0,1.0,0.20909090909090908,0.08799677344835884,0.06942403284540362,0.9625052277216052,0.38442064289939176,0.0,0.19999999999999998,0.005235878074291487
33,110,100.0,110,0,101,9,0,0.0,0.5598693293389997,0.5599141497216692,0.05530653944090517,0.4556807166920188,0.2506605994771067,0.9739170832277956,8.2,1.064675958454609,0.23318221393417282,0.0028978380489771433,0.0007534143804650552,0.0,0.0028978380489771433,-0.0022316867182135608,0,0,0,9,0,1.0,0.21818181818181817,0.08640825163651077,0.05610602735873051,0.973520020147715,0.38377875175021264,0.0,0.19999999999999998,0.005225108165661791
34,110,100.0,110,0,102,8,0,0.0,0.5578246656241524,0.5578594767612518,0.05575997439052024,0.45558071023891533,0.24789198197219497,0.9749754185163144,8.2,1.064675958454609,0.2343087042926164,0.003090182075403058,0.0006963976220886465,0.0,0.003090182075403058,-0.006140919204100401,0,0,0,8,0,1.0,0.23636363636363636,0.08748155466876778,0.07157528190785847,0.9651683988519986,0.38215167265641853,0.0,0.19999999999999998,0.0052143524747560056
35,110,100.0,110,0,101,9,0,0.0,0.5626687701835035,0.5627215103975501,0.05895615095821432,0.45552318045304924,0.24072547677394895,0.9648088948775186,8.2,1.064675958454609,0.23790797112027184,0.0028341220790303687,0.0006977766721260807,0.0,0.0028341220790303687,6.00926121151171e-05,0,0,0,9,0,1.0,0.20909090909090908,0.09032725782432849,0.07766807696178298,0.9718357117840406,0.3877436237121917,0.0,0.2,0.005238266744653228
36,110,100.0,110,0,102,8,0,0.0,0.5669518024272527,0.5670057984457946,0.06306041862567836,0.4555027542008546,0.23182969411447368,0.937786549974464,8.2,1.064675958454609,0.24402889926089255,0.0031894267420830803,0.0006726999628322395,0.0,0.0031894267420830803,0.0005604710929763591,0,0,0,8,0,1.0,0.22727272727272727,0.09490400395707917,0.07499090387311326,0.9659764144090982,0.3990536744974824,0.0,0.19999999999999998,0.0052595731691738095
37,110,100.0,110,0,101,9,0,0.0,0.5704176286557919,0.5705245733049676,0.0683818449043464,0.4555125162620225,0.22577873484823702,0.9262891743298697,8.2,1.064675958454609,0.24776970407468712,0.0029706761668883207,0.0006525514503721221,0.0,0.0029706761668883207,-0.002242105675895852,0,0,0,9,0,1.0,0.21818181818181817,0.09895857143169617,0.06981459203710086,0.971539893953904,0.40866734289968015,0.0,0.19999999999999998,0.0052769542674756574
38,110,100.0,110,0,103,7,0,0.0,0.576370475830928,0.5764779712045343,0.07279108402745732,0.45557288190579037,0.2260231664335244,0.9278564702533807,8.2,1.064675958454609,0.2485092133390654,0.004405902292503211,0.0006809734962747836,0.0,0.004405902292503211,0.0026745292419822525,0,0,0,7,0,1.0,0.20909090909090908,0.10139027322898435,0.07517511704047873,0.9770313825790404,0.4096006569379714,0.0,0.16363636363636364,0.005307039852599519
39,110,100.0,110,0,102,8,0,0.0,0.5805936436508522,0.5806580752635061,0.07945958964049893,0.45566820850142525,0.2190414837744616,0.9166849361845183,8.2,1.064675958454609,0.253964281303503,0.003633960481519107,0.0006188892672230218,0.0,0.003633960481519107,-0.0009998905583112026,0,0,0,8,0,1.0,0.20909090909090908,0.10711439598536568,0.07540581757132568,0.9698384085506654,0.41935746193339135,0.0,0.12727272727272726,0.0053286631513720095
40,110,100.0,110,0,103,7,0,0.0,0.5821603244919477,0.5821934385894971,0.08112985280319744,0.45577559749307983,0.21733220027390665,0.9145639452555425,8.2,1.064675958454609,0.25442516691046047,0.004154187320948972,0.0005969331740935819,0.0,0.004154187320948972,0.002916138657793364,0,0,0,7,0,1.0,0.22727272727272727,0.10807631258004836,0.07061786874479364,0.9706266071043844,0.42066923350299373,0.0,0.16363636363636364,0.005337068227965573
41,110,100.0,110,0,102,8,0,0.0,0.5882151682753424,0.5882113970540028,0.08094264037238906,0.45593310054552727,0.21416889562587013,0.9066782343950959,8.2,1.064675958454609,0.2523895461818655,0.003687026494131062,0.0005604495020785609,0.0,0.003687026494131062,0.004893419397919766,0,0,0,8,0,1.0,0.19090909090909092,0.10589221561016679,0.054311159088507296,0.9561350122191514,0.4189982525367955,0.0,0.18181818181818182,0.005368180895449166
42,110,100.0,110,0,102,8,0,0.0,0.5975299131737151,0.5975366903195471,0.08893930340324738,0.4561683540252044,0.2052691892175964,0.8889593635861069,8.2,1.064675958454609,0.2572428232322599,0.0037633406047500196,0.0005282718737000671,0.0,0.0037633406047500196,0.000960254668282385,0,0,0,8,0,1.0,0.2,0.11114164259385668,0.05222491140550088,0.9693163375231398,0.4284940003089899,0.0,0.18181818181818182,0.005416006963560805
43,110,100.0,110,0,101,9,0,0.0,0.591786337053456,0.5917761717973303,0.08801011381381843,0.45635203813301134,0.20292753704099392,0.8831575515354537,8.2,1.064675958454609,0.2607999046736609,0.0026683763894565175,0.0004577832139671875,0.0,0.0026683763894565175,0.0016744926601135097,0,0,0,9,0,1.0,0.19090909090909092,0.1133408427954483,0.04436101195372762,0.9700959756587788,0.4378790210282999,0.0,0.16363636363636364,0.005388266903227171
44,110,100.0,110,0,101,9,0,0.0,0.5862346346792672,0.5862150670105851,0.08584186503598573,0.45648640040373184,0.21001929235564257,0.8906959655428682,8.2,1.064675958454609,0.25948767595043454,0.0030037884385866256,0.0004973345239379178,0.0,0.0030037884385866256,0.0005265572565871265,0,0,0,9,0,1.0,0.20909090909090908,0.11277717053773557,0.06138542968785686,0.9796393526124348,0.431045098058002,0.0,0.16363636363636364,0.0053612236527530235
45,110,100.0,110,0,103,7,0,0.0,0.5860585150824955,0.5860402151144365,0.08612099448720202,0.45661784286677765,0.21308682910573204,0.902483709625978,8.2,1.064675958454609,0.260300508215092,0.0037371717745271343,0.000525796658361681,0.0,0.0037371717745271343,0.0007024859085558087,0,0,0,7,0,1.0,0.19090909090909092,0.11371284530675212,0.0741754584769134,0.9690742742424561,0.42886609936554226,0.0,0.18181818181818182,0.005361042772920791
46,110,100.0,110,0,102,8,0,0.0,0.5924725426907071,0.5924523751417303,0.09146139528243902,0.4568025008745029,0.20830494586422357,0.8861747478290004,8.2,1.064675958454609,0.26564219125928457,0.003769824082799738,0.00045692824362955647,0.0,0.003769824082799738,-0.00014878974389042135,0,0,0,8,0,1.0,0.20909090909090908,0.11799614012740554,0.078428947751636,0.9726000932502049,0.4358215314894482,0.0,0.19999999999999998,0.005394095915668655
47,110,100.0,110,0,101,9,0,0.0,0.5880546895777908,0.5880183763818297,0.0874822473419526,0.45694742669777866,0.21551620466832747,0.8935723621203795,8.2,1.064675958454609,0.26283421907058346,0.003430642981640823,0.0005593126650643779,0.0,0.003430642981640823,-0.0014377261209639583,0,0,0,9,0,1.0,0.22727272727272727,0.11518132314919169,0.07772687341253776,0.9737328331542192,0.4315855368787622,0.0,0.16363636363636364,0.0053727781453030785
48,110,100.0,110,0,99,11,0,0.0,0.588985427993599,0.5889193825644334,0.0911262456122038,0.45709848376762463,0.21250374352972334,0.8841442890994116,8.2,1.064675958454609,0.2650405078507514,0.026206098393352414,0.0006264775324299212,0.0,0.026206098393352414,0.0006764521808385478,0,0,0,11,0,0.9090909090909091,0.21818181818181817,0.11780424275838176,0.06932964068414228,0.9737328331542192,0.43607141931641114,0.0,0.16363636363636364,0.005378235971535217
49,110,100.0,110,0,98,12,0,0.0,0.5936053865062522,0.5934999202438346,0.09958530640335385,0.457286946875917,0.20630084464257717,0.8716104881477434,8.2,1.064675958454609,0.267791460514903,0.002507372539800791,0.0005155253090417361,0.0,0.002507372539800791,3.251679926736852e-05,0,0,0,12,0,1.0,0.20909090909090908,0.12242352950621549,0.06741631805563808,0.9698403684654352,0.4429520102504926,0.0,0.16363636363636364,0.005402339024800755
50,109,99.0909090909091,110,1,99,10,0,0.00909090909090909,0.5929009869355659,0.5927343781145026,0.10148217053551224,0.4574672267278584,0.20935267791735176,0.8759494007823008,8.2,1.064675958454609,0.2686726967996331,0.026706205591221013,0.0006364772569433052,0.0,0.026706205591221013,-0.0016677468213109525,0,1,0,10,0,0.9090909090909091,0.21818181818181817,0.12413521507833583,0.07013417826662735,0.9619069826459085,0.44465854669276156,0.00909090909090909,0.18181818181818182,0.005399776725068103
51,109,99.0909090909091,110,0,98,12,0,0.0,0.5921971322207273,0.5919965253820854,0.10748862832156213,0.4576389588915816,0.2035470358593616,0.869074823530645,8.2,1.064675958454609,0.27172878444767856,0.002718399596388376,0.0004847690618588322,0.0,0.002718399596388376,-0.001023261589285079,0,0,0,12,0,1.0,0.20909090909090908,0.12864345466075058,0.057703623804373896,0.9646437691783084,0.45460007633181737,0.0,0.19999999999999998,0.005397171647023958
52,109,99.0909090909091,110,0,99,11,0,0.0,0.5917592846877087,0.5915485124349631,0.11208888653368257,0.4578050467553337,0.2047806294870994,0.8722930578567785,8.2,1.064675958454609,0.27465904225838944,0.0005942247485881343,0.0006033393903405429,0.0,0.0005942247485881343,-0.0012669237911137837,0,0,0,11,0,1.0,0.22727272727272727,0.13228063984015057,0.057207448937345,0.9685792238464228,0.45970785633597244,0.0,0.16363636363636364,0.005395866558136503
53,109,99.0909090909091,110,0,98,12,0,0.0,0.5891111561140268,0.588917890353365,0.1140898829404405,0.4579469602408419,0.20123555716972968,0.8646778084242044,8.2,1.064675958454609,0.27604789649596095,0.0008032954348809865,0.0006389162753763024,0.0,0.0008032954348809865,-0.0026881967686883134,0,0,0,12,0,1.0,0.20909090909090908,0.13442022492393282,0.059839459315478134,0.9700099546482989,0.46108462934381816,0.0,0.14545454545454545,0.0053833813746490995
54,109,99.0909090909091,110,0,99,11,0,0.0,0.5821308997453197,0.5819801392324774,0.10631713639778428,0.45802827115299516,0.2056128732675835,0.8780306307506492,8.2,1.064675958454609,0.27169980806540517,0.0005786163392547112,0.0005879899925950378,0.0,0.0005786163392547112,-0.0024905581312971766,0,0,0,11,0,1.0,0.2,0.12927612276921988,0.058607564308237874,0.9696534804182395,0.4529482078950901,0.0,0.18181818181818182,0.0053489129416722115
55,110,100.0,110,0,101,9,0,0.0,0.584699415202266,0.5845406076638888,0.10603676308115749,0.4581305249208654,0.20989281858633477,0.8874199457237841,8.2,1.064675958454609,0.27166963652539766,0.0006970481754842955,0.0005601216298987961,0.0,0.0006970481754842955,0.0008228862436789238,0,0,0,9,0,1.0,0.23636363636363636,0.1286630302939536,0.059015486495280975,0.9668567024521202,0.4525318484625213,0.0,0.14545454545454545,0.0053622998545985075
56,110,100.0,110,0,101,9,0,0.0,0.5833837723980112,0.5832115608363531,0.10308336261343481,0.45822036998381316,0.21613406706104732,0.8946609918866634,8.2,1.064675958454609,0.2685719136258595,0.0008789373721289415,0.0005903755918122779,0.0,0.0008789373721289415,-0.0025892791624403605,0,0,0,9,0,1.0,0.21818181818181817,0.1259847101321653,0.05612999129790179,0.9635676250853571,0.4467134845630732,0.0,0.14545454545454545,0.005356199919969766
57,110,100.0,110,0,103,7,0,0.0,0.5826343990652856,0.5824696779318713,0.10653025058267004,0.4583029395688366,0.21362166864040832,0.8884975506555255,8.2,1.064675958454609,0.2725788819105259,0.0009338253837566869,0.0005610481807176803,0.0,0.0009338253837566869,0.001099578103813765,0,0,0,7,0,1.0,0.22727272727272727,0.1302659224922938,0.059136750704838856,0.9500914805434966,0.45667213392653716,0.0,0.18181818181818182,0.005352892602566508
58,110,100.0,110,0,103,7,0,0.0,0.5867988535547253,0.5866690263856433,0.11168900691060618,0.4584203976180586,0.209088852543932,0.8821867939338321,8.2,1.064675958454609,0.27425898737849486,0.0008550118705554381,0.00043748840426548316,0.0,0.0008550118705554381,0.0005252964095831021,0,0,0,7,0,1.0,0.20909090909090908,0.13262303556598337,0.06398842418200232,0.9616427380637285,0.45649235400348914,0.0,0.16363636363636364,0.0053743401488193735
59,110,100.0,110,0,102,8,0,0.0,0.5906342673547563,0.5905172950091602,0.11595349803047103,0.45856938239235023,0.1998906790063324,0.8612814025561236,8.2,1.064675958454609,0.27795173396872674,0.0005725886774013517,0.0005043912804788105,0.0,0.0005725886774013517,0.003248738136735648,0,0,0,8,0,1.0,0.21818181818181817,0.13575379457485368,0.06241631691634429,0.9517962363540701,0.46666605402843836,0.0,0.18181818181818182,0.00539431032035635
60,110,100.0,110,0,104,6,0,0.0,0.5888766049406469,0.5887325187429739,0.12260670580331619,0.4587015792945137,0.19777642522559774,0.8575199880478954,8.2,1.064675958454609,0.2800965913853748,0.0007770525160894006,0.0004730085836433346,0.0,0.0007770525160894006,0.002748427992671438,0,0,0,6,0,1.0,0.2,0.14020426545808212,0.05783518422261872,0.9487131426903515,0.4680985101878858,0.0,0.16363636363636364,0.005386225742603381
61,110,100.0,110,0,103,7,0,0.0,0.5892959525052831,0.5890168222750634,0.1330503081161773,0.45883479025712626,0.19341115929880975,0.8557426732030498,8.2,1.064675958454609,0.2864751641593757,0.0010134786977140917,0.00037725032174646365,0.0,0.0010134786977140917,0.0019391136636706821,0,0,0,7,0,1.0,0.20909090909090908,0.14890927206848112,0.06038000174375893,0.9334610333517473,0.4773659659693929,0.0,0.18181818181818182,0.005389031612973043
62,110,100.0,110,0,103,7,0,0.0,0.5901781887627962,0.589840443802949,0.13687828582331146,0.45897359807496246,0.19149773699281045,0.8498855016153247,8.2,1.064675958454609,0.2864540334864012,0.0009546750187381344,0.0003618659765274466,0.0,0.0009546750187381344,0.0024837719639043093,0,0,0,7,0,1.0,0.19090909090909092,0.1503262934387882,0.05476647387850526,0.9458552848456335,0.47692117734948436,0.0,0.14545454545454545,0.005394181720993087
63,110,100.0,110,0,104,6,0,0.0,0.589774735131387,0.5894684123032943,0.12869448031346029,0.4591077592953861,0.19818121611719264,0.865692377789375,8.2,1.064675958454609,0.2834366030657418,0.0010805038684016971,0.0004249988864456678,0.0,0.0010805038684016971,0.0030965915446650124,0,0,0,6,0,1.0,0.21818181818181817,0.1452300748345511,0.05668893152865126,0.9497356099930292,0.47200982257571217,0.0,0.14545454545454545,0.005392878643965751
64,110,100.0,110,0,101,9,0,0.0,0.5923884164218564,0.5921589262905151,0.12523324646717182,0.45926340833801493,0.2022531786713599,0.850149612472255,8.2,1.064675958454609,0.2805708124912871,0.028781313465667004,0.0005335263485029385,0.0,0.028781313465667004,-0.001226723938340372,0,0,0,9,0,0.8888888888888888,0.17272727272727273,0.1416928368981679,0.05824923045850159,0.9599659467759621,0.46865179423451914,0.0,0.14545454545454545,0.005406775629386315
65,110,100.0,110,0,104,6,0,0.0,0.5978452134420998,0.5976074672300649,0.13343130398654965,0.45946380766708317,0.19586370625534602,0.8307448761254694,8.2,1.064675958454609,0.28584902360459075,0.0009281282223610891,0.0005204378677096825,0.0,0.0009281282223610891,0.0025805910722983202,0,0,0,6,0,1.0,0.19090909090909092,0.14710025714340128,0.056113207534671486,0.9358733766012107,0.47760623735095703,0.0,0.10909090909090909,0.005435126416226279
66,110,100.0,110,0,102,8,0,0.0,0.5996121853069463,0.599321269821504,0.12878335907325505,0.45967667054800726,0.20002212641804087,0.8004504860733838,8.2,1.064675958454609,0.2853479152231526,0.0012532809520426006,0.00043627752336977677,0.0,0.0012532809520426006,-0.0011914389789861694,0,0,0,8,0,1.0,0.21818181818181817,0.14427204390710513,0.059309325069586895,0.9458453542060672,0.4747820904085964,0.0,0.14545454545454545,0.0054450944255093475
67,110,100.0,110,0,104,6,0,0.0,0.5956886519533544,0.5954321837749854,0.1285469390042063,0.4598541421977009,0.2000931906030481,0.8047954385045705,8.2,1.064675958454609,0.2856317562083761,0.0010121886590534004,0.0006868776576960356,0.0,0.0010121886590534004,-0.002076859383977512,0,0,0,6,0,1.0,0.2,0.14521547503035773,0.05488419514766865,0.9194225787483977,0.4744687435027327,0.0,0.14545454545454545,0.005426421507735068
68,110,100.0,110,0,104,6,0,0.0,0.5936963088846723,0.5933800200635067,0.12320238161804037,0.4600122452344757,0.20104788068499818,0.8435891874214415,8.2,1.064675958454609,0.2845618546855955,0.0005119031981727026,0.0006459938689572432,0.0,0.0005119031981727026,0.00045666197951612736,0,0,0,6,0,1.0,0.2636363636363636,0.14264846778521287,0.05947410126446298,0.9487582731092647,0.4722553505171601,0.0,0.14545454545454545,0.005417301434902723
69,110,100.0,110,0,104,6,0,0.0,0.5967772118664174,0.5965043194960706,0.12449219526314786,0.46019527591817133,0.19945371441829196,0.8013901159616429,8.2,1.064675958454609,0.28474211831316376,0.0011079664276246795,0.00034402137469420423,0.0,0.0011079664276246795,-0.002245149961158739,0,0,0,6,0,1.0,0.20909090909090908,0.14241703473036302,0.058314667418449644,0.9528953582184891,0.4742975641969404,0.0,0.12727272727272726,0.005433680291654399
70,110,100.0,110,0,105,5,0,0.0,0.597036421432715,0.59671497600111,0.11823162954931069,0.46037815216551226,0.2013041728792925,0.7995825242846681,8.2,1.064675958454609,0.28513517809304245,0.0012685733648260841,0.0005369373169128546,0.0,0.0012685733648260841,-0.003699145959889333,0,0,0,5,0,1.0,0.23636363636363636,0.13998735827275344,0.0613689052402978,0.9607023761967443,0.4749669447734266,0.0,0.09090909090909091,0.005435949859205468
71,110,100.0,110,0,104,6,0,0.0,0.6003492747019469,0.6000553191313551,0.12838763896534292,0.46058753243760425,0.19484374964074802,0.7978056686583015,8.2,1.064675958454609,0.2892253899329622,0.001162933068506776,0.0005555950158378542,0.0,0.001162933068506776,-0.005554984746690403,0,0,0,6,0,1.0,0.24545454545454545,0.14633574314903292,0.05400907316891838,0.9522256321474688,0.48274552264451975,0.0,0.07272727272727272,0.005453628736260983
72,110,100.0,110,0,104,6,0,0.0,0.6045255636526488,0.6041797179815173,0.13804438792764182,0.46082981267466816,0.1864260362099124,0.7831724083647237,8.2,1.064675958454609,0.2948591318394307,0.0006612695318566997,0.0005299397427868097,0.0,0.0006612695318566997,-0.0021730166226396896,0,0,0,6,0,1.0,0.23636363636363636,0.15320289442210663,0.05883405870651036,0.9557202770048471,0.49338344778953896,0.0,0.07272727272727272,0.005475799930732545
73,110,100.0,110,0,104,6,0,0.0,0.6099125219850108,0.609530060327283,0.1435345787822359,0.4611150844592163,0.18491042908697533,0.7783393568550255,8.2,1.064675958454609,0.2948704059568106,0.0006601258565618267,0.0005542935542244078,0.0,0.0006601258565618267,-0.0003470315776756873,0,0,0,6,0,1.0,0.23636363636363636,0.15441784213639387,0.05784892781885248,0.9610715474736214,0.49347843666728086,0.0,0.12727272727272726,0.005504253332447525
74,110,100.0,110,0,105,5,0,0.0,0.6100882481897987,0.6097134141414621,0.14402389369931087,0.4613988807228409,0.18765505177706954,0.8005127650283415,8.2,1.064675958454609,0.2939756483270719,0.0007689333225531088,0.0005601266124580399,0.0,0.0007689333225531088,-0.00457608604467844,0,0,0,5,0,1.0,0.21818181818181817,0.1542730667300416,0.05523916397761502,0.9599659467759621,0.49201969256331063,0.0,0.12727272727272726,0.005506642718766366
75,110,100.0,110,0,103,7,0,0.0,0.6112170154263459,0.6107833350591737,0.15251840842141853,0.461688768428504,0.18481133341345202,0.8011099965893435,8.2,1.064675958454609,0.29487382433204434,0.0004611618042582017,0.000577135800751088,0.0,0.0004611618042582017,-0.0002161081885490817,0,0,0,7,0,1.0,0.23636363636363636,0.15823565679542026,0.056319591488794674,0.9450805600633332,0.4890012821239351,0.0,0.12727272727272726,0.0055138297373034575
76,110,100.0,110,0,105,5,0,0.0,0.6096289037361458,0.6092175651936325,0.13865753848740034,0.46196223346919985,0.19264460385447138,0.812224361389581,8.2,1.064675958454609,0.29048867747858154,0.0005880919370495028,0.000550578930633055,0.0,0.0005880919370495028,-0.004722602590167113,0,0,0,5,0,1.0,0.21818181818181817,0.15035959609356517,0.061182422323036896,0.9267854108957198,0.4826665866877233,0.0,0.16363636363636364,0.00550734493712399
77,110,100.0,110,0,104,6,0,0.0,0.6095337903853465,0.609096621871513,0.145968878621351,0.4622317568697735,0.19031132009281593,0.805203353898781,8.2,1.064675958454609,0.29238718456309654,0.0004884568609059971,0.0005436057165320635,0.0,0.0004884568609059971,-0.0006526920200888205,0,0,0,6,0,1.0,0.2,0.15424931103646947,0.0556021027150989,0.9457053307626091,0.4866406443250922,0.0,0.16363636363636364,0.005508304145794152
78,110,100.0,110,0,103,7,0,0.0,0.6111769129159293,0.6106564937245486,0.15067759215281842,0.46251169678398035,0.18835704298175782,0.8096075506741842,8.2,1.064675958454609,0.2938175308302837,0.0004384377393221143,0.0005123484241573575,0.0,0.0004384377393221143,0.000804440387527916,0,0,0,7,0,1.0,0.21818181818181817,0.15705580278724598,0.05824064109965943,0.9540192599062389,0.48997734233018764,0.0,0.16363636363636364,0.005518009984929406
79,110,100.0,110,0,102,8,0,0.0,0.6129180523695935,0.6124119775457519,0.14059614311688642,0.4628036084165817,0.1939940166770289,0.8165852359745264,8.2,1.064675958454609,0.2894465386701981,0.0003604981117377062,0.0003510666994623462,0.0,0.0003604981117377062,0.00046426451147809885,0,0,0,8,0,1.0,0.2,0.1499611094064246,0.054487505971736,0.9530949075655721,0.48387322537570426,0.0,0.14545454545454545,0.005528269638683846
80,110,100.0,110,0,102,8,0,0.0,0.6086683426288043,0.6081910493075986,0.14331604860722535,0.4630564607696706,0.1942652292650102,0.8152947075795642,8.2,1.064675958454609,0.290547171081869,0.0004815737592375605,0.0005720919324351606,0.0,0.0004815737592375605,-0.001001534936116568,0,0,0,8,0,1.0,0.20909090909090908,0.15255954235941777,0.05176978830075916,0.9443325034114922,0.48657006864833324,0.0,0.16363636363636364,0.005508367119086762
81,110,100.0,110,0,102,8,0,0.0,0.6068067618818145,0.6063543234623051,0.14083728444089075,0.4632909769217477,0.19633083639044352,0.8163821102465753,8.2,1.064675958454609,0.28648491693259137,0.00038466494371085783,0.0005247549156771992,0.0,0.00038466494371085783,-0.0014745584130946262,0,0,0,8,0,1.0,0.20909090909090908,0.14918962590592777,0.055569761875713115,0.9638712904942928,0.47687676771849763,0.0,0.10909090909090909,0.005500307633896742
82,110,100.0,110,0,101,9,0,0.0,0.6030837614487913,0.6026082344894566,0.1313002954549061,0.4634910892697941,0.19953432908820112,0.8161965453598617,8.2,1.064675958454609,0.28150803734018104,0.0003775849551995193,0.0005495599793806733,0.0,0.0003775849551995193,-0.0027901185457024896,0,0,0,9,0,1.0,0.22727272727272727,0.14297602121378164,0.04855718190768709,0.9474509011905794,0.46910595414218476,0.0,0.07272727272727271,0.0054827579057614
83,110,100.0,110,0,101,9,0,0.0,0.6036559251215562,0.6032201682875696,0.1359929590508571,0.46369428315940486,0.190797173951518,0.8026442307023952,8.2,1.064675958454609,0.2842441199379835,0.00044734848102678495,0.0005688520876620706,0.0,0.00044734848102678495,-0.004841425891856189,0,0,0,9,0,1.0,0.21818181818181817,0.1459844706682077,0.037288564175123336,0.9463970853187621,0.4757614386767669,0.0,0.054545454545454536,0.005486700402371092
84,110,100.0,110,0,100,10,0,0.0,0.6033020463939249,0.602809819848652,0.14338921405941288,0.46389181858758394,0.18946880790148973,0.8095143158652472,8.2,1.064675958454609,0.28486161074116034,0.0003391095874809934,0.00047479261323857345,0.0,0.0003391095874809934,-0.0017994622816675267,0,0,0,10,0,1.0,0.20909090909090908,0.14963334635067554,0.04464083371439728,0.9463970853187622,0.473300977078452,0.0,0.0909090909090909,0.005485982564839563
85,110,100.0,110,0,99,11,0,0.0,0.6040126190430455,0.6034930661775749,0.14816357605371314,0.4640930703910706,0.18920190478855267,0.8066740189702835,8.2,1.064675958454609,0.28799061280255467,0.0004930404215220267,0.0006184452492515295,0.0,0.0004930404215220267,-0.002092666610743941,0,0,0,11,0,1.0,0.23636363636363636,0.1532200124489077,0.045920725508032285,0.9614742506101205,0.47870115004907715,0.0,0.12727272727272726,0.005490606767869005
86,110,100.0,110,0,100,10,0,0.0,0.6023339559467683,0.6018262179614782,0.1503835888430144,0.4642779822892131,0.18439865394612573,0.7920898392797626,8.2,1.064675958454609,0.2919837716379674,0.0004857560800713822,0.00047870647121448705,0.0,0.0004857560800713822,-0.002091662250963028,0,0,0,10,0,1.0,0.23636363636363636,0.15750833170046893,0.04142294417011207,0.9750061421935124,0.4886652223897581,0.0,0.09090909090909091,0.005483197808649542
87,110,100.0,110,0,100,10,0,0.0,0.5945675461488664,0.5940590299412073,0.12952067827200378,0.4643947691680318,0.19820358181505326,0.8013245659504998,8.2,1.064675958454609,0.2829480548582932,0.0005502964083065784,0.0005244250987380221,0.0,0.0005502964083065784,-0.0015542884295930398,0,0,0,10,0,1.0,0.21818181818181817,0.14504158877091577,0.04703854820760875,0.9766829421329835,0.4699390899922725,0.0,0.07272727272727272,0.005444987460570738
88,110,100.0,110,0,101,9,0,0.0,0.5940153475194925,0.5935683492214257,0.12430948426412723,0.46450613331730417,0.20030113115940162,0.8105807577908116,8.2,1.064675958454609,0.28016976849211495,0.0005340656068025503,0.0006452669970292376,0.0,0.0005340656068025503,-0.00442322600989567,0,0,0,9,0,1.0,0.21818181818181817,0.14110757617301314,0.04816724988516682,0.9706861579156038,0.4655699451300283,0.0,0.09090909090909091,0.005442819301085689
89,110,100.0,110,0,102,8,0,0.0,0.5902601058981884,0.5898234602084556,0.11926748509427756,0.4645844150528593,0.20704923190428914,0.8237696729371631,8.2,1.064675958454609,0.2783374628138058,0.0007281009060181665,0.0005808660877649124,0.0,0.0007281009060181665,-0.0011215146882361873,0,0,0,8,0,1.0,0.2,0.1389140992084076,0.05073530610653841,0.9414131515391511,0.462391286289401,0.0,0.10909090909090909,0.005424459816388326
90,110,100.0,110,0,100,10,0,0.0,0.5971360681176909,0.5966721587156116,0.1256681987734146,0.46472019649877433,0.19845344408883508,0.7973861659839873,8.2,1.064675958454609,0.28116368744729203,0.0005061569313461814,0.0005278750215351796,0.0,0.0005061569313461814,-0.0011091546740359213,0,0,0,10,0,1.0,0.2,0.14215214440616003,0.05017725045450053,0.9472510142172225,0.4680794237039262,0.0,0.10909090909090909,0.005459562443691189
91,110,100.0,110,0,101,9,0,0.0,0.6008405472711508,0.6003978074111259,0.13907869952266386,0.4648862651810448,0.1899864164651454,0.7875584898012827,8.2,1.064675958454609,0.2881766290894936,0.0005215283912286935,0.0004916411049895275,0.0,0.0005215283912286935,-0.0020373190100829897,0,0,0,9,0,1.0,0.21818181818181817,0.15097797637918384,0.04270261918321831,0.9336929946976718,0.4818431146978465,0.0,0.12727272727272726,0.005478968886125816
92,110,100.0,110,0,99,11,0,0.0,0.603540256647119,0.6030706560647522,0.14942857096842507,0.46507333151159735,0.17982156774744298,0.7783138852985908,8.2,1.064675958454609,0.29224587300344096,0.0005107077653048781,0.0005113117934084935,0.0,0.0005107077653048781,-0.0007811531945505893,0,0,0,11,0,1.0,0.2,0.15719615501982354,0.04057620580299321,0.9434110206674106,0.49117794976640505,0.0,0.10909090909090907,0.005493463258129536
93,110,100.0,110,0,101,9,0,0.0,0.6027790572276162,0.6023506939955521,0.1441298440541163,0.4652522739814536,0.181960094165646,0.7729660919848927,8.2,1.064675958454609,0.2900933740425755,0.0005014657306131087,0.00042698281510987544,0.0,0.0005014657306131087,-5.611958913626439e-06,0,0,0,9,0,1.0,0.21818181818181817,0.1541286790445873,0.0405488375816453,0.9452523345327102,0.4910979276771064,0.0,0.16363636363636364,0.005490609839760033
94,110,100.0,110,0,99,11,0,0.0,0.607528309949135,0.60710526851864,0.15108916792113225,0.4654698079433531,0.1825501444669874,0.7617337190633489,8.2,1.064675958454609,0.2944377372035136,0.007229136092960295,0.00040958405747088916,0.0,0.007229136092960295,0.0014044723259907263,0,0,0,11,0,1.0,0.20909090909090908,0.15861341937807644,0.04601234305125597,0.9303704272102065,0.49633588039016935,0.0,0.12727272727272726,0.005515514119264537
95,110,100.0,110,0,101,9,0,0.0,0.6064598827998275,0.6060020646153385,0.14974312285384433,0.46567562943607377,0.1832673512650298,0.7646484947166857,8.2,1.064675958454609,0.2944220385555263,0.0017947758491559359,0.0005628378484471147,0.0,0.0017947758491559359,0.00015397415536966275,0,0,0,9,0,1.0,0.21818181818181817,0.1583465454283155,0.04619443592427467,0.9168933363278274,0.4942531887768952,0.0,0.12727272727272726,0.005511267649493164
96,110,100.0,110,0,98,12,0,0.0,0.5985721071661647,0.5981888746380825,0.1406083618119561,0.4658127114726233,0.1894846794239823,0.7776403700452461,8.2,1.064675958454609,0.2906599154952274,0.001614372650152934,0.0004783530302785674,0.0,0.001614372650152934,-0.00208997562079136,0,0,0,12,0,1.0,0.23636363636363636,0.153659106664541,0.03950842782910948,0.9709160567025752,0.4879363080954874,0.0,0.054545454545454536,0.005472558511068102
97,110,100.0,110,0,100,10,0,0.0,0.5941074310248312,0.59372487364006,0.1269203820582891,0.4659103123133573,0.1947948160373852,0.7869099184696133,8.2,1.064675958454609,0.28587741263686106,0.0017559934510197085,0.0005374713959140976,0.0,0.0017559934510197085,-0.004579731538036988,0,0,0,10,0,1.0,0.22727272727272727,0.14561484558951876,0.04280330220166983,0.9810612189811762,0.4771653153017926,0.0,0.03636363636363635,0.0054507546967047064
98,110,100.0,110,0,98,12,0,0.0,0.5908212315886952,0.5904606080018315,0.11610487532590347,0.4659790709402285,0.20788464193284917,0.821747800891451,8.2,1.064675958454609,0.27658795829307725,0.0020350530000136056,0.0005955185726086812,0.0,0.0020350530000136056,-0.0016343809165527783,0,0,0,12,0,1.0,0.2,0.13624679459359024,0.04359442637452746,0.971701505795653,0.4622849699740442,0.0,0.018181818181818174,0.005434689727808856
99,110,100.0,110,0,98,12,0,0.0,0.5942377801602629,0.5939251619172093,0.11880857742171859,0.4660766065286139,0.20464413789142044,0.8124246116642816,8.2,1.064675958454609,0.2783302900477209,0.0018353761141929154,0.000484353896716452,0.0,0.0018353761141929154,-0.0013939826863955975,0,0,0,12,0,1.0,0.2,0.13762859976278258,0.04842887756527521,0.9679135172595387,0.4634352074372143,0.0,0.018181818181818174,0.005452291689646933
100,110,100.0,110,0,98,12,0,0.0,0.5985677689516498,0.598195121193675,0.127079917804221,0.4662094726629206,0.19567240196183142,0.793576956903671,8.2,1.064675958454609,0.2808341088690085,0.0014854218051059411,0.0004949421028484559,0.0,0.0014854218051059411,-0.002753652131092764,0,0,0,12,0,1.0,0.2,0.14212498368547893,0.04630852096977454,0.9786579799458738,0.4691258639695152,0.0,0.05454545454545455,0.005474648930498313
101,110,100.0,110,0,100,10,0,0.0,0.6029651234099926,0.6026144985570301,0.14602316487629316,0.46637856584207926,0.184569603198055,0.7745385350156787,8.2,1.064675958454609,0.29025381681461293,0.003972205853885866,0.0004547800964689008,0.0,0.003972205853885866,-0.0012472660337290026,0,0,0,10,0,1.0,0.22727272727272727,0.15429785419727976,0.039297724667206546,0.9824779996569944,0.4853370949911795,0.0,0.018181818181818174,0.005497535850002972
102,110,100.0,110,0,98,12,0,0.0,0.6050508591279088,0.6047179576203296,0.14324196023486022,0.46656377474516636,0.1878265667792,0.7830435982535262,8.2,1.064675958454609,0.28886911871987575,0.003569580814811275,0.0004429562466330108,0.0,0.003569580814811275,-0.0014845149189392504,0,0,0,12,0,1.0,0.22727272727272727,0.1518613564851392,0.03812670918250303,0.9826529320604526,0.485274541314601,0.0,0.05454545454545455,0.005508950465924596
103,110,100.0,110,0,101,9,0,0.0,0.6073583377806052,0.6070409073151334,0.1535594310689501,0.46676679728313136,0.17890545402851646,0.8058050257886331,8.2,1.064675958454609,0.2920629403481012,0.0007158373113439255,0.00041528116442607734,0.0,0.0007158373113439255,-0.0017373252084407949,0,0,0,9,0,1.0,0.19090909090909092,0.15764497863709095,0.03641069635730124,0.9789727709781572,0.4914242650617689,0.0,0.018181818181818174,0.005521568625264057
104,110,100.0,110,0,99,11,0,0.0,0.6105472305607359,0.610231344513975,0.1542081779190953,0.466994832543205,0.18165620879129912,0.8060613518030816,8.2,1.064675958454609,0.2908414528174694,0.0007992400731849515,0.00040043529205581804,0.0,0.0007992400731849515,-0.0013576789295254986,0,0,0,11,0,1.0,0.20909090909090908,0.15631640564428556,0.03589301536967611,0.9898455090569496,0.4883110280201928,0.0,0.09090909090909091,0.005538727007460113
105,110,100.0,110,0,98,12,0,0.0,0.6070682837341568,0.6067278809295937,0.1565607652793404,0.4671905995390909,0.18538108996422553,0.7920460297073775,8.2,1.064675958454609,0.2909516133560419,0.0015386616193822974,0.0005162587405631703,0.0,0.0015386616193822974,-0.003099875099550689,0,0,0,12,0,1.0,0.20909090909090908,0.15861298908496677,0.03872434564614342,0.9781756327945524,0.48879754837047673,0.0,0.12727272727272726,0.005522374415397109
106,110,100.0,110,0,103,7,0,0.0,0.6111139737082586,0.6107295627959456,0.15801012873732226,0.467418366206649,0.1840251721701853,0.7715503274929356,8.2,1.064675958454609,0.2896599409490461,0.0009579406162434928,0.0004906286241976588,0.0,0.0009579406162434928,-0.0018604012327351571,0,0,0,7,0,1.0,0.20909090909090908,0.15784378089120107,0.0416107271395986,0.9782768330928087,0.4890969115469543,0.0,0.12727272727272726,0.00554381535374305
107,110,100.0,110,0,102,8,0,0.0,0.6131604955409484,0.6127942196514021,0.16157151352748966,0.46766129342138796,0.18132004729116777,0.7624042007636056,8.2,1.064675958454609,0.2928196323048704,0.0021450559730561325,0.0003776445224138847,0.0,0.0021450559730561325,-0.0010750523555862045,0,0,0,8,0,1.0,0.20909090909090908,0.16055965288183016,0.043686649011271006,0.9674778476732432,0.4920701544898675,0.0,0.0909090909090909,0.005555341156732434
108,110,100.0,110,0,99,11,0,0.0,0.6189068792796083,0.6183731345662021,0.1727807266825606,0.46794915214114735,0.17024309879452434,0.7456541717673181,8.2,1.064675958454609,0.2984331579184816,0.0017710852796768812,0.0004519740841357005,0.0,0.0017710852796768812,-0.0003515084235135327,0,0,0,11,0,1.0,0.20909090909090908,0.1674662598212815,0.03232811142147683,0.9617683034678282,0.5080423263326914,0.0,0.12727272727272726,0.0055856054567175305
109,110,100.0,110,0,98,12,0,0.0,0.6167008174688753,0.6161676517316016,0.1732044425971474,0.4682151611019169,0.16687253174357936,0.7778576529909794,8.2,1.064675958454609,0.29945178918435755,0.0016568992600234018,0.0005035598987844777,0.0,0.0016568992600234018,-0.0013806442340700078,0,0,0,12,0,1.0,0.21818181818181817,0.16811466044655773,0.0243833345089662,0.9784776618610834,0.5102643324154598,0.0,0.12727272727272726,0.005575991214390189
110,110,100.0,110,0,99,11,0,0.0,0.6207386258552127,0.6202286670341424,0.172462163524085,0.4685129272521101,0.16063800305800158,0.7749181416825419,8.2,1.064675958454609,0.30038035766306637,0.0012862252959629414,0.00022930051307776345,0.0,0.0012862252959629414,0.004070389102910631,0,0,0,11,0,1.0,0.2,0.16702322935956873,0.01755766443721788,0.989920499328127,0.5126556465693991,0.0,0.0909090909090909,0.005597765378628637
111,110,100.0,110,0,100,10,0,0.0,0.6269037388164288,0.626395272900136,0.1809264662811249,0.46886004665377595,0.1536280015887379,0.7223098295182523,8.2,1.064675958454609,0.30377353101943627,0.0013772572091404994,0.00042739966507420943,0.0,0.0013772572091404994,0.0005506405951675369,0,0,0,10,0,1.0,0.20909090909090908,0.17067064942685362,0.016394596536557098,0.9820930486898419,0.5228520953589919,0.0,0.0909090909090909,0.005630438791843053
112,110,100.0,110,0,101,9,0,0.0,0.6261320755895228,0.6256026324104103,0.18032692391286131,0.46919671911644045,0.15468736123353635,0.7651567456470537,8.2,1.064675958454609,0.30260333062328404,0.0014110153016059267,0.00034575622481575685,0.0,0.0014110153016059267,0.003202110238017107,0,0,0,9,0,1.0,0.2,0.16987468189845448,0.020916318457351188,0.987467436150342,0.5197662065452537,0.0,0.03636363636363635,0.0056283727110928855
113,110,100.0,110,0,101,9,0,0.0,0.6232963952661784,0.6228580938645181,0.19077335781764027,0.46950643075468124,0.1511763822218944,0.7472500501845245,8.2,1.064675958454609,0.30426868839761045,0.0015886562710253013,0.00036964215044922794,0.0,0.0015886562710253013,0.005553702509869647,0,0,0,9,0,1.0,0.21818181818181817,0.17482088956012234,0.01822201764790675,0.9845769977567446,0.5206407191497224,0.0,0.12727272727272726,0.005615843022152606
114,110,100.0,110,0,103,7,0,0.0,0.6210654217061802,0.6207053085388581,0.19352263632717046,0.4697945088173297,0.15148593169059069,0.7469165620081515,8.2,1.064675958454609,0.30492680937699723,0.0017546933506237589,0.0003541978894045782,0.0,0.0017546933506237589,0.0009051255957493018,0,0,0,7,0,1.0,0.22727272727272727,0.17691533117229624,0.01810985398388131,0.9898248433333342,0.5230372380005326,0.0,0.0909090909090909,0.005606221703289915
115,110,100.0,110,0,101,9,0,0.0,0.621374685416791,0.6209706703982714,0.19297439836337815,0.47008177997723943,0.15491591746001343,0.7512820971886087,8.2,1.064675958454609,0.30826146071010285,0.00583566447140596,0.0004174953684986438,0.0,0.00583566447140596,0.0009890798740535525,0,0,0,9,0,1.0,0.22727272727272727,0.17928452220760735,0.01754095640382138,0.9827014433323004,0.5307115209178961,0.0,0.12727272727272726,0.005609297275330535
116,110,100.0,110,0,104,6,0,0.0,0.6252676410228502,0.6247917609869571,0.20044537282122488,0.47039853841645296,0.15122433812148506,0.7428973146606834,8.2,1.064675958454609,0.3109202400900224,0.0022559212811020463,0.0002973624523266971,0.0,0.0022559212811020463,0.0016023631430484798,0,0,0,6,0,1.0,0.21818181818181817,0.1823117640336604,0.011338539279819777,0.9841944597699936,0.5330643002661022,0.0,0.12727272727272726,0.0056304482788351725
117,110,100.0,110,0,103,7,0,0.0,0.626645367809007,0.6261580380154241,0.20515909973324079,0.47072356154315614,0.1518769420468819,0.7627921159759696,8.2,1.064675958454609,0.31335945677156407,0.007352540567997826,0.0004715548131154523,0.0,0.007352540567997826,-0.0022324159430932933,0,0,0,7,0,1.0,0.22727272727272727,0.18564359888152604,0.0077692677955571885,0.9904539595225254,0.540036500275453,0.0,0.0909090909090909,0.00563906713431067
118,110,100.0,110,0,103,7,0,0.0,0.6246197517167793,0.6241386679513898,0.21142939811989425,0.47102792442870267,0.15465607111481242,0.7878420999840322,8.2,1.064675958454609,0.3122574109556939,0.006888076160843725,0.00036555756571843436,0.0,0.006888076160843725,0.003494718593270698,0,0,0,7,0,1.0,0.2636363636363636,0.18744793340105081,0.006103954360872605,0.9775086935299228,0.5368595786001528,0.0,0.16363636363636364,0.005630559293083967
119,110,100.0,110,0,103,7,0,0.0,0.6324010669780282,0.6318861685362103,0.21206537144356757,0.47139503545666656,0.15177871925408523,0.7790365802347241,8.2,1.064675958454609,0.31399016322427453,0.0025939833226974727,0.0003146739124095836,0.0,0.0025939833226974727,0.005966398991680041,0,0,0,7,0,1.0,0.23636363636363636,0.18721885828125662,0.004196978301093263,0.9705427766370547,0.541052031252825,0.0,0.12727272727272726,0.005671420140817996
120,110,100.0,110,0,103,7,0,0.0,0.6335483966006703,0.6330689947616743,0.2013821760062485,0.47176831255493706,0.15443846553555735,0.766234095885669,8.2,1.064675958454609,0.3157910859524031,0.001962381693404919,0.00029890378867352297,0.0,0.001962381693404919,0.0014295880400429892,0,0,0,7,0,1.0,0.2545454545454545,0.18433130938595643,0.010571914104194216,0.9879569058635156,0.5425783364678098,0.0,0.09090909090909091,0.005679143884693058
121,110,100.0,110,0,102,8,0,0.0,0.6314382761689705,0.6309953070999051,0.18616238272104557,0.47211995301849324,0.1592834304659255,0.7725825325010802,8.2,1.064675958454609,0.3110040727461829,0.0020044520524750615,0.00040261534783052,0.0,0.0020044520524750615,-0.0006835168923941537,0,0,0,8,0,1.0,0.22727272727272727,0.17621712831055455,0.007195588031251654,0.9791592279359075,0.5347402445371169,0.0,0.12727272727272726,0.0056704651982724
122,110,100.0,110,0,103,7,0,0.0,0.6261304398683658,0.6256560122798045,0.16965674391464897,0.47242237269993326,0.17141588275355768,0.7891311236385511,8.2,1.064675958454609,0.30490614174430863,0.0022492404242605477,0.0004408405644734917,0.0,0.0022492404242605477,0.00020638656016886453,0,0,0,7,0,1.0,0.24545454545454545,0.16729682894001935,0.008703007698766797,0.9852391478707281,0.5254416460116996,0.0,0.09090909090909091,0.005645535911590339
123,110,100.0,110,0,102,8,0,0.0,0.6314376352795165,0.6309189858633473,0.18435271075865217,0.47276639948328647,0.16938580203011197,0.7984344352110492,8.2,1.064675958454609,0.30810753874065355,0.0018812759067213915,0.00037538526121794723,0.0,0.0018812759067213915,-0.001475566476695625,0,0,0,8,0,1.0,0.22727272727272727,0.17341343562436776,0.008126795010172848,0.9859693993849203,0.5302496189092666,0.0,0.054545454545454536,0.005673903273872596
124,110,100.0,110,0,103,7,0,0.0,0.6302044884312318,0.6297780165479038,0.1789110276546917,0.4730970453953907,0.17374258678917248,0.8061418992787454,8.2,1.064675958454609,0.3039686082754731,0.0016233100143713086,0.0003169957581563241,0.0,0.0016233100143713086,0.0006823858782508903,0,0,0,7,0,1.0,0.20909090909090908,0.1690812193534698,0.011994089493388874,0.9846841644747093,0.5251038265347645,0.0,0.054545454545454536,0.005669497693398065
125,110,100.0,110,0,103,7,0,0.0,0.6285638259269534,0.628135513152787,0.18015338969384803,0.47341018112894945,0.17202465064031647,0.8168198162056799,8.2,1.064675958454609,0.3044770672258297,0.0019870229219772872,0.0003554151746569791,0.0,0.0019870229219772872,0.004011944170659607,0,0,0,7,0,1.0,0.2,0.1703495719086355,0.01521711715882656,0.9785926309882547,0.5237010093177649,0.0,0.05454545454545452,0.005662961321312938
126,110,100.0,110,0,102,8,0,0.0,0.6302941647464166,0.6298687179224878,0.18222754168657196,0.47373474539323074,0.16986614728669905,0.8183762073380602,8.2,1.064675958454609,0.30242337081518866,0.0017458550037937365,0.0004621424273374148,0.0,0.0017458550037937365,0.0006435571934089133,0,0,0,8,0,1.0,0.18181818181818182,0.16951654817258516,0.010918276829875135,0.9665855475537014,0.5199858447701875,0.0,0.12727272727272726,0.0056733407942560245
127,110,100.0,110,0,101,9,0,0.0,0.6312708296850825,0.6308296308806592,0.19065186746940802,0.4740640385872183,0.16740391737020427,0.8290005283973585,8.2,1.064675958454609,0.301549241117292,0.001427848985217541,0.00035600886255994626,0.0,0.001427848985217541,0.00471495563754804,0,0,0,9,0,1.0,0.16363636363636364,0.17153781147475505,0.011732789911186228,0.966958371513465,0.5152064588932183,0.0,0.0909090909090909,0.00567997707168396
128,110,100.0,110,0,101,9,0,0.0,0.6242945110630181,0.6238547465671637,0.17962996376958917,0.47433041794260405,0.17583603001878312,0.8354488768846056,8.2,1.064675958454609,0.29958600308412797,0.0014803182808970118,0.0004368147364457167,0.0,0.0014803182808970118,0.0031440730869985076,0,0,0,9,0,1.0,0.19090909090909092,0.16795322064700266,0.00027893887049823323,0.9823097097462217,0.5167276009566506,0.0,0.0909090909090909,0.005646513517051177
129,110,100.0,110,0,103,7,0,0.0,0.6170786452154001,0.6166210364910105,0.1615702162804063,0.47453234876336653,0.18499104093318017,0.8534966873310381,8.2,1.064675958454609,0.29440687325188586,0.0018621885614064514,0.0004051250936608562,0.0,0.0018621885614064514,0.0008037461168380373,0,0,0,7,0,1.0,0.19090909090909092,0.15979223327471,0.004265932345904738,0.9653822395048084,0.5080541233934048,0.0,0.0909090909090909,0.005611509142263771
130,110,100.0,110,0,103,7,0,0.0,0.6196824797602772,0.619226543875209,0.16809314229102365,0.47475432184379995,0.1801401492418615,0.8456517197251291,8.2,1.064675958454609,0.2969919929769955,0.00044580919128103943,0.00042897880411862753,0.0,0.00044580919128103943,0.002877371552201893,0,0,0,7,0,1.0,0.18181818181818182,0.16333570836907277,0.003916393144058607,0.97614046470047,0.510861761917175,0.0,0.0909090909090909,0.0056257099619989644
131,110,100.0,110,0,103,7,0,0.0,0.6197586890055615,0.6193125672415786,0.1512635803331854,0.47497466432629215,0.18475416447893359,0.8457169347737008,8.2,1.064675958454609,0.29492308831773983,0.00036900581250960934,0.00043109418955974234,0.0,0.00036900581250960934,0.0004953838437189657,0,0,0,7,0,1.0,0.20909090909090908,0.15555365573428084,0.0002643116103162272,0.9710922574611561,0.5077002444311083,0.0,0.0909090909090909,0.005627263974944064
132,110,100.0,110,0,102,8,0,0.0,0.6187471428831978,0.6182821887710863,0.1599868544085436,0.47518388472186174,0.18517873359353906,0.8447538446974634,8.2,1.064675958454609,0.29625786403882914,0.0003325978575573194,0.00037112618853043193,0.0,0.0003325978575573194,0.0013805952290305134,0,0,0,8,0,1.0,0.20909090909090908,0.16027592942221802,-0.0006165726544128408,0.9856524137763696,0.5108848773028888,0.0,0.05454545454545452,0.005623320003958152
133,110,100.0,110,0,101,9,0,0.0,0.6230675946248414,0.6226112875613385,0.1640832550312616,0.47542775029740963,0.1827604785601378,0.8223675676651427,8.2,1.064675958454609,0.2971709772848301,0.001202125318654454,0.0003952942667534104,0.0,0.001202125318654454,0.003063576775916314,0,0,0,9,0,1.0,0.22727272727272727,0.1612288728209085,-0.009610486069150052,0.9743192573424696,0.5103168243142875,0.0,0.0909090909090909,0.005646220451743273
134,110,100.0,110,0,101,9,0,0.0,0.6255452123329631,0.6250597743730915,0.1717095790281707,0.4756898742551483,0.17840661100279298,0.8147187852117764,8.2,1.064675958454609,0.29872351585692436,0.0015754447702703124,0.0002061633334571025,0.0,0.0015754447702703124,0.007205692170656609,0,0,0,9,0,1.0,0.23636363636363636,0.16407464818092524,-0.011483251640523313,0.9687306399805867,0.5124732903159651,0.0,0.0909090909090909,0.005660003925663578
135,110,100.0,110,0,100,10,0,0.0,0.6240540640027418,0.623563862652847,0.1554553562096075,0.4759364661521714,0.18434809847828298,0.8166775157915768,8.2,1.064675958454609,0.29443601864371094,0.0003612130048371926,0.0003797301322687818,0.0,0.0003612130048371926,0.004761396557873815,0,0,0,10,0,1.0,0.22727272727272727,0.15605542103132758,-0.011835062847743084,0.9799910798985145,0.5047346086349368,0.0,0.0909090909090909,0.005653860886334022
136,110,100.0,110,0,103,7,0,0.0,0.6279237039844888,0.6273722185787517,0.15863507082532213,0.4762128699645158,0.1850611279376771,0.8268788277965801,8.2,1.064675958454609,0.29194539646434325,0.0002914981090757322,0.00026087503574156074,0.0,0.0002914981090757322,0.01018088663380549,0,0,0,7,0,1.0,0.23636363636363636,0.1552065643963116,-0.011905429263625087,0.9818780749248378,0.5009533252241023,0.0,0.09090909090909091,0.005674680488711899
137,110,100.0,110,0,103,7,0,0.0,0.6293392906148789,0.628775617405194,0.1554997352115488,0.476498284291847,0.18686227982025969,0.8332673082395946,8.2,1.064675958454609,0.29166554062070293,0.0004236746579552079,0.0003966707065719601,0.0,0.0004236746579552079,0.003746996504215717,0,0,0,7,0,1.0,0.23636363636363636,0.15348280049954882,-0.019359138348259575,0.9781579708993899,0.5019752239626649,0.0,0.10909090909090909,0.005683277790726389
138,110,100.0,110,0,102,8,0,0.0,0.6351796636876413,0.6347506215920519,0.16895327443480934,0.4768315514279284,0.17621834982466586,0.7990315643146548,8.2,1.064675958454609,0.2982052633734886,0.0014356560353207782,0.0003771271313988787,0.0,0.0014356560353207782,0.0009502794788396694,0,0,0,8,0,1.0,0.21818181818181817,0.16158533549095144,-0.027346402682126087,0.975282069097226,0.5156273254700445,0.0,0.09090909090909091,0.005714253763627846
139,110,100.0,110,0,102,8,0,0.0,0.6388593564123025,0.6383712263305805,0.16527125883858695,0.477192108515496,0.17626293571360824,0.8113098802701723,8.2,1.064675958454609,0.2976974463640776,0.0015036608292029732,0.0003566524993991676,0.0,0.0015036608292029732,0.001195066096724158,0,0,0,8,0,1.0,0.2,0.159190087318298,-0.029061412518300585,0.9605094967172436,0.5179327160498787,0.0,0.12727272727272726,0.005734571609565069
140,110,100.0,110,0,102,8,0,0.0,0.6423710469989504,0.6418923401889659,0.17179892274343475,0.47757881760061177,0.17672384608481495,0.8078255636371034,8.2,1.064675958454609,0.2978969791195818,0.0015098428251361245,0.0004765007612569736,0.0,0.0015098428251361245,-0.00033207517143978016,0,0,0,8,0,1.0,0.19090909090909092,0.16096539764590553,-0.026214133500142414,0.9749167696014526,0.5157631848878741,0.0,0.09090909090909091,0.005754188661827504
141,110,100.0,110,0,103,7,0,0.0,0.6403750426298324,0.6399171069847992,0.17587259144897757,0.4779445856206305,0.17742432659547616,0.8118438453035606,8.2,1.064675958454609,0.2999848479162519,0.0018032864758718307,0.000395274463060746,0.0,0.0018032864758718307,0.0027334366171002317,0,0,0,7,0,1.0,0.20909090909090908,0.1640225633940498,-0.026391595224849934,0.9641355755897847,0.5178040649357789,0.0,0.09090909090909091,0.00574615576206834
142,110,100.0,110,0,104,6,0,0.0,0.6400941954250228,0.6396253317006041,0.17659851650573974,0.4783039742274337,0.17614906749495987,0.8047771332742586,8.2,1.064675958454609,0.3006574472543069,0.0017375871810550994,0.0002078325146512431,0.0,0.0017375871810550994,0.008215747427979578,0,0,0,6,0,1.0,0.20909090909090908,0.16501131066533747,-0.018992818835603744,0.9827895499788485,0.5162136657887936,0.0,0.0909090909090909,0.005746664688091322
143,110,100.0,110,0,103,7,0,0.0,0.6413263836540386,0.6409039840338336,0.18239293304452517,0.47867042731333004,0.1734845809831913,0.8012160123224481,8.2,1.064675958454609,0.30227160540940856,0.0018595084623511363,0.0003294984486762235,0.0,0.0018595084623511363,0.004314944009867219,0,0,0,7,0,1.0,0.21818181818181817,0.16761112455333035,-0.021550378121360715,0.9759541607935703,0.5221617378157118,0.0,0.12727272727272726,0.005754776398188678
144,110,100.0,110,0,103,7,0,0.0,0.6442659716298025,0.643824808912794,0.1728556068331284,0.4790578567175418,0.17869080085473205,0.8058850430067609,8.2,1.064675958454609,0.29941717790486444,0.001796833996154571,0.00032245143658070433,0.0,0.001796833996154571,0.004382407163986597,0,0,0,7,0,1.0,0.2,0.1616376504676187,-0.024022610608364352,0.9850333829311761,0.5134380412663476,0.0,0.03636363636363635,0.005771536771928811
145,110,100.0,110,0,103,7,0,0.0,0.6406496164893112,0.6402355537509625,0.16556956374255946,0.47941059010459436,0.18602021403080346,0.8153541639235686,8.2,1.064675958454609,0.2954908244037986,0.0017951688926882013,0.0003933447950788589,0.0,0.0017951688926882013,0.003214548767012239,0,0,0,7,0,1.0,0.21818181818181817,0.1571354677279072,-0.016474283983489844,0.9901276837961748,0.5030324846492468,0.0,0.03636363636363635,0.00575533273001105
146,110,100.0,110,0,105,5,0,0.0,0.6327925584530555,0.6324542500269267,0.15641450425842277,0.4796932914880742,0.19312815500820965,0.8290801817194746,8.2,1.064675958454609,0.2916832784440224,0.00043119347333248125,0.0004309326179653747,0.0,0.00043119347333248125,0.0047039538251662846,0,0,0,5,0,1.0,0.20909090909090908,0.1532399585169014,-0.009897210239803465,0.9937678956074978,0.49579075432319475,0.0,0.03636363636363635,0.005717552366661835
147,110,100.0,110,0,104,6,0,0.0,0.635070946117711,0.6346954003338556,0.14900765667761473,0.4799920718086985,0.19955329538402414,0.8616387883994288,8.2,1.064675958454609,0.28679066286506627,0.00039595526218029015,0.00042431519264741964,0.0,0.00039595526218029015,0.0037408642539688655,0,0,0,6,0,1.0,0.20909090909090908,0.1470671155980675,-0.008282759849426538,0.980807514440724,0.48846503601072105,0.0,0.07272727272727272,0.0057305348261062535
148,110,100.0,110,0,103,7,0,0.0,0.6376691882093066,0.6373504817625388,0.14962827832302386,0.48031028549799953,0.1981280362018365,0.851352973409135,8.2,1.064675958454609,0.2865997588010023,0.0020430317272580193,0.00037290667527072963,0.0,0.0020430317272580193,0.003503248501955765,0,0,0,7,0,1.0,0.20909090909090908,0.1471594882698742,-0.015553861779468393,0.9904929832919481,0.4902121535341388,0.0,0.07272727272727271,0.0057452200088874816
149,110,100.0,110,0,103,7,0,0.0,0.6315173566560122,0.6312248426424265,0.14137886833342087,0.4805729366770431,0.20377918982371604,0.8664849988017359,8.2,1.064675958454609,0.28667416107232047,0.0019902826459757173,0.0003945681216023591,0.0,0.0019902826459757173,0.004196642296504655,0,0,0,7,0,1.0,0.20909090909090908,0.14517505586727822,-0.0058373209046152395,0.9888285248688934,0.49011220129392213,0.0,0.07272727272727271,0.005715859043099946
150,110,100.0,110,0,103,7,0,0.0,0.6292267849831926,0.6289251308808831,0.1371937378558658,0.48081320388953763,0.20706605611870066,0.8304667342413119,8.2,1.064675958454609,0.2850717271185441,0.0022013009965407546,0.00041020153855603436,0.0,0.0022013009965407546,-0.0005400965370757587,0,0,0,7,0,1.0,0.21818181818181817,0.14278084878115554,-0.005016402017375201,0.9869530708552232,0.48757798700920624,0.0,0.07272727272727272,0.005705685218359588
151,110,100.0,110,0,103,7,0,0.0,0.6322919343523549,0.6320045922709434,0.14028479432469862,0.4810771420628407,0.20108136056181897,0.7937959818615914,8.2,1.064675958454609,0.2848875367956818,0.001960396634824657,0.00046087170417344613,0.0,0.001960396634824657,-0.0010984030781427084,0,0,0,7,0,1.0,0.20909090909090908,0.1435084856798799,-0.005081807940554637,0.9913137498255272,0.4905969308516829,0.0,0.054545454545454536,0.00572241600834357
152,110,100.0,110,0,105,5,0,0.0,0.6228263627185691,0.6225141560609565,0.1239657581640161,0.4812574362357232,0.2158662234043225,0.8419652396117392,8.2,1.064675958454609,0.27841045701183753,0.0029724223187845935,0.000472525330021736,0.0,0.0029724223187845935,-0.0033933249111766815,0,0,0,5,0,1.0,0.2,0.1347102827688472,0.000405623301365819,0.9742482515188319,0.4780767565578252,0.0,0.07272727272727271,0.005676047924531228
153,110,100.0,110,0,104,6,0,0.0,0.6217869782801896,0.6215073616509909,0.12828244048836843,0.48142723558146533,0.21869582265824447,0.8194071397507259,8.2,1.064675958454609,0.28041713459943307,0.0025521863292820245,0.0005045502386861872,0.0,0.0025521863292820245,-0.00445843908876017,0,0,0,6,0,1.0,0.20909090909090908,0.13831713990704222,0.012781700959478306,0.9736351820023746,0.4814746740234015,0.0,0.10909090909090907,0.005671754908745196
154,110,100.0,110,0,107,3,0,0.0,0.6248922599984221,0.6245867610612341,0.13046887283513156,0.4816214556145442,0.2166898740525441,0.8155518552969069,8.2,1.064675958454609,0.2814445021112313,0.00015124435530374671,0.0004310618848764739,0.0,0.00015124435530374671,0.0033424266256530943,0,0,0,3,0,1.0,0.22727272727272727,0.13932424588221906,0.004510787024964721,0.9799231931941779,0.4853561558768823,0.0,0.14545454545454545,0.005688315224335706
155,110,100.0,110,0,105,5,0,0.0,0.6250185999315702,0.6247438146623848,0.11873822689446417,0.4818149455231711,0.22775446895811385,0.8315632454978596,8.2,1.064675958454609,0.27253510984156204,0.002697168948247936,0.0005213762844225058,0.0,0.002697168948247936,-0.0020989034437415175,0,0,0,5,0,1.0,0.20909090909090908,0.1293412888493159,0.010280185332575695,0.9878723661798751,0.46736796972702727,0.0,0.10909090909090907,0.0056899769442710375
156,110,100.0,110,0,106,4,0,0.0,0.6280479425173943,0.6277668416068586,0.12277924788532724,0.48203212374413523,0.228850063066874,0.8248185812221932,8.2,1.064675958454609,0.27246610223541556,0.0023804148170058024,0.0004712328328336906,0.0,0.0023804148170058024,-0.001991044530886228,0,0,0,4,0,1.0,0.21818181818181817,0.1304698490357263,0.009431213601650683,0.9742594255349228,0.465755873172474,0.0,0.14545454545454545,0.0057062797793529605
157,110,100.0,110,0,106,4,0,0.0,0.6290343128545723,0.6287506883544632,0.1273959991378735,0.4822553695446255,0.2213670083093082,0.8169997576246488,8.2,1.064675958454609,0.27617543525276655,0.003629509281692982,0.0004964880662495152,0.0,0.003629509281692982,-0.0022327732982284146,0,0,0,4,0,1.0,0.20909090909090908,0.1341213198625682,0.0046442152621421415,0.9806280246966231,0.47629437843889855,0.0,0.14545454545454545,0.005712400053221892
158,110,100.0,110,0,106,4,0,0.0,0.6259331990862518,0.6256197510960418,0.12813893278706107,0.4824495710317379,0.21931700114557923,0.8117966195879028,8.2,1.064675958454609,0.27584781499513733,0.0024877308594194385,0.0005736720835709498,0.0,0.0024877308594194385,-0.0041539848710336405,0,0,0,4,0,1.0,0.20909090909090908,0.1348575613099932,0.008923340200176677,0.9813352388652808,0.47635075698429685,0.0,0.12727272727272726,0.0056979282926524115
159,110,100.0,110,0,106,4,0,0.0,0.6323259386512214,0.6320223679882101,0.12902529011283578,0.48269623860051647,0.21597884901371558,0.793566495195088,8.2,1.064675958454609,0.27405021806364416,0.0027202767916755938,0.0004856052028855826,0.0,0.0027202767916755938,-0.0029569920621115367,0,0,0,4,0,1.0,0.20909090909090908,0.1333313833261506,0.0065162929894569425,0.9798618921036572,0.47439748748137756,0.0,0.16363636363636364,0.005731205095628305
160,110,100.0,110,0,104,6,0,0.0,0.6290252993367258,0.6286703244644843,0.12080910051461287,0.4829117292377816,0.22525421846643273,0.8097384799346434,8.2,1.064675958454609,0.27011732576795744,0.0023957928710004453,0.00048745669783119386,0.0,0.0023957928710004453,-0.000602970334566332,0,0,0,6,0,1.0,0.20909090909090908,0.1283284675585877,0.012864017741880255,0.990254903061903,0.46483420910000983,0.0,0.14545454545454545,0.0057158490375596675
161,110,100.0,110,0,105,5,0,0.0,0.6237346048096492,0.6233520739730325,0.11637194296507579,0.4830796278905247,0.22946883716069488,0.7780201969797281,8.2,1.064675958454609,0.27043599777531835,0.00018852070569376082,0.0004703054531240313,0.0,0.00018852070569376082,0.0030105286474813087,0,0,0,5,0,1.0,0.22727272727272727,0.12700205525368322,0.02291415143881396,0.9749561514341238,0.463257399750733,0.0,0.2181818181818182,0.005690289353219448
162,110,100.0,110,0,105,5,0,0.0,0.626734329126489,0.6263278585074493,0.1205639105423187,0.48327108493668824,0.2248214466136424,0.8414207717593588,8.2,1.064675958454609,0.272591080740229,0.0029918672637012944,0.000533494868557454,0.0,0.0029918672637012944,-0.004486874572168176,0,0,0,5,0,1.0,0.20909090909090908,0.1295425369587341,0.02553248070338837,0.9837287094865839,0.47002375392817214,0.0,0.12727272727272726,0.005706307173374281
163,110,100.0,110,0,107,3,0,0.0,0.6243167502520658,0.623943191649736,0.11479889862650795,0.4834401924059319,0.23333467621304727,0.8433444303662935,8.2,1.064675958454609,0.2720477657969178,0.00020015460884667468,0.0004910001152421852,0.0,0.00020015460884667468,-0.0029905018578393525,0,0,0,3,0,1.0,0.2,0.12657093546215173,0.03335834903609532,0.9874859662476491,0.4640684393723705,0.0,0.14545454545454545,0.0056951195022866595
164,110,100.0,110,0,106,4,0,0.0,0.6256182997078842,0.6252108453832385,0.11462302948164123,0.48361829655223615,0.23613324637449687,0.8532885257526079,8.2,1.064675958454609,0.2702327531041786,0.001217310525411199,0.00058135547472218,0.0,0.001217310525411199,-0.004431743696592626,0,0,0,4,0,1.0,0.18181818181818182,0.12532249082549873,0.0322906785055869,0.9863301259326648,0.459944913670553,0.0,0.14545454545454545,0.005702575365579108
165,110,100.0,110,0,106,4,0,0.0,0.6254600367237418,0.624974630752267,0.11671572663133856,0.4837924925302046,0.23933059646612015,0.8546150120340388,8.2,1.064675958454609,0.2730654956437293,0.00044466177608074356,0.0006691561072179706,0.0,0.00044466177608074356,-0.00782717668898067,0,0,0,4,0,1.0,0.19090909090909092,0.12791013176961033,0.03321743847387028,0.9786714139800254,0.4656766028505986,0.0,0.18181818181818182,0.005702711362007409
166,110,100.0,110,0,105,5,0,0.0,0.6325552595034755,0.6321325426241808,0.1227925374507489,0.4840258007389372,0.23361362345084674,0.8449922789383447,8.2,1.064675958454609,0.27623055020036014,0.0022806877198481646,0.0006478588663807877,0.0,0.0022806877198481646,-0.005178782429314882,0,0,0,5,0,1.0,0.19090909090909092,0.13109732049028264,0.03942050535092136,0.9757344405697566,0.4729657577544936,0.0,0.18181818181818182,0.005739429464109816
167,110,100.0,110,0,105,5,0,0.0,0.635673349983996,0.6352794318286817,0.12592612139265413,0.48428342830950205,0.22889803858490176,0.8394762008377636,8.2,1.064675958454609,0.2782795451419591,0.0022805552449748664,0.0006281822274447265,0.0,0.0022805552449748664,-0.004329913384354528,0,0,0,5,0,1.0,0.20909090909090908,0.1330796182959432,0.038947295695721904,0.981983643370939,0.4782075433758463,0.0,0.18181818181818182,0.005756391365915495
168,110,100.0,110,0,106,4,0,0.0,0.6405948781973416,0.6402239388174557,0.1237709285830921,0.4845804273629995,0.22896951540727722,0.8276610733788428,8.2,1.064675958454609,0.27767572712568667,0.002830111163724786,0.0005206456619147556,0.0,0.002830111163724786,-0.0038108679266247447,0,0,0,4,0,1.0,0.21818181818181817,0.13082663270404843,0.025466456839132217,0.9784391980984524,0.47815137255449347,0.0,0.14545454545454545,0.005782580045741936
169,110,100.0,110,0,107,3,0,0.0,0.644912281549623,0.6445156145119847,0.13135687527538428,0.4849108182904451,0.2244527558890736,0.8223223728318226,8.2,1.064675958454609,0.2805554825724619,0.00313778891385548,0.0004560138141840619,0.0,0.00313778891385548,-0.004941924067557298,0,0,0,3,0,1.0,0.2,0.13491728629681687,0.02696310218698688,0.9759541022120972,0.4845352529636521,0.0,0.18181818181818182,0.005805925858890057
170,110,100.0,110,0,106,4,0,0.0,0.6425141572285072,0.6420937490980849,0.12957347844476635,0.48521706361007094,0.22756666284277918,0.8241187457006245,8.2,1.064675958454609,0.27860529215077356,0.0031723767102248934,0.000624983828403854,0.0,0.0031723767102248934,-0.006682554872827866,0,0,0,4,0,1.0,0.21818181818181817,0.13342291284004223,0.021613861803905166,0.984822655175977,0.4813958221856237,0.0,0.14545454545454545,0.005795565497430453
171,110,100.0,110,0,104,6,0,0.0,0.6358094387234171,0.6354097305503612,0.1292234408107482,0.4854631178985758,0.22934866888181588,0.8438387164206541,8.2,1.064675958454609,0.2802961725909201,0.0021642161592234682,0.0005019564007357442,0.0,0.0021642161592234682,-0.0011679976604623509,0,0,0,6,0,1.0,0.20909090909090908,0.13535051591144778,0.02031175795967667,0.9695264635489502,0.4859661448902148,0.0,0.2181818181818182,0.005763351745332232
172,110,100.0,110,0,104,6,0,0.0,0.6353192226760362,0.6349605124969991,0.12539337401401446,0.4857027263329342,0.23109161869491138,0.8451052944610417,8.2,1.064675958454609,0.2769303916651509,0.002015498526383891,0.0004652573824545664,0.0,0.002015498526383891,-0.002065603742219845,0,0,0,6,0,1.0,0.20909090909090908,0.13208046223790315,0.012852045617195239,0.973365337769703,0.4816789125112051,0.0,0.2181818181818182,0.005762176191792848
173,110,100.0,110,0,104,6,0,0.0,0.6350946960460577,0.6346850629784315,0.12322740012601499,0.4859374375980559,0.2262224101734259,0.8307211877552318,8.2,1.064675958454609,0.2800172348419767,0.005840258622430913,0.0004752443567292526,0.0,0.005840258622430913,-0.0006777008699218509,0,0,0,6,0,1.0,0.21818181818181817,0.13248395780607922,0.021796397362498218,0.9832371028101085,0.48283701579206645,0.0,0.18181818181818182,0.005762303015848723
174,110,100.0,110,0,104,6,0,0.0,0.636588094473302,0.6362064504243755,0.12785077573599776,0.4861826082258636,0.22176101094129672,0.8173106550235459,8.2,1.064675958454609,0.2835375798041633,0.0023742352441899163,0.00035704369162907473,0.0,0.0023742352441899163,-7.531119212841424e-05,0,0,0,6,0,1.0,0.23636363636363636,0.13598821469554764,0.02283555255123669,0.974032420027725,0.4863983930741799,0.0,0.2181818181818182,0.005771075144350675
175,110,100.0,110,0,104,6,0,0.0,0.6412603301720561,0.6408827901547116,0.13426910301171344,0.4864649988728156,0.21058247135053026,0.7822370218528322,8.2,1.064675958454609,0.2901900728269833,0.00040396441873107253,0.0005500024514220472,0.0,0.00040396441873107253,0.0013351602476203244,0,0,0,6,0,1.0,0.2545454545454545,0.14152762172908345,0.01585404857240312,0.9837112677118344,0.4965092221319542,0.0,0.18181818181818182,0.005795939595507957
176,110,100.0,110,0,103,7,0,0.0,0.6441688889469471,0.6437428294122253,0.14254925487379266,0.4867687430947421,0.19880003889511078,0.7323610429227403,8.2,1.064675958454609,0.29421347915741847,0.005946882148802207,0.0004812827941794916,0.0,0.005946882148802207,-0.002006875426696235,0,0,0,7,0,1.0,0.2545454545454545,0.14653373618689738,0.008935660577473208,0.9776376598847555,0.5058558585326837,0.0,0.18181818181818182,0.005812099335235435
177,110,100.0,110,0,102,8,0,0.0,0.6427393627599955,0.6422953509313357,0.1407570110434225,0.48705692466065076,0.20624503116875761,0.7229026519931413,8.2,1.064675958454609,0.29122325077590805,0.0055238679398002,0.0004941765955384617,0.0,0.0055238679398002,-0.002925198341268703,0,0,0,8,0,1.0,0.23636363636363636,0.1443523126533847,0.008532709906183699,0.9764689800756181,0.498332339808712,0.0,0.18181818181818182,0.0058064858042251415
178,110,100.0,110,0,103,7,0,0.0,0.6412359280378007,0.6407666195923223,0.13914083045145165,0.48732901719868194,0.2045614858072867,0.7196666169891123,8.2,1.064675958454609,0.29042788246339124,0.00897138908986885,0.00043163432455217525,0.0,0.00897138908986885,-0.0021841205100419764,0,0,0,7,0,1.0,0.23636363636363636,0.14358097968415673,-0.005270152444076847,0.9863301259326647,0.5013132025774238,0.0,0.14545454545454545,0.00580041708253275
179,110,100.0,110,0,103,7,0,0.0,0.640910473089156,0.640423895391739,0.1400349525169248,0.48759529371114185,0.20836067075595704,0.7132174924523486,8.2,1.064675958454609,0.29263083487760855,0.0037232651079882155,0.0005496518013819944,0.0,0.0037232651079882155,-0.0020519864204406285,0,0,0,7,0,1.0,0.22727272727272727,0.1450022078816467,-0.004177497174731092,0.9663417429665916,0.5035661531495558,0.0,0.2545454545454546,0.005800207298795114
180,110,100.0,110,0,101,9,0,0.0,0.6365962050535213,0.6361228074372799,0.1374724234482682,0.48782210112206814,0.21422447582251836,0.7110976990085326,8.2,1.064675958454609,0.2933484696563562,0.02969610159085752,0.0006400045091147886,0.0,0.02969610159085752,-0.0021505116563835277,0,0,0,9,0,0.8888888888888888,0.22727272727272727,0.1450929903561673,-0.0123467744858652,0.9658174267120984,0.5020266555438408,0.0,0.2545454545454546,0.005779843340605002
181,110,100.0,110,0,101,9,0,0.0,0.6400826735578923,0.6396505568413661,0.136422284852388,0.4880765410488422,0.2142357459695312,0.7483057998026464,8.2,1.064675958454609,0.2948793996294117,0.004971974628305547,0.00042520468240368276,0.0,0.004971974628305547,-0.0005579138897883627,0,0,0,9,0,1.0,0.24545454545454545,0.14499404012133577,-0.006273057303830018,0.9837785578323356,0.5028987413719042,0.0,0.14545454545454545,0.005798630163491393
182,110,100.0,110,0,100,10,0,0.0,0.6401066268804074,0.6397144115254613,0.13173572505135986,0.48832881589126315,0.219056628171827,0.7753612050925851,8.2,1.064675958454609,0.29080018538621344,0.006500604758171806,0.0005508340425909757,0.0,0.006500604758171806,-0.003481804115940178,0,0,0,10,0,1.0,0.2545454545454545,0.14071171664599652,-0.00750834647916105,0.9822933353161354,0.4962522418168672,0.0,0.14545454545454545,0.005800092884902212
183,110,100.0,110,0,100,10,0,0.0,0.6399779479261,0.6396057539555295,0.12467653616409131,0.48857747934326823,0.227743953969262,0.7242183816267004,8.2,1.064675958454609,0.2867871163924116,0.03217537120614376,0.000708829391802423,0.0,0.03217537120614376,-0.005650028563290442,0,0,0,10,0,0.9,0.2545454545454545,0.1353101858204777,-0.010046773499113214,0.9761445034925652,0.4858347574580035,0.0,0.12727272727272726,0.0058007732201261555
184,110,100.0,110,0,100,10,0,0.0,0.6404805319902883,0.6399866217187403,0.12606838126388897,0.4888267393412891,0.22086550837561306,0.7097544323992172,8.2,1.064675958454609,0.2874006487204057,0.03286871181423752,0.0005286150014124942,0.0,0.03286871181423752,-0.001749865527849405,0,0,0,10,0,0.9,0.23636363636363636,0.13623060802828366,0.0006100644095997633,0.9784495096989333,0.4846168104744841,0.0,0.14545454545454545,0.005804613046083583
185,110,100.0,110,0,102,8,0,0.0,0.6375040333354968,0.6369867009385632,0.11864025626227784,0.48904779397978176,0.22681961976067477,0.7190497343407916,8.2,1.064675958454609,0.2861652418899514,0.009633684638861792,0.0004710526629876478,0.0,0.009633684638861792,-0.003498617700606464,0,0,0,8,0,1.0,0.23636363636363636,0.1333177211611457,0.01706808389797808,0.9741714636713997,0.47508160445273445,0.0,0.18181818181818182,0.005790907310605166
186,110,100.0,110,0,102,8,0,0.0,0.6425240150988347,0.6420042819384397,0.11946721049591924,0.4893092318855645,0.21981645787822482,0.6955165645580469,8.2,1.064675958454609,0.2869591472038029,0.011271956870392395,0.0005415479784806933,0.0,0.011271956870392395,-0.0015713085763857885,0,0,0,8,0,1.0,0.23636363636363636,0.13315135631741046,0.016636968396159038,0.978773705844569,0.47518198403858325,0.0,0.18181818181818182,0.005817398952686433
187,110,100.0,110,0,104,6,0,0.0,0.641577078260933,0.6410211250154517,0.11643955131830176,0.4895595123765038,0.22849618318453446,0.7235370652304238,8.2,1.064675958454609,0.282512924424247,0.002073067686996994,0.0004523475219989194,0.0,0.002073067686996994,0.0017850880510478968,0,0,0,6,0,1.0,0.24545454545454545,0.1298428041821712,0.021047607695912855,0.9824781403177998,0.4677098027803956,0.0,0.14545454545454545,0.005813996606604791
188,110,100.0,110,0,103,7,0,0.0,0.6471198621336594,0.6465318347157751,0.12199359530155313,0.4898540651522831,0.21999013967837452,0.7128307980255858,8.2,1.064675958454609,0.28598223298278924,0.003147474623269024,0.0005208309804691023,0.0,0.003147474623269024,0.0014268496112438689,0,0,0,7,0,1.0,0.22727272727272727,0.13300580985971008,0.02241501817868278,0.9736186834599608,0.4747513373132386,0.0,0.18181818181818182,0.0058432785422627646
189,110,100.0,110,0,102,8,0,0.0,0.6514605514097891,0.6508550549155306,0.1251703782577007,0.49018230452435185,0.21699504429596916,0.7085001476685587,8.2,1.064675958454609,0.287193406403939,0.0021396918446724093,0.0004862367412841664,0.0,0.0021396918446724093,0.00037320856488097173,0,0,0,8,0,1.0,0.2545454545454545,0.134102091043919,0.004191015821528905,0.9701084794975384,0.48113420360168446,0.0,0.18181818181818182,0.005866729331483712
190,110,100.0,110,0,103,7,0,0.0,0.6542584137972954,0.6536163412466699,0.12845781896063402,0.4905305682121095,0.2149181272894131,0.7084590444660155,8.2,1.064675958454609,0.28863690995116187,0.002691026488609412,0.00047804398020954465,0.0,0.002691026488609412,0.00026860510664554867,0,0,0,7,0,1.0,0.24545454545454545,0.1358604413847294,-0.0064552277289593556,0.9751600497783205,0.48761902048282874,0.0,0.18181818181818182,0.005882572583299036
191,110,100.0,110,0,102,8,0,0.0,0.6519597132777054,0.6513746028522469,0.1266314667466998,0.4908560302203221,0.2152754680369028,0.6984659451496646,8.2,1.064675958454609,0.2910062727495082,0.005941205683667348,0.0004140908979754107,0.0,0.005941205683667348,0.0003836755136879307,0,0,0,8,0,1.0,0.2545454545454545,0.13681377787024052,-0.007546088728253683,0.9768813563415386,0.49186739476807795,0.0,0.14545454545454545,0.005872811638578757
192,110,100.0,110,0,102,8,0,0.0,0.655250570718774,0.6546614689705618,0.1269221044920954,0.49120602269145786,0.21376087854979517,0.7006055238944706,8.2,1.064675958454609,0.29125626201714305,0.00635121658243596,0.00041441513096122543,0.0,0.00635121658243596,0.003108477397025423,0,0,0,8,0,1.0,0.2636363636363636,0.13650817490757908,-0.006430797183307348,0.9844150148122015,0.4905478581390372,0.0,0.10909090909090909,0.005891129068632392
193,110,100.0,110,0,102,8,0,0.0,0.661008173336295,0.6603869165266509,0.13244405723969,0.49160105484781197,0.2145934671472066,0.7059774450264286,8.2,1.064675958454609,0.29221376615139216,0.005902796854298251,0.0005647407953697687,0.0,0.005902796854298251,-0.0029584118534076026,0,0,0,8,0,1.0,0.23636363636363636,0.13850318131729605,-0.00797470859583015,0.9734377447945664,0.49222227727034396,0.0,0.18181818181818182,0.00592201998791843
194,110,100.0,110,0,101,9,0,0.0,0.6647943096906198,0.6641728285551576,0.13694037517232943,0.49202412734790985,0.20936394235600964,0.7008864721519819,8.2,1.064675958454609,0.29482974778121007,0.043692438723020234,0.00047161762705596956,0.0,0.043692438723020234,0.0019354518657662366,0,0,0,9,0,0.7777777777777778,0.24545454545454545,0.141148486538294,-0.010402628774085121,0.9790278882100848,0.49817098647978303,0.0,0.18181818181818182,0.0059432028452877424
195,109,99.0909090909091,110,1,102,7,0,0.00909090909090909,0.6674647651654703,0.6668545149586018,0.1383300164993343,0.4924654683292004,0.21529978311981932,0.7379872639529501,8.2,1.064675958454609,0.2953804520291403,0.01735035431357283,0.00040727465004285375,0.0,0.01735035431357283,0.0027117156568076603,0,1,0,7,0,0.875,0.23636363636363636,0.1415935604503787,-0.012386950278305922,0.9833025036996313,0.49701551934698557,0.00909090909090909,0.14545454545454545,0.005958904548323298
196,109,99.0909090909091,110,0,103,7,0,0.0,0.6749090768755923,0.6743478595059883,0.1423406049267388,0.4929660025134193,0.20802012972225592,0.7282926162393863,8.2,1.064675958454609,0.29752512729102243,0.017151446130213212,0.0004603396347295209,0.0,0.017151446130213212,-0.0015413524010301335,0,0,0,7,0,0.8571428571428571,0.23636363636363636,0.14302927796748288,-0.02031014099561312,0.9849343981473199,0.5023541282038375,0.0,0.14545454545454545,0.005998790640435521
197,109,99.0909090909091,110,0,103,7,0,0.0,0.6716964149684223,0.6710894917667672,0.1391408542786805,0.493433454784149,0.2152013720108069,0.7468557865878738,8.2,1.064675958454609,0.29559311121444787,0.01770439102194377,0.00041692181012363116,0.0,0.01770439102194377,0.001585133591743726,0,0,0,7,0,0.8571428571428571,0.22727272727272727,0.14158630519567855,-0.013678878388805837,0.9821360698668493,0.49820788140164274,0.0,0.18181818181818182,0.005985215756871526
198,109,99.0909090909091,110,0,102,8,0,0.0,0.6725301773571967,0.6718862808182957,0.13910637977743867,0.49390271678011194,0.21899669092294588,0.7695659694428286,8.2,1.064675958454609,0.291721440042811,0.014898935035730202,0.0003070919096595157,0.0,0.014898935035730202,0.0041684635330595365,0,0,0,8,0,0.875,0.23636363636363636,0.13925500476913882,-0.008533184655892902,0.9809959204215735,0.491339169703471,0.0,0.14545454545454545,0.005991882628641988
199,109,99.0909090909091,110,0,102,8,0,0.0,0.6831876347559285,0.6825831134249118,0.1504611727867361,0.49445809194048473,0.2116413017255483,0.761487189010813,8.2,1.064675958454609,0.2968892125503013,0.016844538473653088,0.0003677302565313824,0.0,0.016844538473653088,0.003364990742181653,0,0,0,8,0,0.875,0.22727272727272727,0.14470892146045924,-0.012565841151272987,0.9875533194085904,0.5019840159907101,0.0,0.10909090909090909,0.006048126388541506
200,110,100.0,110,0,104,6,0,0.0,0.6912707638759517,0.6906562596343586,0.15687618877147988,0.49507631643247213,0.20826923921596535,0.7516058976901229,8.2,1.064675958454609,0.298564664000712,0.017020761886926396,0.0002452003871221019,0.0,0.017020761886926396,0.005206943119617752,0,0,0,6,0,0.8333333333333334,0.21818181818181817,0.14669273743775854,-0.021971323462538325,0.9827269134743997,0.5073946944975207,0.0,0.18181818181818182,0.006091833077909356
201,110,100.0,110,0,104,6,0,0.0,0.6919783748979252,0.6912893103760582,0.15424549408705987,0.49569335078816523,0.21073979432088027,0.7511263217521286,8.2,1.064675958454609,0.2978122079069463,0.019895539224079013,0.0004600870879759389,0.0,0.019895539224079013,-0.00022650532535477505,0,0,0,6,0,0.8333333333333334,0.22727272727272727,0.14513499139478636,-0.028322666249850612,0.983188206409549,0.5039053037885272,0.0,0.14545454545454545,0.006098655841239459
202,110,100.0,110,0,104,6,0,0.0,0.6971546081643943,0.6964119411520623,0.16276037799944415,0.4963474472620682,0.20037056736777964,0.7327620182518484,8.2,1.064675958454609,0.30302130419111184,0.01862092710559313,0.0003828950587096988,0.0,0.01862092710559313,0.0004358605639843277,0,0,0,6,0,0.8333333333333334,0.21818181818181817,0.1501808828633693,-0.02270623094166732,0.9766975535040813,0.5151238074672667,0.0,0.18181818181818182,0.006128019011523177
203,109,99.0909090909091,110,1,104,5,0,0.00909090909090909,0.6992799585962153,0.6980199127737586,0.16129727984532352,0.497013350522734,0.20238295096351058,0.7262582812881011,8.2,1.064675958454609,0.30245935936717006,0.019743480218101756,0.0004993875471298069,0.0,0.019743480218101756,-0.002909346013622809,0,1,0,5,0,0.8333333333333334,0.22727272727272727,0.14927632106262695,0.015789062900194585,0.9736325841138933,0.5067138631516757,0.00909090909090909,0.18181818181818182,0.006142190619643719
204,108,98.18181818181819,110,1,102,7,0,0.00909090909090909,0.7056172631818839,0.7043358674153273,0.16381439961832794,0.4977204237896953,0.19799478346027655,0.7120301792505392,8.2,1.064675958454609,0.3042645790016745,0.014016791076958765,0.00034170799192552155,0.0,0.014016791076958765,0.0008225536953136488,0,1,0,7,0,0.875,0.22727272727272727,0.15023426961181413,0.019018965850774193,0.9657816892009593,0.506692470941114,0.00909090909090909,0.2,0.00617764116211306
205,108,98.18181818181819,110,0,102,8,0,0.0,0.6994066565462308,0.6981323510253665,0.16205483438195672,0.4983675919369367,0.2053402365828781,0.6994868785696224,8.2,1.064675958454609,0.30284953334114073,0.0019651184606767833,0.0005384531944376456,0.0,0.0019651184606767833,-0.0017684231950858345,0,0,0,8,0,1.0,0.2,0.14984963254208217,0.022341789692277694,0.9679183644764293,0.5032071510024868,0.0,0.2363636363636364,0.006150033250772022
206,108,98.18181818181819,110,0,105,5,0,0.0,0.6986445166875404,0.6973877228485856,0.16019981863512298,0.49900152753876137,0.2026205529370143,0.6893289632133794,8.2,1.064675958454609,0.3042956964633108,0.021996694771242515,0.00038464304675452055,0.0,0.021996694771242515,-0.0022866686659123057,0,0,0,5,0,0.8,0.21818181818181817,0.15012430046192862,0.02157064356095385,0.9678184602333524,0.5029484792547607,0.0,0.2,0.006149597231450926
207,108,98.18181818181819,110,0,104,6,0,0.0,0.6996320668389789,0.6984852579750311,0.1584710342790748,0.4996380619347428,0.2086248390506118,0.7328713074618303,8.2,1.064675958454609,0.30219932692588714,0.017176892531518616,0.0005578660799157938,0.0,0.017176892531518616,-0.0028051002139398338,0,0,0,6,0,0.8333333333333334,0.22727272727272727,0.14820664300087855,0.00873851408906361,0.9701363536244263,0.49996913695303974,0.0,0.2363636363636364,0.006157923496548773
208,109,99.0909090909091,110,0,105,5,0,0.0,0.7017529236231241,0.7005857746971927,0.16367564570693363,0.5002857102592783,0.20177691584747173,0.6829399617582421,8.2,1.064675958454609,0.3061809731221923,0.02091002923585236,0.0005420723822073713,0.0,0.02091002923585236,-0.006250041898767563,0,0,0,5,0,0.8,0.22727272727272727,0.1521454592153369,0.013840166629944249,0.9653903639411809,0.503985383515284,0.0,0.2363636363636364,0.0061719754584728306
209,110,100.0,110,0,105,5,0,0.0,0.7033303610267706,0.7022257816809062,0.16236339298489222,0.5009404318358651,0.1993581990863606,0.6792637950691434,8.2,1.064675958454609,0.3050519199388526,0.0023998937654870992,0.00044891560463058977,0.0,0.0023998937654870992,-0.0004332546123864245,0,0,0,5,0,1.0,0.21818181818181817,0.15068307047598467,0.011601058445093257,0.9559320858899051,0.5017108230554538,0.0,0.2727272727272727,0.006183347977101431
210,110,100.0,110,0,107,3,0,0.0,0.7066146154352267,0.7054322361984029,0.17287943454537108,0.5016154934295244,0.1894716437676553,0.652093733697161,8.2,1.064675958454609,0.31037150584373707,0.0024214145680122785,0.0004293955794183938,0.0,0.0024214145680122785,-0.0030351790022689804,0,0,0,3,0,1.0,0.22727272727272727,0.1568997710174384,0.006910623816568736,0.9602603563736986,0.5140548079271484,0.0,0.2727272727272727,0.006203362858389936
211,110,100.0,110,0,106,4,0,0.0,0.7049753091699298,0.7037197237180677,0.17102614703440686,0.5022687816377603,0.19842851929112798,0.6686007189108791,8.2,1.064675958454609,0.3082578156388591,0.0030570048967495846,0.0003231571764891894,0.0,0.0030570048967495846,-0.0031269650616553395,0,0,0,4,0,1.0,0.21818181818181817,0.15551539516447238,0.01157741453417997,0.9580620369659963,0.5088823373440489,0.0,0.30909090909090914,0.006198644028309705
212,109,99.0909090909091,110,1,104,5,0,0.00909090909090909,0.7101018145365733,0.708385690225258,0.17458786698986442,0.5029590812672311,0.20003439558283329,0.7019018333806829,8.2,1.064675958454609,0.3080608554197317,0.0026190751742554753,0.0002941772026703715,0.0,0.0026190751742554753,-0.0007346653942562481,0,1,0,5,0,1.0,0.20909090909090908,0.15607802732456919,0.008851434997180193,0.9499258495485201,0.508953749829199,0.00909090909090909,0.3272727272727273,0.006227951282241061
213,109,99.0909090909091,110,0,105,5,0,0.0,0.7111311573661875,0.7094727262588282,0.1655542493500691,0.5036470652867309,0.20404797708252334,0.7254973542134603,8.2,1.064675958454609,0.30180464994303535,0.0022296190195172047,0.0005011505743297187,0.0,0.0022296190195172047,0.002236986922613188,0,0,0,5,0,1.0,0.21818181818181817,0.14934954376135304,0.005412861000513504,0.9674533995835396,0.49642626262565137,0.0,0.2545454545454546,0.006236760396615944
214,109,99.0909090909091,110,0,103,7,0,0.0,0.7164484141652835,0.7148651653669466,0.1730053088392802,0.5043736541079838,0.19894134441256844,0.6627752576355687,8.2,1.064675958454609,0.3034820941168048,0.007279862168651581,0.0005247709677301156,0.0,0.007279862168651581,0.0024819802824898435,0,0,0,7,0,1.0,0.21818181818181817,0.15222962979103882,0.01256200134147955,0.9580694449734588,0.4981769010914173,0.0,0.29090909090909095,0.0062672145888597736
215,109,99.0909090909091,110,0,105,5,0,0.0,0.7227451859296073,0.7211002814463383,0.17594701666126358,0.5051456141382433,0.19553512662103456,0.6600311636631024,8.2,1.064675958454609,0.3033043070779995,0.010302563148933918,0.0004935784130726035,0.0,0.010302563148933918,0.008026415992156071,0,0,0,5,0,1.0,0.20909090909090908,0.15220833047384888,0.02588758550820403,0.9694550939941935,0.4943656963175612,0.0,0.2181818181818182,0.006302807884106918
216,109,99.0909090909091,110,0,104,6,0,0.0,0.7287131103158594,0.726993355422099,0.18940575402098445,0.5059595490091188,0.18984538644434165,0.6855042935378979,8.2,1.064675958454609,0.30707822982757316,0.02283414539794563,0.0005844184101685912,0.0,0.02283414539794563,0.004676882379206035,0,0,0,6,0,0.8333333333333334,0.18181818181818182,0.15778761511955205,0.030239603473826485,0.9721956727187842,0.5018311591006691,0.0,0.14545454545454545,0.006336980390482023
217,110,100.0,110,0,105,5,0,0.0,0.7348293864215293,0.7331365318501544,0.19936509162223337,0.5068171420491185,0.19125272574971608,0.6996096835696783,8.2,1.064675958454609,0.31029059681808846,0.02175440684993,0.0004090940773744358,0.0,0.02175440684993,0.004394847259296922,0,0,0,5,0,0.8,0.19090909090909092,0.16172774279754776,0.04669347749337641,0.9721956727187842,0.5049058443345588,0.0,0.18181818181818182,0.006372127064469501
218,110,100.0,110,0,104,6,0,0.0,0.730412476402446,0.7286877680979672,0.19534101418603225,0.5076277125677056,0.19142639738641462,0.70543609703659,8.2,1.064675958454609,0.31042267500148024,0.019274533740884316,0.000577498939186614,0.0,0.019274533740884316,0.0027009875022184376,0,0,0,6,0,0.8333333333333334,0.2,0.16116460693670764,0.03623784550630595,0.9700929860763833,0.5091744498621423,0.0,0.2181818181818182,0.006354357489092944
219,110,100.0,110,0,104,6,0,0.0,0.7284302211439858,0.726652469370612,0.19197061778601593,0.5084123176678688,0.19188061258629618,0.6985856665010145,8.2,1.064675958454609,0.3091707835544415,0.02262416200642883,0.00047181051697067484,0.0,0.02262416200642883,0.004810203250640875,0,0,0,6,0,0.8333333333333334,0.19090909090909092,0.1596208016946295,0.038626753617755735,0.9611641880475004,0.5045122558388048,0.0,0.2545454545454546,0.0063486229637357665
220,110,100.0,110,0,105,5,0,0.0,0.722794876180276,0.7210014792177801,0.18263898828613373,0.509140437479304,0.19638182049097533,0.7334454300281699,8.2,1.064675958454609,0.3039362443473248,0.008857573982157616,0.0006380819767475919,0.0,0.008857573982157616,0.005339542564392586,0,0,0,5,0,1.0,0.18181818181818182,0.15471423234852247,0.03473551811387421,0.9755809756437455,0.497000396340201,0.0,0.18181818181818182,0.006324322297207766
221,110,100.0,110,0,104,6,0,0.0,0.7232513179132017,0.7214365069964049,0.18349670104003946,0.5098645104830956,0.19728782216255622,0.7340862489388815,8.2,1.064675958454609,0.304734051522878,0.018474434567940373,0.0004821819310663333,0.0,0.018474434567940373,0.0050972413964208525,0,0,0,6,0,0.8333333333333334,0.2,0.15529356155067156,0.03497046202709538,0.9679243764452291,0.4963414238558767,0.0,0.2545454545454546,0.006330459021468908
222,110,100.0,110,0,104,6,0,0.0,0.7213832121179724,0.7196664053564275,0.19250867897697557,0.5105657977784134,0.19516037901825997,0.7367045424692994,8.2,1.064675958454609,0.3081260036783444,0.018834652755407327,0.0005180456819851532,0.0,0.018834652755407327,0.005173108469031062,0,0,0,6,0,0.8333333333333334,0.2,0.1606689308987659,0.04496301042291317,0.9728586579683892,0.5034664098299763,0.0,0.18181818181818182,0.006324851711109233
223,110,100.0,110,0,101,9,0,0.0,0.7219622277434364,0.7202704884642671,0.19391006973611732,0.5112647638585927,0.20036184768491652,0.743031291223811,8.2,1.064675958454609,0.306735461891084,0.015909305322383268,0.0005881903805229694,0.0,0.015909305322383268,0.0061381617058210575,0,0,0,9,0,0.8888888888888888,0.2,0.16021667108000592,0.048262555951758795,0.9691558334612923,0.5000557816931808,0.0,0.2181818181818182,0.006331467651143265
224,110,100.0,110,0,104,6,0,0.0,0.7161500787090397,0.7144055388767755,0.17276297299944732,0.5119063340483719,0.2061726962455857,0.778966667347866,8.2,1.064675958454609,0.29948707353396364,0.018914902510735077,0.0006385942147666962,0.0,0.018914902510735077,0.0026948724912328054,0,0,0,6,0,0.8333333333333334,0.20909090909090908,0.1496760753639459,0.044933830368480795,0.9688909758067089,0.4887797941109835,0.0,0.18181818181818182,0.006305822227754877
225,109,99.0909090909091,110,1,101,8,0,0.00909090909090909,0.7228242584384467,0.7194621549123592,0.17567316933504673,0.5125975267546182,0.20493118689003742,0.7480445024323735,8.2,1.064675958454609,0.3023085941759873,0.014969218869690085,0.00047278913208428214,0.0,0.014969218869690085,0.005359171167121683,0,1,0,8,0,0.8888888888888888,0.2,0.15206554242825732,0.07671332290058429,0.9576056056487012,0.4823255044542023,0.00909090909090909,0.2,0.006342872607686911
226,109,99.0909090909091,110,0,103,7,0,0.0,0.7203209755906415,0.7169604236768355,0.1695612078079845,0.5132466683336461,0.2066052737786781,0.77791379264122,8.2,1.064675958454609,0.3010008946260472,0.007445428320974503,0.0006588551992288682,0.0,0.007445428320974503,0.00621782881482953,0,0,0,7,0,1.0,0.21818181818181817,0.14956349405490338,0.07520692335888052,0.9670209327709157,0.48150227660102607,0.0,0.2,0.006333811820612005
227,109,99.0909090909091,110,0,104,6,0,0.0,0.7208559385107346,0.7176648899878572,0.17067003215480125,0.5138948988851049,0.2102069840921728,0.8190697675788733,8.2,1.064675958454609,0.30009750977965943,0.0058896492576958085,0.0007270958182062191,0.0,0.0058896492576958085,0.0012691514643916925,0,0,0,6,0,1.0,0.20909090909090908,0.14964689179749036,0.07547791941034696,0.9700176390286346,0.4842665696478025,0.0,0.2,0.00633993741263084
228,109,99.0909090909091,110,0,104,6,0,0.0,0.7211784573284266,0.7180543479308303,0.17014286354910554,0.5145395450537965,0.21562752284556663,0.8159854586691646,8.2,1.064675958454609,0.2998220184772842,0.008439640439188996,0.000531473892828469,0.0,0.008439640439188996,0.007112704549633008,0,0,0,6,0,1.0,0.18181818181818182,0.14913622552196176,0.061293636349059044,0.9651693826960321,0.48601574378326684,0.0,0.2,0.0063449817031068795
229,109,99.0909090909091,110,0,105,5,0,0.0,0.7166526333010195,0.7134570440627507,0.16261869627329914,0.5151381707184967,0.2223455371831948,0.8138600781503887,8.2,1.064675958454609,0.29702478092031415,0.007878805005238894,0.0005069033680599747,0.0,0.007878805005238894,0.008987062268132562,0,0,0,5,0,1.0,0.18181818181818182,0.14584485947115922,0.06312407278237671,0.9620111577668696,0.4834457601123563,0.0,0.2,0.006325539294736445
230,109,99.0909090909091,110,1,104,5,0,0.00909090909090909,0.7183732932515611,0.7146963510744407,0.16895802673791657,0.5157449049416202,0.22259163387436462,0.80182894420275,8.2,1.064675958454609,0.3004616818585839,0.006994718228937964,0.0007301290355082242,0.0,0.006994718228937964,0.006611348912680744,0,1,0,5,0,1.0,0.18181818181818182,0.14975029104363044,0.07331850094982438,0.964466389821447,0.48651877352317924,0.00909090909090909,0.18181818181818182,0.006337372471191809
231,109,99.0909090909091,110,0,106,4,0,0.0,0.7259140703066044,0.7221756240180294,0.17578470795557366,0.5164049571291437,0.21530300954064613,0.819178917990585,8.2,1.064675958454609,0.30218407023701066,0.0006264822107186144,0.0006987196130920595,0.0,0.0006264822107186144,0.003096319652051191,0,0,0,4,0,1.0,0.19090909090909092,0.15179341617812295,0.06915755171608423,0.975123642084948,0.4888670151096287,0.0,0.18181818181818182,0.006378590064943934
232,109,99.0909090909091,110,0,104,6,0,0.0,0.7303528936630946,0.7265450080784088,0.1814418887122736,0.5170951977250122,0.2180014718820865,0.8113270263769968,8.2,1.064675958454609,0.30298260840339575,0.001445043386841235,0.0005598450838028867,0.0,0.001445043386841235,0.008051228128163043,0,0,0,6,0,1.0,0.19090909090909092,0.15371478257541019,0.07112507593949838,0.9736609507446816,0.4876253455603315,0.0,0.2181818181818182,0.006404458594566238
233,109,99.0909090909091,110,0,104,6,0,0.0,0.7259741621983458,0.722292128821511,0.17525286456591005,0.5177418659888088,0.2228839253098923,0.822355152282227,8.2,1.064675958454609,0.2977600225800834,0.0013227987469255891,0.000801843007592422,0.0,0.0013227987469255891,0.004605256394431744,0,0,0,6,0,1.0,0.19090909090909092,0.14941506511795494,0.07461973415860795,0.954765137945756,0.47933537613360344,0.0,0.18181818181818182,0.006386007398010292
234,109,99.0909090909091,110,0,104,6,0,0.0,0.724153093422504,0.7202162142546951,0.17878363348944484,0.5183639679204209,0.22089502027659508,0.8200428578946589,8.2,1.064675958454609,0.3021781169265827,0.0012720115173257857,0.0007619785625395068,0.0,0.0012720115173257857,0.004301223565740628,0,0,0,6,0,1.0,0.19090909090909092,0.1540805845483085,0.08446141548470132,0.9436285053175308,0.4860494719337243,0.0,0.18181818181818182,0.006380213738982562
235,110,100.0,110,0,104,6,0,0.0,0.7285826757854753,0.7248053516885488,0.18411774584787105,0.5190185340366972,0.21454238875787976,0.8106342815227838,8.2,1.064675958454609,0.30491241131555546,0.0014557380159754632,0.0006852254496409633,0.0,0.0014557380159754632,0.0061089612592263075,0,0,0,6,0,1.0,0.2,0.15661550921137501,0.06964297906430222,0.9608339972027052,0.49155982701286816,0.0,0.18181818181818182,0.00640584615483351
236,110,100.0,110,0,105,5,0,0.0,0.7297423615005968,0.7260950952045881,0.1769802044616731,0.5196771164162141,0.2199205837691104,0.8224613331363687,8.2,1.064675958454609,0.29984051190346817,0.0014712219474007297,0.0007312800599621718,0.0,0.0014712219474007297,0.0038628938032832126,0,0,0,5,0,1.0,0.16363636363636364,0.1511369473549041,0.0620076429511278,0.955036403033732,0.4861441726395687,0.0,0.2181818181818182,0.006415150467539784
237,110,100.0,110,0,106,4,0,0.0,0.7310833434164561,0.7273286204863675,0.17928941392119957,0.5203391934651628,0.21854533974631762,0.8169802041363771,8.2,1.064675958454609,0.30232416454467703,0.0015283725929352262,0.0006346608378389276,0.0,0.0015283725929352262,0.0017174052649002389,0,0,0,4,0,1.0,0.16363636363636364,0.15306414323737258,0.06724917932818669,0.9576213948025231,0.4903106562120464,0.0,0.2181818181818182,0.006425379864702383
238,110,100.0,110,0,107,3,0,0.0,0.7274987166656106,0.7237428610749963,0.17568145989745895,0.5209636801642401,0.22298919002461734,0.8166127614978143,8.2,1.064675958454609,0.3018445516504036,0.0008118792553568184,0.000733536233869343,0.0,0.0008118792553568184,0.0007302584381857028,0,0,0,3,0,1.0,0.17272727272727273,0.15217566423701376,0.06707469138742801,0.9573577568284299,0.4900072718409393,0.0,0.2181818181818182,0.006410781110822567
239,110,100.0,110,0,107,3,0,0.0,0.7272535585582173,0.723524269729267,0.1807620633572413,0.5215796562719646,0.22135751717572164,0.8130160455226585,8.2,1.064675958454609,0.30319729944609386,0.0018488849137523872,0.0008053088690877086,0.0,0.0018488849137523872,-9.729549398126054e-05,0,0,0,3,0,1.0,0.18181818181818182,0.15508025892421964,0.06914956836659465,0.9731852725638017,0.4913709729544541,0.0,0.14545454545454545,0.006412834395049983
240,110,100.0,110,0,106,4,0,0.0,0.7260413996849693,0.7225396608800535,0.1733522025659741,0.5221806879151983,0.22479904998977648,0.8241788018772641,8.2,1.064675958454609,0.2991703571503015,0.001519850910194975,0.000686692591173403,0.0,0.001519850910194975,0.00346257273008356,0,0,0,4,0,1.0,0.16363636363636364,0.1500700227163413,0.05668293765404082,0.9537178503618353,0.48757075521713805,0.0,0.18181818181818182,0.006409973120387851
241,110,100.0,110,0,108,2,0,0.0,0.7334123000534177,0.729733048262563,0.18226336077515023,0.5228365895318718,0.21646995728899696,0.7833537734641252,8.2,1.064675958454609,0.3017208331860588,0.0027159821742466345,0.000601674878217075,0.0,0.0027159821742466345,0.008866413775779958,0,0,0,2,0,1.0,0.19090909090909092,0.15321093635340827,0.06410907277401129,0.9667044087184681,0.48908171897963293,0.0,0.18181818181818182,0.006450319235642012
242,110,100.0,110,0,107,3,0,0.0,0.73397467329663,0.7306503848907573,0.1832479089391167,0.5234933212517524,0.21162987980796283,0.7818602467738268,8.2,1.064675958454609,0.3019290277696751,0.0024312913083855835,0.0005091890344787006,0.0,0.0024312913083855835,0.009282711013463119,0,0,0,3,0,1.0,0.19090909090909092,0.15284533224827976,0.056696279442892475,0.9668322739278181,0.49378154023210596,0.0,0.18181818181818182,0.006456627134224631
243,110,100.0,110,0,108,2,0,0.0,0.7396636923941233,0.7363225678825475,0.19174981805409347,0.5241913732018063,0.206989187848766,0.7626815918222626,8.2,1.064675958454609,0.30432856559073107,0.0034734285021522375,0.0005269242527183716,0.0,0.0034734285021522375,0.006452902603728286,0,0,0,2,0,1.0,0.19090909090909092,0.15637409513469044,0.06490307228457322,0.9628216439851245,0.4953055131087659,0.0,0.14545454545454545,0.006488788225356971
244,110,100.0,110,0,108,2,0,0.0,0.737614174388491,0.7341893244819908,0.19021685989483247,0.5248638234568737,0.21463065980288928,0.7788216372086947,8.2,1.064675958454609,0.3022233437765447,0.002320208346473604,0.0006575414447523305,0.0,0.002320208346473604,-0.0006855187395181372,0,0,0,2,0,1.0,0.18181818181818182,0.1549359921731107,0.07517494692381897,0.9797421176585972,0.49223505496982867,0.0,0.10909090909090906,0.006482120343427943
245,110,100.0,110,0,107,3,0,0.0,0.7385913514086186,0.7350427824079929,0.18634439091146104,0.5255363835448257,0.21698833500973935,0.782045366666688,8.2,1.064675958454609,0.29973174485389875,0.0018310656025745853,0.0005855035483125766,0.0,0.0018310656025745853,-0.0038536649155651212,0,0,0,3,0,1.0,0.19090909090909092,0.1521581383235136,0.08928847270695049,0.9645777374285294,0.4863269255539247,0.0,0.14545454545454545,0.006490586521309875
246,110,100.0,110,0,104,6,0,0.0,0.7289748674840516,0.7255190397952013,0.17816126869404367,0.5261206654488603,0.22029279306990238,0.7923899939628325,8.2,1.064675958454609,0.29641074111010446,0.001088048278855624,0.0007077731188517843,0.0,0.001088048278855624,0.0009569427308067369,0,0,1,5,0,1.0,0.2,0.149204910932017,0.0871251357726575,0.9704331927328679,0.48237097708658666,0.0,0.07272727272727271,0.0064456144561679685
247,110,100.0,110,0,107,3,0,0.0,0.7380178306383771,0.7345822200110972,0.1908677324878936,0.5267759214445971,0.2207562888682132,0.7841080151686688,8.2,1.064675958454609,0.30064508766734455,0.0011258911410120525,0.0006179099138454815,0.0,0.0011258911410120525,-0.000866036072161828,0,0,0,3,0,1.0,0.20909090909090908,0.15412536158268667,0.0836217066375947,0.9838604667001172,0.4891138429221029,0.0,0.10909090909090909,0.006494317448466067
248,110,100.0,110,0,107,3,0,0.0,0.7423629111565592,0.7390079777196976,0.19084088165512672,0.5274618970699233,0.2227720578726178,0.7925157222281093,8.2,1.064675958454609,0.2991174175019713,0.0007092687977565439,0.0006861449784966306,0.0,0.0007092687977565439,-0.0052547202978102765,0,0,0,3,0,1.0,0.2,0.15211717467329347,0.08308200581303542,0.971971998909379,0.48735037811849113,0.0,0.14545454545454545,0.006519694559838831
249,109,99.0909090909091,110,1,105,4,0,0.00909090909090909,0.743937898276995,0.7409529899196399,0.19188047959788415,0.5281549951931537,0.2228664564346704,0.7994480769761937,8.2,1.064675958454609,0.2998395529886657,0.007301564512521001,0.0008792112577839615,0.0,0.007301564512521001,-0.0036141308787916715,0,1,0,4,0,1.0,0.21818181818181817,0.1521377270492679,0.0669308464442587,0.9666286059214462,0.4852683205847878,0.00909090909090909,0.12727272727272726,0.006531259119984277
250,109,99.0909090909091,110,0,106,4,0,0.0,0.743633759203379,0.7403797837591991,0.19884122221423356,0.528837972383109,0.22471346257768554,0.8491261810850603,8.2,1.064675958454609,0.3018005335173286,0.0013642782546652746,0.0007275039047783977,0.0,0.0013642782546652746,-0.0011215959241103399,0,0,0,4,0,1.0,0.20909090909090908,0.1556219483934245,0.07433307638807006,0.9658720164597872,0.48489958921344617,0.0,0.16363636363636364,0.006533374171587789
251,109,99.0909090909091,110,0,107,3,0,0.0,0.7495641495403741,0.7460893548122091,0.20482739677471395,0.529562308823387,0.2226169525388938,0.8244002048295994,8.2,1.064675958454609,0.30320071856531916,0.0010097327897966215,0.000777840019746525,0.0,0.0010097327897966215,-0.009145901675687693,0,0,0,3,0,1.0,0.2,0.15776789225199372,0.07652742685247045,0.9677268463918248,0.48504213317088024,0.0,0.2,0.006566882041241747
252,109,99.0909090909091,110,0,104,6,0,0.0,0.7459488799843723,0.7423962611558078,0.204005370352402,0.5302474778435007,0.2260010784020658,0.7933916727282071,8.2,1.064675958454609,0.30325292273984994,0.0017265855818616959,0.0008063752431270461,0.0,0.0017265855818616959,-0.00178244850435542,0,0,0,6,0,1.0,0.2,0.1582014968067864,0.08006508570758766,0.967024515564214,0.4814601924217776,0.0,0.2,0.006552453108377702
253,109,99.0909090909091,110,0,103,7,0,0.0,0.7483064801612489,0.7445640395329746,0.20483878356908578,0.5309438158859539,0.22784141737238112,0.7913071529728521,8.2,1.064675958454609,0.3030281273225661,0.0013180676284951416,0.0008449464247515485,0.0,0.0013180676284951416,-0.0024788609703146535,0,0,0,7,0,1.0,0.21818181818181817,0.15834745736527156,0.08667785553539564,0.9749545257639033,0.4781168693495482,0.0,0.2,0.006567947981125872
254,110,100.0,110,0,105,5,0,0.0,0.7511693419393811,0.7474575942380617,0.20392459159944187,0.5316573857697112,0.22695468887504316,0.8063598471392681,8.2,1.064675958454609,0.3024793279813309,0.0018063469344361364,0.0008541189928339854,0.0,0.0018063469344361364,0.0009474950026962858,0,0,0,5,0,1.0,0.19090909090909092,0.15728532707387063,0.09386019806565776,0.9637293395249817,0.4777712130363306,0.0,0.2181818181818182,0.006586060893516101
255,110,100.0,110,0,105,5,0,0.0,0.7528211826185294,0.7493148569462768,0.20845929645598776,0.5323791775101012,0.228319992764719,0.807443021260605,8.2,1.064675958454609,0.3014017466043537,0.0018376261317772987,0.0009673250869690709,0.0,0.0018376261317772987,-0.0002296874185424569,0,0,0,5,0,1.0,0.19090909090909092,0.15783474045828033,0.09507848789341951,0.9637293395249817,0.4773962348887443,0.0,0.2181818181818182,0.006598162468476864
256,110,100.0,110,0,105,5,0,0.0,0.7509133410599768,0.7474575726258559,0.20574519475453443,0.5330774652596496,0.2309952271911019,0.8174335342549928,8.2,1.064675958454609,0.299279406335619,0.0017082962029854089,0.0009732447133187864,0.0,0.0017082962029854089,-2.4234385376986635e-05,0,0,0,5,0,1.0,0.19090909090909092,0.15617332762216327,0.10391934295296477,0.9345857303876492,0.47133720453822214,0.0,0.2545454545454546,0.006592340511579239
257,110,100.0,110,0,106,4,0,0.0,0.7561123086956153,0.7526178979653839,0.20129987699217539,0.5338122711020219,0.23436458536324387,0.834656206726738,8.2,1.064675958454609,0.29603062460037677,0.002067719067476153,0.0009182658420218758,0.0,0.002067719067476153,0.0024485687744928153,0,0,0,4,0,1.0,0.16363636363636364,0.15200245626525458,0.1078592169113254,0.9538445094815396,0.46668142463039153,0.0,0.2181818181818182,0.006622247000329961
258,110,100.0,110,0,106,4,0,0.0,0.7560743531008657,0.7525305813078023,0.20330260064867492,0.5345385099316805,0.2332030636127068,0.8438715107074936,8.2,1.064675958454609,0.2977865930265593,0.0018182750583489744,0.0008663840646300916,0.0,0.0018182750583489744,0.002233660510700161,0,0,0,4,0,1.0,0.17272727272727273,0.15314206936481017,0.10478355393681511,0.9245717107633389,0.46907659913568617,0.0,0.2181818181818182,0.006625923267466381
259,110,100.0,110,0,106,4,0,0.0,0.7560345596397062,0.7522528753293579,0.20629609609524968,0.5352546513360886,0.23201685006441305,0.8337577268509253,8.2,1.064675958454609,0.3001033133739446,0.0017702326097062857,0.0007911560460996555,0.0,0.0017702326097062857,-0.003162712832391723,0,0,0,4,0,1.0,0.17272727272727273,0.15561723041072023,0.11298681467127154,0.9136864410162846,0.4672584576080608,0.0,0.2545454545454546,0.00662953659284122
260,109,99.0909090909091,110,1,105,4,0,0.00909090909090909,0.7584535916582861,0.7537738738660282,0.20984653851228896,0.535982518530621,0.2312662091698972,0.8361468105118227,8.2,1.064675958454609,0.3013875570375397,0.019314872650652036,0.0007938870312494044,0.0,0.019314872650652036,-0.0012274803005048684,0,1,0,4,0,0.8,0.16363636363636364,0.15778298513316844,0.12125341532868074,0.8973450178623829,0.4730898224802751,0.00909090909090909,0.2909090909090909,0.006645506466448951
261,109,99.0909090909091,110,0,106,4,0,0.0,0.7610690353243594,0.7562877038924338,0.21145304277369695,0.536717652202379,0.22850194390921397,0.8581169162662345,8.2,1.064675958454609,0.3039635989155014,0.0007172406756052182,0.0005508604835748304,0.0,0.0007172406756052182,-0.00037692699052838813,0,0,0,4,0,1.0,0.16363636363636364,0.15929425363533134,0.12823139807682682,0.9475145355852186,0.4757772968172249,0.0,0.2181818181818182,0.006662497080512175
262,109,99.0909090909091,110,0,106,4,0,0.0,0.7659466567740925,0.7611443772481634,0.21533763751162402,0.5374863253495503,0.22643409490249147,0.8556489999343307,8.2,1.064675958454609,0.3039500982176,0.0008559766497402391,0.0005991479337009606,0.0,0.0008559766497402391,-0.002054123852813672,0,0,0,4,0,1.0,0.14545454545454545,0.15962092680087653,0.12648704054884957,0.9544407896025483,0.4752937214041725,0.0,0.18181818181818182,0.006690977126859354
263,109,99.0909090909091,110,0,104,6,0,0.0,0.7680998228856375,0.7630848525816054,0.2274392202449104,0.5382633424380087,0.22365754314870204,0.8550430402672498,8.2,1.064675958454609,0.30699439733915024,0.0006616074431388094,0.0006146687891041263,0.0,0.0006616074431388094,0.0007501736178209123,0,0,0,6,0,1.0,0.16363636363636364,0.16497067889937667,0.12810130246873505,0.9704622555966526,0.4815000063924316,0.0,0.18181818181818182,0.006705879314484029
264,109,99.0909090909091,110,0,100,10,0,0.0,0.7685810733803147,0.7634903508373523,0.2348162880118733,0.5390355406062859,0.21780384572178568,0.7967052105763291,8.2,1.064675958454609,0.30896294806975333,0.0012455419351538933,0.0005656151020036334,0.0,0.0012455419351538933,0.002565176891535792,0,0,0,10,0,1.0,0.17272727272727273,0.16820041540606154,0.11756500914167697,0.9518465584769735,0.48226998824765477,0.0,0.2545454545454546,0.0067123962710820525
265,110,100.0,110,0,103,7,0,0.0,0.7670714392916052,0.7619284769988437,0.2281993932000494,0.5397862142501058,0.22103805638304588,0.8303593567221899,8.2,1.064675958454609,0.3084016391690334,0.001166608000543712,0.0006085385269000933,0.0,0.001166608000543712,0.00036551600448575923,0,0,0,7,0,1.0,0.16363636363636364,0.16617563426766144,0.12458586631592947,0.9440159067299804,0.47939562462401275,0.0,0.2181818181818182,0.006708844221544608
266,110,100.0,110,0,104,6,0,0.0,0.7687621555519266,0.7636190640388336,0.22990420116476631,0.5405432950711306,0.2193214260486677,0.7920621603950496,8.2,1.064675958454609,0.3097325463397973,0.0018510494144559403,0.0005764116916260599,0.0,0.0018510494144559403,0.004592847628899087,0,0,0,6,0,1.0,0.16363636363636364,0.16722385843586032,0.12035763815916037,0.9404970723038517,0.48369249707540213,0.0,0.2181818181818182,0.006721328031589976
267,110,100.0,110,0,105,5,0,0.0,0.7719294104867679,0.7666271647194616,0.2355794150794441,0.5413179366544701,0.21978893744619235,0.7663207716213681,8.2,1.064675958454609,0.310026684715615,0.002067569071360719,0.0007252079445977756,0.0,0.002067569071360719,-0.0016463597027786103,0,0,0,5,0,1.0,0.15454545454545454,0.1686780295725775,0.12385124661923734,0.9535140808127198,0.48297987866275377,0.0,0.2181818181818182,0.006741288017615187
268,110,100.0,110,0,106,4,0,0.0,0.7728614586812445,0.7675127935422531,0.24085295426989178,0.5420918740768336,0.22564042196710685,0.7727937961595902,8.2,1.064675958454609,0.31011241235968146,0.001186946321634034,0.0005433815573563002,0.0,0.001186946321634034,0.0042491608729644526,0,0,0,4,0,1.0,0.16363636363636364,0.17010833047574256,0.11905585338617962,0.9625016166975283,0.4820844028391029,0.0,0.2181818181818182,0.006750068221422262
269,110,100.0,110,0,105,5,0,0.0,0.7683547621490794,0.7631885243040677,0.2275127570506755,0.5428207400095615,0.2347291397620386,0.8266900041222981,8.2,1.064675958454609,0.3057802448902054,0.002043629493087551,0.0006867133102523459,0.0,0.002043629493087551,0.00012166237026658977,0,0,0,5,0,1.0,0.19090909090909092,0.16435581241455435,0.1146130097450272,0.9675898427431702,0.47907666518857056,0.0,0.18181818181818182,0.006731414768938997
270,110,100.0,110,0,105,5,0,0.0,0.7760493889954732,0.7709993882220857,0.2255359644436443,0.5436083741941604,0.23067380145055993,0.787298211000185,8.2,1.064675958454609,0.30623316965039393,0.0009873352940091462,0.0007029599182957721,0.0,0.0009873352940091462,-0.000642383717505135,0,0,0,5,0,1.0,0.2,0.16215654737259183,0.10369944934268244,0.9741663871696592,0.48039957309959774,0.0,0.14545454545454545,0.006774080779072963
271,110,100.0,110,0,106,4,0,0.0,0.7754457183903163,0.7703835744214091,0.2272060188092351,0.5443823774897677,0.22156348017339858,0.7875456094944618,8.2,1.064675958454609,0.30876750638478434,0.0008640153168864133,0.0005730404472545035,0.0,0.0008640153168864133,0.0005917702871119992,0,0,0,4,0,1.0,0.19090909090909092,0.1642443951141217,0.10678317959768166,0.9745111641569282,0.48390732760158717,0.0,0.10909090909090906,0.006775182739550167
272,110,100.0,110,0,106,4,0,0.0,0.7819200119977203,0.7769676239303153,0.235001795610656,0.5452042191921402,0.21685762806668127,0.7610384251626646,8.2,1.064675958454609,0.30989001006551997,0.001215506827982079,0.0005303195242297985,0.0,0.001215506827982079,0.0013917602132567375,0,0,0,4,0,1.0,0.2,0.16602462804896387,0.09952320746314473,0.9688331582580619,0.48560113502088564,0.0,0.14545454545454545,0.006811929183098045
273,110,100.0,110,0,104,6,0,0.0,0.7887416912708661,0.7837182973804607,0.23465406964687405,0.546074809181297,0.21107461701317154,0.7366319623934845,8.2,1.064675958454609,0.3101174682794894,0.016781490295997705,0.00046830624941779424,0.0,0.016781490295997705,0.0024681696501823447,0,0,0,6,0,0.8333333333333334,0.18181818181818182,0.16495173454759945,0.0923436538981482,0.96710559408604,0.4876607270723541,0.0,0.14545454545454545,0.0068506720606194066
274,110,100.0,110,0,103,7,0,0.0,0.7812318117748351,0.7763104409211077,0.2185164710713264,0.5468730344747349,0.22075207742632882,0.7283243382743154,8.2,1.064675958454609,0.30771426175371963,0.014020389348396875,0.0004901564922514203,0.0,0.014020389348396875,0.0010233890674053645,0,0,0,7,0,0.8571428571428571,0.19090909090909092,0.159624602657869,0.0881658953361478,0.9729078051732931,0.48223556154157915,0.0,0.14545454545454545,0.006817371919536019
275,110,100.0,110,0,101,9,0,0.0,0.7779168552741167,0.7729523523978398,0.22011437336932393,0.5476341590464424,0.22287567693396648,0.7491987353707722,8.2,1.064675958454609,0.3083761612070497,0.011000733755321053,0.00044528429261115346,0.0,0.011000733755321053,0.0007613207423572133,0,0,0,9,0,0.8888888888888888,0.2,0.1613159991116493,0.09643936123833555,0.9664625713234343,0.47899995024334086,0.0,0.14545454545454545,0.0068048488921968586
276,110,100.0,110,0,103,7,0,0.0,0.7776333636261116,0.7727039432803624,0.21778107237310299,0.5483850643060992,0.22675297035209047,0.7654847180010123,8.2,1.064675958454609,0.3075843267568068,0.001393079855523055,0.0005853595762790356,0.0,0.001393079855523055,-0.0006875621486439332,0,0,0,7,0,1.0,0.19090909090909092,0.16019770022898094,0.0991307004703784,0.9652795814573889,0.4752075945520907,0.0,0.2181818181818182,0.006807428787842001
277,110,100.0,110,0,102,8,0,0.0,0.7888215074195868,0.7837618471915991,0.23382735886694983,0.5492221595335475,0.21640154370691922,0.7329815483488568,8.2,1.064675958454609,0.3133751423377893,0.0017664519936609153,0.00039993142718665136,0.0,0.0017664519936609153,0.0019818641853200265,0,0,0,8,0,1.0,0.21818181818181817,0.16636927934354423,0.10051211387302571,0.9598600546557997,0.4869290360350587,0.0,0.21818181818181817,0.006867825682627384
278,110,100.0,110,0,102,8,0,0.0,0.7832352066259838,0.7779677436964342,0.22587329765646078,0.5500009916678227,0.222890788902296,0.7363930291494297,8.2,1.064675958454609,0.3099163022291913,0.001547505412857266,0.0004751745502131156,0.0,0.001547505412857266,0.00447166541582108,0,0,0,8,0,1.0,0.20909090909090908,0.1631808053266724,0.10959744476629353,0.9502859879766286,0.47728718330865705,0.0,0.21818181818181817,0.006844040197904543
279,110,100.0,110,0,105,5,0,0.0,0.786451789582102,0.7811295671901008,0.23339036841612648,0.5507984623032763,0.22294950057596472,0.7317101512962513,8.2,1.064675958454609,0.3110883013065595,0.001407267246344739,0.0003871593019179041,0.0,0.001407267246344739,0.0015965093253337503,0,0,0,5,0,1.0,0.20909090909090908,0.1655839444849675,0.10213971684372265,0.9340362534127028,0.4816346284714709,0.0,0.2545454545454545,0.0068643683517508386
280,110,100.0,110,0,104,6,0,0.0,0.7961872937467479,0.790797025264183,0.2576999541353417,0.5516697841421251,0.21352850436414958,0.7503490218563721,8.2,1.064675958454609,0.31631987968139486,0.039134942281294015,0.0005429668708972112,0.0,0.039134942281294015,0.00656877397417216,0,0,0,6,0,0.8333333333333334,0.19090909090909092,0.17382394237598375,0.1029533482662261,0.9415733292165769,0.48812713662756274,0.0,0.2545454545454545,0.006917684249643561
281,110,100.0,110,0,102,8,0,0.0,0.7953087776190779,0.7898698429509824,0.2530090397275093,0.5525239320370914,0.2139244173728015,0.7670337824303601,8.2,1.064675958454609,0.31706408170327327,0.016114625437853282,0.0003703083655567255,0.0,0.016114625437853282,0.003238001616655325,0,0,0,8,0,0.875,0.2,0.17307980110407264,0.10223421739235208,0.9502859879766286,0.4891148274058873,0.0,0.21818181818181817,0.006917838622648887
282,109,99.0909090909091,110,1,100,9,0,0.00909090909090909,0.7983774398157535,0.7949599588215659,0.25054558920737446,0.5533950779292187,0.21503104098787776,0.7569442276645766,8.2,1.064675958454609,0.31554824849275875,0.03466708062614182,0.0004277926098800137,0.0,0.03466708062614182,0.0033925392597132704,0,1,0,9,0,0.8,0.2,0.17062274630217086,0.11094712244731068,0.9491685410367386,0.48136521289312534,0.00909090909090909,0.23636363636363636,0.006937819374070538
283,109,99.0909090909091,110,0,101,9,0,0.0,0.7927650709846927,0.7893050349290295,0.250420589123013,0.5542260463358442,0.2165724152916171,0.7804185075610045,8.2,1.064675958454609,0.3147944781942231,0.01498786770489674,0.0003889990703734664,0.0,0.01498786770489674,0.0024742219983126057,0,0,0,9,0,0.8888888888888888,0.18181818181818182,0.17112537638311656,0.11592484685105861,0.9302710264484763,0.4812215752938755,0.0,0.23636363636363636,0.006914181090339081
284,109,99.0909090909091,110,0,102,8,0,0.0,0.7892460761705934,0.7859247097244813,0.23160474082295326,0.5550193760138055,0.22579932883774248,0.7883774014825855,8.2,1.064675958454609,0.3076173348888618,0.001785422881536155,0.00040225384685635385,0.0,0.001785422881536155,0.0024470995791259203,0,0,0,8,0,1.0,0.20909090909090908,0.16213517117730758,0.12336518921210682,0.9589941175753693,0.46806554787844995,0.0,0.2,0.006900809311444855
285,109,99.0909090909091,110,0,105,5,0,0.0,0.7894579395193484,0.7862259312500488,0.24560628081456437,0.5558068249279458,0.2259781170479299,0.7729089344592041,8.2,1.064675958454609,0.30985206222261286,0.0019963277580074593,0.0004789690149112645,0.0,0.0019963277580074593,0.00021833761336393642,0,0,0,5,0,1.0,0.21818181818181817,0.1673100780783702,0.11604745781758335,0.9486795497629894,0.4725079201542256,0.0,0.19999999999999998,0.006906060517825611
286,109,99.0909090909091,110,0,103,7,0,0.0,0.7872751736015406,0.7840360852120617,0.24548625778733116,0.5565672382513772,0.2254114906842269,0.7126156066567438,8.2,1.064675958454609,0.3110116665997851,0.0017689767264765636,0.0006098044636578876,0.0,0.0017689767264765636,0.0016401035998236252,0,0,0,7,0,1.0,0.21818181818181817,0.16810764526249827,0.11391936328832203,0.9478293618645539,0.4742623001467988,0.0,0.2363636363636364,0.0068991946571563025
287,110,100.0,110,0,104,6,0,0.0,0.7897472005041749,0.7865711298141648,0.25151792459387523,0.5573411476453012,0.21947179638810999,0.6786621264178587,8.2,1.064675958454609,0.314810660054053,0.0024868860559936743,0.0005135698688576199,0.0,0.0024868860559936743,0.0004464211552861382,0,0,0,6,0,1.0,0.20909090909090908,0.17139682866153094,0.10373659842840274,0.9546912707928198,0.48218719714599334,0.0,0.2363636363636364,0.006915674605298138
288,110,100.0,110,0,105,5,0,0.0,0.790483606212277,0.7873940893543283,0.25518135530057784,0.5581138268938651,0.22536989421236953,0.7142522717537068,8.2,1.064675958454609,0.31283228279903486,0.00772520683295799,0.0006330935697929126,0.0,0.00772520683295799,0.0007458747333077664,0,0,0,5,0,1.0,0.2,0.17097645635826741,0.10100714414845319,0.9611673930130451,0.4821786494434697,0.0,0.16363636363636364,0.0069234698989363635
289,110,100.0,110,0,106,4,0,0.0,0.7864894180146218,0.7833968895539354,0.2475682709262196,0.5588442338320047,0.23696274620327365,0.7058255711409457,8.2,1.064675958454609,0.31116819689996467,0.003140988705758323,0.0005489864506693534,0.0,0.003140988705758323,-0.002188598620778137,0,0,0,4,0,1.0,0.20909090909090908,0.1685279562312692,0.10503258165438331,0.9517659172257633,0.4781669212109223,0.0,0.19999999999999998,0.006907387191482715
290,110,100.0,110,0,105,5,0,0.0,0.7878045904497116,0.7847872458003139,0.24972227415928216,0.5595787065340287,0.23268094103463327,0.6999482896116634,8.2,1.064675958454609,0.312386840617499,0.002529425074571216,0.0005989966185087983,0.0,0.002529425074571216,0.0005781509423052362,0,0,0,5,0,1.0,0.21818181818181817,0.16943172074393686,0.1016068905316959,0.9543644962931331,0.48268382557902106,0.0,0.16363636363636364,0.006917872930798095
291,110,100.0,110,0,105,5,0,0.0,0.7859524257843848,0.7827449031342677,0.2648330276378937,0.560287964016689,0.2338601465323919,0.7428902637751773,8.2,1.064675958454609,0.3143832496530379,0.0024796875996582575,0.00043818799060764543,0.0,0.0024796875996582575,0.00022987539415317005,0,0,0,5,0,1.0,0.20909090909090908,0.17532514879594033,0.09657239407592338,0.957828924726457,0.488436499708712,0.0,0.18181818181818182,0.006912387754422173
292,110,100.0,110,0,106,4,0,0.0,0.7840826678372184,0.7809397523919968,0.24239189755324025,0.5609742950006746,0.23916764015934655,0.7509856195299363,8.2,1.064675958454609,0.3067684667696271,0.00331186057145713,0.0005219404492297684,0.0,0.00331186057145713,-0.0023553196633900736,0,0,0,4,0,1.0,0.16363636363636364,0.16538539446662445,0.09822644501224403,0.9389456604988689,0.47696221152562746,0.0,0.14545454545454545,0.0069066925651773015
293,110,100.0,110,0,106,4,0,0.0,0.7828813588347558,0.779639429099663,0.24146366273497052,0.5616422434000977,0.24192370267285102,0.749991921913715,8.2,1.064675958454609,0.30780526985038104,0.0022183372822119607,0.00030439844481797493,0.0,0.0022183372822119607,-0.0015708113184572936,0,0,0,4,0,1.0,0.18181818181818182,0.16645892688735603,0.10358080230605471,0.9391701390893504,0.4785891255237818,0.0,0.18181818181818182,0.006904241763176758
294,110,100.0,110,0,104,6,0,0.0,0.7819204220155472,0.7786940021525851,0.2351520928602589,0.562295027726769,0.24272437188356694,0.7652815298805038,8.2,1.064675958454609,0.30713696693099823,0.0017124223104365767,0.0005226428251398648,0.0,0.0017124223104365767,0.001329136429939537,0,0,0,6,0,1.0,0.18181818181818182,0.163916269151669,0.11025614365114383,0.9598418474547774,0.47625740974037106,0.0,0.18181818181818182,0.00690291209797403
295,110,100.0,110,0,105,5,0,0.0,0.783045963064958,0.7798305779738117,0.23582895457687866,0.5629505426952682,0.24388126656613068,0.7585092663923545,8.2,1.064675958454609,0.3048107787013179,0.007126112087909209,0.0005989549812539465,0.0,0.007126112087909209,0.0007612206553036405,0,0,0,5,0,1.0,0.2,0.16234903258097585,0.1030239819607543,0.9635166792571709,0.47134789351314843,0.0,0.18181818181818182,0.006912029358357925
296,110,100.0,110,0,103,7,0,0.0,0.7894788491431171,0.7861588863226063,0.2526422737847956,0.563652979335547,0.2393365531632571,0.7219632538047135,8.2,1.064675958454609,0.3076017732737484,0.005859981939106226,0.000597124111580793,0.0,0.005859981939106226,0.0007679665976001587,0,0,0,7,0,1.0,0.20909090909090908,0.16758285660752156,0.09777494444153191,0.9632835608612702,0.47845742088589577,0.0,0.18181818181818182,0.006947933125764933
297,110,100.0,110,0,102,8,0,0.0,0.7977906154498755,0.7945237497572032,0.26843020435535414,0.56441918425375,0.23557045045555922,0.6940164684168205,8.2,1.064675958454609,0.3082279910054375,0.00483090999969827,0.0005634775586036832,0.0,0.00483090999969827,0.0018297180340865436,0,0,0,8,0,1.0,0.2,0.17103055180757581,0.08533015264297555,0.9621891592520901,0.4804453365049555,0.0,0.18181818181818182,0.006993570757077027
298,110,100.0,110,0,101,9,0,0.0,0.8020569854702884,0.7987283535988021,0.28151132012665087,0.5652130438973962,0.23798503238131782,0.7239646321871352,8.2,1.064675958454609,0.3093241331814276,0.004583400056872682,0.0005532189891637594,0.0,0.004583400056872682,0.0012186829354031055,0,0,0,9,0,1.0,0.21818181818181817,0.17358928812508756,0.07502611796394437,0.9614612559549449,0.48480797050259344,0.0,0.18181818181818182,0.007019128623563979
299,110,100.0,110,0,104,6,0,0.0,0.8034884925212702,0.8000562141300661,0.27660740438044457,0.5660097614377431,0.24679826808434294,0.7557872441082432,8.2,1.064675958454609,0.3054867577868594,0.0008451687028622352,0.00048916064226212,0.0,0.0008451687028622352,0.0006062554281840946,0,0,0,6,0,1.0,0.2,0.16988536864310091,0.07522029282877919,0.9581793174543632,0.47812854151767686,0.0,0.18181818181818182,0.00703052738887332
300,110,100.0,110,0,104,6,0,0.0,0.8095910842359433,0.806109626551864,0.2975211528456443,0.5668495558993577,0.2477757168061626,0.7533665768268761,8.2,1.064675958454609,0.3114716349067266,0.0014775631600445216,0.0004585092559319435,0.0,0.0014775631600445216,0.004165921034519395,0,0,0,6,0,1.0,0.20909090909090908,0.1774690551477516,0.08069786465567871,0.9542932652863791,0.4826158481210693,0.0,0.2181818181818182,0.007065510892313307
301,110,100.0,110,0,102,8,0,0.0,0.8141705826202518,0.810684275295362,0.3030152674715498,0.5677193734195238,0.24891092781064997,0.756635536815632,8.2,1.064675958454609,0.30869082891342936,0.0050992277904474415,0.0006194650479881711,0.0,0.0050992277904474415,0.0048473232712253934,0,0,0,8,0,1.0,0.19090909090909092,0.17611258542964353,0.07535566086183763,0.9517446916271008,0.4804707979203953,0.0,0.2545454545454545,0.0070930387532446675
302,110,100.0,110,0,100,10,0,0.0,0.8128803475986488,0.8092979096767883,0.29815228694727725,0.5685681219605206,0.2510837800559062,0.7576524168485977,8.2,1.064675958454609,0.306457529594121,0.011663728494019428,0.0006331376856045407,0.0,0.011663728494019428,0.00536048286680775,0,0,0,10,0,1.0,0.2,0.1734284588860556,0.0798389956086378,0.9535536014657867,0.4722580159703046,0.0,0.2181818181818182,0.007091105788968516
303,110,100.0,110,0,100,10,0,0.0,0.8185763942386236,0.8150653367049422,0.306881735787705,0.5694569576070457,0.24507868235339386,0.7496540026805192,8.2,1.064675958454609,0.30873374617913263,0.008386420452175714,0.0006123220967550856,0.0,0.008386420452175714,0.004797224596793095,0,0,0,10,0,0.9,0.21818181818181817,0.1753612362685213,0.06426141031692859,0.9399855857326194,0.47792770574036036,0.0,0.18181818181818182,0.007124317631887754
304,110,100.0,110,0,101,9,0,0.0,0.8110973444094999,0.8076367471110029,0.28251365797989375,0.5702730577081652,0.2470052285124058,0.7641280564627649,8.2,1.064675958454609,0.306043824819062,0.004469632609347095,0.0006153371290230188,0.0,0.004469632609347095,0.005018514046466801,0,0,0,9,0,1.0,0.2,0.16967199668182142,0.06876160424864385,0.9490152592834153,0.4777884959491103,0.0,0.18181818181818182,0.007091266793528906
305,110,100.0,110,0,101,9,0,0.0,0.8165703450174479,0.8129332063765365,0.28662943880168895,0.5711255810904704,0.2538084377115966,0.7714342180727506,8.2,1.064675958454609,0.30390000099208647,0.004639028423707858,0.0007088287587335052,0.0,0.004639028423707858,0.0036976747317168843,0,0,0,9,0,1.0,0.20909090909090908,0.16827912813636048,0.06673734774215025,0.9607801705062076,0.4740944557197737,0.0,0.14545454545454545,0.00712317010231445
306,110,100.0,110,0,99,11,0,0.0,0.8258884199369685,0.8222875835436608,0.2946558085954845,0.5720487029050934,0.24208683487582097,0.7458099983524141,8.2,1.064675958454609,0.30492148902756977,0.005096670064979027,0.0005965729181072223,0.0,0.005096670064979027,0.003889130909401986,0,0,0,11,0,1.0,0.2,0.1694859789584323,0.062306905256059385,0.9749742916268288,0.48068890188929986,0.0,0.14545454545454545,0.007174674604925824
307,110,100.0,110,0,101,9,0,0.0,0.8246075428068712,0.820969343625789,0.28991084539730405,0.5729507684769045,0.24958602868049928,0.7795093889565472,8.2,1.064675958454609,0.3028258165683535,0.006217319785227656,0.0007075948176059953,0.0,0.006217319785227656,-0.0024379822399591164,0,0,0,9,0,1.0,0.19090909090909092,0.16720632644418787,0.06688931019519964,0.971040758046545,0.47666165449376846,0.0,0.18181818181818182,0.007173072256911622
308,110,100.0,110,0,100,10,0,0.0,0.8306232687035139,0.8269960157570005,0.3017917248587957,0.5738945615968637,0.2508157147340779,0.8040641896344091,8.2,1.064675958454609,0.30426468223357217,0.005143725484639317,0.0006607699610779781,0.0,0.005143725484639317,0.0007535589988053621,0,0,0,10,0,1.0,0.18181818181818182,0.16946279625872226,0.0599601205659903,0.977848772367205,0.47868182212627153,0.0,0.12727272727272726,0.0072081750556177125
309,110,100.0,110,0,100,10,0,0.0,0.8360991554448632,0.8324016520411639,0.3058195783908539,0.5748743483863126,0.2448615780825391,0.7263187841230666,8.2,1.064675958454609,0.30664683236601453,0.0038493738679061863,0.0005940923793034333,0.0,0.0038493738679061863,0.004030201883684856,0,0,0,10,0,1.0,0.18181818181818182,0.17102155387144835,0.06222844646729611,0.9623817335757674,0.4818587477785438,0.0,0.14545454545454545,0.007240770266520147
310,110,100.0,110,0,100,10,0,0.0,0.839933008867614,0.83610660947329,0.3525028866331966,0.5758752602542107,0.24333906434060104,0.7165430504519716,8.2,1.064675958454609,0.311317839547697,0.00877266040352638,0.0008282836467225019,0.0,0.00877266040352638,0.00465418332338108,0,0,0,10,0,1.0,0.18181818181818182,0.18336176890711745,0.04890339283590263,0.9768826126867087,0.4907654565079693,0.0,0.14545454545454545,0.007265267767645316
311,110,100.0,110,0,99,11,0,0.0,0.8423510238054067,0.8387374185857649,0.3438860696995228,0.5768879233277925,0.2440712621674212,0.7346384850225174,8.2,1.064675958454609,0.3109216681682725,0.013042181177103816,0.0006721936951626284,0.0,0.013042181177103816,0.00569686238586225,0,0,0,11,0,0.9090909090909091,0.18181818181818182,0.18080725259924318,0.05112915693371853,0.9824852913626223,0.4913401026153003,0.0,0.14545454545454545,0.007282748632476566
312,110,100.0,110,0,98,12,0,0.0,0.8514673655891425,0.8479183205525788,0.3695457257707687,0.5779680023058977,0.2342674765857101,0.7301865723267172,8.2,1.064675958454609,0.31658666643460265,0.01013497000064319,0.0005498543073462952,0.0,0.01013497000064319,0.002847633316728834,0,0,0,12,0,1.0,0.18181818181818182,0.18815414429713292,0.048329012768822205,0.9797752200064389,0.49950275570367714,0.0,0.14545454545454545,0.007334080012001349
313,110,100.0,110,0,100,10,0,0.0,0.8515677400205014,0.8479717776897391,0.3608833485135352,0.5790370372590207,0.23238585206602583,0.7371948332192704,8.2,1.064675958454609,0.31566525830707803,0.005964864957896974,0.0005278042288959265,0.0,0.005964864957896974,0.005502756577943918,0,0,0,10,0,1.0,0.2,0.18567192816552222,0.04872765926760027,0.9768792993837674,0.49703758770972767,0.0,0.14545454545454545,0.007340272763224832
314,110,100.0,110,0,99,11,0,0.0,0.8543881127662277,0.8505146692162991,0.36023339204444654,0.5801163492977965,0.2326656575447156,0.7428057925187895,8.2,1.064675958454609,0.3164866183501558,0.0074296213853509005,0.0006215093387749753,0.0,0.0074296213853509005,0.004159865398132201,0,0,0,11,0,1.0,0.2,0.18572493772162146,0.05619109595537481,0.9711908400356918,0.49710283008388917,0.0,0.10909090909090909,0.00736012021485024
315,110,100.0,110,0,98,12,0,0.0,0.8599669380214403,0.856074122677586,0.3469103806887436,0.5812315222923179,0.23172457293286905,0.7453323363889962,8.2,1.064675958454609,0.31592250532310495,0.00939025848903639,0.0004997746841466077,0.0,0.00939025848903639,0.008812123526747853,0,0,0,12,0,1.0,0.2,0.1824472010344468,0.06601207643575545,0.9784112201746483,0.4929717865440765,0.0,0.10909090909090909,0.007393950830510227
316,110,100.0,110,0,99,11,0,0.0,0.8592723038608283,0.8551595013651566,0.34697433478799034,0.5823270321054921,0.23564218754119,0.7620671656364951,8.2,1.064675958454609,0.31523365485610055,0.018360805571441426,0.0007408012834145169,0.0,0.018360805571441426,0.005106594061533082,0,0,0,11,0,0.8181818181818182,0.19090909090909092,0.18295550909120536,0.0708852532770333,0.9784112201746483,0.4874937669096281,0.0,0.10909090909090909,0.007396309474508855
317,110,100.0,110,0,98,12,0,0.0,0.8648667091257289,0.8607055708013562,0.352189901402632,0.5834581164234037,0.23372793435248373,0.7480695180299127,8.2,1.064675958454609,0.3163824155834343,0.007627509422771103,0.0005291478086543078,0.0,0.007627509422771103,0.006921139983171502,0,0,0,12,0,1.0,0.18181818181818182,0.18426847005635225,0.08327042650523711,0.9784112201746483,0.4869044535353334,0.0,0.07272727272727272,0.007430302692234686
318,110,100.0,110,0,101,9,0,0.0,0.8695914027636931,0.8654960236961472,0.3582631396381524,0.5846179605987305,0.22366616902547196,0.6931183407155946,8.2,1.064675958454609,0.3225655272748511,0.0054074408363971775,0.0008186815927089793,0.0,0.0054074408363971775,0.0016752222070512907,0,0,0,9,0,1.0,0.2,0.1888014847654597,0.08864030992693539,0.979734232796109,0.4951034900941189,0.0,0.0909090909090909,0.007460100451469627
319,110,100.0,110,0,100,10,0,0.0,0.8683979649837091,0.8644659368238823,0.3509863177949327,0.5857566825221429,0.22614544055267896,0.7063899794042904,8.2,1.064675958454609,0.32070010452948594,0.011120335631801164,0.0006968452308163604,0.0,0.011120335631801164,0.003499087505894913,0,0,0,10,0,0.9,0.16363636363636364,0.18649896555663067,0.09226902701500975,0.9746484352136083,0.49165645860025214,0.0,0.09090909090909088,0.007460195111845818
320,110,100.0,110,0,100,10,0,0.0,0.875847140417386,0.8720024493490132,0.36952109627414653,0.5869474722965716,0.20964063616406792,0.679812175892035,8.2,1.064675958454609,0.32466290147124566,0.009661186882587575,0.0005880272441562314,0.0,0.009661186882587575,0.008864814650511602,0,0,0,10,0,0.9,0.18181818181818182,0.1916359667459422,0.07819411898264979,0.9752812541962689,0.5027363318030473,0.0,0.01818181818181816,0.007503780015236243
321,110,100.0,110,0,98,12,0,0.0,0.8709409054666408,0.8671441018915013,0.3693848989474988,0.5880842034926698,0.21461180828221735,0.6862591166765885,8.2,1.064675958454609,0.3241830533629795,0.010355369189630917,0.0005816731361790325,0.0,0.010355369189630917,0.00876336967953653,0,0,0,12,0,1.0,0.19090909090909092,0.19206730931747937,0.0771321975986857,0.9766711416098856,0.5020784919137871,0.0,0.10909090909090909,0.007485300092361072
322,110,100.0,110,0,97,13,0,0.0,0.8748064294991519,0.8711184070802822,0.3610380898508655,0.5892426829624993,0.2233118558005114,0.7022349128378083,8.2,1.064675958454609,0.31800315831339687,0.009426566965495948,0.0007026530918648678,0.0,0.009426566965495948,0.00413293568290165,0,0,0,13,0,1.0,0.2,0.185768076850423,0.08454042609805183,0.9654829032950318,0.49118719695166785,0.0,0.07272727272727272,0.00751079473872308
323,110,100.0,110,0,98,12,0,0.0,0.8662837103221412,0.862785490288889,0.3603350244374878,0.590317853530557,0.225552424807708,0.705135409733694,8.2,1.064675958454609,0.3183581055879019,0.008396557341643452,0.000683219585962486,0.0,0.008396557341643452,0.007024002233233922,0,0,0,12,0,0.9166666666666666,0.18181818181818182,0.18754777874052309,0.07669659080753484,0.97515801735049,0.491261664204781,0.0,0.0909090909090909,0.007473904684113273
324,110,100.0,110,0,99,11,0,0.0,0.8675471232376573,0.8643286907480958,0.3315544640604831,0.5913947210834883,0.22466738198610195,0.7081642836279303,8.2,1.064675958454609,0.3133954818877076,0.008352547969595746,0.0008113973315576043,0.0,0.008352547969595746,0.0012044583395277838,0,0,0,11,0,1.0,0.17272727272727273,0.1775284895145103,0.07112001916282354,0.9731994517603267,0.4872194257026284,0.0,0.07272727272727272,0.007485954323661082
325,110,100.0,110,0,97,13,0,0.0,0.8704016125470293,0.8672957730035287,0.33521871003498094,0.5924853953356319,0.22299203457448027,0.7002774828715169,8.2,1.064675958454609,0.31307366671193604,0.006238462293623334,0.0005365070977675953,0.0,0.006238462293623334,0.00591838081859212,0,0,0,13,0,1.0,0.16363636363636364,0.1777377429457573,0.07263070164205719,0.9753695470329228,0.48496099230256423,0.0,0.10909090909090909,0.007506032843481756
326,110,100.0,110,0,97,13,0,0.0,0.8662717327694152,0.8632080957122362,0.3304034105459061,0.5935296410273244,0.22879188005566817,0.7348683721379282,8.2,1.064675958454609,0.31169359909383676,0.009360823078301097,0.0006442783230790282,0.0,0.009360823078301097,0.005678052448234697,0,0,0,13,0,1.0,0.16363636363636364,0.17655720461384122,0.07686860619356967,0.9666859696178272,0.48206379416755546,0.0,0.14545454545454545,0.0074909423610070094
327,110,100.0,110,0,98,12,0,0.0,0.864952508468146,0.8619339814489891,0.32664484417417966,0.5945519167355949,0.23453646006052625,0.7355043025042494,8.2,1.064675958454609,0.30898120459264633,0.021420363761288762,0.000748413643310236,0.0,0.021420363761288762,0.004533971653544649,0,0,0,12,0,0.8333333333333334,0.16363636363636364,0.17427434793949137,0.08453633822532007,0.9701935226957074,0.4780493027264966,0.0,0.1090909090909091,0.007489788201348203
328,110,100.0,110,0,99,11,0,0.0,0.872620924484893,0.8694487262790122,0.3501341085791659,0.5956273146654061,0.22657180543522767,0.716444728270619,8.2,1.064675958454609,0.31251457253525405,0.015562525050215641,0.0004911258851340406,0.0,0.015562525050215641,0.006399263065593471,0,0,0,11,0,1.0,0.16363636363636364,0.1804166176208918,0.08358880767915845,0.9782182316455726,0.483863160671439,0.0,0.07272727272727272,0.007533855033040146
329,110,100.0,110,0,98,12,0,0.0,0.8834044608292028,0.8801053207714992,0.3714262485317125,0.5967820296516418,0.22366294167915005,0.7107796159043576,8.2,1.064675958454609,0.3150651454194584,0.012578447094983555,0.0006802137851122329,0.0,0.012578447094983555,0.0045710450597185375,0,0,0,12,0,0.9166666666666666,0.13636363636363635,0.18472940023032114,0.09012476232072197,0.968964920010866,0.487687196255702,0.0,0.1090909090909091,0.007593919701185257
330,110,100.0,110,0,98,12,0,0.0,0.8830532377723006,0.8796215052114457,0.38062104618488596,0.5979203298106694,0.22002288944336534,0.6746058056458649,8.2,1.064675958454609,0.3194596772034273,0.011768162995252622,0.0006193903897844644,0.0,0.011768162995252622,0.0045450554289417485,0,0,0,12,0,1.0,0.16363636363636364,0.1900796735574709,0.09110919671924508,0.9535154181298041,0.49121099463322937,0.0,0.14545454545454545,0.007598223189964856
331,110,100.0,110,0,98,12,0,0.0,0.8853438828058339,0.8820170528622909,0.3912087283954663,0.5990669146174985,0.22042997750149776,0.7271536333626951,8.2,1.064675958454609,0.32053019212688594,0.013260867957340784,0.0005645239640505838,0.0,0.013260867957340784,0.009888413659411113,0,0,0,12,0,1.0,0.16363636363636364,0.19250423974835285,0.09061242079266062,0.9618683339431291,0.49147823421275083,0.0,0.10909090909090909,0.0076157801215233235
332,109,99.0909090909091,110,1,98,11,0,0.00909090909090909,0.8832882709811377,0.8817979923659163,0.3731804119682932,0.6001834942955984,0.22854498520561445,0.7238001382530075,8.2,1.064675958454609,0.31997821110740476,0.01125493502903832,0.0005820067257010797,0.0,0.01125493502903832,0.0073062276001587155,0,1,0,11,0,1.0,0.15454545454545454,0.18825757140142804,0.09482514843548234,0.9671616412949178,0.48292863464709873,0.00909090909090909,0.10909090909090909,0.007611446040094701
333,109,99.0909090909091,110,0,101,9,0,0.0,0.8817432854433224,0.8801719614055148,0.3803455301917711,0.6012902683381347,0.23020224829306785,0.7659593474735902,8.2,1.064675958454609,0.32039496260255906,0.013991252124950828,0.0005891051328832034,0.0,0.013991252124950828,0.0030918647190885575,0,0,0,9,0,1.0,0.17272727272727273,0.19035784415085155,0.08891485577778428,0.9669451228922212,0.48303073531867796,0.0,0.07272727272727271,0.0076096128909782755
334,109,99.0909090909091,110,0,102,8,0,0.0,0.8848091306411431,0.8834767753022009,0.3972487665297771,0.6024134072707494,0.23045059411310173,0.7484239569733017,8.2,1.064675958454609,0.32299448883249027,0.018839998088340526,0.0005268491834970389,0.0,0.018839998088340526,0.00953765930437278,0,0,0,8,0,0.75,0.16363636363636364,0.19508707308389656,0.08782603520707012,0.9537161938032086,0.4855852770321503,0.0,0.10909090909090909,0.007630921012065176
335,109,99.0909090909091,110,0,101,9,0,0.0,0.8814518521312772,0.8804261032253667,0.37322529633965645,0.60349860459543,0.23169048729410632,0.8183522933503017,8.2,1.064675958454609,0.32363439623851087,0.015460702769556559,0.0004675130676208639,0.0,0.015460702769556559,0.0067404738329654565,0,0,0,9,0,0.8888888888888888,0.19090909090909092,0.1904468297332802,0.09464489089111291,0.9837657804720117,0.4886731520478888,0.0,0.07272727272727272,0.00761991153702468
336,109,99.0909090909091,110,0,102,8,0,0.0,0.8816955212061356,0.8807267740919028,0.35065838434137625,0.6045748090214369,0.23517953272865552,0.8017661593132782,8.2,1.064675958454609,0.3213904554077338,0.0034030680852085455,0.0003691824414379092,0.0,0.0034030680852085455,0.004202147559735036,0,0,0,8,0,1.0,0.16363636363636364,0.184396114199996,0.11290718859029938,0.9614427131290091,0.48185369378668796,0.0,0.1090909090909091,0.007626858927292731
337,110,100.0,110,0,101,9,0,0.0,0.8866377687656398,0.8859188528473336,0.3703511282226706,0.6056837784090587,0.23417559268549085,0.7930855272984699,8.2,1.064675958454609,0.32434341433720437,0.016262627668525882,0.0006062103612626065,0.0,0.016262627668525882,0.00580038599440478,0,0,0,9,0,0.8888888888888888,0.16363636363636364,0.1897570555890696,0.11288357080930855,0.9634340026001132,0.48621588588897174,0.0,0.14545454545454545,0.007657473630318568
338,110,100.0,110,0,101,9,0,0.0,0.879613098197513,0.8787394383610015,0.3564166910154698,0.6067197908662288,0.22861862275735784,0.7698603290459165,8.2,1.064675958454609,0.3264635033649197,0.017045190390549705,0.0006151954288702651,0.0,0.017045190390549705,0.004901725372437436,0,0,0,9,0,0.8888888888888888,0.18181818181818182,0.18933129728180115,0.10788721626910017,0.9639791089693883,0.4908699374410284,0.0,0.10909090909090909,0.007627865365256977
339,110,100.0,110,0,101,9,0,0.0,0.8701789747766978,0.8692049705564711,0.34113189892829876,0.6076635641986557,0.23944807121214803,0.8033997338850934,8.2,1.064675958454609,0.3228201760027196,0.016394286471158866,0.0006444412914527655,0.0,0.016394286471158866,0.003117871370668726,0,0,0,9,0,0.8888888888888888,0.2,0.18534286637404915,0.10876330988868865,0.9750697048177802,0.4848727968005625,0.0,0.14545454545454545,0.0075857188120392275
340,110,100.0,110,0,102,8,0,0.0,0.8728051902961143,0.871849818245715,0.3214066443032808,0.6086198166492983,0.24616926657259222,0.8222144911165027,8.2,1.064675958454609,0.32005285261917504,0.01655987480535284,0.0006705016683630385,0.0,0.01655987480535284,0.0043319497641573675,0,0,0,8,0,0.875,0.20909090909090908,0.17876826714973756,0.12345206307143873,0.9762138549246842,0.4786356609806408,0.0,0.14545454545454545,0.007603940384608371
341,110,100.0,110,0,103,7,0,0.0,0.8640241637505802,0.8633178246835581,0.3095633385383883,0.60949321764261,0.2421714852798396,0.8192289647018037,8.2,1.064675958454609,0.3190440249159443,0.017922360472489057,0.0005859533722693275,0.0,0.017922360472489057,0.0074212127161389935,0,0,0,7,0,1.0,0.20909090909090908,0.17691701098536267,0.11988400294423644,0.9804118378301412,0.47868899807602944,0.0,0.10909090909090907,0.007564684697079049
342,109,99.0909090909091,110,1,105,4,0,0.00909090909090909,0.8593020709392061,0.8578272318638759,0.2983092123383821,0.6103155383802107,0.24760477725173743,0.8022500371986245,8.2,1.064675958454609,0.31894657630157486,0.01882926149248911,0.00042340488560918196,0.0,0.01882926149248911,0.003387551792392146,0,1,0,4,0,1.0,0.19090909090909092,0.17497171365688152,0.11792246633945141,0.9751026487853104,0.47832621053063973,0.00909090909090909,0.12727272727272726,0.007545451758619488
343,109,99.0909090909091,110,0,103,7,0,0.0,0.8623573888084825,0.8608731496059147,0.3024239195065911,0.6111500631376797,0.23731287010818122,0.7470736911044745,8.2,1.064675958454609,0.32229478828066016,0.012219278060776856,0.0007462714018791151,0.0,0.012219278060776856,0.0016291326305697626,0,0,0,7,0,1.0,0.19090909090909092,0.17757891916133242,0.11953369345513191,0.9772016243104656,0.4846768205208778,0.0,0.16363636363636364,0.007565170840195933
344,109,99.0909090909091,110,0,104,6,0,0.0,0.8568125385075016,0.8555721519914494,0.30311010121784415,0.6119305521529612,0.2414631872799692,0.8202576880629824,8.2,1.064675958454609,0.32308081808514744,0.0062376783982690505,0.0007742380934636126,0.0,0.0062376783982690505,0.0027282679208285843,0,0,0,6,0,1.0,0.2,0.17893082125035673,0.11370150269620542,0.9783866733357814,0.48942569370539923,0.0,0.16363636363636364,0.007541601428143069
345,109,99.0909090909091,110,0,106,4,0,0.0,0.8587895341676689,0.8578740283929144,0.2935862771251314,0.6127223375090505,0.2426701918068771,0.8589243986967261,8.2,1.064675958454609,0.31994878929177917,0.010159579247460752,0.0008376326850979809,0.0,0.010159579247460752,0.005708394796828883,0,0,0,4,0,1.0,0.21818181818181817,0.1741856795855096,0.11609680145466095,0.9733658876571933,0.4847719354788755,0.0,0.16363636363636364,0.007555701380608328
346,109,99.0909090909091,110,0,104,6,0,0.0,0.8554319711022844,0.854513790698337,0.3112040740765188,0.6134770724025059,0.2380586213377238,0.845283314159097,8.2,1.064675958454609,0.32233904196657215,0.009571179274537838,0.0007919191556345198,0.0,0.009571179274537838,0.004630586238983922,0,0,0,6,0,1.0,0.21818181818181817,0.1802295443094241,0.10307056052522338,0.9582893592941537,0.49136683449414326,0.0,0.2,0.00754293130576175
347,110,100.0,110,0,105,5,0,0.0,0.8626886314707147,0.8620182759644466,0.30974161192953087,0.6142876905753482,0.23824824069644482,0.8345708074179088,8.2,1.064675958454609,0.32165830737020196,0.008179738473729792,0.0007985405907312391,0.0,0.008179738473729792,0.0023981495098263765,0,0,0,5,0,1.0,0.21818181818181817,0.17823359945235293,0.1114941679605884,0.9422847273317515,0.4905104626472566,0.0,0.2363636363636364,0.0075835298360044595
348,109,99.0909090909091,110,1,104,5,0,0.00909090909090909,0.8670081398451278,0.8662111011363179,0.32122999491761084,0.6151280040550146,0.23152404011052616,0.8235549673331486,8.2,1.064675958454609,0.3243779247412595,0.009037484337982954,0.0006771882905847779,0.0,0.009037484337982954,0.00038095803638413483,0,1,0,5,0,1.0,0.21818181818181817,0.1822865508961175,0.11282178316597163,0.9590357756666769,0.4920621509020498,0.00909090909090909,0.10909090909090907,0.007609600685673356
349,109,99.0909090909091,110,0,106,4,0,0.0,0.8680017338299629,0.867327348590522,0.3105115745153137,0.6159662646913552,0.23262944623783427,0.8260493596811982,8.2,1.064675958454609,0.3203870383750913,0.009535975246437334,0.0008096136753524764,0.0,0.009535975246437334,0.004717521859241854,0,0,0,4,0,1.0,0.21818181818181817,0.17766687789598815,0.11375847733323642,0.9390910839470813,0.4876190826986282,0.0,0.14545454545454545,0.007619031035329685
350,109,99.0909090909091,110,0,104,6,0,0.0,0.870057020078761,0.8694279784200508,0.32726066993955116,0.6168134924888483,0.22875003508373098,0.7833276286708452,8.2,1.064675958454609,0.32388029504834126,0.004485352708081367,0.0006470151884152118,0.0,0.004485352708081367,0.003763840171797673,0,0,0,6,0,1.0,0.20909090909090908,0.18292446411339838,0.10797934818156514,0.9475679871923539,0.4920802607690717,0.0,0.10909090909090907,0.007633817581910302
351,109,99.0909090909091,110,0,104,6,0,0.0,0.8665643311541377,0.8657731755104576,0.3122298394053186,0.6176205706093425,0.23554961230501803,0.790561981761027,8.2,1.064675958454609,0.3182992189342779,0.005121803976941282,0.0006585640121983006,0.0,0.005121803976941282,0.005230036681622456,0,0,0,6,0,1.0,0.2,0.17711257307450162,0.11006897039461201,0.9613577101215429,0.48109850089979816,0.0,0.14545454545454545,0.00762065052064461
352,109,99.0909090909091,110,0,104,6,0,0.0,0.866224032702587,0.8655280762728064,0.3134892415027114,0.6184169683529955,0.23752738527891198,0.7864305820625643,8.2,1.064675958454609,0.3181009706449991,0.006530275666070233,0.0008236150795051606,0.0,0.006530275666070233,0.002465755986373696,0,0,0,6,0,1.0,0.22727272727272727,0.1773270207148217,0.10792105791190476,0.9629374988114568,0.4830307460422357,0.0,0.14545454545454545,0.007623188556042031
353,110,100.0,110,0,104,6,0,0.0,0.86381126355843,0.8631062271259126,0.3037647505611547,0.6191842591648449,0.23848517335731764,0.8123637437273491,8.2,1.064675958454609,0.3161773552792162,0.006963021772553262,0.0009145190177001762,0.0,0.006963021772553262,0.0016347716989285194,0,0,0,6,0,1.0,0.21818181818181817,0.17411381537834933,0.10813496039421017,0.9646905142490176,0.4806528498491305,0.0,0.10909090909090907,0.007615209290723842
354,110,100.0,110,0,104,6,0,0.0,0.8627552472270058,0.8619840206785008,0.30656958088268926,0.6199338225260889,0.23724870565184106,0.8060068734482355,8.2,1.064675958454609,0.31820459285937086,0.0051659473119084936,0.0007468066925710024,0.0,0.0051659473119084936,-0.0008579806722303676,0,0,0,6,0,1.0,0.20909090909090908,0.17589668228687588,0.10273784411043502,0.9635805110061191,0.4871766308585444,0.0,0.14545454545454545,0.007613919419516995
355,110,100.0,110,0,107,3,0,0.0,0.8586647555527073,0.8579067957045152,0.3034395282920409,0.6206406780791763,0.23647323129942224,0.7644025650092234,8.2,1.064675958454609,0.31752067176267773,0.0009332967870646721,0.0007147240720093659,0.0,0.0009332967870646721,0.000872464986922126,0,0,0,3,0,1.0,0.22727272727272727,0.17499425576559646,0.0990795195622888,0.9753914515845312,0.48782744910768056,0.0,0.10909090909090907,0.007597229821712865
356,110,100.0,110,0,104,6,0,0.0,0.8527346077504002,0.8519699446171431,0.2954796551539792,0.621289441330156,0.24382511354184017,0.7745702500387255,8.2,1.064675958454609,0.3148344617353678,0.006584525763491753,0.0005613845048745711,0.0,0.006584525763491753,0.005037626731830364,0,0,0,6,0,1.0,0.23636363636363636,0.172616777012643,0.10103449847402395,0.9692137074288596,0.48159608501389756,0.0,0.18181818181818182,0.007571032695881563
357,110,100.0,110,0,105,5,0,0.0,0.8518124889813431,0.8508959442814583,0.2909585390497939,0.6219221496560807,0.24544753739579755,0.7518508128532606,8.2,1.064675958454609,0.31313244525234163,0.0017676987139434923,0.0007585255453899867,0.0,0.0017676987139434923,-0.0031196215333045728,0,0,0,5,0,1.0,0.23636363636363636,0.17054909474658542,0.0883321003108847,0.9745750336466855,0.4831933737685831,0.0,0.14545454545454545,0.007569790248752909
358,110,100.0,110,0,105,5,0,0.0,0.8543030269596009,0.8533711726107054,0.29056411904790425,0.6225692042173232,0.24934710173160604,0.7584842711288985,8.2,1.064675958454609,0.31204686079015964,0.0015589128751431391,0.0005992756262857568,0.0,0.0015589128751431391,0.0006772839863714963,0,0,0,5,0,1.0,0.21818181818181817,0.1694664980380602,0.08938698436511554,0.9731067928781078,0.48232858745430446,0.0,0.14545454545454545,0.0075856874558200135
359,110,100.0,110,0,104,6,0,0.0,0.8497521037553819,0.8488074677462025,0.27897043037820485,0.6231704988094081,0.2547334379919007,0.7710184130209424,8.2,1.064675958454609,0.3096847265239622,0.006490273998593462,0.0007738153315068112,0.0,0.006490273998593462,-0.0007844451144021908,0,0,0,6,0,1.0,0.21818181818181817,0.1655281944205463,0.09341750195989838,0.9707623186083002,0.4773257320903508,0.0,0.14545454545454545,0.007566133759279626
360,110,100.0,110,0,104,6,0,0.0,0.8571956989661426,0.8561832154025619,0.28918934387060247,0.6238282138121743,0.25197857969022847,0.7806851919534059,8.2,1.064675958454609,0.31199295485853407,0.007581114846606656,0.000790043342149006,0.0,0.007581114846606656,0.0005832447283208633,0,0,0,6,0,1.0,0.23636363636363636,0.1677502910788839,0.09134827889666243,0.9679312330204565,0.4782199426141222,0.0,0.10909090909090909,0.007606853002088231
361,109,99.0909090909091,110,1,104,5,0,0.00909090909090909,0.8541443042195151,0.8542621510971418,0.2684283986012195,0.6244521318924624,0.2718936851892352,0.8347721544116451,8.2,1.064675958454609,0.30700078663634,0.008009451013647187,0.0008831593545327218,0.0,0.008009451013647187,0.0028021051378415798,0,1,0,5,0,1.0,0.21818181818181817,0.16045438171009566,0.10609989248628005,0.9641612676107634,0.46421531920973164,0.00909090909090909,0.14545454545454545,0.007594917381255732
362,109,99.0909090909091,110,0,104,6,0,0.0,0.8593486133796163,0.8595137589901154,0.28598256648830345,0.6251245692534079,0.26484040724291447,0.8267281928180067,8.2,1.064675958454609,0.31094957226274067,0.0017957340888218154,0.0005884871658503943,0.0,0.0017957340888218154,0.0025381443208831456,0,0,0,6,0,1.0,0.22727272727272727,0.16599832733465683,0.10355442328877269,0.922058445986038,0.4680302873650522,0.0,0.2,0.007624518566515066
363,109,99.0909090909091,110,0,105,5,0,0.0,0.8568266485129228,0.8573029988074475,0.28070219010519126,0.6257710173897046,0.26974606442645166,0.8557844486479756,8.2,1.064675958454609,0.3087923592493622,0.0012670544051442173,0.0005604237351384217,0.0,0.0012670544051442173,0.0062290626982210995,0,0,0,5,0,1.0,0.21818181818181817,0.16386511149317776,0.10161942360815432,0.9458364293535827,0.46385358894939094,0.0,0.16363636363636364,0.007615350031127112
364,109,99.0909090909091,110,0,105,5,0,0.0,0.8559952774665829,0.8564734531439565,0.2779722142153581,0.6264035173695154,0.2716799610568002,0.8819630622472677,8.2,1.064675958454609,0.309002404382813,0.008218678575503955,0.0007947868002197801,0.0,0.008218678575503955,0.007685271916245989,0,0,0,5,0,1.0,0.23636363636363636,0.1637417292538803,0.11165124014169793,0.9524701644359027,0.46419463279832984,0.0,0.16363636363636364,0.00761456021350655
365,109,99.0909090909091,110,0,104,6,0,0.0,0.8535147913894204,0.8542093787011436,0.28000906661671543,0.6270099992290845,0.2685323159838743,0.8679607658552313,8.2,1.064675958454609,0.3072495463972964,0.0016165288806628088,0.0008700138276403376,0.0,0.0016165288806628088,-0.00047936032397261075,0,0,0,6,0,1.0,0.23636363636363636,0.1636441633528398,0.11001175998504237,0.9478524253248344,0.45810106498094,0.0,0.18181818181818182,0.007605386316396349
366,110,100.0,110,0,104,6,0,0.0,0.8564482555170964,0.8571213198468859,0.29492149745677176,0.627634826211945,0.2636576522653723,0.908814885756675,8.2,1.064675958454609,0.30974310775601643,0.002276820008125224,0.000571459792133781,0.0,0.002276820008125224,0.00684387833087477,0,0,0,6,0,1.0,0.21818181818181817,0.16785357931473538,0.10377960876704148,0.9795099593999184,0.4625438253859255,0.0,0.10909090909090909,0.007623379828368955
367,110,100.0,110,0,104,6,0,0.0,0.8542946440413933,0.8548433458079148,0.2920812830249377,0.6282335983785906,0.2602249261090181,0.878550613277815,8.2,1.064675958454609,0.311245420882323,0.002317071399535917,0.0003453410947955752,0.0,0.002317071399535917,0.011050788887849003,0,0,0,6,0,1.0,0.23636363636363636,0.1682433862482473,0.10571968641827502,0.9658644529055355,0.464550933893367,0.0,0.14545454545454545,0.007615799262642536
368,110,100.0,110,0,106,4,0,0.0,0.8502683066718799,0.850520403578646,0.2801756814244413,0.6287891753006419,0.26275257500527677,0.9029199995809543,8.2,1.064675958454609,0.3087920861057465,0.0025128547314138385,0.000434620816969653,0.0,0.0025128547314138385,0.00404162507987588,0,0,0,4,0,1.0,0.22727272727272727,0.1644809366793724,0.09824199725504704,0.9795099593999184,0.46458634368921375,0.0,0.10909090909090909,0.00759862512275487
369,110,100.0,110,0,106,4,0,0.0,0.8465679192025279,0.8471011007600247,0.27767747440910934,0.629309713532728,0.265847076874243,0.9156452599583218,8.2,1.064675958454609,0.30919819221134626,0.0027582392058755787,0.0003833415686502129,0.0,0.0027582392058755787,0.0039360612701939135,0,0,0,4,0,1.0,0.23636363636363636,0.1647036845953653,0.10225286931252402,0.9603123841579266,0.4635066334703691,0.0,0.14545454545454545,0.007582894208113903
370,110,100.0,110,0,105,5,0,0.0,0.8430361321671831,0.8437347089240753,0.26638244154918145,0.6297960367877667,0.2686811308522739,0.9164379547064172,8.2,1.064675958454609,0.30480772309553017,0.0027440805177388586,0.0006947937310936768,0.0,0.0027440805177388586,0.002281710305862411,0,0,0,5,0,1.0,0.20909090909090908,0.16004642004642908,0.1048792704258145,0.9666167333469755,0.45617493723525593,0.0,0.14545454545454545,0.007567824156325564
371,110,100.0,110,0,106,4,0,0.0,0.8472364867450605,0.8481713143323246,0.2903438904852484,0.6303149706529513,0.2615883338101469,0.9093612848590562,8.2,1.064675958454609,0.3123794376907705,0.0028496617497828862,0.0004075394648034233,0.0,0.0028496617497828862,0.005699198354936321,0,0,0,4,0,1.0,0.23636363636363636,0.16941842671524227,0.09816362095310477,0.968024975323539,0.4643715159461367,0.0,0.18181818181818182,0.007591588411266401
372,110,100.0,110,0,106,4,0,0.0,0.8521186391499633,0.8532308022886798,0.3026844390497788,0.6308714732755465,0.2546948913294064,0.9026282173711694,8.2,1.064675958454609,0.3128453756372831,0.0035707614839624933,0.00032091104271316683,0.0,0.0035707614839624933,0.003401615757937875,0,0,0,4,0,1.0,0.23636363636363636,0.17168961053156764,0.08918489270690715,0.9763881607659955,0.4695243206762846,0.0,0.18181818181818182,0.007618961648106385
373,110,100.0,110,0,106,4,0,0.0,0.8547945087498839,0.8559971813369829,0.2973017800621968,0.6314456133266287,0.2587752720802526,0.9030849661059548,8.2,1.064675958454609,0.31299037966049603,0.004213549047077859,0.0003687475264084941,0.0,0.004213549047077859,0.004070771748416594,0,0,0,4,0,1.0,0.23636363636363636,0.16995525877245676,0.09053660255187253,0.9750555397475436,0.4706098755171987,0.0,0.10909090909090907,0.007635397361651855
374,110,100.0,110,0,105,5,0,0.0,0.853889258788503,0.855104693076129,0.3024543982336907,0.6320060389602628,0.2557288538545543,0.8984490853898489,8.2,1.064675958454609,0.31275766850481146,0.0067282366392641705,0.00036569974212520817,0.0,0.0067282366392641705,0.004025435966646856,0,0,0,5,0,1.0,0.22727272727272727,0.1713057337659167,0.08623859527004823,0.9748839454463425,0.4698973840081877,0.0,0.10909090909090907,0.0076338544703381086
375,110,100.0,110,0,107,3,0,0.0,0.8512693767240729,0.852642346685177,0.3035800930869841,0.6325395250688798,0.2501763224722974,0.8864351659407123,8.2,1.064675958454609,0.31431762191888746,0.005889168910838371,0.000332112198995047,0.0,0.005889168910838371,0.0067066416080669156,0,0,0,3,0,1.0,0.21818181818181817,0.17270362732687733,0.07794136410706307,0.9822865647300055,0.47549358830395194,0.0,0.10909090909090909,0.007623595009186029
376,110,100.0,110,0,107,3,0,0.0,0.8474355928393595,0.8488759015379875,0.2937899003812967,0.6330352509303803,0.24815664839000803,0.8770311517688619,8.2,1.064675958454609,0.31569873217489897,0.0033214198485499217,1.3251042936960674e-05,0.0,0.0033214198485499217,0.011456689155177504,0,0,0,3,0,1.0,0.22727272727272727,0.17237761427102094,0.08247683103676741,0.9781779466295586,0.478444456816054,0.0,0.10909090909090909,0.007607065026796081
377,110,100.0,110,0,106,4,0,0.0,0.8476746985851259,0.8491827312890659,0.2953859081480322,0.633528312311888,0.24532631041390876,0.8636113956931795,8.2,1.064675958454609,0.3168030061981961,0.012293255131495748,0.00011595202222862814,0.0,0.012293255131495748,0.012273168335198315,0,0,0,4,0,1.0,0.23636363636363636,0.17351979588612096,0.07937990546668489,0.9732351312149684,0.4805157946956481,0.0,0.10909090909090909,0.007610885308519581
378,110,100.0,110,0,108,2,0,0.0,0.8541137780032757,0.85566103112034,0.2968020069946488,0.6340713025080624,0.2442441161359222,0.837690589207467,8.2,1.064675958454609,0.32062433874404506,0.0053693702758247155,0.00030172003239572147,0.0,0.0053693702758247155,0.010481815367297073,0,0,0,2,0,1.0,0.2636363636363636,0.17581376273215724,0.09974493130298559,0.9715059999325082,0.4788551333519134,0.0,0.14545454545454545,0.007645971248648048
379,110,100.0,110,0,106,4,0,0.0,0.8501035825040244,0.8516888595074945,0.27837881687059585,0.6345746790132092,0.24495992024706423,0.8271098522617037,8.2,1.064675958454609,0.31471754844739763,0.012385108785855067,0.00019143268538586368,0.0,0.012385108785855067,0.009521487784415479,0,0,0,4,0,1.0,0.2545454545454545,0.16811202664310257,0.09660095132935187,0.9749475310902178,0.47270401378979626,0.0,0.10909090909090909,0.007628599935467195
380,110,100.0,110,0,104,6,0,0.0,0.849894091997511,0.8515804566901249,0.2935107801311903,0.6350717728787373,0.233584704556624,0.7986486133754741,8.2,1.064675958454609,0.32074775466822625,0.023127707859190934,6.571297734278473e-05,0.0,0.023127707859190934,0.009484363966914362,0,0,0,6,0,0.8333333333333334,0.2545454545454545,0.17554460622629287,0.08788582095492119,0.9745034860088849,0.48225928422319175,0.0,0.14545454545454545,0.007630198702373242
381,110,100.0,110,0,106,4,0,0.0,0.8585402830638708,0.860185895635649,0.30642844843807987,0.6356368703370461,0.229629587113351,0.803155984214772,8.2,1.064675958454609,0.3219831284406667,0.026457390860385156,4.606710421877818e-05,0.0,0.026457390860385156,0.010131331482581205,0,0,0,4,0,0.75,0.23636363636363636,0.177505190575161,0.07256572628417009,0.9765267856110962,0.4878718403609241,0.0,0.14545454545454545,0.007676437886095267
382,110,100.0,110,0,105,5,0,0.0,0.8509730480339192,0.8525640496569459,0.2787451832014177,0.6361310329691938,0.24196341101002086,0.8386624460616876,8.2,1.064675958454609,0.31487716980587943,0.04486674049603009,0.00016384907409005875,0.0,0.04486674049603009,0.005659110654000715,0,0,0,5,0,0.8,0.23636363636363636,0.1681910449127377,0.08167411373410571,0.9801539338274113,0.4747861488108392,0.0,0.14545454545454545,0.007641232326315581
383,110,100.0,110,0,104,6,0,0.0,0.8459609270715812,0.847655006334334,0.26873273212251286,0.6365781220473646,0.23844375118883462,0.8272276162670096,8.2,1.064675958454609,0.31534987176261375,0.021501639859204235,0.00019626082412331448,0.0,0.021501639859204235,0.00582405693982872,0,0,0,6,0,0.8333333333333334,0.23636363636363636,0.1666643154461545,0.06866520032080686,0.977259641285614,0.48025877234566383,0.0,0.18181818181818182,0.007618551746467972
384,110,100.0,110,0,106,4,0,0.0,0.8525390258366461,0.8543363710055256,0.28616016823575796,0.6370773589822881,0.22932752312205018,0.8348321787906541,8.2,1.064675958454609,0.31752062840028406,0.007027400035030696,0.00041887818390734456,0.0,0.007027400035030696,0.008758636253190046,0,0,0,4,0,1.0,0.21818181818181817,0.1712117751294407,0.06151018572873567,0.9737336528659593,0.4840506335720987,0.0,0.18181818181818182,0.007654099868104223
385,110,100.0,110,0,105,5,0,0.0,0.8527500514760604,0.8546225417129658,0.2804931506375935,0.6375737180941675,0.2327298453703969,0.8440776355037383,8.2,1.064675958454609,0.3160806471779698,0.004604889993915244,0.00029840576112440484,0.0,0.004604889993915244,0.014912218358445747,0,0,0,5,0,1.0,0.24545454545454545,0.16907067589511332,0.05682519078035062,0.9786349153712631,0.48406084765196966,0.0,0.14545454545454545,0.007657797304367185
386,110,100.0,110,0,106,4,0,0.0,0.8575654687356229,0.8595312303253227,0.27962594966782,0.6381066018919399,0.22791727318283211,0.8300704371418275,8.2,1.064675958454609,0.3158608801634313,0.005382908658851286,6.396380389195017e-05,0.0,0.005382908658851286,0.024551927797473932,0,0,0,4,0,1.0,0.23636363636363636,0.1678457493149343,0.06229279339555262,0.9745115948469032,0.48499102646393555,0.0,0.18181818181818182,0.007684711133505689
387,110,100.0,110,0,104,6,0,0.0,0.8483844205634237,0.8502355348052495,0.2575487266920419,0.6385546369757323,0.24142518141684438,0.8437671543028511,8.2,1.064675958454609,0.3118283957192933,0.025832707646455674,0.00031900495010652884,0.0,0.025832707646455674,0.00853234760882387,0,0,0,6,0,0.8333333333333334,0.2636363636363636,0.161713055570693,0.06751671336283781,0.9707647397420065,0.47569954033734635,0.0,0.18181818181818182,0.0076411909535559815
388,110,100.0,110,0,104,6,0,0.0,0.8504194376365659,0.8518607231368602,0.24764198253628553,0.6390117443292592,0.24198020387255484,0.8220922009374104,8.2,1.064675958454609,0.30925891526737015,0.011570120392648117,0.0004967198147394549,0.0,0.011570120392648117,0.009800300092603529,0,0,0,6,0,1.0,0.2636363636363636,0.15733504059932044,0.062124044761154705,0.9708187933433482,0.47550772237571576,0.0,0.14545454545454545,0.007653799394970358
389,109,99.0909090909091,110,1,104,5,0,0.00909090909090909,0.8458715423042684,0.8456167813368031,0.2365795299301852,0.6394245711247495,0.2578698326739594,0.8646506457070757,8.2,1.064675958454609,0.3059888736844205,0.04431467909057598,0.0004771964859842405,0.0,0.04431467909057598,0.003493060458542136,0,1,0,5,0,0.8333333333333334,0.22727272727272727,0.15449193152034255,0.0829705094462844,0.9636721251511731,0.4705058753768063,0.00909090909090909,0.12727272727272726,0.007633257552129692
390,109,99.0909090909091,110,0,105,5,0,0.0,0.8465179045706216,0.8463116444298553,0.24174123527139188,0.63982515273301,0.26280973629360943,0.883816195944293,8.2,1.064675958454609,0.306661789018871,0.04224481020669122,0.0007281780024803352,0.0,0.04224481020669122,0.0036348205417806147,0,0,0,5,0,0.8,0.22727272727272727,0.15606089579304414,0.07938353043480913,0.9574627618847196,0.4752986041219537,0.0,0.16363636363636364,0.007638621811500029
391,109,99.0909090909091,110,0,106,4,0,0.0,0.8492967049365054,0.848999800175066,0.24348231307356952,0.6402443655635492,0.2607998068071992,0.8533563350839302,8.2,1.064675958454609,0.3083518206082587,0.012026186435011153,0.000457159679518255,0.0,0.012026186435011153,0.004482005833096221,0,0,0,4,0,1.0,0.22727272727272727,0.15700656334300483,0.08013930787010796,0.9613229619320081,0.4784934068819067,0.0,0.16363636363636364,0.007654747442440202
392,109,99.0909090909091,110,0,105,5,0,0.0,0.8526253672822544,0.8523659978530362,0.2551716889894968,0.6406877864137804,0.24536172235116083,0.8191125695632553,8.2,1.064675958454609,0.3138608950645374,0.02977117355339477,0.00033355440442695857,0.0,0.02977117355339477,0.0014761326151888922,0,0,0,5,0,0.8,0.23636363636363636,0.16260740033867216,0.0840422703536776,0.9691570942823725,0.4870440692353918,0.0,0.16363636363636364,0.007673751251762539
393,109,99.0909090909091,110,0,105,5,0,0.0,0.8569373649531251,0.8566081932186864,0.2589888943599982,0.6411626187761593,0.24656824635131408,0.8263281724175314,8.2,1.064675958454609,0.31431168048442637,0.011679126377171868,0.00043107635157641134,0.0,0.011679126377171868,0.008428633413801546,0,0,0,5,0,1.0,0.23636363636363636,0.163243589593116,0.08619596827475635,0.9749309816631251,0.4846353074771266,0.0,0.12727272727272726,0.0076978389531194985
394,110,100.0,110,0,104,6,0,0.0,0.8629443279695521,0.8625880252381197,0.26691793377043843,0.6416833283796265,0.23692162210406997,0.8139606291466851,8.2,1.064675958454609,0.3157103040804705,0.009388803021874767,0.00041757563181476533,0.0,0.009388803021874767,0.007826794542336812,0,0,0,6,0,1.0,0.23636363636363636,0.1652543133182795,0.08123593271582702,0.9740939007956063,0.4878299148403022,0.0,0.12727272727272726,0.007730645703182373
395,110,100.0,110,0,105,5,0,0.0,0.8610565201289959,0.8606893848247459,0.2624003239681651,0.6421823226187171,0.23858136802864038,0.8060377584598071,8.2,1.064675958454609,0.3138706922097183,0.009147449446891009,0.0004623354593431302,0.0,0.009147449446891009,-0.000932474667093092,0,0,0,5,0,1.0,0.21818181818181817,0.16363192524832632,0.07651199688038375,0.9711347642052206,0.4877761857460705,0.0,0.16363636363636364,0.007723862999828428
396,110,100.0,110,0,103,7,0,0.0,0.8588468233267269,0.8584664478405061,0.26188382910193403,0.642657070525596,0.23350356575191206,0.8083487396921062,8.2,1.064675958454609,0.31460261929644484,0.03543927540640038,0.00031816230265932635,0.0,0.03543927540640038,0.003875477670523174,0,0,0,7,0,0.8571428571428571,0.22727272727272727,0.16387067754722212,0.06725990020639071,0.9782081864762007,0.49141429669542297,0.0,0.12727272727272726,0.007715341779230985
397,110,100.0,110,0,103,7,0,0.0,0.858074344008343,0.8576846667484103,0.2649149856319481,0.6431201051573788,0.22749103664761047,0.7963925487066793,8.2,1.064675958454609,0.3164528053601785,0.035630202565122886,0.0003091721522005964,0.0,0.035630202565122886,0.005276376718269483,0,0,0,7,0,0.8571428571428571,0.22727272727272727,0.16556243028178005,0.061817186433679866,0.9503011262665402,0.49396587224215727,0.0,0.18181818181818182,0.007713944291841021
398,110,100.0,110,0,104,6,0,0.0,0.8645149700382025,0.8641648384305541,0.27679033974565764,0.6436334042347308,0.22323130914081607,0.8197048766597622,8.2,1.064675958454609,0.3194948399399491,0.04116311578428295,0.0005830294973935843,0.0,0.04116311578428295,0.000493068306917996,0,0,0,6,0,0.8333333333333334,0.20909090909090908,0.16878068291099588,0.05803844571540573,0.9626117290405336,0.4989690012069129,0.0,0.16363636363636364,0.007748879907926087
399,110,100.0,110,0,103,7,0,0.0,0.8707378008056977,0.8704063460800398,0.2862285138044787,0.6441943998053226,0.20698696869701566,0.7657778682627114,8.2,1.064675958454609,0.3224105474066945,0.039244291012505414,0.00029253351303378336,0.0,0.039244291012505414,0.008240844870052147,0,0,0,7,0,0.8571428571428571,0.23636363636363636,0.17164163983413702,0.0540768644598552,0.9623946437978836,0.5078271622593572,0.0,0.16363636363636364,0.007782980454247606
400,110,100.0,110,0,102,8,0,0.0,0.8665238580233873,0.8664099088491827,0.29574182718927866,0.6447153833058329,0.2081413622318495,0.775726665630739,8.2,1.064675958454609,0.32230577586178644,0.03544256969228072,6.4653765295445124e-06,0.0,0.03544256969228072,0.018489471501109543,0,0,0,8,0,0.875,0.22727272727272727,0.17430933641735677,0.05401503918703962,0.9653717943711848,0.5071399183319151,0.0,0.16363636363636364,0.007764684133374778
401,110,100.0,110,0,102,8,0,0.0,0.8640943455885777,0.864060836863577,0.29293541110987453,0.6452108120165237,0.21277771067890905,0.7783786158884164,8.2,1.064675958454609,0.3191714030379249,0.030739032974390804,0.00041351215119048395,0.0,0.030739032974390804,0.006404902240677584,0,0,0,8,0,0.875,0.2727272727272727,0.17217212640209983,0.049794447828821996,0.9668695278300891,0.5037992835109281,0.0,0.16363636363636364,0.007755173926387734
402,110,100.0,110,0,102,8,0,0.0,0.8580366729213825,0.8580809741381962,0.2949381095024536,0.6456500330882121,0.21063178328611645,0.7786985172607862,8.2,1.064675958454609,0.3187441451353006,0.033613804035091774,0.00016871810833137858,0.0,0.033613804035091774,0.010426544437840534,0,0,0,8,0,0.875,0.24545454545454545,0.17328803529191436,0.0422792583639023,0.9771378059714635,0.5064152305299889,0.0,0.10909090909090907,0.007727223703629124
403,110,100.0,110,0,104,6,0,0.0,0.8583592689295501,0.85825810287266,0.283472032035937,0.6460860865563867,0.21529856173811274,0.8247397649250763,8.2,1.064675958454609,0.31468568698242394,0.009911290797412192,0.00015756734092516904,0.0,0.009911290797412192,0.017416196972752863,0,0,0,6,0,1.0,0.24545454545454545,0.16806583733847422,0.045401580672468134,0.9688208958660354,0.4996027310083142,0.0,0.10909090909090907,0.0077311579618907925
404,110,100.0,110,0,101,9,0,0.0,0.8588473327012941,0.8587645644953021,0.28467957807085564,0.6465218112082277,0.21209922040859353,0.7971393983450279,8.2,1.064675958454609,0.31528929294763497,0.031882261951893545,6.045343124389812e-05,0.0,0.031882261951893545,0.011884479105586163,0,0,0,9,0,0.8888888888888888,0.23636363636363636,0.16839571499678105,0.045434043763552,0.969377341233115,0.501016533051608,0.0,0.12727272727272726,0.00773591780855612
405,109,99.0909090909091,110,1,103,6,0,0.00909090909090909,0.85531413182233,0.8549302640164006,0.30034658389694396,0.6469224476793441,0.21722786669272492,0.8298808572465947,8.2,1.064675958454609,0.320614545985199,0.03901242985818483,0.000178681900228941,0.0,0.03901242985818483,0.013419714363859426,0,1,0,6,0,0.8571428571428571,0.2545454545454545,0.1762151511944585,0.043619792778783,0.975604382002128,0.5026163608638919,0.00909090909090909,0.07272727272727271,0.007720384544255688
406,109,99.0909090909091,110,0,105,5,0,0.0,0.8644026765493324,0.8639392254417934,0.30124235522936965,0.6473933424922064,0.21706659024004477,0.8459216985435205,8.2,1.064675958454609,0.3202448266047633,0.005682986570605845,0.00032628650961616845,0.0,0.005682986570605845,0.0015181309543262078,0,0,0,5,0,1.0,0.2545454545454545,0.17446730579439995,0.03941273502314301,0.9589553286892215,0.5031104801334334,0.0,0.07272727272727272,0.007768334019821776
407,109,99.0909090909091,110,0,105,5,0,0.0,0.8634698881358011,0.8629593242751087,0.3007893206938422,0.6478508775834957,0.22360687518372638,0.8683336152633456,8.2,1.064675958454609,0.31753909396842217,0.006286582239837035,0.0004223327086000623,0.0,0.006286582239837035,0.0005174960705891212,0,0,0,5,0,1.0,0.24545454545454545,0.17282534343291675,0.03290199230319888,0.9572020058687299,0.5023160602557138,0.0,0.07272727272727272,0.0077661057108133445
408,109,99.0909090909091,110,0,105,5,0,0.0,0.8679565623592181,0.8674134304284161,0.3150195823410997,0.6483414788465692,0.22121323803742873,0.836910534311004,8.2,1.064675958454609,0.3190031022846216,0.005894376336722158,0.0004420690740849677,0.0,0.005894376336722158,0.0014347658368953076,0,0,0,5,0,1.0,0.24545454545454545,0.17617483020961172,0.03510224045633576,0.9700456127604973,0.506869717940199,0.0,0.0909090909090909,0.007791150738780339
409,109,99.0909090909091,110,0,105,5,0,0.0,0.8644148530790253,0.8638488501412377,0.31205725381845684,0.648796495812473,0.22566414150278136,0.8350111261723819,8.2,1.064675958454609,0.31853497183671164,0.007098546203871887,0.00047882556997754666,0.0,0.007098546203871887,0.0008120769246717258,0,0,0,5,0,1.0,0.24545454545454545,0.1759853307492669,0.03732291263900213,0.9462516909783728,0.5071533010824596,0.0,0.0909090909090909,0.007775864420500808
410,110,100.0,110,0,106,4,0,0.0,0.8676843872057124,0.8671565990967185,0.3281011070000494,0.6492748417684499,0.21928575256809352,0.8259137293625722,8.2,1.064675958454609,0.322154539289248,0.001026233828627494,0.00046291411539270443,0.0,0.001026233828627494,0.006139947385311591,0,0,0,4,0,1.0,0.23636363636363636,0.18121022776129356,0.03239784531545753,0.9640086424422252,0.5140238506259035,0.0,0.12727272727272726,0.007794758508330007
411,110,100.0,110,0,105,5,0,0.0,0.8700090617970936,0.8694447736334654,0.3289327599715074,0.6497675842053796,0.22430095512842338,0.8620717153489585,8.2,1.064675958454609,0.3209106527626231,0.006585529379196748,0.0005872435787628776,0.0,0.006585529379196748,-0.0015625085440115426,0,0,0,5,0,1.0,0.23636363636363636,0.17986862943527018,0.034877011281669854,0.9718646053503794,0.5097956490856492,0.0,0.12727272727272726,0.00780900493641846
412,110,100.0,110,0,104,6,0,0.0,0.8724627379399331,0.8719386091395841,0.3416961073699945,0.6502763215457076,0.22350928163394634,0.8291451091698637,8.2,1.064675958454609,0.32213762089882314,0.003821555087619902,0.00061783628366051,0.0,0.003821555087619902,0.0026798170669178286,0,0,0,6,0,1.0,0.24545454545454545,0.18258328328150675,0.035881534925340824,0.9762135322323737,0.5107892535197529,0.0,0.12727272727272726,0.007823981519209735
413,110,100.0,110,0,107,3,0,0.0,0.8779718486461688,0.8773957788332745,0.3677243444488462,0.6508261234208743,0.21858152053256213,0.8533849363099704,8.2,1.064675958454609,0.32474031042364127,0.0007468036373272958,0.0009393326549643775,0.0,0.0007468036373272958,-0.00500456580798501,0,0,0,3,0,1.0,0.2545454545454545,0.18812619536871875,0.01970879425750391,0.9397400698831059,0.5171369856189785,0.0,0.2,0.00785445387693293
414,110,100.0,110,0,106,4,0,0.0,0.8785073851342612,0.8778864833797985,0.3563651431512201,0.651374251218324,0.2174053140748807,0.836491184158135,8.2,1.064675958454609,0.323136143252887,0.004505940254761427,0.0004896786410514961,0.0,0.004505940254761427,0.0038987624459091014,0,0,0,4,0,1.0,0.22727272727272727,0.18474865384390343,0.022618139812620522,0.9664798092758333,0.5145636708164314,0.0,0.0909090909090909,0.007860049451813919
415,110,100.0,110,0,105,5,0,0.0,0.8771452545208634,0.8766462246945932,0.3583085520129193,0.6519059794420574,0.21930802735618202,0.8166396893501708,8.2,1.064675958454609,0.32255780173431003,0.003493099992337237,0.0007460324470697389,0.0,0.003493099992337237,-0.003720780731987733,0,0,0,5,0,1.0,0.2545454545454545,0.184816157140156,0.028478334669678265,0.9591520914633994,0.5119902088567369,0.0,0.0909090909090909,0.007856069390028133
416,110,100.0,110,0,105,5,0,0.0,0.8780852467596862,0.8775678381502383,0.3620292881655269,0.6524398962407421,0.22376969408952513,0.8422426934419098,8.2,1.064675958454609,0.31866477857246167,0.007517168876272032,0.000672736680207992,0.0,0.007517168876272032,-0.005573561502631677,0,0,0,5,0,1.0,0.24545454545454545,0.18288667319227317,0.02260347429011217,0.9672933503939649,0.5071645414982118,0.0,0.0909090909090909,0.00786361159311912
417,110,100.0,110,0,105,5,0,0.0,0.87134763624372,0.8708173772337862,0.3748090032138579,0.6529106321280632,0.2177511011183049,0.872793467857852,8.2,1.064675958454609,0.32167027214198063,0.008652383402298028,0.000516876166417088,0.0,0.008652383402298028,0.001148303168949949,0,0,0,5,0,1.0,0.24545454545454545,0.18856815507009292,0.015275825600791224,0.9599491841416358,0.5163035796652303,0.0,0.0909090909090909,0.007832429446449352
418,110,100.0,110,0,106,4,0,0.0,0.8864527130988185,0.8859865315834407,0.40669261557306996,0.6535055580751334,0.20506070309007607,0.8323281315357194,8.2,1.064675958454609,0.32561915216236725,0.007028092460709874,0.0007719494557008711,0.0,0.007028092460709874,-0.005658100082408878,0,0,0,4,0,1.0,0.24545454545454545,0.19503201485037897,0.022621020685831602,0.967497149465538,0.5189456231180766,0.0,0.0909090909090909,0.007911121847489377
419,110,100.0,110,0,105,5,0,0.0,0.8852487771479003,0.8848125171691489,0.39437938989519783,0.6540841504293006,0.212806801129107,0.8405329092235639,8.2,1.064675958454609,0.3233092585206787,0.007070487924227461,0.0005715733905391803,0.0,0.007070487924227461,-0.00218039698092673,0,0,0,5,0,1.0,0.24545454545454545,0.19138085276976038,0.02185462037468491,0.9770524564710006,0.5128417918913984,0.0,0.10909090909090907,0.007908182234580924
420,110,100.0,110,0,105,5,0,0.0,0.883562429761671,0.8831527354678861,0.40583813164070476,0.6546424456123864,0.21268767695347535,0.8468689625968324,8.2,1.064675958454609,0.32603766823543134,0.0006736856731626247,0.0009135113634291831,0.0,0.0006736856731626247,-0.0022601946472137536,0,0,0,5,0,1.0,0.24545454545454545,0.19557162631491518,0.018953131897699996,0.9725062847798011,0.5180847476629112,0.0,0.14545454545454545,0.007902722514945539
421,110,100.0,110,0,106,4,0,0.0,0.8803760977485731,0.8799507061130348,0.3904694855984543,0.6551675237715017,0.21859650658155502,0.8665102069562731,8.2,1.064675958454609,0.3247795890367997,0.001977605756669493,0.0007437491114674062,0.0,0.001977605756669493,0.0013611708495564478,0,0,0,4,0,1.0,0.2636363636363636,0.19248781124184347,0.018234719742481267,0.9757890808645333,0.5156795154480742,0.0,0.0909090909090909,0.007889586045341648
422,110,100.0,110,0,105,5,0,0.0,0.8794919309860512,0.8790991149539206,0.3589369212354587,0.6556797582006254,0.2219929102033319,0.8691316087002214,8.2,1.064675958454609,0.3217264065427565,0.002076934691301028,0.0007095430910861624,0.0,0.002076934691301028,-0.00034093228150088305,0,0,0,5,0,1.0,0.22727272727272727,0.18451249872999284,0.02109574890125915,0.9743623354404647,0.5098605252204905,0.0,0.12727272727272726,0.007887892029937942
423,110,100.0,110,0,105,5,0,0.0,0.8878623367215139,0.8875514308727906,0.3755361662141716,0.6562585308133481,0.21704364382976887,0.8679479376864127,8.2,1.064675958454609,0.3224941201146445,0.0013829971934833654,0.0004647936169760133,0.0,0.0013829971934833654,0.002299991649027938,0,0,0,5,0,1.0,0.24545454545454545,0.1865726214093942,0.025298479801232447,0.9691984867638949,0.5094758662513291,0.0,0.10909090909090907,0.007932825085046145
424,110,100.0,110,0,104,6,0,0.0,0.8966226876127824,0.8961973227885024,0.38368517801642016,0.656904781959305,0.20242295630828186,0.8458675602388513,8.2,1.064675958454609,0.3279852715587137,0.001954409436184592,0.0004828493465898845,0.0,0.001954409436184592,0.0034625235825031567,0,0,0,6,0,1.0,0.2545454545454545,0.1903711717480907,0.021535813179599083,0.9773267994182927,0.5193914189328216,0.0,0.10909090909090907,0.007980067079793606
425,110,100.0,110,0,105,5,0,0.0,0.8944996140640116,0.8941066103752768,0.37890914612773374,0.6575263451747411,0.21335416695328763,0.8704152519740571,8.2,1.064675958454609,0.32522761596132743,0.001855239535823161,0.0008073501078385726,0.0,0.001855239535823161,0.004916977355198066,0,0,0,5,0,1.0,0.23636363636363636,0.1874732097363639,0.021056038277909677,0.9751293707837578,0.5175832254380549,0.0,0.10909090909090907,0.007972760529110426
426,110,100.0,110,0,107,3,0,0.0,0.8998899350211671,0.8994961377466003,0.4021788812515599,0.6581871955578129,0.2075575079612477,0.8728919418012705,8.2,1.064675958454609,0.3285165744540033,0.00042599358930886223,0.00031255979007703663,0.0,0.00042599358930886223,0.01721122984006801,0,0,0,3,0,1.0,0.23636363636363636,0.19338912671179498,0.018052230293905586,0.9788557432254216,0.5242117682635136,0.0,0.10909090909090907,0.008003230091471164
427,110,100.0,110,0,105,5,0,0.0,0.8991913710114587,0.8988330628305732,0.3922034245171805,0.6588353623463609,0.20854925210298442,0.8395262506206074,8.2,1.064675958454609,0.3284584345890946,0.003541508247063875,0.0007385590843951102,0.0,0.003541508247063875,0.0028256158981878497,0,0,0,5,0,1.0,0.22727272727272727,0.19140996919231537,0.017188015769638527,0.9762471485460665,0.5256375479619783,0.0,0.12727272727272726,0.0080031877094068
428,110,100.0,110,0,104,6,0,0.0,0.8971237114196434,0.8967111166043901,0.40352298623824007,0.6594585547778835,0.21499774131322244,0.8505528013024838,8.2,1.064675958454609,0.32705645864151145,0.003189821199912768,0.000895452159657105,0.0,0.003189821199912768,0.000895515603516181,0,0,0,6,0,1.0,0.24545454545454545,0.19263811219857144,0.014248307432629172,0.9591918483593419,0.5224121142614376,0.0,0.14545454545454545,0.00799616690144439
429,110,100.0,110,0,105,5,0,0.0,0.8990728589899898,0.8987536658983032,0.4219388766051791,0.66009250945443,0.2086153864310855,0.8391651250513901,8.2,1.064675958454609,0.33018718206283104,0.0038581503314815287,0.0007389671123207576,0.0,0.0038581503314815287,0.0018222765860780282,0,0,0,5,0,1.0,0.24545454545454545,0.1975478488493598,0.013383450989402875,0.9595931484331827,0.5274776120219746,0.0,0.14545454545454545,0.008009287420810467
430,110,100.0,110,0,104,6,0,0.0,0.9042679319026354,0.9038719353529862,0.40143915319866,0.6607633089554464,0.21562195226056902,0.837800868279983,8.2,1.064675958454609,0.32850609769277783,0.004249342306735901,0.0004696659501011909,0.0,0.004249342306735901,0.0027674731884917148,0,0,0,6,0,1.0,0.23636363636363636,0.19266742138163773,0.016963529746156097,0.9614836640803451,0.5246825724457898,0.0,0.10909090909090907,0.008038833705882072
431,110,100.0,110,0,104,6,0,0.0,0.9073147372206795,0.9069294317489955,0.3869261436342082,0.6614530085586929,0.21506738371010872,0.830852823821671,8.2,1.064675958454609,0.3273477946111685,0.00316353102976188,0.0006256655266423249,0.0,0.00316353102976188,0.00371405673300787,0,0,0,6,0,1.0,0.23636363636363636,0.18897826585093772,0.0205986411678219,0.9623669531140714,0.5223831337353169,0.0,0.0909090909090909,0.008057739265402953
432,110,100.0,110,0,104,6,0,0.0,0.9161431222830151,0.9158421162868033,0.39564928464212545,0.6622112780636998,0.20555158102544283,0.8154503398383623,8.2,1.064675958454609,0.3283786857839184,0.002624300586059567,0.000980846373703479,0.0,0.002624300586059567,-0.0030890280102891083,0,0,0,6,0,1.0,0.23636363636363636,0.18977967916388117,0.025957049887872615,0.969352575076607,0.5257185993195307,0.0,0.12727272727272726,0.008105917747274682
433,110,100.0,110,0,106,4,0,0.0,0.9106448176950207,0.9102644597816963,0.38576595631355803,0.6629139672813026,0.2113016830631464,0.8545947173056875,8.2,1.064675958454609,0.3249900220198052,0.0004129455083063721,0.0003853570967915015,0.0,0.0004129455083063721,0.0006220522551433835,0,0,0,4,0,1.0,0.2636363636363636,0.18704607055928724,0.030401047017066814,0.9633180927129272,0.5215145423094841,0.0,0.12727272727272726,0.008082166905915945
434,110,100.0,110,0,106,4,0,0.0,0.9199312363996375,0.9195138640479926,0.38542834737033504,0.6636879560825617,0.20531551132813655,0.8546321417309931,8.2,1.064675958454609,0.3236415814364684,0.00032018643620209156,0.000690095830999686,0.0,0.00032018643620209156,0.007134025602706963,0,0,0,4,0,1.0,0.23636363636363636,0.1852111585862489,0.03359059798478488,0.9603121049171306,0.5187370158764188,0.0,0.10909090909090907,0.008132719235783096
435,110,100.0,110,0,105,5,0,0.0,0.9221500395817207,0.9218301772869376,0.39739379234107763,0.6644734333952746,0.20603561917159519,0.8597286202478347,8.2,1.064675958454609,0.32565713282712694,0.0005037251333594712,0.0004255946931979655,0.0,0.0005037251333594712,0.005968837683004618,0,0,0,5,0,1.0,0.22727272727272727,0.18855025036329867,0.03498071736285177,0.9625961074778696,0.5214444944654711,0.0,0.12727272727272726,0.008147994645747298
436,110,100.0,110,0,106,4,0,0.0,0.912590303827485,0.9122826674811628,0.3746466372349767,0.6651692278866534,0.21463118183646654,0.8564374224718422,8.2,1.064675958454609,0.3227731911742029,0.002668287385335377,0.0005877226165646668,0.0,0.002668287385335377,0.003705018503964562,0,0,0,4,0,1.0,0.21818181818181817,0.18433570263636337,0.02926163613716734,0.968537346767639,0.5199012636891335,0.0,0.12727272727272726,0.0081038999453111
437,110,100.0,110,0,104,6,0,0.0,0.92908623269096,0.9288643361537583,0.41770068357099005,0.6659988472532568,0.20063049423509136,0.8409050919642447,8.2,1.064675958454609,0.3279976934322608,0.003738693293611997,0.0005577587833449574,0.0,0.003738693293611997,0.006584081330267315,0,0,0,6,0,1.0,0.20909090909090908,0.19287615203588993,0.02935547766537018,0.9742492791578568,0.5280515682093986,0.0,0.10909090909090907,0.00819079596859993
438,110,100.0,110,0,103,7,0,0.0,0.9323191977880194,0.9320812091348637,0.4131781722429713,0.666847033280512,0.19810517951008427,0.8178604863764175,8.2,1.064675958454609,0.3281379061427001,0.004132196750897881,0.0005165940863926064,0.0,0.004132196750897881,0.004560417515919901,0,0,0,7,0,1.0,0.21818181818181817,0.19178834049194193,0.030456412633746786,0.9712997148948693,0.5287530747992925,0.0,0.10909090909090907,0.008211476010442805
439,110,100.0,110,0,104,6,0,0.0,0.9317353641307067,0.9315304611724666,0.40679289590904744,0.6676814979301342,0.2085840602241115,0.8354371037506523,8.2,1.064675958454609,0.32739099122042026,0.005144570236033396,0.0005143943621601278,0.0,0.005144570236033396,0.005212824897400527,0,0,0,6,0,1.0,0.21818181818181817,0.19043634631279494,0.0329247388991301,0.9672098659667699,0.5235194508569975,0.0,0.14545454545454545,0.008212999014409406
440,110,100.0,110,0,103,7,0,0.0,0.9333826873081997,0.9330921769529165,0.41217740673582437,0.6685203800052133,0.20741167399489746,0.8279541406647982,8.2,1.064675958454609,0.32939946538003473,0.00415283713907601,0.0004977239450423955,0.0,0.00415283713907601,0.0039996979602889265,0,0,0,7,0,1.0,0.21818181818181817,0.19273162814393277,0.03353559089814058,0.967728563613624,0.5269590346503857,0.0,0.14545454545454545,0.008225701318183449
441,110,100.0,110,0,104,6,0,0.0,0.9329474039296127,0.9326039344932109,0.4009557044249048,0.6693461721444491,0.20410743244111132,0.7884903603082946,8.2,1.064675958454609,0.3314273045117804,0.005146670889769278,0.0005897297174095315,0.0,0.005146670889769278,0.0011096023296333333,0,0,0,6,0,1.0,0.22727272727272727,0.19207287940792525,0.04588399013535281,0.9663705208203434,0.5292134129522953,0.0,0.2,0.00822792090647714
442,110,100.0,110,0,105,5,0,0.0,0.9383930097266766,0.9380303493567825,0.4052132734720743,0.6702093912608785,0.1989276772919065,0.7696578133184246,8.2,1.064675958454609,0.33164948452835685,0.004986728402687681,0.00030777378787515206,0.0,0.004986728402687681,0.007860362870311433,0,0,0,5,0,1.0,0.22727272727272727,0.19215410979055314,0.04581583896784518,0.9811830328093822,0.5298902633550566,0.0,0.16363636363636364,0.008259744178663164
443,110,100.0,110,0,106,4,0,0.0,0.9329561352376214,0.932597260114065,0.3734307969263246,0.6710171440549315,0.21383845220499725,0.7867135920527191,8.2,1.064675958454609,0.3248632572255512,0.006419854079427057,0.0005545263652938742,0.0,0.006419854079427057,0.002268551749130522,0,0,0,4,0,1.0,0.22727272727272727,0.18299245666759928,0.04081161337078117,0.9769996364171548,0.5194591258419812,0.0,0.14545454545454545,0.008236859781118901
444,110,100.0,110,0,105,5,0,0.0,0.9228918207762205,0.9224748786180564,0.3460397239993432,0.6717300804494138,0.22685118867692886,0.8124092017093361,8.2,1.064675958454609,0.3226902283782509,0.004755907541922342,0.00041440570454231464,0.0,0.004755907541922342,0.006780621335033057,0,0,0,5,0,1.0,0.20909090909090908,0.177555472509101,0.041654744741914856,0.985236568252184,0.5138494330662494,0.0,0.12727272727272726,0.008190333440007459
445,109,99.0909090909091,110,1,105,4,0,0.00909090909090909,0.9172651297774842,0.9154759288091961,0.3350329736820387,0.6723862912549783,0.23226613141263272,0.8520709124988702,8.2,1.064675958454609,0.32185218804910454,0.0052843568199444965,0.00044514000560529554,0.0,0.0052843568199444965,0.008039775980588294,0,1,0,4,0,1.0,0.23636363636363636,0.17643552772652468,0.054797100910397106,0.9776168308487792,0.5079970429433209,0.00909090909090909,0.14545454545454545,0.00816569324435559
446,109,99.0909090909091,110,0,106,4,0,0.0,0.9162664359422646,0.9143614810453407,0.3426419949816872,0.6730155455536894,0.22048567219648305,0.8525550360602008,8.2,1.064675958454609,0.3273442839208023,0.00014552345966252337,0.0009571579624004119,0.0,0.00014552345966252337,-0.00022101538001105536,0,0,0,4,0,1.0,0.23636363636363636,0.18214456374532917,0.05834739031399535,0.9770044241874877,0.5196063874853024,0.0,0.18181818181818182,0.008164049534797452
447,109,99.0909090909091,110,0,106,4,0,0.0,0.9216779931214123,0.9197539254866135,0.34660581338826646,0.6736840299807958,0.21659269946480397,0.8448610831074786,8.2,1.064675958454609,0.32764302782115884,0.0001986817978233826,0.0008415521865631472,0.0,0.0001986817978233826,0.003684628034774401,0,0,0,4,0,1.0,0.23636363636363636,0.1818559543665549,0.06212583469140488,0.977495362053132,0.5184521174105231,0.0,0.14545454545454545,0.008194665917183899
448,109,99.0909090909091,110,0,106,4,0,0.0,0.9204821323264611,0.9186767733254589,0.3466995662666319,0.6743362226708441,0.2160709796747677,0.8257010343342623,8.2,1.064675958454609,0.3279241598928033,0.00014306668213509392,0.0005343957521175772,0.0,0.00014306668213509392,0.0018402109305033498,0,0,0,4,0,1.0,0.23636363636363636,0.18196844426919165,0.05733061923145167,0.9790453235664474,0.5230152372744042,0.0,0.14545454545454545,0.008192158482596013
449,109,99.0909090909091,110,0,106,4,0,0.0,0.915292347060371,0.913542507564989,0.328961054914694,0.6749377409875631,0.21794150003162,0.8111897434196772,8.2,1.064675958454609,0.32514868516149575,0.00020827868963311578,0.0008812311922624612,0.0,0.00020827868963311578,0.00017576311216470353,0,0,0,4,0,1.0,0.2545454545454545,0.17689992456372092,0.0580611631750256,0.9682969426006424,0.5187739440338544,0.0,0.2,0.008169411666717467
450,110,100.0,110,0,107,3,0,0.0,0.9228166835418543,0.9210842515361859,0.3315643122643684,0.6755970911913058,0.2162011522557192,0.8118839912053659,8.2,1.064675958454609,0.32643621468576445,0.00011693636063090256,0.001201934109146356,0.0,0.00011693636063090256,-0.003130312143547679,0,0,0,3,0,1.0,0.2545454545454545,0.17707767142531994,0.054872043628506,0.9703614627369668,0.5222248260256719,0.0,0.16363636363636364,0.008210543320675518
451,110,100.0,110,0,105,5,0,0.0,0.9275473172220707,0.9258513252973367,0.34867504893844403,0.6762900245625527,0.21260464453139025,0.7967770279032069,8.2,1.064675958454609,0.32749942960819234,0.00019436586364227532,0.0008561712518958458,0.0,0.00019436586364227532,0.0021634077765288473,0,0,0,5,0,1.0,0.24545454545454545,0.18048713341783162,0.05681672445385462,0.9630147900780586,0.5244480727279678,0.0,0.16363636363636364,0.008237885236582488
452,110,100.0,110,0,104,6,0,0.0,0.9286931181275683,0.9269726757772963,0.3516802533783159,0.6769851314379638,0.21182378421876433,0.8006762932378486,8.2,1.064675958454609,0.32627657332679183,0.0001685767902046109,0.0007824115349368216,0.0,0.0001685767902046109,0.004298045461575861,0,0,0,6,0,1.0,0.24545454545454545,0.17937847128008377,0.052931036620375745,0.9626593845484492,0.5222334871791569,0.0,0.16363636363636364,0.00824731455900401
453,110,100.0,110,0,105,5,0,0.0,0.9294163751579575,0.9277124582992067,0.35193810344227655,0.6776791387069113,0.2101335023579408,0.8051223759870986,8.2,1.064675958454609,0.32575293016629425,0.0001117438444659896,0.000792447470138523,0.0,0.0001117438444659896,-0.00033282111225786394,0,0,0,5,0,1.0,0.2545454545454545,0.1791398482368986,0.04908153064675045,0.9690952775963445,0.5217613834732217,0.0,0.16363636363636364,0.008254625308427162
454,110,100.0,110,0,105,5,0,0.0,0.9211259218630493,0.9195454817719155,0.33293037576255646,0.6782961955788216,0.21945259230695105,0.8265569560962581,8.2,1.064675958454609,0.32142384325477247,0.0001115741220610826,0.0008469862208213377,0.0,0.0001115741220610826,0.0019041316813935504,0,0,0,5,0,1.0,0.23636363636363636,0.17399563136031593,0.053730796196261386,0.9692818552843795,0.514328952349234,0.0,0.16363636363636364,0.008216457870035231
455,110,100.0,110,0,106,4,0,0.0,0.9266369407382714,0.9250122967584918,0.34656542980882243,0.6789532458864508,0.20675444763835213,0.8018479537000228,8.2,1.064675958454609,0.3260252254570628,0.0002886233276724363,0.000573456637740878,0.0,0.0002886233276724363,0.011163743821755813,0,0,0,4,0,1.0,0.2545454545454545,0.1787925444187528,0.05211965933693655,0.9757483370602987,0.5218215742281886,0.0,0.16363636363636364,0.008247510692741482
456,110,100.0,110,0,105,5,0,0.0,0.9238527469758181,0.9222110705955319,0.3267555686636162,0.6795794415522205,0.21491918640573376,0.7810130770292747,8.2,1.064675958454609,0.32225069127606787,6.893692433743005e-05,0.0007606723661778079,0.0,6.893692433743005e-05,0.005033703328882966,0,0,0,5,0,1.0,0.23636363636363636,0.1731678383576434,0.045381252213585035,0.9628295162955621,0.518221389531479,0.0,0.19999999999999998,0.008236923201282383
457,110,100.0,110,0,105,5,0,0.0,0.9263756191725121,0.9248077537111365,0.337906449592562,0.6802210872719633,0.20771025576827895,0.7550860985654875,8.2,1.064675958454609,0.3264016828723144,0.0001239534121396007,0.0007076270004117367,0.0,0.0001239534121396007,0.01066399069650537,0,0,0,5,0,1.0,0.2545454545454545,0.1773066387725753,0.05079245231063785,0.9757483370602987,0.5233162010808782,0.0,0.16363636363636364,0.00825295328612413
458,110,100.0,110,0,105,5,0,0.0,0.9327457252638763,0.9311513393775497,0.3482426915581133,0.6809099324491847,0.19640798615546826,0.7342076132804078,8.2,1.064675958454609,0.329076690853072,0.00033987781144562536,0.0006980927653141842,0.0,0.00033987781144562536,0.008120713166746696,0,0,0,5,0,1.0,0.24545454545454545,0.17984126570493128,0.05576018259589092,0.9633266594090338,0.5309686922850059,0.0,0.2,0.008288470801077375
459,110,100.0,110,0,105,5,0,0.0,0.920184982191006,0.9186818785147614,0.3114001081939307,0.6814852361758493,0.21380724470861737,0.7938734656651382,8.2,1.064675958454609,0.32224159820908205,9.549844653923938e-05,0.0008657317401386805,0.0,9.549844653923938e-05,0.006187845662142188,0,0,0,5,0,1.0,0.2545454545454545,0.17010396624004692,0.06263584198058372,0.9652010044432968,0.519844339355892,0.0,0.2,0.008228729645945971
460,110,100.0,110,0,107,3,0,0.0,0.9193470829988827,0.9179527569523994,0.29675501723662945,0.6820482045564622,0.2220422226960143,0.7701142569653802,8.2,1.064675958454609,0.3162823432243018,0.00011028697330564624,0.0008869308000311774,0.0,0.00011028697330564624,0.0026450532339663546,0,0,0,3,0,1.0,0.23636363636363636,0.16346028342617638,0.05931815082986239,0.9714328780959873,0.5100826912813999,0.0,0.16363636363636364,0.008227537044486397
461,110,100.0,110,0,106,4,0,0.0,0.9196167727857683,0.9181768753520769,0.30094716559355644,0.682607088055849,0.21938678918330276,0.7705760275049272,8.2,1.064675958454609,0.3171178806367698,0.0001237238048330471,0.0006757762453164994,0.0,0.0001237238048330471,0.0060291709485860295,0,0,0,4,0,1.0,0.24545454545454545,0.1646083871420845,0.05816325323026004,0.9552798205330644,0.5141471254049557,0.0,0.16363636363636364,0.008231860642547694
462,110,100.0,110,0,105,5,0,0.0,0.928349947768013,0.9268870991124408,0.3216787768740766,0.6832342097836251,0.2093874918489935,0.7685193441514879,8.2,1.064675958454609,0.32121166932328804,7.003514013339544e-05,0.0007001992055967194,0.0,7.003514013339544e-05,0.006331713129651834,0,0,0,5,0,1.0,0.2545454545454545,0.16989153466257514,0.06156012884732298,0.9561330390839629,0.5233466880409371,0.0,0.2,0.008278864924591858
463,110,100.0,110,0,106,4,0,0.0,0.9282959851613973,0.9269138320474587,0.32032698167390006,0.6838548823924416,0.21629416418348318,0.7960295604642574,8.2,1.064675958454609,0.3189473576685089,8.68573825208799e-05,0.0010045769591508025,0.0,8.68573825208799e-05,0.005750696561657873,0,0,0,4,0,1.0,0.2545454545454545,0.16839082374483202,0.05783842862284201,0.9497702657513326,0.5204049581045991,0.0,0.2,0.00828189918758217
464,110,100.0,110,0,105,5,0,0.0,0.9247319458062545,0.9233592888942532,0.31515899121784813,0.6844386713561027,0.22351356128010144,0.7949845437884541,8.2,1.064675958454609,0.3182382951013627,0.00013733423787290008,0.0011208296420569298,0.0,0.00013733423787290008,0.00668195327324147,0,0,0,5,0,1.0,0.2545454545454545,0.16728165839076528,0.05091202530122497,0.970286164003584,0.5190677992837568,0.0,0.16363636363636364,0.00826718672117856
465,110,100.0,110,0,104,6,0,0.0,0.9186319368358478,0.9172160797922967,0.3151465451637588,0.6849639206427108,0.2238542961356177,0.8080918173075292,8.2,1.064675958454609,0.3192880685708597,7.251906750246618e-05,0.0008514078768550341,0.0,7.251906750246618e-05,0.007218072665601413,0,0,0,6,0,1.0,0.2545454545454545,0.16872364608138957,0.06279686509390332,0.9586007053911082,0.5201383783208834,0.0,0.2,0.008239482777764763
466,110,100.0,110,0,104,6,0,0.0,0.9160118401994429,0.9145820302991019,0.3048646448998932,0.6854611424530922,0.23174726119939912,0.7677607847512347,8.2,1.064675958454609,0.31800541613516486,0.0007897455400514305,0.001015356021840173,0.0,0.0007897455400514305,0.004443339574084659,0,0,0,6,0,1.0,0.24545454545454545,0.1666947439490786,0.06704995438057493,0.9613033819016671,0.5158474027318001,0.0,0.2,0.008229029195120401
467,110,100.0,110,0,104,6,0,0.0,0.9188392292097219,0.9171995831078997,0.31092712982455867,0.6859753652267625,0.22880707068287612,0.7581917961256114,8.2,1.064675958454609,0.32194306765040825,0.0010178660927442067,0.0011431881418156725,0.0,0.0010178660927442067,0.0012649711940699905,0,0,0,6,0,1.0,0.2636363636363636,0.17004924990067652,0.05699737137674305,0.9613033819016671,0.5230649667482251,0.0,0.2,0.00824590354329388
468,110,100.0,110,0,106,4,0,0.0,0.9127249805950995,0.910989005846205,0.29844137054433023,0.6864312151757993,0.23446829084066567,0.7585426673431035,8.2,1.064675958454609,0.32178124983550394,0.00018116225061062826,0.0008896728884685178,0.0,0.00018116225061062826,0.010720010172558914,0,0,0,4,0,1.0,0.2818181818181818,0.16869294105632887,0.07096201025542793,0.9706099303722577,0.5175650806336107,0.0,0.12727272727272726,0.008217758962627778
469,110,100.0,110,0,106,4,0,0.0,0.9179561397270729,0.9161257400546245,0.32038681932986296,0.6869259634593555,0.23073596166236046,0.7518846755427275,8.2,1.064675958454609,0.32685446944876717,0.0001413827788025873,0.0010383191191347747,0.0,0.0001413827788025873,0.0065590282373263545,0,0,0,4,0,1.0,0.2545454545454545,0.17582642281276945,0.07885980293389523,0.9720102497104219,0.5250025847062376,0.0,0.12727272727272726,0.00824654849130259
470,110,100.0,110,0,103,7,0,0.0,0.9150981336009991,0.9132162027341798,0.3038476919890334,0.6873906625613995,0.2455488337774635,0.7707783099597539,8.2,1.064675958454609,0.32302888799815066,0.00012806726830511138,0.000973027670608054,0.0,0.00012806726830511138,0.0009860664338172318,0,0,0,7,0,1.0,0.2636363636363636,0.17038040404297464,0.08317848700281938,0.9655908803825017,0.5162579207466057,0.0,0.16363636363636364,0.00823473223048153
471,110,100.0,110,0,101,9,0,0.0,0.9221151821455588,0.9201371500861726,0.31717240123390333,0.6879093626538677,0.23647711448188577,0.752110979194389,8.2,1.064675958454609,0.32698018657129624,0.0008451538443425078,0.001006213819194085,0.0,0.0008451538443425078,-0.0014880088017853515,0,0,0,9,0,1.0,0.2909090909090909,0.1748191033703587,0.09049642469033027,0.9723640219585513,0.5216025566217037,0.0,0.12727272727272726,0.008272578710794823
472,110,100.0,110,0,103,7,0,0.0,0.9148147182727586,0.9128544001704785,0.3029005701990167,0.6883605101211818,0.24547497691139858,0.7661953289094735,8.2,1.064675958454609,0.32613473117150305,0.0006752513217945153,0.0008107701325461277,0.0,0.0006752513217945153,-0.0038732331242974094,0,0,0,7,0,1.0,0.2909090909090909,0.17259508653195216,0.09212551948282435,0.9686413343894743,0.5194566002312146,0.0,0.12727272727272726,0.008238478020741659
473,110,100.0,110,0,103,7,0,0.0,0.9099975070109871,0.9080754141296138,0.3023589253056701,0.6887661497575261,0.25621973453440783,0.7835852988605001,8.2,1.064675958454609,0.3232419027094193,0.0009036286191687704,0.00108318338090424,0.0,0.0009036286191687704,0.0007295536968961616,0,0,0,7,0,1.0,0.2636363636363636,0.17109941050065403,0.08644174623970564,0.9686413343894743,0.5173254444357657,0.0,0.12727272727272726,0.008216551338275861
474,110,100.0,110,0,101,9,0,0.0,0.910838971496603,0.9089692969785378,0.3162305220537438,0.6891750842108159,0.2553043749100172,0.7932899521312353,8.2,1.064675958454609,0.3268179271272038,0.0007053186888508155,0.0010150758131354,0.0,0.0007053186888508155,-0.002970853259145879,0,0,0,9,0,1.0,0.2636363636363636,0.1761279223822025,0.08729252392157053,0.9691983822569405,0.5250772801223446,0.0,0.12727272727272726,0.008222935574108947
475,110,100.0,110,0,106,4,0,0.0,0.9163129175024453,0.9145437006527826,0.31252503822388894,0.6896271443058931,0.24897000396945765,0.8574081610290736,8.2,1.064675958454609,0.3236475235232994,0.00037048926307057563,0.0011317971548429112,0.0,0.00037048926307057563,-0.002965129804463673,0,0,0,4,0,1.0,0.2545454545454545,0.1724326669743453,0.07562171989084261,0.9739585481016506,0.5222835994976184,0.0,0.12727272727272726,0.008252711791713184
476,110,100.0,110,0,105,5,0,0.0,0.9196175973012174,0.9177513241339593,0.3444817340192486,0.6901017120626536,0.24167547403485246,0.8770572750137727,8.2,1.064675958454609,0.327105446797882,0.000258461206456214,0.000953681033886653,0.0,0.000258461206456214,-0.00017439681362771964,0,0,0,5,0,1.0,0.24545454545454545,0.18034996935212022,0.06493825948202475,0.9694596501530819,0.5357040626918695,0.0,0.12727272727272726,0.00827176149511345
477,110,100.0,110,0,105,5,0,0.0,0.9131912422532412,0.9114541242375789,0.34123846723155954,0.6905175913919194,0.24962235776342523,0.8854481176940289,8.2,1.064675958454609,0.325358290201454,0.00024831063733285133,0.0008254860136711267,0.0,0.00024831063733285133,0.00014849549516891548,0,0,0,5,0,1.0,0.2818181818181818,0.17938927028322646,0.05747161826872853,0.9709737734456776,0.5345683053398744,0.0,0.12727272727272726,0.008241843603491006
478,110,100.0,110,0,104,6,0,0.0,0.9182612830126873,0.9165861595176958,0.3643880079664732,0.6909727545905955,0.24861546181759867,0.8650960029977084,8.2,1.064675958454609,0.3278659794686507,0.00031331500430605214,0.001038371996951,0.0,0.00031331500430605214,0.0029195481303399182,0,0,0,6,0,1.0,0.2545454545454545,0.18441548421739998,0.046788739496092566,0.9756609873707112,0.5409155359419598,0.0,0.12727272727272726,0.008269616813862256
479,110,100.0,110,0,105,5,0,0.0,0.9191489645359499,0.9176076463499576,0.3422866833349937,0.6914317721959014,0.25197037519103205,0.8479584539874034,8.2,1.064675958454609,0.32253682910069426,0.0014407688645921774,0.0011387154553042223,0.0,0.0014407688645921774,-0.0058213426444700175,0,0,0,5,0,1.0,0.2636363636363636,0.1765650084967763,0.04112494140715706,0.9728720207524739,0.5349805612191694,0.0,0.12727272727272726,0.008276498746522951
480,110,100.0,110,0,104,6,0,0.0,0.9198892352910338,0.918186966550707,0.3344468320144405,0.6918908370574381,0.24539419879051774,0.8138609712875772,8.2,1.064675958454609,0.32093699840913037,0.0013192088641623247,0.0009259404688735793,0.0,0.0013192088641623247,-0.003257261193227686,0,0,0,6,0,1.0,0.2545454545454545,0.17385018444683425,0.05137168111769954,0.9762534703982486,0.530449072992506,0.0,0.12727272727272726,0.008282643876905617
481,110,100.0,110,0,104,6,0,0.0,0.9231279717780707,0.9215015013336376,0.3358044218067667,0.6923732456097351,0.23958262604593575,0.8200508614821265,8.2,1.064675958454609,0.32264807895696235,0.0012450732251365205,0.000877523376682661,0.0,0.0012450732251365205,6.275004292463637e-05,0,0,0,6,0,1.0,0.2727272727272727,0.174705072375384,0.054668673238841094,0.9763993570506034,0.5341590291894301,0.0,0.12727272727272726,0.008301405603279719
482,110,100.0,110,0,104,6,0,0.0,0.9328341700149277,0.9310412071412336,0.34028222177204565,0.6929317716375469,0.23756174527836801,0.8562849804942582,8.2,1.064675958454609,0.32347261740905897,0.0002281567202522676,0.0010002219602252519,0.0,0.0002281567202522676,0.0027839266893917073,0,0,0,6,0,1.0,0.2727272727272727,0.17485937398538978,0.05523955237361129,0.9695041214749933,0.5347132643982966,0.0,0.12727272727272726,0.008352909840633917
483,110,100.0,110,0,102,8,0,0.0,0.9378259499245277,0.936037527607206,0.3386351571372007,0.6935269068712661,0.23029896482030307,0.8001817378556697,8.2,1.064675958454609,0.3238671253841159,0.0008407567876736981,0.000871658400678686,0.0,0.0008407567876736981,0.0012593141021924673,0,0,0,8,0,1.0,0.2818181818181818,0.17428997315531689,0.05838791100348475,0.9742323165895106,0.533272640422083,0.0,0.12727272727272726,0.008381036871058766
484,110,100.0,110,0,101,9,0,0.0,0.9443549585461364,0.9423953781580197,0.3592472543002241,0.6941698582482625,0.22120797218092636,0.7754143328135791,8.2,1.064675958454609,0.32851346952368465,0.0017499926917296867,0.0008543966329259527,0.0,0.0017499926917296867,0.0032872050693747465,0,0,0,9,0,1.0,0.2727272727272727,0.18025973306309082,0.05081042090033061,0.9596852213551588,0.5419854721621933,0.0,0.16363636363636364,0.008417104588534527
485,110,100.0,110,0,103,7,0,0.0,0.9501341974746815,0.9482276652710464,0.3782547685609307,0.6948556402434997,0.21084405793064512,0.7531719700158062,8.2,1.064675958454609,0.33286110409038705,0.0006078229913852896,0.0007219793273956233,0.0,0.0006078229913852896,0.004099527393207831,0,0,0,7,0,1.0,0.2727272727272727,0.1853326859301391,0.042834638476263016,0.9705428998435315,0.5506951610408631,0.0,0.16363636363636364,0.008449651461192604
486,110,100.0,110,0,101,9,0,0.0,0.9470132647779124,0.9452413714815022,0.36449940900939715,0.6955086854010856,0.21825847558484793,0.7740897253629999,8.2,1.064675958454609,0.32992970537285493,0.004480265677232834,0.0008303269285085009,0.0,0.004480265677232834,0.00725192607515349,0,0,0,9,0,1.0,0.2909090909090909,0.1814631037957874,0.03964768979713192,0.9677791390773456,0.5486991395439377,0.0,0.16363636363636364,0.008437523205104092
487,110,100.0,110,0,102,8,0,0.0,0.9471754346098838,0.9454302642524339,0.34267225873740187,0.6961563866206161,0.23261602075858587,0.7866796531787434,8.2,1.064675958454609,0.32606653784836626,0.005347004342508507,0.0009976659547266723,0.0,0.005347004342508507,0.003212177959712733,0,0,0,8,0,1.0,0.2636363636363636,0.17507659041198492,0.04776584055341564,0.9766296502039864,0.5411667069753006,0.0,0.16363636363636364,0.008441782013847429
488,110,100.0,110,0,102,8,0,0.0,0.9498385596856062,0.9481938709857124,0.3335287557494811,0.6968207306861601,0.23471988812400824,0.7810752033187627,8.2,1.064675958454609,0.3253179059641633,0.0048469740214521825,0.0007640702717341445,0.0,0.0048469740214521825,0.002478348833151449,0,0,0,8,0,1.0,0.2818181818181818,0.17239329074944876,0.04732632402290177,0.9799855979813341,0.5365884076872776,0.0,0.12727272727272726,0.008458634194999672
489,110,100.0,110,0,102,8,0,0.0,0.9485213088079558,0.9467228362783152,0.3366525382963049,0.6974654722378607,0.23900322411049046,0.8085378305934017,8.2,1.064675958454609,0.32620307393912173,0.005542716239031502,0.0009513412525779662,0.0,0.005542716239031502,0.004839112470919289,0,0,0,8,0,1.0,0.2818181818181818,0.17355446027619656,0.05383560357762313,0.9706407454999888,0.5381421190519159,0.0,0.16363636363636364,0.008455480144758984
490,110,100.0,110,0,102,8,0,0.0,0.9557418799407481,0.9539385096106989,0.35317645772290424,0.6981648082126344,0.22856157512308173,0.7913870135235878,8.2,1.064675958454609,0.3303387916021381,0.006195198967887998,0.0008424574801733471,0.0,0.006195198967887998,0.00606982072192638,0,0,0,8,0,1.0,0.2727272727272727,0.17811728194913493,0.051384592250047025,0.9779634017285803,0.5459807764432096,0.0,0.16363636363636364,0.008495305831419064
491,110,100.0,110,0,103,7,0,0.0,0.9559948879372733,0.954174639339623,0.36328677911819385,0.6988587097385797,0.22670092619032314,0.7937599863084964,8.2,1.064675958454609,0.3307289849431967,0.0015569736286473097,0.001035325626991677,0.0,0.0015569736286473097,0.002392539648626588,0,0,0,7,0,1.0,0.2818181818181818,0.1800261357851646,0.047208270447122544,0.9694744892018345,0.5490791081999219,0.0,0.16363636363636364,0.008500264772762736
492,110,100.0,110,0,101,9,0,0.0,0.9631128833115137,0.9612592721810683,0.3761010435958125,0.6996055661678892,0.2199797051917746,0.7741637264755716,8.2,1.064675958454609,0.3326879872808086,0.0015550008617215769,0.0009006894825215316,0.0,0.0015550008617215769,0.006985144671236047,0,0,0,9,0,1.0,0.2909090909090909,0.18266102156977573,0.038420060186871365,0.977224538019537,0.5532719077455479,0.0,0.12727272727272726,0.008539830550057453
493,110,100.0,110,0,99,11,0,0.0,0.9684035295147023,0.9665492769102463,0.3931095870562777,0.7003895281231935,0.20370770073667327,0.7054071103159919,8.2,1.064675958454609,0.3404968834880271,0.0033928881446322594,0.0007460826666599005,0.0,0.0033928881446322594,0.004106372905820005,0,0,0,11,0,1.0,0.2727272727272727,0.1900889583314547,0.03576560750261739,0.9720592704163831,0.5660125846318772,0.0,0.16363636363636364,0.008570457108304175
494,110,100.0,110,0,99,11,0,0.0,0.9761291495939975,0.9742476179828534,0.41809021342866975,0.7012307133333164,0.19143511489414305,0.657591488858319,8.2,1.064675958454609,0.34524032420357753,0.005133241877693688,0.0008236785667311964,0.0,0.005133241877693688,0.006744648464851798,0,0,0,11,0,1.0,0.2727272727272727,0.19676068700173094,0.03150927644933159,0.9827483235588401,0.574887194913983,0.0,0.12727272727272726,0.008613563157049777
495,110,100.0,110,0,101,9,0,0.0,0.9713541088574039,0.9695089558463164,0.4029590788201263,0.7020225815295249,0.20057740698499632,0.6729891315702685,8.2,1.064675958454609,0.34140672815905604,0.005036755671086448,0.0009340266084334772,0.0,0.005036755671086448,0.00451828838161049,0,0,0,9,0,1.0,0.2818181818181818,0.19242190122466263,0.03619153803374089,0.9834546105408091,0.5670539343422865,0.0,0.12727272727272726,0.00859390336852065
496,110,100.0,110,0,98,12,0,0.0,0.9866421300869075,0.9849312090455135,0.4101706620178536,0.7029373765130766,0.1947465658829139,0.6651545631868272,8.2,1.064675958454609,0.3417667309449266,0.005858284289126059,0.0007449884270288562,0.0,0.005858284289126059,0.0020366276646957885,0,0,0,12,0,1.0,0.23636363636363636,0.19189139825992352,0.03904519472026563,0.9733549943782888,0.5672015930383554,0.0,0.16363636363636364,0.00867521327579768
497,110,100.0,110,0,100,10,0,0.0,0.9977377383323742,0.9958571656807821,0.42778192639298973,0.7039354927211909,0.18066607712115393,0.65217246965714,8.2,1.064675958454609,0.3450104571017776,0.0033131123069861956,0.0006488253001788096,0.0,0.0033131123069861956,0.0049468179067728105,0,0,0,10,0,1.0,0.24545454545454545,0.19558839545696702,0.0382510211054758,0.9845730129490783,0.5730827631328481,0.0,0.12727272727272726,0.008736004668677627
498,110,100.0,110,0,101,9,0,0.0,1.0002160614650373,0.9983763946734492,0.4403336670680996,0.7049444395263387,0.18433465153414294,0.7131464942040969,8.2,1.064675958454609,0.3437254367017679,0.0035711852229779414,0.0007288584501335942,0.0,0.0035711852229779414,0.0058605934594669,0,0,0,9,0,1.0,0.2545454545454545,0.1961422244490972,0.03502956856153857,0.9801459707532849,0.5718236732827274,0.0,0.16363636363636364,0.008753767291374946
499,110,100.0,110,0,103,7,0,0.0,1.0022865882839693,1.0004993282943286,0.46785332715491335,0.7059607262085189,0.18602057357316615,0.7284824909852201,8.2,1.064675958454609,0.3430888315622993,0.004279898357957302,0.0005739289885746611,0.0,0.004279898357957302,0.008660648259157962,0,0,0,7,0,1.0,0.23636363636363636,0.19957075749737185,0.028743126163838704,0.9795329012368276,0.5702643511838448,0.0,0.16363636363636364,0.008769530005456681
500,110,100.0,110,0,104,6,0,0.0,1.0007524021194987,0.9991165495953565,0.4819610867756413,0.7069544150408316,0.18457128492649497,0.7129389259765188,8.2,1.064675958454609,0.34513074147179523,0.007154715370693391,0.0008714034787256557,0.0,0.007154715370693391,0.009029403953153709,0,0,0,6,0,1.0,0.2727272727272727,0.20319308262688515,0.031664739486732346,0.9734440932458934,0.5712691223511022,0.0,0.16363636363636364,0.008767148857684069
501,110,100.0,110,0,105,5,0,0.0,1.004153058202021,1.0023972682953108,0.4917152427345551,0.7079654675256553,0.18599961849989077,0.7223223237367622,8.2,1.064675958454609,0.3466788355282955,0.004250251269383877,0.0006588363931199445,0.0,0.004250251269383877,0.00976877118322376,0,0,0,5,0,1.0,0.2636363636363636,0.2053258666910095,0.039409790612210435,0.9853631463872794,0.571031990112143,0.0,0.12727272727272726,0.008789534354463318
502,110,100.0,110,0,103,7,0,0.0,1.0020726973836789,1.0003748758697124,0.4723737628659529,0.7089485300369929,0.19714855550233593,0.7440496961348171,8.2,1.064675958454609,0.3439757238378247,0.008480017891585213,0.0008102610263153334,0.0,0.008480017891585213,0.00269503951371378,0,0,0,7,0,1.0,0.2545454545454545,0.20071270568566846,0.040748001543358954,0.9798978538366998,0.5647955707760206,0.0,0.12727272727272726,0.008784365765479002
503,110,100.0,110,0,103,7,0,0.0,1.0061783816762937,1.0045589669886203,0.4689749601458593,0.7099567637278938,0.20312565580086206,0.7808593177259221,8.2,1.064675958454609,0.34265275301739906,0.0075874445230401,0.0007758387350036875,0.0,0.0075874445230401,0.0020935140344122455,0,0,0,7,0,1.0,0.2545454545454545,0.19884910155874835,0.040112413640526985,0.9886185116524444,0.5594561256875851,0.0,0.09090909090909088,0.008810261397798108
504,110,100.0,110,0,104,6,0,0.0,1.009676502663492,1.0082663318681981,0.4612291206262456,0.7109858401351349,0.20839062764573255,0.7895287259061606,8.2,1.064675958454609,0.34145779812346944,0.003529527487086112,0.0010091225984750335,0.0,0.003529527487086112,-0.0005048918260415666,0,0,0,6,0,1.0,0.2545454545454545,0.19630031619208926,0.04149954539604026,0.9904032580995301,0.560279229749372,0.0,0.09090909090909088,0.00883323016728511
505,110,100.0,110,0,102,8,0,0.0,1.021073020661243,1.0196395904335918,0.4992153765448562,0.7121008308929847,0.20689979331402072,0.7922062135370477,8.2,1.064675958454609,0.34352829635279636,0.006193371070146787,0.0008833195744387234,0.0,0.006193371070146787,0.0024715145085837213,0,0,0,8,0,1.0,0.2545454545454545,0.20186457926051485,0.041981691485866904,0.9702160656165375,0.5660927353614917,0.0,0.16363636363636364,0.008896148276542776
506,110,100.0,110,0,101,9,0,0.0,1.0146833106465245,1.0131096661792818,0.4690667323313658,0.713148332585384,0.21419317840690805,0.801145610955697,8.2,1.064675958454609,0.3418349030022527,0.008419178325479566,0.0008079939387266754,0.0,0.008419178325479566,0.0036535652639495325,0,0,0,9,0,0.8888888888888888,0.2545454545454545,0.19740864802887806,0.04493778073259464,0.9743336279253535,0.5596183831743068,0.0,0.16363636363636364,0.008869775975810873
507,110,100.0,110,0,104,6,0,0.0,1.0164596065720581,1.014872380451679,0.485347381375219,0.7141996955351595,0.19934014180804377,0.7792006682901357,8.2,1.064675958454609,0.34496150226317845,0.0032707989783996813,0.0007490134135959015,0.0,0.0032707989783996813,0.00656537167930997,0,0,0,6,0,1.0,0.24545454545454545,0.20173861864504675,0.0424214064869119,0.9743336279253535,0.5678048972583916,0.0,0.16363636363636364,0.00888425425971972
508,110,100.0,110,0,103,7,0,0.0,1.0177609918251505,1.0162082205101053,0.483658608263381,0.715251242770729,0.2169456865841729,0.8191536152095454,8.2,1.064675958454609,0.34145207289377,0.0033732884026175295,0.0008943992748078961,0.0,0.0033732884026175295,0.008481270536167112,0,0,0,7,0,1.0,0.21818181818181817,0.19906280997604622,0.045080431484268435,0.9793121091281494,0.5593780618319643,0.0,0.16363636363636364,0.008896358971289634
509,110,100.0,110,0,102,8,0,0.0,1.033120482635204,1.0314802382455353,0.5020331391677297,0.7164216724366498,0.1933028692200387,0.7856798917553295,8.2,1.064675958454609,0.3426836493271972,0.005166871218123027,0.0009036532280764123,0.0,0.005166871218123027,0.008538330733197444,0,0,0,8,0,1.0,0.2,0.2001466383119004,0.042242392854815694,0.9777484751046022,0.563680811711922,0.0,0.16363636363636364,0.00897938706697174
510,110,100.0,110,0,102,8,0,0.0,1.0338981907945954,1.0323299692265278,0.5100010453966675,0.7175868783244798,0.1904245822768762,0.7811670159781992,8.2,1.064675958454609,0.3431240350232201,0.005072811432018691,0.0007519507213029603,0.0,0.005072811432018691,0.0062460098660018,0,0,0,8,0,1.0,0.21818181818181817,0.20164181699376252,0.045513756433694284,0.980792609182696,0.5657060533254339,0.0,0.16363636363636364,0.00898947844124581
511,110,100.0,110,0,104,6,0,0.0,1.0450358919022533,1.0433362195398659,0.5445022931786466,0.7188334232661662,0.17991945219584035,0.7700837993645688,8.2,1.064675958454609,0.34559184257448394,0.001013818652005996,0.0006699754695503424,0.0,0.001013818652005996,0.0023945777257816936,0,0,0,6,0,1.0,0.2,0.20668709563211252,0.04436882936855595,0.9733673055804882,0.5688435186266433,0.0,0.16363636363636364,0.009051802778936833
512,109,99.0909090909091,110,1,102,7,0,0.00909090909090909,1.0433807329188611,1.0429887188657334,0.5106162048628253,0.7200525591306406,0.19644398963650542,0.7779904814674853,8.2,1.064675958454609,0.3443217701291612,0.02011644370951332,0.0009227092090176477,0.0,0.02011644370951332,-0.0005658323695066012,0,1,0,7,0,0.875,0.19090909090909092,0.20204802226122553,0.04763684198491927,0.9864498938444239,0.5641757287580007,0.00909090909090909,0.10909090909090907,0.00905001690724485
513,109,99.0909090909091,110,0,104,6,0,0.0,1.0496216880138216,1.0490044466411448,0.5115823442743462,0.7213211311625459,0.19066851742930532,0.7318657182647353,8.2,1.064675958454609,0.34684247246584277,0.0018960859721709538,0.0009362532593817849,0.0,0.0018960859721709538,0.0093262662501417,0,0,0,6,0,1.0,0.20909090909090908,0.20290074738463587,0.04121272630910851,0.9730618170962315,0.5692763984127969,0.0,0.16363636363636364,0.00908797477343934
514,109,99.0909090909091,110,0,102,8,0,0.0,1.0458767352039064,1.045489978095256,0.5103608624623474,0.7225462628516716,0.19414736685869408,0.7386038547806779,8.2,1.064675958454609,0.34479411791191383,0.00924146033051492,0.0005848250896243747,0.0,0.00924146033051492,0.002832377809685347,0,0,0,8,0,0.875,0.20909090909090908,0.20169321344989824,0.038652887243574484,0.9682570689553,0.5669098278626236,0.0,0.18181818181818182,0.00907577185066653
515,109,99.0909090909091,110,0,103,7,0,0.0,1.0507769165319083,1.0503600265642135,0.5429142704526123,0.723799831046415,0.18644218172452112,0.7901985177124128,8.2,1.064675958454609,0.3486014393669834,0.008928509929949922,0.0006071399988819664,0.0,0.008928509929949922,0.005980823870419409,0,0,0,7,0,0.8571428571428571,0.2,0.20838917862435438,0.032204714767725164,0.9781021255162712,0.5729886902061694,0.0,0.18181818181818182,0.009106945976902672
516,109,99.0909090909091,110,0,101,9,0,0.0,1.0513906282680818,1.050620625845619,0.5349666993054658,0.7250422724322836,0.1936345324036756,0.7679314989954856,8.2,1.064675958454609,0.3469324980040651,0.008734248508836553,0.000761325377086769,0.0,0.008734248508836553,0.003470874716943571,0,0,0,9,0,0.8888888888888888,0.21818181818181817,0.2060905712398303,0.025291297930510374,0.9742700800486177,0.5735021668723549,0.0,0.21818181818181814,0.009116628522950155
517,110,100.0,110,0,103,7,0,0.0,1.052472711982776,1.0517215805041171,0.5461075375326997,0.7262808631230689,0.1917155846183031,0.7963938597580403,8.2,1.064675958454609,0.3474033117774338,0.004046114893104938,0.0008301942444527185,0.0,0.004046114893104938,0.006195082894512623,0,0,0,7,0,1.0,0.20909090909090908,0.2076094773017498,0.025773564449436483,0.9726236116379947,0.5743138216478707,0.0,0.21818181818181814,0.009128632430177851
518,110,100.0,110,0,102,8,0,0.0,1.0565981196260006,1.0556904932827367,0.535586090087719,0.7275400716846788,0.20039635608569126,0.7995705314767971,8.2,1.064675958454609,0.3450194899959427,0.0029644451160831843,0.0007769459027174139,0.0,0.0029644451160831843,0.006552001242133199,0,0,0,8,0,1.0,0.20909090909090908,0.20417108095430114,0.029633296171786158,0.968754924377053,0.5690163307757907,0.0,0.18181818181818182,0.009155962713805105
519,110,100.0,110,0,103,7,0,0.0,1.0566311515515914,1.0557219001426534,0.5383467145534443,0.7287861412604958,0.20042050147974666,0.7671156922002215,8.2,1.064675958454609,0.34362279633063,0.004483589348051486,0.0010324587165603113,0.0,0.004483589348051486,0.006435077529065715,0,0,0,7,0,1.0,0.2,0.2038448701624647,0.034906119012405805,0.9803769944683659,0.5643872529939886,0.0,0.12727272727272726,0.00916276117503273
520,110,100.0,110,0,104,6,0,0.0,1.0460295027468063,1.0450895069697574,0.5165965203687722,0.7299283838059774,0.21173155103236865,0.780675913803574,8.2,1.064675958454609,0.3400276172734451,0.00224161756570092,0.0007110490529917446,0.0,0.00224161756570092,0.0049695706867762856,0,0,0,6,0,1.0,0.2,0.19995919334694331,0.03270112838511721,0.9771383296184137,0.5579293135192213,0.0,0.18181818181818182,0.009115833521893294
521,110,100.0,110,0,102,8,0,0.0,1.051720945493228,1.050682405340556,0.5183565297370877,0.7311061021651576,0.2044472132209884,0.7612425831689237,8.2,1.064675958454609,0.34000726769813006,0.0034671402788670393,0.0008623382618664483,0.0,0.0034671402788670393,0.0016281656494208686,0,0,0,8,0,1.0,0.18181818181818182,0.19928343246218735,0.032173346833488464,0.9713259120333648,0.5610009980386427,0.0,0.14545454545454545,0.009150560177739651
522,110,100.0,110,0,102,8,0,0.0,1.0577644226919416,1.0566870428304325,0.5177367410977943,0.7323224255855069,0.202790916885235,0.749604245163436,8.2,1.064675958454609,0.3410296690523693,0.004036339195082539,0.000989280470988247,0.0,0.004036339195082539,0.001801782400623255,0,0,0,8,0,1.0,0.19090909090909092,0.19893009861409613,0.027582600793158163,0.9703390382229578,0.5608354140899213,0.0,0.14545454545454545,0.009187252515249976
523,110,100.0,110,0,103,7,0,0.0,1.0646488689557523,1.0638715493148554,0.5399069313360949,0.7335869924734416,0.19566524070962402,0.72733452767032,8.2,1.064675958454609,0.34197854990947496,0.0034965698146623993,0.0005490421301771873,0.0,0.0034965698146623993,0.005675984416868646,0,0,0,7,0,1.0,0.20909090909090908,0.20129428745686817,0.014775994913780855,0.9717165741100908,0.5658993249097911,0.0,0.14545454545454545,0.009228406516386239
524,110,100.0,110,0,103,7,0,0.0,1.0621029729463545,1.0611353734640085,0.5437131575702525,0.7348147906965697,0.20199368654765182,0.747273569296827,8.2,1.064675958454609,0.3402555569810988,0.005291287020657237,0.0009560507224939005,0.0,0.005291287020657237,0.006954873153256115,0,0,0,7,0,1.0,0.19090909090909092,0.20118569008411968,0.009680542228452094,0.9754316252377504,0.5645434095309191,0.0,0.14545454545454545,0.00922221307258924
525,109,99.0909090909091,110,1,103,6,0,0.00909090909090909,1.0554301674762192,1.0509353654423141,0.5347355844518725,0.7359708401293322,0.2195047761923974,0.7957250524353296,8.2,1.064675958454609,0.3394668311121767,0.005478584423772256,0.0009739190398685827,0.0,0.005478584423772256,0.005029338780414033,0,1,0,6,0,1.0,0.20909090909090908,0.20132820793705256,0.023809755049625368,0.9759161128532742,0.5607351851856565,0.00909090909090909,0.12727272727272726,0.0091950031354278
526,109,99.0909090909091,110,0,103,7,0,0.0,1.054747713215043,1.0503498242456208,0.49182240342618966,0.7370813931799696,0.2378643789500317,0.8057863973064842,8.2,1.064675958454609,0.3301064164541261,0.002069374129916854,0.0010348625238405854,0.0,0.002069374129916854,0.001819049942238467,0,0,0,7,0,1.0,0.19090909090909092,0.18952973287784508,0.02832158793194802,0.9612883603363637,0.5444774460231144,0.0,0.14545454545454545,0.009197502759789929
527,109,99.0909090909091,110,0,103,7,0,0.0,1.0662385481123966,1.0618196988466921,0.5104688686400989,0.7382778160371447,0.23475063846859948,0.809875975530274,8.2,1.064675958454609,0.33281603213143884,0.002021590296454745,0.0008759547073398219,0.0,0.002021590296454745,0.0030328615079316273,0,0,0,7,0,1.0,0.2,0.19265087161166686,0.029765729987119408,0.9652658685618245,0.5476134833049392,0.0,0.16363636363636364,0.009261325947537596
528,109,99.0909090909091,110,0,101,9,0,0.0,1.0645071696401787,1.0600635351321692,0.49881601912039447,0.7394465429055104,0.2347113109637697,0.8202071458418817,8.2,1.064675958454609,0.3325774705847222,0.0016355481298152555,0.0009487491756226136,0.0,0.0016355481298152555,0.003263250725612152,0,0,0,9,0,1.0,0.2,0.1911743554411669,0.024736075087379045,0.9766349632762986,0.547916544126853,0.0,0.14545454545454545,0.009258890632170252
529,109,99.0909090909091,110,0,102,8,0,0.0,1.0745414641656925,1.0699237215299815,0.5328180404896546,0.7406868098471178,0.22169087332411527,0.814390552120045,8.2,1.064675958454609,0.3375085090372172,0.0020371313394970964,0.0009488968246380907,0.0,0.0020371313394970964,0.0036068242277602636,0,0,0,8,0,1.0,0.19090909090909092,0.19794893920837361,0.029896705143705855,0.9689709254550987,0.5558981764473606,0.0,0.14545454545454545,0.009315664516771797
530,110,100.0,110,0,101,9,0,0.0,1.0653450804453153,1.0610228363076788,0.5131929901535783,0.7418380594967359,0.22100898428170146,0.8049703899079451,8.2,1.064675958454609,0.33713306762274575,0.0020792348436500657,0.0005387483956014295,0.0,0.0020792348436500657,0.009784228964573188,0,0,0,9,0,1.0,0.20909090909090908,0.19597901539229778,0.034698587541441554,0.9749095506858318,0.5521466189086345,0.0,0.14545454545454545,0.009275811137290549
531,110,100.0,110,0,102,8,0,0.0,1.0647774412110211,1.060486814809089,0.5236261982013262,0.7429724865544908,0.2219540331628195,0.8196723010302365,8.2,1.064675958454609,0.33669783732717296,0.0022179374179891816,0.0010191613505018524,0.0,0.0022179374179891816,0.004309439081366127,0,0,0,8,0,1.0,0.2,0.1974279064487009,0.029697363761784095,0.9772896546061416,0.5519928240185059,0.0,0.14545454545454545,0.009279011927194138
532,110,100.0,110,0,99,11,0,0.0,1.066502283057195,1.062393948636091,0.535918124005761,0.7441110794763769,0.21360536927190593,0.805326236065093,8.2,1.064675958454609,0.33710797891045163,0.001967917875950494,0.0008012465790721159,0.0,0.001967917875950494,0.004898062884986831,0,0,0,11,0,1.0,0.20909090909090908,0.19935516146899102,0.03309058679891135,0.9723515606631359,0.5537398370506341,0.0,0.18181818181818182,0.009293697298977003
533,110,100.0,110,0,101,9,0,0.0,1.066341354166464,1.0623600914582896,0.5612408359563819,0.7452372616977729,0.20292651895397912,0.7846751343825549,8.2,1.064675958454609,0.33849862190863966,0.001552385479763492,0.0008074862802804999,0.0,0.001552385479763492,0.0035423221161917265,0,0,0,9,0,1.0,0.2,0.20406271372247173,0.02948151890060013,0.9737911482775625,0.5569315959971547,0.0,0.18181818181818182,0.009298887750203143
534,110,100.0,110,0,102,8,0,0.0,1.0666053351160552,1.0626930416097695,0.5960728576176058,0.7463542895999827,0.19922949844395427,0.7851656410931551,8.2,1.064675958454609,0.3420304203290725,0.0019134650869138618,0.0007074240275121072,0.0,0.0019134650869138618,0.007838612678753522,0,0,0,8,0,1.0,0.20909090909090908,0.2115817127138256,0.03335323884176833,0.9783133492863423,0.5638824840069094,0.0,0.12727272727272726,0.009306154018713129
535,110,100.0,110,0,102,8,0,0.0,1.0599415524393065,1.0559297862809633,0.5888555369907488,0.7474018193718728,0.21521021394686612,0.8175029462634551,8.2,1.064675958454609,0.33961966449833514,0.0018088720261208193,0.0003832462189194133,0.0,0.0018088720261208193,0.014990536909758784,0,0,0,8,0,1.0,0.19090909090909092,0.2104446006391346,0.039118627520067985,0.969512379497121,0.5566197816273964,0.0,0.14545454545454545,0.009278411504148869
536,110,100.0,110,0,103,7,0,0.0,1.0654121020683884,1.0612414625052264,0.6577697662135055,0.748483438057924,0.20211757233075978,0.8516604409099712,8.2,1.064675958454609,0.3460006178156765,0.0004238343995492245,0.0010412420463345915,0.0,0.0004238343995492245,0.005740803518306335,0,0,0,7,0,1.0,0.21818181818181817,0.22374658069120631,0.02601965760292683,0.9750752779124674,0.569394808078205,0.0,0.12727272727272726,0.00931152211935055
537,110,100.0,110,0,103,7,0,0.0,1.0640408288056507,1.0596791200084514,0.6474174803537868,0.7495402339019015,0.20247801998481144,0.852404091109156,8.2,1.064675958454609,0.34820199345816794,0.0011211952774449372,0.0006725395994504204,0.0,0.0011211952774449372,0.010236588701833471,0,0,0,7,0,1.0,0.21818181818181817,0.22392477572697878,0.02984077017695006,0.982349431043585,0.573868464557861,0.0,0.12727272727272726,0.009310291478677247
538,110,100.0,110,0,103,7,0,0.0,1.0705626248514946,1.0662560250357638,0.6857797263743154,0.7506417964759072,0.18494772183871672,0.7995693254721187,8.2,1.064675958454609,0.35559268471837635,0.006565392329453516,0.0008328406406639517,0.0,0.006565392329453516,0.0031976649170516896,0,0,0,7,0,1.0,0.23636363636363636,0.23284194471653144,0.024413729299545016,0.9813262420269963,0.5829487587307954,0.0,0.10909090909090909,0.009348764494852854
539,110,100.0,110,0,101,9,0,0.0,1.0748981468306462,1.0709099363165406,0.6917385147888689,0.7517712702376476,0.18216281321680203,0.7944024876640504,8.2,1.064675958454609,0.35468114638778325,0.005434806534033257,0.0005449527801543552,0.0,0.005434806534033257,0.010352785465224593,0,0,0,9,0,1.0,0.23636363636363636,0.23187481048742364,0.020058873453946673,0.9884840736849924,0.5826716506250199,0.0,0.10909090909090909,0.009376454722547764
540,110,100.0,110,0,102,8,0,0.0,1.0814225168643263,1.0775007832135057,0.7207075379706316,0.752944855693686,0.17779571782958178,0.7557426539092936,8.2,1.064675958454609,0.35702975940321435,0.006998158132802092,0.0005564355926199836,0.0,0.006998158132802092,0.011475477269873085,0,0,0,8,0,1.0,0.23636363636363636,0.23629145124451947,0.02308508681322145,0.9809140897131737,0.582809364980088,0.0,0.10909090909090909,0.009415324013817342
541,110,100.0,110,0,101,9,0,0.0,1.0816917183814883,1.077591470745859,0.6891490681614646,0.7541067186902054,0.19317225979960068,0.7831048774334828,8.2,1.064675958454609,0.3556492753538649,0.00835357915081121,0.0007083211713897132,0.0,0.00835357915081121,0.012459163407358094,0,0,0,9,0,1.0,0.23636363636363636,0.23096326650113255,0.023930696929822262,0.9843642309433157,0.5765530078765437,0.0,0.10909090909090909,0.009422855059400215
542,110,100.0,110,0,100,10,0,0.0,1.0758033121494224,1.0716953085174616,0.6487544684515889,0.7552059915933569,0.2101544910467855,0.8127430151198094,8.2,1.064675958454609,0.34966096630190946,0.006850927926651129,0.0007494469124381677,0.0,0.006850927926651129,0.013695412434724946,0,0,0,10,0,0.9,0.23636363636363636,0.22237083438600247,0.03071943844587609,0.975590298605212,0.5671960323005896,0.0,0.10909090909090907,0.009399264875398716
543,110,100.0,110,0,101,9,0,0.0,1.0888862169961377,1.0849156138772074,0.6725937559758053,0.7564061635324303,0.19844339074378126,0.7661142785977275,8.2,1.064675958454609,0.3533419768366133,0.007395036725048327,0.0007971181573143285,0.0,0.007395036725048327,0.01098053338776577,0,0,0,9,0,0.8888888888888888,0.2545454545454545,0.22601291346505253,0.03009973798665377,0.9719206354118632,0.5713143003205969,0.0,0.10909090909090907,0.009471068370680008
544,110,100.0,110,0,101,9,0,0.0,1.0947934947672873,1.0910635628515764,0.6766858900294126,0.7576459221171429,0.2051065583823438,0.8022633616526181,8.2,1.064675958454609,0.3526358938755587,0.007839687084557703,0.0007507896293858287,0.0,0.007839687084557703,0.010875437719219144,0,0,0,9,0,0.8888888888888888,0.2727272727272727,0.2250415041522379,0.038296750988293084,0.9788074833930405,0.5682764749587815,0.0,0.07272727272727271,0.009507204465332913
545,110,100.0,110,0,101,9,0,0.0,1.0971652748749428,1.093475278807581,0.698912967435836,0.7588930228582371,0.20404342242431625,0.8452169597362035,8.2,1.064675958454609,0.3524839282793373,0.00396958018191672,0.0008053536558760605,0.0,0.00396958018191672,0.009243768206359415,0,0,0,9,0,1.0,0.2636363636363636,0.22781331012877037,0.042317624168182084,0.9761070169100139,0.5652467931493373,0.0,0.10909090909090909,0.009525702156755259
546,110,100.0,110,0,99,11,0,0.0,1.0985131601651994,1.0950198499116068,0.6896797466668582,0.7601400017593275,0.2072020688238018,0.8210602187806879,8.2,1.064675958454609,0.34977927039982126,0.008928188725742933,0.0009477263000564346,0.0,0.008928188725742933,0.01043504303916249,0,0,0,11,0,1.0,0.24545454545454545,0.22465822827010007,0.051639278728467936,0.9773848151001403,0.55788859096022,0.0,0.07272727272727271,0.009539079725489999
547,109,99.0909090909091,110,1,100,9,0,0.00909090909090909,1.0944620432044438,1.0944987950123375,0.6927675026676409,0.7613385093276002,0.21458272990710106,0.8609242726304573,8.2,1.064675958454609,0.34968209157333274,0.008403925767065721,0.0009620522898560515,0.0,0.008403925767065721,0.010756899026197309,0,1,0,9,0,1.0,0.24545454545454545,0.2254103907667032,0.06558352731923675,0.983133456791315,0.5496266376999299,0.00909090909090909,0.12727272727272726,0.009525204251656049
548,109,99.0909090909091,110,0,99,11,0,0.0,1.111745318487386,1.1116310891560195,0.7592175468512656,0.7627009364186937,0.1908984703726221,0.8246880418928276,8.2,1.064675958454609,0.3543848041040625,0.005869644150137161,0.000634108875095228,0.0,0.005869644150137161,0.014628330389621868,0,0,0,11,0,1.0,0.2545454545454545,0.23379971207186387,0.05576331655369825,0.9783595438623436,0.5613999418040265,0.0,0.12727272727272726,0.009618873344915933
549,109,99.0909090909091,110,0,99,11,0,0.0,1.1083538862369873,1.1081934899745567,0.7243971616993664,0.76401957864247,0.19146529504124968,0.8239573445535422,8.2,1.064675958454609,0.35292298959446167,0.006933479504088805,0.0005418082493914481,0.0,0.006933479504088805,0.01515279544895231,0,0,0,11,0,1.0,0.24545454545454545,0.2283556971782008,0.05999121491852244,0.9841031592905022,0.5606563129862299,0.0,0.12727272727272726,0.009608935817031228
550,109,99.0909090909091,110,0,99,11,0,0.0,1.112859585944541,1.1127826512151477,0.7257125513824807,0.7653632693566508,0.18616496770990598,0.8188684736065512,8.2,1.064675958454609,0.35269155135419616,0.006225942326204501,0.00048393015251726166,0.0,0.006225942326204501,0.010818531425937588,0,0,0,11,0,1.0,0.23636363636363636,0.22722741302555519,0.05431622474744662,0.9858136978304077,0.5624800692510529,0.0,0.12727272727272726,0.009638617291563931
551,109,99.0909090909091,110,0,100,10,0,0.0,1.1227730485144343,1.122820374347168,0.7893845661593931,0.7667781494988117,0.16767838798272253,0.7898702650843962,8.2,1.064675958454609,0.35884519242887114,0.007703140585004893,0.0006502923942089109,0.0,0.007703140585004893,0.011393368829199287,0,0,0,10,0,1.0,0.23636363636363636,0.2373581475592486,0.04961528799049994,0.9773336910179937,0.5721563098297666,0.0,0.16363636363636364,0.009695716548770666
552,110,100.0,110,0,101,9,0,0.0,1.11959368031637,1.119737351540519,0.7877115124713115,0.7681517063901654,0.1754197581916223,0.8123432746982875,8.2,1.064675958454609,0.3567940061335557,0.004938188274693979,0.00042665737608213645,0.0,0.004938188274693979,0.019772550720655237,0,0,0,9,0,1.0,0.24545454545454545,0.23665134394221135,0.047356732180397786,0.9801356859693726,0.5738314443754279,0.0,0.16363636363636364,0.009687131672779313
553,110,100.0,110,0,101,9,0,0.0,1.12333661606393,1.1234356842691058,0.8142349978177913,0.7695421395590609,0.1713629577337639,0.8100046239816603,8.2,1.064675958454609,0.3576838870478247,0.004937547381597462,0.0004909456399419805,0.0,0.004937547381597462,0.017532865983221943,0,0,0,9,0,1.0,0.2545454545454545,0.23948639323972756,0.041629309299616266,0.9809224541395792,0.5751862576365434,0.0,0.16363636363636364,0.009713248155350919
554,110,100.0,110,0,102,8,0,0.0,1.1139467024427148,1.114151212859566,0.7924543584852078,0.7708386894923155,0.18258672462257738,0.8598379152724476,8.2,1.064675958454609,0.35458920504738356,0.002693820996418129,0.0004996740632103243,0.0,0.002693820996418129,0.0210050793782907,0,0,0,8,0,1.0,0.22727272727272727,0.23644594560979207,0.044760565942432204,0.9752202579617912,0.5714564584668738,0.0,0.16363636363636364,0.009673200614959203
555,110,100.0,110,0,104,6,0,0.0,1.1158099011104368,1.1159813064371453,0.7742320881656578,0.7721370230232113,0.20055169477243356,0.8919190521324369,8.2,1.064675958454609,0.3503804775845838,0.0009997834513505546,0.0003788577695320456,0.0,0.0009997834513505546,0.017356323575853004,0,0,0,6,0,1.0,0.23636363636363636,0.23122058467634196,0.05074998443697062,0.9431896712950716,0.5641738822608162,0.0,0.16363636363636364,0.009689428130779814
556,110,100.0,110,0,103,7,0,0.0,1.1245094733486045,1.1246404499981193,0.8033438490608628,0.7734952869649045,0.19821927086010005,0.8929469860883177,8.2,1.064675958454609,0.35027976255856363,0.005120508826166702,0.00034488440372449063,0.0,0.005120508826166702,0.020158426459401052,0,0,0,7,0,1.0,0.21818181818181817,0.23340076524134992,0.04469171410956161,0.9663831521757861,0.5657622395420039,0.0,0.16363636363636364,0.009740156546790436
557,110,100.0,110,0,102,8,0,0.0,1.1237985322888364,1.123807581099916,0.774732535396904,0.7748319959130187,0.2026417305800238,0.8558597985087943,8.2,1.064675958454609,0.34933171082509995,0.021990755021607366,0.00048043865094158224,0.0,0.021990755021607366,0.02176290490510739,0,0,0,8,0,0.875,0.23636363636363636,0.2292936700850207,0.04459679570011093,0.948133326478085,0.5684463526366784,0.0,0.16363636363636364,0.009743717650894136
558,110,100.0,110,0,102,8,0,0.0,1.1323145534201835,1.132305037045869,0.810349391522663,0.7762268495387572,0.1928312222036971,0.8419898571331123,8.2,1.064675958454609,0.35090715737695866,0.025108177134248566,0.0002766577445734508,0.0,0.025108177134248566,0.017323413170996414,0,0,0,8,0,0.875,0.24545454545454545,0.23341813078658036,0.042092185229350515,0.9705093948455097,0.572649104045086,0.0,0.16363636363636364,0.009793723092155308
559,110,100.0,110,0,101,9,0,0.0,1.131629731366735,1.131757470869286,0.7894351042201487,0.7776021886489357,0.2012003221096328,0.8263794092546188,8.2,1.064675958454609,0.3521458536846407,0.027544409838173217,0.000419953268747393,0.0,0.027544409838173217,0.01378029457251638,0,0,0,9,0,0.8888888888888888,0.2636363636363636,0.2316927741922869,0.050918479884808174,0.9433048823090838,0.5643236703906943,0.0,0.2,0.009797620434314713
560,110,100.0,110,0,101,9,0,0.0,1.1452964557272887,1.145457515241762,0.8406657155016329,0.7790795737172461,0.1885723449443662,0.8364312185696674,8.2,1.064675958454609,0.35699773582208305,0.009190778016840324,0.000333964523766529,0.0,0.009190778016840324,0.015671401890245604,0,0,0,9,0,1.0,0.2636363636363636,0.23959825776966912,0.054674132387804546,0.9650522324887927,0.567934823991875,0.0,0.16363636363636364,0.00987381873793553
561,110,100.0,110,0,101,9,0,0.0,1.1475104493996495,1.1476093734940116,0.8340057554532795,0.780559557675898,0.2027540434346117,0.8523572029995317,8.2,1.064675958454609,0.35319645723969306,0.019195973075831322,0.0006785492038517512,0.0,0.019195973075831322,0.01230493699448741,0,0,0,9,0,0.8888888888888888,0.24545454545454545,0.23617805657158833,0.05444884855130157,0.9527551515891631,0.5601347218145643,0.0,0.2,0.009892767222995709
562,110,100.0,110,0,104,6,0,0.0,1.1472788162165495,1.1474015137439293,0.7848769970642671,0.7820220141749235,0.2048510528267155,0.8340068022374579,8.2,1.064675958454609,0.3503357626257231,0.02942739712541391,0.0001905024556962143,0.0,0.02942739712541391,0.016687328131468903,0,0,0,6,0,0.8333333333333334,0.22727272727272727,0.22809679879466435,0.05164624993853093,0.9654697745350145,0.557378257105125,0.0,0.16363636363636364,0.0098993942684542
563,109,99.0909090909091,110,1,103,6,0,0.00909090909090909,1.1510388166401262,1.149141457364123,0.7505857775405661,0.7835017536780526,0.22331911323827003,0.8646872964109373,8.2,1.064675958454609,0.3484733921535994,0.024440376497740144,0.0003839320582546211,0.0,0.024440376497740144,0.011554323906008428,0,1,0,6,0,0.8571428571428571,0.21818181818181817,0.2234095210229678,0.07519981053362665,0.9504206740274611,0.5496625195207874,0.00909090909090909,0.18181818181818182,0.009926071485940869
564,108,98.18181818181819,110,1,103,6,0,0.00909090909090909,1.1638744505729088,1.1584376906304188,0.7942978335106496,0.7850578722449313,0.22511499643708055,0.9407907900531454,8.2,1.064675958454609,0.3507716094173412,0.035709562642012437,0.0006957596684808782,0.0,0.035709562642012437,0.011359631462751051,0,1,0,6,0,0.8571428571428571,0.22727272727272727,0.22901835282062666,0.07042942909995294,0.9663916267327685,0.5563456719815082,0.00909090909090909,0.2,0.009998533465738086
565,108,98.18181818181819,110,0,105,5,0,0.0,1.1659058694310966,1.1605317611759352,0.8131031460693142,0.7865842719403602,0.2151823195356438,0.8950566676620656,8.2,1.064675958454609,0.35354625740173806,0.0013426671657803333,0.0013049890806175603,0.0,0.0013426671657803333,0.002037312024986704,0,0,0,5,0,1.0,0.20909090909090908,0.2327863452665634,0.06905809049018133,0.9740699140612297,0.5623968346355708,0.0,0.16363636363636364,0.010016816165322602
566,108,98.18181818181819,110,0,106,4,0,0.0,1.1740422653522955,1.1684306202462988,0.8323105934422302,0.7881616982280134,0.2105417622878483,0.8700933097239183,8.2,1.064675958454609,0.35458831031167937,0.0015108406578390257,0.0010592553952431636,0.0,0.0015108406578390257,0.003065724034550389,0,0,0,4,0,1.0,0.20909090909090908,0.2340306820803624,0.07229746513666196,0.9667310395672041,0.5601637964304209,0.0,0.16363636363636364,0.01006589538415209
567,108,98.18181818181819,110,0,104,6,0,0.0,1.1705876455692554,1.1648472199360749,0.8087639349174902,0.7896918087559412,0.20879777388076215,0.857311410961444,8.2,1.064675958454609,0.35391151613626803,0.0019008440519403074,0.0012890596716552882,0.0,0.0019008440519403074,0.0034373725115906667,0,0,0,6,0,1.0,0.21818181818181817,0.2312507762219196,0.07247564477234053,0.962838817788109,0.5592617443045398,0.0,0.16363636363636364,0.010056767644701207
568,109,99.0909090909091,110,0,105,5,0,0.0,1.1732919944018805,1.1677194524902987,0.8022817823488376,0.7912300925405209,0.2133173937741458,0.8721707853237067,8.2,1.064675958454609,0.3524832350773772,0.00025113577888307944,0.0007743992087342027,0.0,0.00025113577888307944,0.008505172035178903,0,0,0,5,0,1.0,0.21818181818181817,0.2287085638595704,0.06682316026116616,0.9504340769279594,0.5582196925509318,0.0,0.19999999999999998,0.010078478257677943
569,110,100.0,110,0,103,7,0,0.0,1.172919234550101,1.1670641943109905,0.8168091927943665,0.7927464174864328,0.21071321975850954,0.8746190137259328,8.2,1.064675958454609,0.3510191356638457,0.0005109531462662801,0.0009299898444388626,0.0,0.0005109531462662801,0.007397815760159501,0,0,0,7,0,1.0,0.20909090909090908,0.2295062102657201,0.05842961861537753,0.9714380725966576,0.5582283175299103,0.0,0.1818181818181818,0.010084686431994633
570,110,100.0,110,0,103,7,0,0.0,1.1785241120170864,1.172472776358697,0.8442854004749509,0.7942926655833975,0.20234531157924404,0.8684012367055585,8.2,1.064675958454609,0.35379432198211713,0.0014837542288852733,0.0008887905658375902,0.0,0.0014837542288852733,0.004316719878201568,0,0,0,7,0,1.0,0.21818181818181817,0.23391974929912532,0.05928693347054397,0.9732361953803625,0.562628365049001,0.0,0.19999999999999998,0.010120942085202783
571,110,100.0,110,0,103,7,0,0.0,1.1796219890996393,1.1736618604694415,0.8372760917888996,0.7958325790627383,0.20936451417940172,0.8752364589314773,8.2,1.064675958454609,0.35145417411871227,0.0011660905539257489,0.0007354695117010945,0.0,0.0011660905539257489,0.011391338790262375,0,0,0,7,0,1.0,0.21818181818181817,0.2315724123301807,0.06564146372681988,0.9715952982052742,0.556924983482999,0.0,0.2,0.010134629014913318
572,110,100.0,110,0,105,5,0,0.0,1.1760165852079676,1.169917022854223,0.8037831085110301,0.7973242011448655,0.21021310744014143,0.9036639404512572,8.2,1.064675958454609,0.35292052620172676,0.00047019524996126416,0.0008606417578976332,0.0,0.00047019524996126416,0.009618436935753089,0,0,0,5,0,1.0,0.22727272727272727,0.22926714127425568,0.0659545648596605,0.9644414563024457,0.5580691091857749,0.0,0.19999999999999998,0.010124542466304664
573,110,100.0,110,0,102,8,0,0.0,1.173251875355988,1.1672646168893541,0.8109763861849274,0.7987773506623905,0.20893270828456,0.8724144342067158,8.2,1.064675958454609,0.35283889309067096,0.0029023893929660555,0.001105693237095768,0.0,0.0029023893929660555,0.006900985771674646,0,0,0,8,0,1.0,0.24545454545454545,0.2310117056044894,0.06547501886461377,0.9677440791252496,0.5575402308814119,0.0,0.18181818181818182,0.010118454583821511
574,110,100.0,110,0,103,7,0,0.0,1.1663780595541737,1.160380894170897,0.802115539460987,0.8001563973736977,0.21653840346457645,0.9182065871864307,8.2,1.064675958454609,0.3526668245285973,0.00149735581331135,0.001261891580989042,0.0,0.00149735581331135,0.005756352967415691,0,0,0,7,0,1.0,0.23636363636363636,0.231052006145719,0.0725706810146181,0.9440600951949811,0.555049565457299,0.0,0.23636363636363636,0.010091426694208011
575,110,100.0,110,0,102,8,0,0.0,1.1726450389391008,1.1665310106496811,0.8324787516279195,0.8015731447554674,0.21699878996115388,0.9216347534222071,8.2,1.064675958454609,0.35632803005525315,0.003382128543280474,0.0011074514395766485,0.0,0.003382128543280474,0.00761186631490967,0,0,0,8,0,1.0,0.20909090909090908,0.2361403592283113,0.07123110933200008,0.948453529939792,0.5601230745896824,0.0,0.23636363636363636,0.010130303475515516
576,110,100.0,110,0,103,7,0,0.0,1.1618624436595768,1.1559699319871215,0.8355313793841184,0.8028848553560921,0.21592380348277695,0.9158252346974703,8.2,1.064675958454609,0.3562023416069595,0.0031427328053856593,0.0010295731389003595,0.0,0.0031427328053856593,0.006585938961505848,0,0,0,7,0,1.0,0.22727272727272727,0.2382175690342038,0.06750227812567312,0.938410497107222,0.565704044495998,0.0,0.21818181818181817,0.010083373232822572
577,110,100.0,110,0,101,9,0,0.0,1.170760497477199,1.1646726987822167,0.8946706560193018,0.8042567255019377,0.19949784203637186,0.8517242490287706,8.2,1.064675958454609,0.35729593430184425,0.005525622641825753,0.0011912018429882324,0.0,0.005525622641825753,0.0015075859183436662,0,0,0,9,0,1.0,0.21818181818181817,0.24381154787492376,0.05722617577563149,0.96846908627146,0.5714096145614015,0.0,0.16363636363636364,0.0101351664877227
578,110,100.0,110,0,101,9,0,0.0,1.167428326905404,1.1615854739796323,0.8430915394560095,0.8055876945239541,0.20949712497117892,0.8565271124928953,8.2,1.064675958454609,0.3539402374697731,0.00557907884491813,0.001003497959574716,0.0,0.00557907884491813,0.004326245320898672,0,0,0,9,0,1.0,0.20909090909090908,0.23641960023936023,0.05918432007234222,0.9602713128960412,0.5656568083202411,0.0,0.18181818181818182,0.010125590888459667
579,110,100.0,110,0,101,9,0,0.0,1.1695915689359775,1.1637267083835092,0.8238042730184438,0.8069227308051082,0.21485179886918762,0.832082046311574,8.2,1.064675958454609,0.3543404916716466,0.006501869917760179,0.0008331666638716685,0.0,0.006501869917760179,0.005891947553113607,0,0,0,9,0,1.0,0.20909090909090908,0.23409474213883505,0.062042221951835355,0.9728802470167587,0.5660206440371447,0.0,0.14545454545454545,0.010143514003773583
580,109,99.0909090909091,110,1,98,11,0,0.00909090909090909,1.1732902610760656,1.165232093037773,0.931357690447747,0.8082726328441044,0.19897012771164999,0.8493284756638456,8.2,1.064675958454609,0.36095296460154636,0.006680055487529292,0.0008952225583866846,0.0,0.006680055487529292,0.010837916428325519,0,1,0,11,0,1.0,0.22727272727272727,0.24946791708207464,0.05284905360318403,0.963559096687905,0.5711536403292224,0.00909090909090909,0.18181818181818182,0.010169193505709963
581,109,99.0909090909091,110,0,101,9,0,0.0,1.1708354862764645,1.1630218972039625,0.945773336444935,0.8095730800683197,0.20334328819526598,0.8591670732492507,8.2,1.064675958454609,0.3590386578362603,0.0049302690299911365,0.0009721838401520647,0.0,0.0049302690299911365,0.004319379696981633,0,0,0,9,0,1.0,0.20909090909090908,0.24905891744304834,0.05204310996627236,0.9532403136146349,0.5716633033815666,0.0,0.19999999999999998,0.010163842406186264
582,109,99.0909090909091,110,0,102,8,0,0.0,1.1663234274932897,1.1583214315801023,0.8996814868032844,0.8108196459616402,0.20464186229703693,0.8576831419175358,8.2,1.064675958454609,0.357940472328681,0.003703205051706136,0.0009130902759893961,0.0,0.003703205051706136,0.008772629183336711,0,0,0,8,0,1.0,0.21818181818181817,0.24441510357378174,0.050861545281573065,0.9594035395032876,0.5729682890924616,0.0,0.19999999999999998,0.01014791805595663
583,109,99.0909090909091,110,0,102,8,0,0.0,1.154747983922979,1.1466293804732537,0.7711067989993617,0.8119533540018404,0.22940404464367625,0.858300974677429,8.2,1.064675958454609,0.3504957799775785,0.004080843331701721,0.001164046081551623,0.0,0.004080843331701721,0.006641868202213602,0,0,0,8,0,1.0,0.20909090909090908,0.2273831703633824,0.06951021224793807,0.9591209909156803,0.5576316813269597,0.0,0.19999999999999998,0.010096075996576616
584,109,99.0909090909091,110,0,100,10,0,0.0,1.1529056956463417,1.1447302030746898,0.786706393361409,0.8130588156569609,0.22562560648588234,0.8492714699619737,8.2,1.064675958454609,0.35254334423334877,0.005737024813794183,0.0010968939707257717,0.0,0.005737024813794183,0.0035610079756686923,0,0,0,10,0,1.0,0.23636363636363636,0.23061556363509678,0.06669905732436615,0.9543079283289994,0.5602048594665893,0.0,0.19999999999999998,0.010092749347429429
585,110,100.0,110,0,99,11,0,0.0,1.1513416826325906,1.143246163313769,0.80113733888462,0.8141398675559707,0.2247437022269118,0.8566204410428084,8.2,1.064675958454609,0.35175199721238304,0.012293592139108661,0.001098275483504823,0.0,0.012293592139108661,0.005761098491466779,0,0,0,11,0,1.0,0.2545454545454545,0.23189471937744507,0.05886588687143815,0.9486293514656589,0.5617156522187199,0.0,0.18181818181818182,0.010090684132194262
586,110,100.0,110,0,98,12,0,0.0,1.1667040737402368,1.1582490710244446,0.8442193983172133,0.8153371956364851,0.21842802050731694,0.8493987108460405,8.2,1.064675958454609,0.35567383649418005,0.006023044336974812,0.0010071657903000782,0.0,0.006023044336974812,0.0049781669772644655,0,0,0,12,0,1.0,0.24545454545454545,0.23788181193585578,0.07471003902883093,0.9525576427159554,0.561703842425317,0.0,0.18181818181818182,0.010173869919841025
587,110,100.0,110,0,100,10,0,0.0,1.168797201713321,1.1603237682009548,0.8491095600320101,0.8165394470944216,0.21760482433686035,0.8277919634263855,8.2,1.064675958454609,0.35330955598556346,0.009575114047603774,0.001016316930018369,0.0,0.009575114047603774,0.0037981918149987996,0,0,0,10,0,0.9,0.24545454545454545,0.23636429411539892,0.07269625367938493,0.9145425508642631,0.5564883819966709,0.0,0.23636363636363636,0.010190735600822856
588,110,100.0,110,0,99,11,0,0.0,1.1748767937893638,1.1664165794489716,0.9000039748654776,0.8177807934273664,0.20881157597622305,0.8131783677554844,8.2,1.064675958454609,0.3558438348245452,0.00798844497169134,0.0011582569083569102,0.0,0.00798844497169134,0.003510860519831188,0,0,0,11,0,0.9090909090909091,0.22727272727272727,0.2429283966209785,0.06663530331114677,0.9490999905680906,0.5637736931384908,0.0,0.23636363636363636,0.01022774171918708
589,110,100.0,110,0,98,12,0,0.0,1.171388713572231,1.1629036910495776,0.8409105397233686,0.8189790027417547,0.22164722307257795,0.8432380219763205,8.2,1.064675958454609,0.35243906056344687,0.014740748090989778,0.0010907145598275227,0.0,0.014740748090989778,0.01000000433460603,0,0,0,12,0,0.9166666666666666,0.20909090909090908,0.23518280679372117,0.07292854504904471,0.9334715920196374,0.5534525211369422,0.0,0.18181818181818182,0.010216679841352543
590,110,100.0,110,0,99,11,0,0.0,1.166430710209341,1.1578867676390345,0.7971986659583051,0.8201217238277159,0.23596628770831557,0.8820534824922087,8.2,1.064675958454609,0.3506772680663499,0.006313744638636124,0.0010651718079478234,0.0,0.006313744638636124,0.0030901671625676082,0,0,0,11,0,1.0,0.23636363636363636,0.229289744154027,0.06946664916577035,0.9363916394582832,0.549534682440236,0.0,0.18181818181818182,0.010197972962875303
591,110,100.0,110,0,101,9,0,0.0,1.170778187731762,1.1622923881984548,0.8101230307579462,0.8212898031033362,0.24400511794449412,0.9068632165767114,8.2,1.064675958454609,0.34758572514737707,0.020990020419705283,0.0015626760084571842,0.0,0.020990020419705283,0.004591974441302111,0,0,0,9,0,0.8888888888888888,0.24545454545454545,0.22747683319313125,0.06605128889406783,0.9468010455243527,0.5419148332491818,0.0,0.18181818181818182,0.010225928480099018
592,109,99.0909090909091,110,1,99,10,0,0.00909090909090909,1.183126148673524,1.178419954448408,0.8765972769463622,0.8225468908909838,0.23268279055424002,0.8779588784045675,8.2,1.064675958454609,0.351903948159932,0.016234641210295123,0.0010618164713144887,0.0,0.016234641210295123,0.008141868849626387,0,1,0,10,0,0.9090909090909091,0.2545454545454545,0.2346784132387553,0.07563656337749933,0.9405341536853533,0.5420840499299439,0.00909090909090909,0.18181818181818182,0.010294360240533706
593,109,99.0909090909091,110,0,98,12,0,0.0,1.1832036293073889,1.1785764004318977,0.8436725489442003,0.8238278475665862,0.2426664598925527,0.9061450756940813,8.2,1.064675958454609,0.34696125013130286,0.003911876583850682,0.001187226792229654,0.0,0.003911876583850682,0.002192413111818406,0,0,0,12,0,1.0,0.24545454545454545,0.22771693219197883,0.08353123386717658,0.9584806316987788,0.5301184840261773,0.0,0.18181818181818182,0.010301566662584707
594,109,99.0909090909091,110,0,100,10,0,0.0,1.1752497539413718,1.1708531893228666,0.745324192937516,0.8250293844669062,0.27098309864886805,0.9385694316345203,8.2,1.064675958454609,0.3395311902481326,0.008070180553824994,0.001107513562755486,0.0,0.008070180553824994,0.010227077679693946,0,0,0,10,0,0.9,0.22727272727272727,0.21331279524174823,0.09594029904036208,0.9310962415608778,0.5201321848326358,0.0,0.21818181818181817,0.010268193523009457
595,109,99.0909090909091,110,0,101,9,0,0.0,1.1793201982208008,1.1746685294097314,0.6952705505347377,0.8262506256996273,0.2778618600836956,0.9314310677671882,8.2,1.064675958454609,0.33941920226456856,0.007649720857849189,0.0010985005961454903,0.0,0.007649720857849189,0.0015900441821273938,0,0,0,9,0,1.0,0.21818181818181817,0.20775508087240577,0.11065700826214088,0.9386274908305747,0.5157551183545503,0.0,0.21818181818181817,0.01029504687530636
596,109,99.0909090909091,110,0,100,10,0,0.0,1.168015987313239,1.1635477781503842,0.6426317476063128,0.8273641446985024,0.29395238874195057,0.9563660657063543,8.2,1.064675958454609,0.3334982759510825,0.01641177818285096,0.0012087539530015207,0.0,0.01641177818285096,0.013120171048928115,0,0,0,10,0,0.9,0.22727272727272727,0.1990619302228885,0.10354406404676297,0.9525157531362947,0.5081456242679054,0.0,0.21818181818181817,0.010244453505305475
597,110,100.0,110,0,99,11,0,0.0,1.16243329023306,1.1580979773665463,0.602089742688497,0.8284193901533206,0.31137437955576464,1.0103500541090948,8.2,1.064675958454609,0.32937345497613935,0.008472329599273966,0.0013337792892905028,0.0,0.008472329599273966,0.005454465728975824,0,0,0,11,0,1.0,0.21818181818181817,0.19241416105988154,0.11329410279922496,0.9431990728192747,0.501177455581822,0.0,0.21818181818181817,0.010222157492234646
598,110,100.0,110,0,98,12,0,0.0,1.1634204794181355,1.1592899521995,0.5961600926094272,0.8294735531990604,0.3083346005991941,0.9877584090906593,8.2,1.064675958454609,0.3272902331049463,0.0173026353877581,0.001236716437872882,0.0,0.0173026353877581,0.006121546513213269,0,0,0,12,0,0.8333333333333334,0.20909090909090908,0.19025242962273758,0.10093920650510614,0.9532391330765287,0.5013201422068774,0.0,0.18181818181818182,0.010232705148415476
599,110,100.0,110,0,98,12,0,0.0,1.1753335520364034,1.1709868339875993,0.6488650606781676,0.8306161199349185,0.29304144635229096,0.9659484203467191,8.2,1.064675958454609,0.3322369598624948,0.015006288065219706,0.0012347164109219532,0.0,0.015006288065219706,0.008767817332447178,0,0,0,12,0,0.9166666666666666,0.22727272727272727,0.19820129891396815,0.08846048707305466,0.964642157621814,0.5134192895109416,0.0,0.2,0.010298352828179806
600,110,100.0,110,0,97,13,0,0.0,1.170162800144137,1.1659163364936989,0.6112278903387092,0.8317033345431973,0.3116520952193224,0.9806913344709595,8.2,1.064675958454609,0.32837837663819136,0.016691827426179813,0.0014451219883117735,0.0,0.016691827426179813,0.007059757118141574,0,0,0,13,0,0.8461538461538461,0.20909090909090908,0.19205078822513685,0.09867172761353124,0.9625475691261591,0.5066538400507186,0.0,0.2,0.010278286724994052
601,110,100.0,110,0,98,12,0,0.0,1.1745334244770504,1.1701600186471963,0.6577166918055721,0.8328151190098384,0.29589307826344735,0.9393048346744357,8.2,1.064675958454609,0.332504819914093,0.013939619585456213,0.0014241417399206903,0.0,0.013939619585456213,0.0064027198790164025,0,0,0,12,0,0.9166666666666666,0.20909090909090908,0.19968426415524138,0.08973981278039231,0.9607551823284334,0.5152860312466254,0.0,0.2,0.010306058297621698
602,110,100.0,110,0,97,13,0,0.0,1.1771954693289783,1.1726151429742404,0.7093912429043867,0.8339359778693214,0.28959906132809865,0.9290241212079864,8.2,1.064675958454609,0.33463112390126004,0.01415783353163555,0.0012614802090195553,0.0,0.01415783353163555,0.011311203724697277,0,0,0,13,0,0.9230769230769231,0.21818181818181817,0.20701654458919358,0.08852491557645141,0.958808816680928,0.516641688609691,0.0,0.19999999999999998,0.0103253352792839
603,110,100.0,110,0,98,12,0,0.0,1.16805699464286,1.1637679851887246,0.6763398545676972,0.8349695483644402,0.3077003584570063,0.9542281165339557,8.2,1.064675958454609,0.33183620862888996,0.012436409740550228,0.0013649386571471243,0.0,0.012436409740550228,0.008241823953143176,0,0,0,12,0,1.0,0.20909090909090908,0.2020533426120837,0.08397887567347928,0.9589327363268909,0.5120725326771088,0.0,0.18181818181818182,0.010285144994140911
604,110,100.0,110,0,99,11,0,0.0,1.164847746085111,1.1606699500793356,0.7054084204978321,0.8359657274549884,0.31333830115128686,0.9712105241986545,8.2,1.064675958454609,0.3319966598297337,0.014766224170403063,0.0010518514105753633,0.0,0.014766224170403063,0.01054168520322924,0,0,0,11,0,1.0,0.22727272727272727,0.20471309687470954,0.08102721433729003,0.9482560193009227,0.5091506643917356,0.0,0.18181818181818182,0.010274401790992278
605,110,100.0,110,0,100,10,0,0.0,1.1527489267365127,1.1484683386574113,0.6429911866284492,0.8368473743675737,0.326122815427106,1.0257636797242184,8.2,1.064675958454609,0.3295622216530212,0.016674425246806658,0.0012585717817452599,0.0,0.016674425246806658,0.005144135956002166,0,0,0,10,0,0.8,0.23636363636363636,0.19769846083075565,0.0922889121453676,0.9400066318953849,0.5031862264791673,0.0,0.18181818181818182,0.010218601035607663
606,110,100.0,110,0,98,12,0,0.0,1.1598875213966366,1.1556632318521247,0.6842190926152993,0.8377809164359068,0.3108422947485626,1.0263547474438828,8.2,1.064675958454609,0.33153853937172295,0.015222016054492927,0.0012722868280459728,0.0,0.015222016054492927,0.011182853171489765,0,0,0,12,0,1.0,0.23636363636363636,0.2025375727590723,0.08447482025729357,0.9314076377026049,0.5071802445665794,0.0,0.18181818181818182,0.010259263607890083
607,109,99.0909090909091,110,1,99,10,0,0.00909090909090909,1.1597996640121515,1.1590137361739146,0.7059824454203646,0.8387030615439943,0.314048713213025,1.0348471012786986,8.2,1.064675958454609,0.33270144480824837,0.012309550260938058,0.0013447951545520196,0.0,0.012309550260938058,0.0075683557346509925,0,1,0,10,0,1.0,0.22727272727272727,0.20580435800392077,0.08563807497644735,0.9441997326527768,0.5017271106540775,0.00909090909090909,0.18181818181818182,0.010263733249601593
608,109,99.0909090909091,110,0,101,9,0,0.0,1.1466433106563527,1.145510066764735,0.5874100180131814,0.8395303679109299,0.3364839307262128,1.020890295010444,8.2,1.064675958454609,0.32682664661165983,0.010430806063208122,0.0014113874124104583,0.0,0.010430806063208122,0.002145891013941834,0,0,0,9,0,1.0,0.23636363636363636,0.1908709395437583,0.11199761517115193,0.9359610097028277,0.4929908285334589,0.0,0.19999999999999998,0.010202355548818362
609,109,99.0909090909091,110,0,102,8,0,0.0,1.1465703956962658,1.1450862722656365,0.5458733334381898,0.8403452565153579,0.3462602831501888,0.9932832616436803,8.2,1.064675958454609,0.3210050245284026,0.019600230755179034,0.001466708029203866,0.0,0.019600230755179034,0.007103737754295805,0,0,0,8,0,0.75,0.23636363636363636,0.1825431303712318,0.11723397682874122,0.9454086725718744,0.48408985331153487,0.0,0.18181818181818182,0.010206328935547695
610,108,98.18181818181819,110,1,100,9,0,0.00909090909090909,1.1528958561374758,1.1511718747337805,0.5453955317375254,0.8412064370537091,0.3495861679493561,1.043133266388894,8.2,1.064675958454609,0.3217498418126523,0.010071810036334939,0.0012791921295159999,0.0,0.010071810036334939,0.012760158519901721,0,1,0,9,0,1.0,0.23636363636363636,0.18185858415581435,0.10982176657175084,0.9428044297589346,0.4868655586743768,0.00909090909090909,0.2,0.010242540628829101
611,108,98.18181818181819,110,0,105,5,0,0.0,1.160044973884344,1.1582317460599807,0.5482858694234889,0.8421154463122174,0.3577067483408826,1.0585093117160012,8.2,1.064675958454609,0.3195982505710582,0.00410085636645252,0.0014017279988263725,0.0,0.00410085636645252,0.0029486526388617707,0,0,0,5,0,1.0,0.24545454545454545,0.17984888487106096,0.10862447649975464,0.950511778886734,0.48169539541292394,0.0,0.19999999999999998,0.010283125219081174
612,109,99.0909090909091,110,0,105,5,0,0.0,1.1520381355740734,1.1502003462420178,0.5756887407374109,0.8429463708612988,0.3577993376638345,1.0618983574256868,8.2,1.064675958454609,0.32490584351329455,0.010183433867219345,0.0011758635821261826,0.0,0.010183433867219345,0.0022278519305076517,0,0,0,5,0,1.0,0.24545454545454545,0.18769807135634006,0.10698363560613333,0.9461047929210806,0.49249974780559586,0.0,0.2,0.010247514354483307
613,109,99.0909090909091,110,0,105,5,0,0.0,1.1495322473983678,1.1475399068436318,0.6031090909101182,0.8437457887095423,0.3550021331468874,1.0551017474725584,8.2,1.064675958454609,0.3262353462838199,0.007858044240808493,0.001393805082315171,0.0,0.007858044240808493,0.0019149824960445038,0,0,0,5,0,1.0,0.2545454545454545,0.19212319587166862,0.0972049583117289,0.9476661069629817,0.4962023381306356,0.0,0.2545454545454545,0.0102392405184237
614,109,99.0909090909091,110,0,105,5,0,0.0,1.1590962441197403,1.1572915178689034,0.5993425562035642,0.8446197537946663,0.3563281655688971,1.0192024407562432,8.2,1.064675958454609,0.32794143231782935,0.0015924336010384294,0.0012649385522321426,0.0,0.0015924336010384294,0.016034668703343545,0,0,0,5,0,1.0,0.2636363636363636,0.19178911139381224,0.10344242303258251,0.9471771394768312,0.5004837267878094,0.0,0.23636363636363636,0.010291712950103862
615,110,100.0,110,0,103,7,0,0.0,1.1503452168607593,1.1488517754651635,0.6037389308066649,0.8454125292569812,0.3613764958458906,1.0135176975091882,8.2,1.064675958454609,0.3304915609913346,0.006717043214362671,0.001251797658279612,0.0,0.006717043214362671,0.006353533836427482,0,0,0,7,0,1.0,0.2727272727272727,0.19499619654583536,0.11586060381406761,0.9393532043914753,0.5020899043583669,0.0,0.23636363636363636,0.010252178058684856
616,110,100.0,110,0,101,9,0,0.0,1.1513221878206872,1.1496356146174755,0.6378239109862547,0.8462035405071503,0.3534468412386123,1.0009555194962438,8.2,1.064675958454609,0.3343481346370034,0.012494575220440817,0.001306942391404187,0.0,0.012494575220440817,0.008185944459653482,0,0,0,9,0,0.8888888888888888,0.2727272727272727,0.2015121937020276,0.10062470236667782,0.9393931473346278,0.5125560168546354,0.0,0.2181818181818182,0.010261273766789106
617,110,100.0,110,0,103,7,0,0.0,1.1427290999736952,1.1408531900422647,0.5622458807958658,0.8469113265602929,0.37403356982878916,1.0197851556773951,8.2,1.064675958454609,0.3270874949110767,0.006922479351069531,0.001194439574041567,0.0,0.006922479351069531,0.012776104087307743,0,0,0,7,0,1.0,0.2727272727272727,0.1893152621851917,0.12447594462859116,0.9296072245805034,0.49585804207725964,0.0,0.21818181818181817,0.010222076141526697
618,110,100.0,110,0,103,7,0,0.0,1.1522068983798952,1.1503163425611769,0.565222749355213,0.847692178513315,0.3644179227949846,1.0022928183055737,8.2,1.064675958454609,0.32657790103722273,0.005470692686420382,0.0013533667987436335,0.0,0.005470692686420382,0.005714534377877544,0,0,0,7,0,1.0,0.2727272727272727,0.18784841866913496,0.12138540153888638,0.9433859285328866,0.4989639836282929,0.0,0.21818181818181817,0.010273621905065172
619,110,100.0,110,0,101,9,0,0.0,1.1529575426151997,1.1517131451058533,0.5680961645767532,0.8484766140600265,0.3692802834720636,1.0227933275395809,8.2,1.064675958454609,0.3259584913913087,0.007589808154242095,0.0014467269918459862,0.0,0.007589808154242095,0.003978952333762898,0,0,0,9,0,0.8888888888888888,0.2545454545454545,0.18790792823323477,0.1281952043843516,0.9419335341210112,0.49207934106886714,0.0,0.2363636363636364,0.0102815509745794
620,110,100.0,110,0,102,8,0,0.0,1.1608657146395494,1.1595899695033292,0.5508287674758505,0.8493197880345822,0.36697207399718135,1.0065885438955113,8.2,1.064675958454609,0.3265316349704048,0.0043568347807306515,0.0015394274710976157,0.0,0.0043568347807306515,0.005799795375755031,0,0,0,8,0,1.0,0.22727272727272727,0.18556491253207558,0.14861662913461163,0.9386974078631533,0.48649783061614593,0.0,0.2727272727272727,0.010325580369998668
621,110,100.0,110,0,103,7,0,0.0,1.1510007998411036,1.1497385848357227,0.5344394685754118,0.8500700766792381,0.3688303454292346,1.0026129191544408,8.2,1.064675958454609,0.3282096746258665,0.003801645910201231,0.0015831183728567903,0.0,0.003801645910201231,0.004787220282910085,0,0,0,7,0,1.0,0.24545454545454545,0.18640119804647579,0.15995288795554122,0.948573361937475,0.4834354659601386,0.0,0.2363636363636364,0.010280249867415773
622,110,100.0,110,0,102,8,0,0.0,1.1460461866379916,1.1449182685019983,0.5090939782961896,0.850771320581774,0.37434403880407763,0.9781005699635782,8.2,1.064675958454609,0.32596388967222945,0.023999280728309935,0.00195439148606616,0.0,0.023999280728309935,0.0010418720134731038,0,0,0,8,0,0.875,0.21818181818181817,0.18201964663426276,0.16603037722106836,0.9378561859926903,0.47966867627873544,0.0,0.2727272727272727,0.010259209789020427
623,110,100.0,110,0,102,8,0,0.0,1.1534744302502902,1.1526607642990923,0.5471882533104019,0.8515310445021385,0.3664569488338618,0.9747183465392902,8.2,1.064675958454609,0.32968666281860504,0.01436192912327813,0.0016897311123326686,0.0,0.01436192912327813,-0.003219200735044024,0,0,0,8,0,0.875,0.2545454545454545,0.18805153785324677,0.15042486907516434,0.9357253984554121,0.4895512989520074,0.0,0.2727272727272727,0.010300395306047296
624,110,100.0,110,0,101,9,0,0.0,1.1572814482613534,1.1564536603614153,0.5460900417378393,0.8523149854665757,0.3687511704750434,0.9554170422031734,8.2,1.064675958454609,0.3297809851856863,0.022308739299743287,0.0017334678692454719,0.0,0.022308739299743287,0.0014066772516385909,0,0,0,9,0,0.8888888888888888,0.23636363636363636,0.18746648021102805,0.14841623627161807,0.9302340746274442,0.4882840240637055,0.0,0.2727272727272727,0.01032360361159103
625,110,100.0,110,0,100,10,0,0.0,1.1525299871538457,1.1518072965500747,0.5470051355124289,0.8530510050252829,0.3703650664257032,0.9640542838764204,8.2,1.064675958454609,0.32695413644268734,0.02061419817587578,0.001592110572415063,0.0,0.02061419817587578,-0.007020973103153319,0,0,0,10,0,0.9,0.21818181818181817,0.18623196820956361,0.1419041051595956,0.9499964705953622,0.4875161217898038,0.0,0.23636363636363636,0.010303764417699032
626,109,99.0909090909091,110,1,99,10,0,0.00909090909090909,1.1441850260940025,1.1433896615285952,0.4734317427283527,0.853705307794237,0.38395768251346335,1.0073480693888235,8.2,1.064675958454609,0.32138867394839843,0.018783828021150042,0.0020938460743425546,0.0,0.018783828021150042,-0.005553794503686851,0,1,0,10,0,0.9090909090909091,0.20909090909090908,0.17437700661203873,0.15838333046398648,0.9427252097953752,0.4754080997478429,0.00909090909090909,0.23636363636363636,0.010265522714538095
627,109,99.0909090909091,110,0,99,11,0,0.0,1.1532455125638996,1.152210443902704,0.4933800190307058,0.8544299586957289,0.3814125459545448,0.9955767270586776,8.2,1.064675958454609,0.3234324373054789,0.01105096985582172,0.0016022319261251928,0.0,0.01105096985582172,-0.0026354092231764647,0,0,0,11,0,1.0,0.2,0.17674779938971696,0.15592947774333285,0.9419335341210112,0.4784986161099563,0.0,0.2363636363636364,0.010314682738853033
628,109,99.0909090909091,110,0,98,12,0,0.0,1.1419881925955744,1.1410417458821367,0.4621958025433585,0.8550517660591322,0.3919776661791535,1.0121243280451644,8.2,1.064675958454609,0.31686189127478803,0.011535369347091094,0.0017616334961928102,0.0,0.011535369347091094,-0.0043806949474316514,0,0,0,12,0,0.9166666666666666,0.20909090909090908,0.16998762105312148,0.159784595378375,0.9449652504475773,0.4688504414401434,0.0,0.23636363636363636,0.010261706255764436
629,109,99.0909090909091,110,0,96,14,0,0.0,1.1496873823652278,1.1488498855060594,0.4693986370591871,0.8557334582973322,0.3907697296835243,1.0451247796153695,8.2,1.064675958454609,0.3145307546024956,0.015203942943640013,0.001859694646923541,0.0,0.015203942943640013,-0.001414503199485721,0,0,0,14,0,0.9285714285714286,0.20909090909090908,0.16907445904999902,0.1510167085517806,0.9426131154379795,0.46653807293373767,0.0,0.23636363636363636,0.010303831111298085
630,109,99.0909090909091,110,0,99,11,0,0.0,1.1440809881225242,1.1433973748568573,0.4805744161831874,0.8563614514661498,0.4007791957535205,1.0786786290271586,8.2,1.064675958454609,0.31571242757148976,0.010460736613579633,0.001646723652780375,0.0,0.010460736613579633,3.5839011097211165e-07,0,0,0,11,0,1.0,0.21818181818181817,0.17178399765404687,0.1605270587655713,0.9321472804889417,0.46519212219892203,0.0,0.2727272727272727,0.010279142186229138
631,110,100.0,110,0,97,13,0,0.0,1.15503607799377,1.1546911232321966,0.48185788636880333,0.857078952001687,0.3941906455386432,1.0869830351656369,8.2,1.064675958454609,0.31687400591405623,0.014155949160643472,0.0017996662782025024,0.0,0.014155949160643472,0.00141045030604465,0,0,0,13,0,0.9230769230769231,0.21818181818181817,0.1713992823641638,0.17867746561895267,0.9405990688451473,0.4647414679597639,0.0,0.2363636363636364,0.01033773716343719
632,110,100.0,110,0,97,13,0,0.0,1.1664940443215983,1.165724908676584,0.47482751020878444,0.8578827927302676,0.39429766830269103,1.1021173456751496,8.2,1.064675958454609,0.31564452320678793,0.010755385451621375,0.001739801318833668,0.0,0.010755385451621375,-0.0023926549598403337,0,0,0,13,0,0.9230769230769231,0.19090909090909092,0.1685434038778645,0.19317729977066905,0.9339775647688449,0.4609479161200112,0.0,0.2727272727272727,0.010399306144567064
633,110,100.0,110,0,97,13,0,0.0,1.1743404992345967,1.173533307201342,0.47660757935867465,0.8587445824733334,0.38034240767431987,1.0648480574076638,8.2,1.064675958454609,0.3178616589393579,0.013113510318250308,0.0017184219951072073,0.0,0.013113510318250308,0.0016092782691546925,0,0,0,13,0,0.9230769230769231,0.19090909090909092,0.16960474374714235,0.1902815556303384,0.9328756504084059,0.46401685828518696,0.0,0.3090909090909091,0.01044312605323548
634,110,100.0,110,0,96,14,0,0.0,1.174323678895224,1.173368567441601,0.4735787311723561,0.8595957937924995,0.37720479672622764,1.0364938738203202,8.2,1.064675958454609,0.31722578877031715,0.013504893592188216,0.001742649190226551,0.0,0.013504893592188216,0.0025348549599026942,0,0,0,14,0,0.9285714285714286,0.2,0.16809945470669838,0.17986331203127384,0.9397110683150931,0.46811367904883505,0.0,0.2727272727272727,0.01044757327267402
635,110,100.0,110,0,97,13,0,0.0,1.1681553293685252,1.1672317133823493,0.4466656961593862,0.8603856723815755,0.38710609514455396,1.0429835411156978,8.2,1.064675958454609,0.31503752798800333,0.013430864009998591,0.0018713820348612818,0.0,0.013430864009998591,0.0015420026341531954,0,0,0,13,0,0.9230769230769231,0.2,0.16369009502879603,0.1871372388473754,0.9428783769162326,0.4645871284921165,0.0,0.2363636363636364,0.010420936348759962
636,110,100.0,110,0,98,12,0,0.0,1.1792127972971973,1.178291127891934,0.4538122623032275,0.8612613388651561,0.3893860961903842,1.0824326782173566,8.2,1.064675958454609,0.3173627827644496,0.003160455121265234,0.0017577885557778304,0.0,0.003160455121265234,0.0031047441587719903,0,0,0,12,0,1.0,0.19090909090909092,0.1647443514155792,0.18920573588110196,0.9474734703713907,0.46856869734075346,0.0,0.2363636363636364,0.010480885193666786
637,110,100.0,110,0,96,14,0,0.0,1.1744438006274562,1.173736010621877,0.4505890980460027,0.8620888845474469,0.3817908624979924,1.0882481431925035,8.2,1.064675958454609,0.31634628199869885,0.010238301012550095,0.001724185630172615,0.0,0.010238301012550095,0.009237985535990556,0,0,0,14,0,0.9285714285714286,0.2,0.16409860836344795,0.1871625366665804,0.940283184426401,0.46553520119292824,0.0,0.2181818181818182,0.01046144555028037
638,110,100.0,110,0,97,13,0,0.0,1.171731354890628,1.1707551647455228,0.442173830296348,0.8628822304702894,0.38230732565545184,1.0556610112215743,8.2,1.064675958454609,0.31332946642377846,0.009052649880764756,0.001658276539384005,0.0,0.009052649880764756,0.00551178020899321,0,0,0,13,0,0.9230769230769231,0.20909090909090908,0.16115114381430887,0.17746065367122715,0.945818920966047,0.4618996479575949,0.0,0.2181818181818182,0.010452106603250171
639,110,100.0,110,0,98,12,0,0.0,1.176091873183594,1.1751957483215358,0.4715595483514554,0.8637049520904236,0.3776463903835296,1.0918929225262508,8.2,1.064675958454609,0.31715758141262684,0.007451158239398194,0.0015551367611914176,0.0,0.007451158239398194,0.007171606384213755,0,0,0,12,0,1.0,0.23636363636363636,0.1670024624835763,0.17157125468019324,0.9491534782577433,0.464051062673199,0.0,0.2181818181818182,0.010478288854362292
640,110,100.0,110,0,96,14,0,0.0,1.185858389959287,1.1846203950806493,0.4748085185988609,0.8645991879498339,0.36506321305579936,1.0168834005047238,8.2,1.064675958454609,0.31718424127173206,0.0058176730020979145,0.0020149011263211384,0.0,0.0058176730020979145,0.003361770984791445,0,0,0,14,0,1.0,0.22727272727272727,0.1658391565373655,0.1576014742993458,0.9366316775963536,0.4672966336770013,0.0,0.2363636363636364,0.010531881795344266
641,110,100.0,110,0,95,15,0,0.0,1.20120934847168,1.1999594478701248,0.5006141769037817,0.8656145520608806,0.3452332171686775,1.0125928139350509,8.2,1.064675958454609,0.32061985099260526,0.010298982847723086,0.0016622921139273312,0.0,0.010298982847723086,0.009990696228537647,0,0,0,15,0,0.9333333333333333,0.20909090909090908,0.16942280674154334,0.1496831412490855,0.9324339163586517,0.47547417513444246,0.0,0.2181818181818182,0.010614041756696776
642,110,100.0,110,0,95,15,0,0.0,1.2083074256439532,1.2071046554950637,0.5243563843507886,0.8666799644805577,0.33275545822449637,0.9825346714885359,8.2,1.064675958454609,0.32283742759622647,0.010598939750259192,0.001586576199058148,0.0,0.010598939750259192,0.003971819627793982,0,0,0,15,0,0.9333333333333333,0.20909090909090908,0.1728658263198452,0.14047190440291835,0.9500767197556026,0.4815811490619084,0.0,0.23636363636363636,0.010655203737503487
643,110,100.0,110,0,96,14,0,0.0,1.2077109539266353,1.2063924218657813,0.5448938508244423,0.8677279673261689,0.3226371826388687,0.99184399655666,8.2,1.064675958454609,0.3254224747531713,0.0135948554032173,0.0014796658546270033,0.0,0.0135948554032173,0.005414468351687273,0,0,0,14,0,0.8571428571428571,0.21818181818181817,0.17664680449512327,0.1322797049870634,0.9042904443906771,0.4853456794885075,0.0,0.2545454545454545,0.010657800296087469
644,109,99.0909090909091,110,1,97,12,0,0.00909090909090909,1.2129159858321068,1.2106635089693802,0.565085443780516,0.8688125914759396,0.3273682095888144,1.0200347503783385,8.2,1.064675958454609,0.3273356426626963,0.03721699583667855,0.0018237375532040695,0.0,0.03721699583667855,0.008481253155227788,0,1,0,12,0,0.7692307692307693,0.24545454545454545,0.1801354029716082,0.14431572852152447,0.9146202478325716,0.48577792709175177,0.00909090909090909,0.2545454545454545,0.010689599321895928
645,109,99.0909090909091,110,0,98,12,0,0.0,1.2143430774879955,1.2120180511867722,0.6033417106369421,0.8698858045329613,0.3158675384999465,1.0024340603685475,8.2,1.064675958454609,0.3330927024606838,0.010065173527454717,0.0014095054681076585,0.0,0.010065173527454717,0.002766849763405535,0,0,0,12,0,0.9166666666666666,0.23636363636363636,0.18818144156273695,0.1367686135846332,0.9401472923784053,0.4976458203311555,0.0,0.2545454545454545,0.010702447900875923
646,109,99.0909090909091,110,0,99,11,0,0.0,1.2188131786426244,1.2165577980967313,0.6062103938580113,0.8709862582237219,0.3193213392551344,1.0243483036355394,8.2,1.064675958454609,0.33038846610409833,0.01016310136416103,0.0014357044204059068,0.0,0.01016310136416103,0.005953565839008587,0,0,0,11,0,0.9090909090909091,0.22727272727272727,0.18648693626443152,0.14149113505606561,0.9365545865325329,0.49134276362584994,0.0,0.2545454545454545,0.010730656539588795
647,109,99.0909090909091,110,0,102,8,0,0.0,1.2254925777662624,1.2234029921036071,0.611816238914866,0.8721332989565236,0.311618653367678,1.0084703040826202,8.2,1.064675958454609,0.3321458577800396,0.015933787769248135,0.001602324247575589,0.0,0.015933787769248135,0.0061868556101415464,0,0,0,8,0,0.875,0.21818181818181817,0.18766756474957236,0.14482826432633011,0.9416486532924679,0.49239083689102103,0.0,0.2181818181818182,0.010770159668664896
648,109,99.0909090909091,110,0,100,10,0,0.0,1.2213019953665982,1.2193597155141578,0.6193480884860233,0.8732336891873844,0.3200065539012852,0.9920574369038521,8.2,1.064675958454609,0.33370725629583853,0.03215046238903578,0.001737415766789938,0.0,0.03215046238903578,3.926340332445766e-05,0,0,0,10,0,0.9,0.20909090909090908,0.1903277463493326,0.1462522727127106,0.9585522409168066,0.49433962529055736,0.0,0.2181818181818182,0.010755064551785154
649,110,100.0,110,0,99,11,0,0.0,1.22105548786898,1.2188995957438815,0.6233179184995997,0.8743184448003485,0.30951968586290746,0.9826843560306259,8.2,1.064675958454609,0.3362039986470111,0.009851868989082156,0.00123220954314166,0.0,0.009851868989082156,0.005449199484965137,0,0,0,11,0,0.9090909090909091,0.20909090909090908,0.19215939976661295,0.13813564840502954,0.9495981814816261,0.5020590384312843,0.0,0.2545454545454545,0.010759606580406672
650,110,100.0,110,0,95,15,0,0.0,1.2217607937015662,1.2196519203547824,0.6720213107975147,0.8753980591365029,0.3082238953822771,0.9956558057813062,8.2,1.064675958454609,0.3400361668165386,0.026400961033862056,0.0014899494587994459,0.0,0.026400961033862056,0.006064262223664566,0,0,0,15,0,0.8666666666666667,0.20909090909090908,0.19973405676180708,0.1303797616857458,0.9563214653766497,0.5083589775987317,0.0,0.18181818181818182,0.010768880306710134
651,110,100.0,110,0,98,12,0,0.0,1.2319572961267253,1.229810494339706,0.6913250696125606,0.8765527037943274,0.31264222617656057,1.008359975740164,8.2,1.064675958454609,0.339325781099016,0.03436822085143962,0.0014210527373423824,0.0,0.03436822085143962,0.0053466772922451805,0,0,0,12,0,0.75,0.20909090909090908,0.20022463301946336,0.12793134242605675,0.9497287503080398,0.5054557330577198,0.0,0.21818181818181817,0.01082600943087465
652,110,100.0,110,0,101,9,0,0.0,1.2360273674699496,1.233924214428926,0.7058377136826208,0.8777300934591051,0.3104443019415583,0.988449295825965,8.2,1.064675958454609,0.3393543258084266,0.015255862025391753,0.0015343829600541503,0.0,0.015255862025391753,0.004195042345610094,0,0,0,9,0,1.0,0.22727272727272727,0.20089461055848248,0.12472519832768116,0.9446264281794791,0.5089213958903962,0.0,0.18181818181818182,0.01085262747993988
653,110,100.0,110,0,99,11,0,0.0,1.2280953732843418,1.2260148802296886,0.6705484100211351,0.8788275807154301,0.32425903772313025,1.0009311583626126,8.2,1.064675958454609,0.33776882842191824,0.012654295455997921,0.0016541504963291883,0.0,0.012654295455997921,0.003828331940207839,0,0,0,11,0,1.0,0.21818181818181817,0.19678164309486731,0.1324021072788232,0.9456927735402125,0.5057057158684275,0.0,0.18181818181818182,0.010818809850494437
654,110,100.0,110,0,99,11,0,0.0,1.2317613904910492,1.229665441233501,0.7319538516871806,0.879944476605075,0.31714250391656096,1.0074542599785676,8.2,1.064675958454609,0.3410565725702617,0.01209961968656314,0.0013339630369213504,0.0,0.01209961968656314,0.004367658543463637,0,0,0,11,0,0.9090909090909091,0.22727272727272727,0.20499708788174958,0.12453117504822403,0.9620654378379307,0.5096503155628868,0.0,0.18181818181818182,0.010843085597536984
655,110,100.0,110,0,99,11,0,0.0,1.23898729485451,1.2370292803806862,0.7094889831350393,0.8811122019927173,0.3115221302447167,1.0034759590111517,8.2,1.064675958454609,0.34112321243315025,0.04428008827927314,0.0016767530114717695,0.0,0.04428008827927314,0.004544264037488182,0,0,0,11,0,0.7272727272727273,0.21818181818181817,0.20218873931911874,0.13426788174218654,0.9641519319256422,0.5059864168687273,0.0,0.18181818181818182,0.010885431365085787
656,110,100.0,110,0,98,12,0,0.0,1.24030031569831,1.2382106014731225,0.7080134791304811,0.8822775566822273,0.31073407127545055,0.9862374243575652,8.2,1.064675958454609,0.34114862215000374,0.03906886142397029,0.0019099422392317856,0.0,0.03906886142397029,0.0036047556157751634,0,0,0,12,0,0.75,0.20909090909090908,0.20184917862739402,0.13362037330659607,0.9390593690850648,0.5025905236439341,0.0,0.2181818181818182,0.010898200094909754
657,110,100.0,110,0,99,11,0,0.0,1.247655317617353,1.2454843835336107,0.7473437382176537,0.8834924578876221,0.30388577332471634,0.9792838435697404,8.2,1.064675958454609,0.34395663266335164,0.026596236262735006,0.0016087341472188778,0.0,0.026596236262735006,0.005928153017784876,0,0,0,11,0,0.7272727272727273,0.22727272727272727,0.20688428256711325,0.1362990244411929,0.9452113559866359,0.5036859255910228,0.0,0.2181818181818182,0.010941442485031377
658,109,99.0909090909091,110,1,100,9,0,0.00909090909090909,1.25225799108803,1.2476030469098367,0.7422388485816906,0.8847360146559585,0.3128110183458585,0.9893843131885973,8.2,1.064675958454609,0.3438374840218512,0.01880541228742947,0.0015429055112541705,0.0,0.01880541228742947,0.002594682577778523,0,1,0,9,0,0.8,0.23636363636363636,0.20621793173146,0.14085310032981024,0.9339863132873337,0.4999865202214459,0.00909090909090909,0.2,0.01097107577735587
659,109,99.0909090909091,110,0,101,9,0,0.0,1.2472942885322644,1.2425777824630395,0.7054867215475741,0.8858999845441129,0.3149866547865739,0.9854537814406629,8.2,1.064675958454609,0.34370902643022627,0.014841940645784871,0.0014765569404698322,0.0,0.014841940645784871,0.0052140887401091645,0,0,0,9,0,0.8888888888888888,0.23636363636363636,0.20352557775936575,0.14941191001141477,0.9339863132873337,0.5000842629404098,0.0,0.2,0.010952453518358456
660,109,99.0909090909091,110,0,102,8,0,0.0,1.2550788288757588,1.2503490652922926,0.753720999271575,0.8871177531086619,0.30797411770940075,0.9779909278797335,8.2,1.064675958454609,0.3473486744593888,0.01154352767033847,0.0013354883317901103,0.0,0.01154352767033847,0.0017238427638844069,0,0,0,8,0,1.0,0.22727272727272727,0.21002391650382096,0.1502797158467427,0.9380705791883269,0.5020883961108126,0.0,0.2,0.010997858864644114
661,109,99.0909090909091,110,0,102,8,0,0.0,1.2398924644102667,1.2356172366028628,0.6605112413151201,0.8881970793934366,0.32694528351656393,0.9959708518830653,8.2,1.064675958454609,0.3417735922854652,0.02248986787928616,0.0019204873226738545,0.0,0.02248986787928616,0.004385293408220407,0,0,0,8,0,0.75,0.22727272727272727,0.19845314804209413,0.15627177015173813,0.954286937006646,0.49656643184143606,0.0,0.16363636363636364,0.010927672706050292
662,109,99.0909090909091,110,0,102,8,0,0.0,1.2371045525011388,1.2327053271743562,0.6718703491670065,0.8892401124310504,0.33183339858697886,1.0124700673232467,8.2,1.064675958454609,0.33949555677003795,0.004712711964050577,0.0017509810383254107,0.0,0.004712711964050577,0.0019240418917258334,0,0,0,8,0,1.0,0.21818181818181817,0.19841720750700179,0.15942848790590533,0.9502017808336157,0.49428054096011226,0.0,0.18181818181818182,0.01091928560749976
663,110,100.0,110,0,101,9,0,0.0,1.2460181712434868,1.2414519594694888,0.7023458440564019,0.8903465391796505,0.3198519614597631,0.992124553435702,8.2,1.064675958454609,0.34493882655087904,0.021790192259425953,0.001665214153334461,0.0,0.021790192259425953,0.00388974446108658,0,0,0,9,0,0.8888888888888888,0.23636363636363636,0.20419797199184284,0.15895831805549962,0.9523462295097682,0.5048107282794371,0.0,0.16363636363636364,0.010969743631006626
664,109,99.0909090909091,110,1,98,11,0,0.00909090909090909,1.247080478907929,1.2403193494562257,0.6670140845012098,0.891449824477194,0.3293623450670194,0.9971318298394131,8.2,1.064675958454609,0.3437282909143744,0.020427683553377603,0.001991344987772688,0.0,0.020427683553377603,8.17824881860681e-05,0,1,0,11,0,0.8333333333333334,0.23636363636363636,0.20049149340447775,0.18211178660594318,0.959614308615307,0.4998311575504383,0.00909090909090909,0.16363636363636364,0.010980928375986892
665,109,99.0909090909091,110,0,101,9,0,0.0,1.245487337263551,1.238556442351753,0.6811183514593523,0.8925080626531875,0.3242947401361973,0.9861747904326709,8.2,1.064675958454609,0.3433654268054698,0.006624822182929074,0.001541470170948012,0.0,0.006624822182929074,-0.0012229661754642278,0,0,0,9,0,1.0,0.20909090909090908,0.20163019994537432,0.17407223192057442,0.9601105434841724,0.5028776465688418,0.0,0.16363636363636364,0.0109785960714865
666,109,99.0909090909091,110,0,101,9,0,0.0,1.2624161992886125,1.2554287096765138,0.7105736565624609,0.8936987420008201,0.29890060946372926,0.9307256194928755,8.2,1.064675958454609,0.3480129258365947,0.012539705992552252,0.0015665794014308198,0.0,0.012539705992552252,-0.0035264495256937412,0,0,0,9,0,0.8888888888888888,0.21818181818181817,0.20568877125752025,0.17228770495416104,0.9566874021210042,0.510370604160387,0.0,0.14545454545454545,0.01106957881999007
667,109,99.0909090909091,110,0,101,9,0,0.0,1.2632280271838336,1.256273112901755,0.7126706229764608,0.8948839365982016,0.30178488099710377,0.9421911259463179,8.2,1.064675958454609,0.3472424788435391,0.002410827103654406,0.001440711097353995,0.0,0.002410827103654406,-0.002895533044323549,0,0,0,9,0,1.0,0.22727272727272727,0.20508837293217497,0.16584173979194725,0.9574810413949523,0.5087222278258084,0.0,0.16363636363636364,0.01107994720043579
668,109,99.0909090909091,110,0,102,8,0,0.0,1.257221817957406,1.2504067812830624,0.6986940798936104,0.8960065467757339,0.29589376401541195,0.9280023156695419,8.2,1.064675958454609,0.3483182270815195,0.0055028309339364475,0.0010112450495272569,0.0,0.0055028309339364475,0.0061225992895164415,0,0,0,8,0,1.0,0.21818181818181817,0.20511050488386218,0.1642148912879562,0.9651275670133632,0.5141247421108404,0.0,0.16363636363636364,0.011055892234637325
669,110,100.0,110,0,101,9,0,0.0,1.2672635516983317,1.260398387516694,0.7124440450530967,0.8972023073761453,0.2787169114944573,0.9122707020888847,8.2,1.064675958454609,0.3512084708219809,0.0228648831790091,0.0014058530812371222,0.0,0.0228648831790091,0.004879569950518476,0,0,0,9,0,0.7777777777777778,0.23636363636363636,0.2072960722858268,0.15674064541485266,0.9574343313847702,0.5222480087329335,0.0,0.12727272727272726,0.01111246639115858
670,110,100.0,110,0,102,8,0,0.0,1.2718194001653804,1.2649949886389351,0.7460677037623173,0.8984244881265668,0.2721507451673041,0.9357087385581229,8.2,1.064675958454609,0.35469792120371313,0.021137614361705644,0.0016434848389011393,0.0,0.021137614361705644,0.0019841682608395736,0,0,0,8,0,0.75,0.24545454545454545,0.2122848399636197,0.14679873322422213,0.9674862141995506,0.5296774025040613,0.0,0.16363636363636364,0.011141751765803122
671,110,100.0,110,0,102,8,0,0.0,1.270062591460522,1.2630044982039852,0.7851131733302495,0.8996167027938768,0.26715162031146167,0.9101266432805838,8.2,1.064675958454609,0.3582670783191948,0.008282394995163627,0.0013619545887984198,0.0,0.008282394995163627,-0.0017282693348724815,0,0,0,8,0,1.0,0.2636363636363636,0.2188902344927378,0.14169472913668751,0.955299041369515,0.5364211668762463,0.0,0.16363636363636364,0.01113931433374684
672,110,100.0,110,0,101,9,0,0.0,1.2715363734338596,1.2643134915103942,0.7816673877292382,0.9008073734678759,0.2700913945563565,0.9130086931645848,8.2,1.064675958454609,0.35862202818153466,0.008562119657047158,0.0016055942724820858,0.0,0.008562119657047158,-0.00034225751026651437,0,0,0,9,0,1.0,0.2545454545454545,0.21898507974089937,0.1550850615607572,0.9502523044899573,0.5324628613157478,0.0,0.2,0.011153021635818747
673,110,100.0,110,0,100,10,0,0.0,1.2735095042157398,1.2663036149840436,0.7842700773862308,0.9020023180503983,0.2666239176846389,0.8845324990497957,8.2,1.064675958454609,0.3592131249545194,0.00890809030785124,0.001604126377423101,0.0,0.00890809030785124,-0.0004524284982211635,0,0,0,10,0,0.9,0.2727272727272727,0.2198555404977554,0.15748744095473913,0.955760901862537,0.5334203810011612,0.0,0.19999999999999998,0.011169248433571635
674,110,100.0,110,0,100,10,0,0.0,1.2632995224108812,1.256256890118629,0.7182547186894973,0.9030989682938304,0.2825398473455282,0.9173923458787501,8.2,1.064675958454609,0.35327951011773195,0.01190282984615067,0.0013143046069393062,0.0,0.01190282984615067,0.004090914791569212,0,0,0,10,0,0.9,0.24545454545454545,0.20992036955479598,0.16368540180294472,0.9507908007493675,0.5253546499981335,0.0,0.2,0.011124036410292418
675,110,100.0,110,0,102,8,0,0.0,1.2669004524479188,1.2600692193440424,0.7257571276918399,0.9042164139279486,0.2839249151450741,0.92201256909112,8.2,1.064675958454609,0.35603424433231945,0.006071647668910559,0.0011023658986926504,0.0,0.006071647668910559,0.005658181321833706,0,0,0,8,0,1.0,0.24545454545454545,0.21234918117260107,0.15983366448018682,0.9509429346883843,0.5286634595556695,0.0,0.2,0.011147989647985235
676,110,100.0,110,0,101,9,0,0.0,1.278408734053958,1.2714207022287352,0.733775849082535,0.9054186475944126,0.2808899130187075,0.9235338171078592,8.2,1.064675958454609,0.3560577829904672,0.009792016680001413,0.0010977994449167469,0.0,0.009792016680001413,0.0007084496920492264,0,0,0,9,0,0.8888888888888888,0.2636363636363636,0.21192045041641347,0.16396429158334117,0.9563046197744414,0.5280835519213285,0.0,0.2,0.011211931002421075
677,110,100.0,110,0,99,11,0,0.0,1.275135224418409,1.268438039709506,0.6990409200989682,0.9065826768154541,0.29489748190681586,0.953684596662623,8.2,1.064675958454609,0.34994898580614686,0.006096034491977737,0.0008922869202817921,0.0,0.006096034491977737,0.004489604872880002,0,0,0,11,0,1.0,0.2545454545454545,0.2040975341480746,0.15971872900766296,0.9605509255007869,0.5220643737429919,0.0,0.16363636363636364,0.01120176002387624
678,110,100.0,110,0,99,11,0,0.0,1.2716180395699899,1.2649549141139502,0.7073296815702721,0.9077046456965748,0.30350509271028214,0.9743484707120345,8.2,1.064675958454609,0.3498679469593562,0.005361578598777243,0.0014542969777769906,0.0,0.005361578598777243,0.00037723637303247663,0,0,0,11,0,1.0,0.2636363636363636,0.20532363370409942,0.15287927527997888,0.9545155972871866,0.5246407783280906,0.0,0.2,0.01119014676610346
679,110,100.0,110,0,99,11,0,0.0,1.270082101154475,1.2634422572611057,0.6888049085074099,0.9088017853296799,0.3116503382851086,1.000762065961578,8.2,1.064675958454609,0.344710758594456,0.004036351338406154,0.0014517575718060204,0.0,0.004036351338406154,0.004255132566246595,0,0,0,11,0,1.0,0.2545454545454545,0.20008528411724072,0.14920760700511576,0.9542250569544397,0.513487572224597,0.0,0.18181818181818182,0.011188307564978059
680,110,100.0,110,0,100,10,0,0.0,1.27238269180272,1.26582433613015,0.6798407776173807,0.9099075331177049,0.3211221773849324,1.012777852805539,8.2,1.064675958454609,0.340946049040705,0.005974093846204885,0.0018451268746916528,0.0,0.005974093846204885,0.002319849115660566,0,0,0,10,0,1.0,0.23636363636363636,0.19622806833635667,0.14543613411631864,0.9393918059123564,0.5108567937921016,0.0,0.18181818181818182,0.011205696833649408
681,110,100.0,110,0,99,11,0,0.0,1.2826838128337505,1.2759700125850555,0.7023152538244336,0.9110879231372998,0.32009135136305555,0.9998136180798554,8.2,1.064675958454609,0.3429924411422609,0.006810111310148103,0.001709040046442706,0.0,0.006810111310148103,0.0042295782649159844,0,0,0,11,0,1.0,0.23636363636363636,0.19883811257046846,0.14157982558923923,0.9542250569544397,0.5196187726862513,0.0,0.18181818181818182,0.011263486103181872
682,110,100.0,110,0,100,10,0,0.0,1.2813675283029995,1.2745018349128225,0.7209283313838634,0.9122432407603774,0.31817474068210794,1.0115934077190578,8.2,1.064675958454609,0.34312471864172545,0.006113911754723062,0.0011698598530508221,0.0,0.006113911754723062,0.005809410555406606,0,0,0,10,0,1.0,0.21818181818181817,0.20104086166592497,0.13890345494272838,0.9531707174008288,0.5184185885853447,0.0,0.18181818181818182,0.011263054875016465
683,110,100.0,110,0,101,9,0,0.0,1.2887372449709096,1.2815846655153804,0.7913779769245044,0.9134465853501612,0.3073441714704981,1.0358540466527075,8.2,1.064675958454609,0.34768571721453,0.009710297686065994,0.0017956776335290373,0.0,0.009710297686065994,0.001739062736888391,0,0,0,9,0,1.0,0.21818181818181817,0.2101413092281666,0.1317255909048092,0.9622770570985576,0.522656172366008,0.0,0.18181818181818182,0.011306309318628412
684,110,100.0,110,0,104,6,0,0.0,1.278132092779232,1.2709779508569823,0.7776676397969575,0.9145467765066398,0.314901306991593,1.0547399152977042,8.2,1.064675958454609,0.3456047210213671,0.005243345312384292,0.0012340296670946265,0.0,0.005243345312384292,0.010059436817088416,0,0,0,6,0,1.0,0.23636363636363636,0.2088008397875558,0.13422124492262388,0.9581721778705325,0.5194490766600532,0.0,0.18181818181818182,0.011259140293040058
685,110,100.0,110,0,103,7,0,0.0,1.281763992573869,1.2747728263254607,0.7564630646806372,0.9156675766937918,0.31471797780179195,1.043658768018293,8.2,1.064675958454609,0.34244627859199683,0.007638319075970924,0.0015166125587821684,0.0,0.007638319075970924,0.003678645605163749,0,0,0,7,0,1.0,0.23636363636363636,0.20354829480463144,0.1288546521573885,0.9649554513043375,0.5153550227910402,0.0,0.18181818181818182,0.011283266237080706
686,110,100.0,110,0,105,5,0,0.0,1.2831778403486973,1.2760557074737275,0.7344672654826004,0.9167873708125377,0.32458925581569964,1.0419371718021364,8.2,1.064675958454609,0.34117349200580094,0.004629596174664705,0.0015119480831651635,0.0,0.004629596174664705,0.0017666333537787904,0,0,0,5,0,1.0,0.2545454545454545,0.20053736714928241,0.13866490967983586,0.9605034919492574,0.5112940775724875,0.0,0.18181818181818182,0.011296296565338086
687,110,100.0,110,0,103,7,0,0.0,1.2907010789951663,1.2835703330639092,0.7315464776150666,0.917959247882138,0.32391216713456167,1.0424530047260054,8.2,1.064675958454609,0.3392006423030889,0.005650174995224418,0.0015416872184872599,0.0,0.005650174995224418,0.0039124309578839455,0,0,0,7,0,1.0,0.2545454545454545,0.19790629165276225,0.13204744997957055,0.972663976622814,0.5086352065097791,0.0,0.18181818181818182,0.011340151105281769
688,110,100.0,110,0,107,3,0,0.0,1.293133382044009,1.2859377614114114,0.7496364334520937,0.9191388126106756,0.3228234437882162,1.0362315294279212,8.2,1.064675958454609,0.3429877422711838,0.005952943234246913,0.001820072530860203,0.0,0.005952943234246913,-0.010976261362746376,0,0,0,3,0,1.0,0.24545454545454545,0.20195581966134107,0.12645402085096463,0.9747398146584929,0.5182952347271297,0.0,0.18181818181818182,0.011358591891565559
689,110,100.0,110,0,106,4,0,0.0,1.2886458435048183,1.2814283542131475,0.7204451972283252,0.9202674103376869,0.3325938668424555,1.039749599238909,8.2,1.064675958454609,0.3398147381632408,0.004455339931625221,0.0015458816161031653,0.0,0.004455339931625221,-0.01153026202033585,0,0,0,4,0,1.0,0.24545454545454545,0.1976611807649004,0.14101174882541365,0.9702741926658034,0.5108814611200594,0.0,0.18181818181818182,0.01134216215320318
690,110,100.0,110,0,106,4,0,0.0,1.301352046738141,1.2940910910429468,0.7211750993694129,0.9214918458477985,0.3394077099376145,1.0601533870634607,8.2,1.064675958454609,0.3378264835513398,0.005371231150235915,0.0020206347472769472,0.0,0.005371231150235915,-0.012162869714328534,0,0,0,4,0,1.0,0.22727272727272727,0.19517316581622568,0.14519616022974022,0.9682558144664832,0.5070452389072667,0.0,0.18181818181818182,0.011412211304621264
691,110,100.0,110,0,104,6,0,0.0,1.304584956773365,1.297708902898385,0.701038932925901,0.9227340594658447,0.3444530286895842,1.0278477390550347,8.2,1.064675958454609,0.33598706414791435,0.00395783431988969,0.0013590482831309615,0.0,0.00395783431988969,-0.0063712567478887705,0,0,0,6,0,1.0,0.22727272727272727,0.19135683822594424,0.13884342365041688,0.9609019265559053,0.5112146502871571,0.0,0.2181818181818182,0.011434988629669377
692,110,100.0,110,0,101,9,0,0.0,1.3001608037198624,1.2935653644024239,0.6697631977347335,0.9239277553275903,0.34705450408003197,1.0094889312866693,8.2,1.064675958454609,0.3325852148836972,0.004854850830915261,0.0016775350518302486,0.0,0.004854850830915261,-0.0006266856029932204,0,0,0,9,0,1.0,0.22727272727272727,0.18623197569772906,0.12949402059539997,0.9555884502488478,0.5105471828741412,0.0,0.2181818181818182,0.0114192223608304
693,110,100.0,110,0,101,9,0,0.0,1.3023000964062004,1.2956407667750027,0.6831491950751751,0.9251264192445605,0.34296730757629246,0.9772565172563145,8.2,1.064675958454609,0.3369238567175121,0.018885773933127622,0.001734320197590152,0.0,0.018885773933127622,-0.004011852031426973,0,0,0,9,0,0.8888888888888888,0.22727272727272727,0.18998719309605727,0.12447931143146831,0.965497900218224,0.5209665463220015,0.0,0.14545454545454545,0.011436299767535418
694,110,100.0,110,0,102,8,0,0.0,1.311912001344491,1.3049289175484213,0.7171731141010783,0.9263914322415996,0.34339426469082307,0.9574563068593023,8.2,1.064675958454609,0.34081686631485053,0.019402839052713852,0.0017419099848371019,0.0,0.019402839052713852,-0.0028643988838342946,0,0,0,8,0,0.875,0.24545454545454545,0.19530068488570268,0.13449265162173624,0.9562102386192634,0.5257465061672594,0.0,0.2181818181818182,0.01149109343685227
695,110,100.0,110,0,101,9,0,0.0,1.3287629157096101,1.3218619620403493,0.7612962888010262,0.92778720259238,0.3260606401959698,0.9331840797910397,8.2,1.064675958454609,0.3446033038266558,0.015473270350142627,0.0010275414753846443,0.0,0.015473270350142627,-0.001399895224200405,0,0,0,9,0,0.8888888888888888,0.22727272727272727,0.2002616937872254,0.1260593073037085,0.9627797381058067,0.5364336716939799,0.0,0.2181818181818182,0.011582778224357864
696,110,100.0,110,0,101,9,0,0.0,1.3278946074485298,1.3212295859054564,0.7243398315750735,0.9291627263064602,0.3351653503892389,0.9487789832946502,8.2,1.064675958454609,0.33954893256459173,0.022395137289527446,0.0014611545384622562,0.0,0.022395137289527446,-0.0014976922871455076,0,0,0,9,0,0.8888888888888888,0.21818181818181817,0.19319154394435725,0.12177147220089107,0.9635510691737835,0.5306870990901147,0.0,0.21818181818181817,0.011585759118195791
697,110,100.0,110,0,100,10,0,0.0,1.3299490014825874,1.3233088479455843,0.7225803395957513,0.9305413150726976,0.3311505714732357,0.928200064551342,8.2,1.064675958454609,0.33942269088959165,0.02549368408022936,0.001513371579214399,0.0,0.02549368408022936,-0.0011356146160970526,0,0,0,10,0,0.9,0.21818181818181817,0.19260270573591082,0.11560134879023459,0.9635510691737835,0.5274546745324721,0.0,0.21818181818181817,0.01160336983994612
698,109,99.0909090909091,110,1,101,8,0,0.00909090909090909,1.3355897516593256,1.3326789023765253,0.7091362060088252,0.9319544175237889,0.33858231180195053,0.9653846961365443,8.2,1.064675958454609,0.33818742800808854,0.030249006704566192,0.0015296273429490348,0.0,0.030249006704566192,0.0002267776243573981,0,1,0,8,0,0.7777777777777778,0.21818181818181817,0.1897297690773888,0.1260486313961544,0.9544220971470847,0.5218147136869706,0.00909090909090909,0.23636363636363636,0.011639096071862363
699,109,99.0909090909091,110,0,100,10,0,0.0,1.3414047153575492,1.3384039331711313,0.7018190789915484,0.9334318548194446,0.3341463442553878,0.937387859880015,8.2,1.064675958454609,0.33804730468359123,0.004691169924932835,0.0014552179710189505,0.0,0.004691169924932835,0.0016844416437710396,0,0,0,10,0,1.0,0.22727272727272727,0.18871290340000807,0.13930098851910439,0.952382172390148,0.5206588176558222,0.0,0.23636363636363636,0.011676035850197525
700,109,99.0909090909091,110,0,99,11,0,0.0,1.3500612658393676,1.3471861723083212,0.7399148103989831,0.9349683641063783,0.31990973326297834,0.9268659859061164,8.2,1.064675958454609,0.33823195680910656,0.01017953488609585,0.0012260914033460784,0.0,0.01017953488609585,0.005072471591177175,0,0,0,11,0,1.0,0.23636363636363636,0.19155853240332502,0.12239792767787415,0.912437612914843,0.5246754397710607,0.0,0.2727272727272727,0.01172749802509532
701,108,98.18181818181819,110,1,101,8,0,0.00909090909090909,1.3416936865358702,1.3338744770110091,0.720360903854046,0.936417549872097,0.34010140695528834,0.9538148304386841,8.2,1.064675958454609,0.3372656231977891,0.06354097923370283,0.0017808493263448144,0.1111111111111111,0.058405809433617804,0.0052137446375414166,0,1,0,8,0,0.8888888888888888,0.23636363636363636,0.1905045085192024,0.14244241635172267,0.9112198618896751,0.5196305801104327,0.00909090909090909,0.2909090909090909,0.011693374694798309
702,108,98.18181818181819,110,0,104,6,0,0.0,1.341117707178689,1.3333672078640224,0.6862634493868224,0.9378045694278955,0.3370481768335558,0.9446953977530194,8.2,1.064675958454609,0.3348224792778247,0.006288245000202666,0.0010650012825279109,0.0,0.006288245000202666,0.004822023262474394,0,0,0,6,0,1.0,0.22727272727272727,0.18582170763018865,0.13617796015461162,0.9485629694660145,0.519599916096868,0.0,0.21818181818181817,0.011697878429887228
703,109,99.0909090909091,110,0,104,6,0,0.0,1.3458154772258715,1.3378714542076686,0.7199185873580357,0.9392151862222888,0.3362968020849029,0.9414968208799533,8.2,1.064675958454609,0.33700839869748167,0.008071522609205174,0.001430531878856979,0.0,0.008071522609205174,0.00592760071033339,0,0,0,6,0,1.0,0.21818181818181817,0.19045902792145722,0.12881835660721594,0.9450394638702218,0.5250386430799485,0.0,0.21818181818181817,0.011728876529061055
704,109,99.0909090909091,110,0,100,10,0,0.0,1.3423560178401763,1.3345311081478965,0.7099482765389036,0.9405823334296642,0.3234950787631652,0.9080635909649584,8.2,1.064675958454609,0.3365884694776917,0.033511431800993606,0.0015234229079331692,0.0,0.033511431800993606,0.007819043215810543,0,0,0,10,0,0.8,0.21818181818181817,0.18968136691231507,0.13628275789398206,0.958963273330173,0.5237379175750033,0.0,0.18181818181818182,0.011718857075949385
705,109,99.0909090909091,110,0,100,10,0,0.0,1.3497526579018746,1.3422058823532,0.71432666734774,0.9420002941300697,0.31982825370311146,0.9078555247856078,8.2,1.064675958454609,0.33705758129180374,0.0567163401992705,0.001445459762091316,0.0,0.0567163401992705,0.008007938008510556,0,0,0,10,0,0.6,0.21818181818181817,0.1893101552859184,0.13342812711451715,0.9709449451096159,0.525278046552249,0.0,0.14545454545454545,0.011763388619596651
706,109,99.0909090909091,110,1,101,8,0,0.00909090909090909,1.3552136529648489,1.3458453688724694,0.7125269268603698,0.9434458703391333,0.33975386745302544,0.928732087467006,8.2,1.064675958454609,0.33580691040653066,0.03257833072533543,0.0021100808246588276,0.0,0.03257833072533543,0.006275757535588116,0,1,0,8,0,0.8888888888888888,0.21818181818181817,0.18826452136063973,0.1386913155933201,0.9686051849997283,0.5166920454891185,0.00909090909090909,0.16363636363636364,0.011798388946091042
707,108,98.18181818181819,110,1,101,8,0,0.00909090909090909,1.3620982038386538,1.3492488856465723,0.7629754673465676,0.9449219679105817,0.33651079021675895,0.9589762888645416,8.2,1.064675958454609,0.34022052562997596,0.026377881372568128,0.0011550559931401301,0.0,0.026377881372568128,0.00893573890894643,0,1,0,8,0,0.8888888888888888,0.22727272727272727,0.19543395012058448,0.12908435009260258,0.9577244034312858,0.5287402713558766,0.00909090909090909,0.2181818181818182,0.01184066952844334
708,108,98.18181818181819,110,0,105,5,0,0.0,1.3619307749712202,1.349409196490009,0.7335222544057294,0.946355079129045,0.34704308704546943,0.9731638535327147,8.2,1.064675958454609,0.3353165766019408,0.011448299313271718,0.0011642474296524037,0.0,0.011448299313271718,0.005267998232265597,0,0,0,5,0,1.0,0.22727272727272727,0.18932374362070842,0.12751826006087955,0.9615011012105157,0.5200219788284716,0.0,0.18181818181818182,0.011847461379406617
709,108,98.18181818181819,110,0,106,4,0,0.0,1.3665869628764853,1.3540209181898957,0.744364119039434,0.9478122122706756,0.3442383692563474,0.9643474259238457,8.2,1.064675958454609,0.33576181289131646,0.005039811851546868,0.0016782044242426883,0.0,0.005039811851546868,0.011941018868190212,0,0,0,4,0,1.0,0.22727272727272727,0.1899618620866421,0.11935237518107127,0.951561190057749,0.5250183835685432,0.0,0.16363636363636364,0.011878499192053752
710,108,98.18181818181819,110,0,105,5,0,0.0,1.3722732287196757,1.3596157021891406,0.7788771909623108,0.9493014847221981,0.33373420460137293,0.9533383594665191,8.2,1.064675958454609,0.34001235014165787,0.0033651374854930956,0.001060007404144608,0.0,0.0033651374854930956,0.014504416957276228,0,0,0,5,0,1.0,0.21818181818181817,0.1954992258794791,0.11066302202064573,0.9548925426046428,0.5336008171623552,0.0,0.16363636363636364,0.011914858484143327
711,109,99.0909090909091,110,0,104,6,0,0.0,1.3737005386373367,1.361008205735448,0.7830106015342421,0.9507867617683562,0.32847194722555617,0.9332833490675227,8.2,1.064675958454609,0.34028228625264245,0.007760403699600525,0.0013247319357566672,0.0,0.007760403699600525,0.008159687079452185,0,0,0,6,0,1.0,0.22727272727272727,0.1956639105211055,0.10923274726544553,0.9576804526628335,0.5335566802857886,0.0,0.16363636363636364,0.011929901727545076
712,110,100.0,110,0,101,9,0,0.0,1.3730848519547056,1.3601959498620102,0.7683586249192998,0.9522493071124827,0.33920750253653115,0.9451176872857628,8.2,1.064675958454609,0.33833814842136833,0.0370499221383408,0.0013697506003593723,0.0,0.0370499221383408,0.0064841499382141555,0,0,0,9,0,0.8888888888888888,0.21818181818181817,0.1938546562399065,0.12289665524229047,0.9476556531950762,0.5258186954027164,0.0,0.2,0.011934608978462127
713,110,100.0,110,0,103,7,0,0.0,1.3729886836250105,1.3604114561112477,0.750693517269557,0.9536981166425285,0.341476692473572,0.9461138409572944,8.2,1.064675958454609,0.3359979190521567,0.00872552062194313,0.0016874802106660596,0.0,0.00872552062194313,0.0016412925509239143,0,0,0,7,0,1.0,0.2,0.1904557006108231,0.11417204131342581,0.9537128303889707,0.522933073700716,0.0,0.16363636363636364,0.01194184070018875
714,110,100.0,110,0,103,7,0,0.0,1.368684192238367,1.35652046483503,0.7145997015650375,0.9550983598868933,0.3526149432075897,0.9445137392012397,8.2,1.064675958454609,0.3329622023249672,0.00712358549571967,0.0013348568090075876,0.0,0.00712358549571967,-0.00040338991510850485,0,0,0,7,0,1.0,0.22727272727272727,0.18498575474341877,0.10923771173510782,0.947089584310051,0.5174152055314266,0.0,0.16363636363636364,0.011927772269846853
715,110,100.0,110,0,101,9,0,0.0,1.378784542667818,1.3668346358047017,0.69572279997275,0.9565715450769776,0.3467900853786891,0.9121155405162162,8.2,1.064675958454609,0.33001474086139404,0.006721797754994934,0.00135649990824674,0.0,0.006721797754994934,0.0018548882742735165,0,0,0,9,0,1.0,0.22727272727272727,0.18012871616646084,0.10915534304750554,0.953832577922717,0.5133111001718352,0.0,0.12727272727272726,0.011986116346265278
716,110,100.0,110,0,103,7,0,0.0,1.3904610690365582,1.378526632099618,0.7051815058707184,0.9581286311174124,0.3386146676420086,0.9359207267131824,8.2,1.064675958454609,0.33134154371443847,0.004891822142966011,0.0008980864520869126,0.0,0.004891822142966011,0.002784181714445083,0,0,0,7,0,1.0,0.20909090909090908,0.18089506621542484,0.11620204031990916,0.942737487198052,0.5149577251735571,0.0,0.12727272727272726,0.012052787938471459
717,110,100.0,110,0,102,8,0,0.0,1.3926530619751352,1.3805390643796103,0.7216361777121135,0.9596862799432541,0.3265169097642816,0.8843777930997903,8.2,1.064675958454609,0.3346894008619654,0.006363585467113035,0.0013095961578130353,0.0,0.006363585467113035,-7.594054073109882e-05,0,0,0,8,0,1.0,0.20909090909090908,0.18455891324477608,0.12686545569558483,0.9642890659035365,0.5190149197756434,0.0,0.16363636363636364,0.012072039859447287
718,110,100.0,110,0,101,9,0,0.0,1.3921305883950463,1.37996977308465,0.735164093363517,0.9612224959704893,0.3253470826615639,0.8854778064879267,8.2,1.064675958454609,0.33548123119989515,0.0033986558815921456,0.0010816673234821052,0.0,0.0033986558815921456,0.002903138242750856,0,0,0,9,0,1.0,0.23636363636363636,0.18612416392946698,0.1323483644431139,0.9724188306835494,0.5176024515202491,0.0,0.12727272727272726,0.012077605352902792
719,110,100.0,110,0,103,7,0,0.0,1.3955227332696765,1.3829974780931058,0.7499484287509302,0.9627681444728668,0.337942490915217,0.9496608275961101,8.2,1.064675958454609,0.3347889264810975,0.004835346870450634,0.0016152346867572681,0.0,0.004835346870450634,-0.004560097135794964,0,0,0,7,0,1.0,0.21818181818181817,0.1868630096716624,0.13044763147759492,0.952556697724464,0.5131160876831048,0.0,0.2,0.012102794151279458
720,110,100.0,110,0,103,7,0,0.0,1.3892495128663473,1.3769351334959472,0.7472628506997762,0.9642457013668815,0.3468242383414324,0.9251140232646741,8.2,1.064675958454609,0.3338082907250335,0.00653513362281325,0.0015342300387810866,0.0,0.00653513362281325,-0.000683800133907901,0,0,0,7,0,1.0,0.21818181818181817,0.18633465893719625,0.13622500770879384,0.9586204250333297,0.512027113664945,0.0,0.21818181818181817,0.012079293645774343
721,110,100.0,110,0,104,6,0,0.0,1.3853000318716349,1.3732212288944745,0.7496418482255595,0.9656758942283439,0.3422745035179134,0.9167766503970334,8.2,1.064675958454609,0.33350166140654314,0.008697132096357708,0.001610817635365366,0.0,0.008697132096357708,-0.0022359811596887416,0,0,0,6,0,1.0,0.2,0.1862372584621334,0.14242742243145567,0.96497044281035,0.512910230639623,0.0,0.18181818181818182,0.012067159700578544
722,110,100.0,110,0,104,6,0,0.0,1.370534682400599,1.3584012913626615,0.7405466334297368,0.9669646327206833,0.35251772746104065,0.9364289376835588,8.2,1.064675958454609,0.33292628048145056,0.006305468166915057,0.00130171234317618,0.0,0.006305468166915057,0.0008995116697395472,0,0,0,6,0,1.0,0.20909090909090908,0.18639881935915184,0.14532244264366959,0.9599777549413696,0.5106357383416641,0.0,0.2,0.012000193397671008
723,110,100.0,110,0,104,6,0,0.0,1.3764425286925752,1.3642462648098697,0.7281386213733921,0.9682894343457839,0.3550589911977747,0.9560324807041088,8.2,1.064675958454609,0.3299331953969842,0.016323168820055096,0.0008100190413751575,0.0,0.016323168820055096,0.009768016506837687,0,0,0,6,0,1.0,0.20909090909090908,0.18287410712136146,0.14613950336279383,0.9615675993884021,0.5090031034902606,0.0,0.21818181818181817,0.012036785051330719
724,110,100.0,110,0,105,5,0,0.0,1.3729489103551755,1.3606768029430767,0.7051860261559146,0.9695697285646112,0.36079299502013157,0.9983815878615303,8.2,1.064675958454609,0.3292523203301436,0.010478510532114179,0.0016093287193064028,0.0,0.010478510532114179,-0.007060306723275433,0,0,0,5,0,1.0,0.21818181818181817,0.1804986092170675,0.1516732757431132,0.9686638183911941,0.5057523558137111,0.0,0.2,0.012026132452016391
725,110,100.0,110,0,105,5,0,0.0,1.3711863253929584,1.358801987032862,0.7163546960621565,0.9708204232272841,0.3736485467811394,1.0429025701998274,8.2,1.064675958454609,0.3286110773315578,0.011419499804055518,0.0011251082977517374,0.0,0.011419499804055518,0.011446292861838191,0,0,0,5,0,1.0,0.21818181818181817,0.18197572071155582,0.1568238299122458,0.9673149374025685,0.5032466341553118,0.0,0.2,0.01202397744989888
726,110,100.0,110,0,104,6,0,0.0,1.3724738811245636,1.3600020459031072,0.703761132201345,0.9720680234351928,0.38726193677850146,1.0560167682343071,8.2,1.064675958454609,0.3264560894028099,0.00426484895063121,0.0012711370715227125,0.0,0.00426484895063121,0.004297893299741677,0,0,0,6,0,1.0,0.2,0.17880153391214967,0.1539985301396776,0.9667259062845992,0.49977093093421276,0.0,0.2,0.012037056678292525
727,110,100.0,110,0,105,5,0,0.0,1.3692825614879685,1.3569676585067914,0.7044164542885706,0.9732764956291544,0.38801236621000496,1.0514915631067023,8.2,1.064675958454609,0.32858353901575543,0.006328233647936991,0.0016074258533278468,0.0,0.006328233647936991,-0.0024735956539794325,0,0,0,5,0,1.0,0.19090909090909092,0.18051364872521006,0.15414343522783272,0.9568737432531974,0.5031918634515429,0.0,0.2,0.012027533236566409
728,110,100.0,110,0,103,7,0,0.0,1.374560615749249,1.3622852919160513,0.7046468478394251,0.9745173939617758,0.37745406339429094,1.0292135658291397,8.2,1.064675958454609,0.3297741225605766,0.0030774577218076887,0.0016167425810890365,0.0,0.0030774577218076887,-0.00042245999123836323,0,0,0,7,0,1.0,0.22727272727272727,0.18077399524367269,0.1543057042977007,0.9585602638728831,0.5054095376425682,0.0,0.19999999999999996,0.012060529280980952
729,110,100.0,110,0,103,7,0,0.0,1.3713510557726756,1.3589605610778563,0.6923269413306407,0.9757167626602472,0.3884738347953597,1.0451894642392958,8.2,1.064675958454609,0.3282982759983799,0.0022030836810184784,0.001470993640613523,0.0,0.0022030836810184784,0.0013178686039833393,0,0,0,7,0,1.0,0.22727272727272727,0.1794433043372311,0.15992785338514695,0.964050365106493,0.5021604012564737,0.0,0.2,0.012050866176191014
730,110,100.0,110,0,103,7,0,0.0,1.3658481332221557,1.3535718164673576,0.6650775692736889,0.9768574638338682,0.4025020426905355,1.0618756572653987,8.2,1.064675958454609,0.32788365998248437,0.0025348582625863347,0.0014015929138228235,0.0,0.0025348582625863347,0.004620862936081565,0,0,0,7,0,1.0,0.21818181818181817,0.17684793412658376,0.15922025831853673,0.9623315772318294,0.500929610632679,0.0,0.2,0.01202942394901509
731,110,100.0,110,0,104,6,0,0.0,1.3770178648762759,1.364442364929549,0.722395150089598,0.9780786091291592,0.37613835751986724,1.010338235640739,8.2,1.064675958454609,0.3341482260527373,0.0045279102904388,0.001801303735586279,0.0,0.0045279102904388,0.003684165165322481,0,0,0,6,0,1.0,0.21818181818181817,0.18480562681588097,0.15670377649280792,0.9662031448723716,0.5085789965318124,0.0,0.21818181818181817,0.012091773227474073
732,110,100.0,110,0,104,6,0,0.0,1.3903562996369225,1.377435993138382,0.7545813117011545,0.9793974252126096,0.36345485830412844,1.0206952778359648,8.2,1.064675958454609,0.33679208529898763,0.005282723744998448,0.0017042547467422163,0.0,0.005282723744998448,0.005259247107492389,0,0,0,6,0,1.0,0.21818181818181817,0.18846907241154495,0.15939516819903626,0.9595761403706605,0.5135548231105757,0.0,0.21818181818181817,0.01216548596016567
733,110,100.0,110,0,104,6,0,0.0,1.386245932801469,1.3733367121915503,0.7361281359162691,0.9806672849313149,0.3822241507589175,1.0757851328455565,8.2,1.064675958454609,0.3334181193391126,0.003555132624106012,0.002213230031540179,0.0,0.003555132624106012,0.00028496906632575575,0,0,0,6,0,1.0,0.22727272727272727,0.18501418690661026,0.1516802035082018,0.9629160840743478,0.5084472060837559,0.0,0.18181818181818182,0.012151694071553979
734,110,100.0,110,0,102,8,0,0.0,1.3836311914939046,1.370745341913552,0.7418321462019988,0.9819015530018138,0.3816915084280707,1.0747604943338485,8.2,1.064675958454609,0.33313377938852584,0.0022294478820696637,0.0018440898031395476,0.0,0.0022294478820696637,0.0021795050266525257,0,0,0,8,0,1.0,0.23636363636363636,0.1858613321458021,0.1455791430428515,0.9598212182340851,0.506457004214319,0.0,0.16363636363636364,0.012145190842720898
735,110,100.0,110,0,101,9,0,0.0,1.3882934584291213,1.3754157643695355,0.750249859095813,0.9831624600089407,0.3807001247003222,0.9952246910124606,8.2,1.064675958454609,0.33513703529573524,0.003249779637851158,0.0018049819610363885,0.0,0.003249779637851158,-4.439962365234634e-05,0,0,0,9,0,1.0,0.21818181818181817,0.1873337245516914,0.1427217126459109,0.9623337531173687,0.5080003720189341,0.0,0.16363636363636364,0.012175214464278657
736,110,100.0,110,0,102,8,0,0.0,1.3795437927480236,1.3667234776059567,0.7451937625590936,0.984335906692375,0.39819897952110644,1.0730994128112266,8.2,1.064675958454609,0.3348692710653387,0.003373979125358539,0.0014091116689803284,0.0,0.003373979125358539,0.007239527757264816,0,0,0,8,0,1.0,0.20909090909090908,0.18773659821757097,0.1471702679260581,0.9591762147787319,0.5055757939137432,0.0,0.2,0.012137712838235074
737,110,100.0,110,0,104,6,0,0.0,1.3711360847841387,1.3586589139484775,0.7113717448963046,0.9854281707947531,0.4068039677373385,1.085665648637374,8.2,1.064675958454609,0.3313351205800419,0.00584377029805225,0.0013671150093404177,0.0,0.00584377029805225,-0.0010324116279614483,0,0,0,6,0,1.0,0.24545454545454545,0.18288759657567702,0.14335984373688274,0.952991767404709,0.5006196481806671,0.0,0.2,0.012101488835066074
738,110,100.0,110,0,103,7,0,0.0,1.3804178966974399,1.3674751621343522,0.7435804216548164,0.9865838974037284,0.3948905895182103,1.0669975434064218,8.2,1.064675958454609,0.3342850119297973,0.0027416448998501056,0.00198163858687997,0.0,0.0027416448998501056,-0.0004273459823768263,0,0,0,7,0,1.0,0.20909090909090908,0.18712715211876493,0.15210620138858813,0.9645434251671661,0.5013975321869153,0.0,0.2,0.01215405026630819
739,110,100.0,110,0,104,6,0,0.0,1.3741390739875505,1.3612850255564346,0.754886332795158,0.9876745953525999,0.39865540132975535,1.064611971351756,8.2,1.064675958454609,0.33482593633977387,0.02416323441937537,0.0012968120656311698,0.0,0.02416323441937537,0.007372009612038387,0,0,0,6,0,0.8333333333333334,0.23636363636363636,0.18909278739111227,0.14731307048745731,0.9639870744441169,0.5056278837691243,0.0,0.2,0.01212846235217924
740,109,99.0909090909091,110,1,103,6,0,0.00909090909090909,1.3720075496046495,1.362478911299086,0.7495463789013395,0.9887363850865395,0.40904106169323623,1.0980681227172702,8.2,1.064675958454609,0.33374027154469377,0.019960984584619146,0.0016182360721392164,0.0,0.019960984584619146,-0.0024260200641878387,0,1,0,6,0,0.8571428571428571,0.24545454545454545,0.18810774679856826,0.16167803942897158,0.9668490393862139,0.5018491253346076,0.00909090909090909,0.2,0.012123457040278032
741,109,99.0909090909091,110,0,103,7,0,0.0,1.3713320083272273,1.361537484461085,0.7458243806061897,0.9898063163119538,0.4040791749847474,1.106401691899414,8.2,1.064675958454609,0.3345753969094789,0.0031792180167490294,0.0016652181568991599,0.0,0.0031792180167490294,-0.0012303790949644883,0,0,0,7,0,1.0,0.22727272727272727,0.1886542059458574,0.1794122253978642,0.9635251890967682,0.499298909960089,0.0,0.2,0.012125774984155414
742,109,99.0909090909091,110,0,105,5,0,0.0,1.371323113020901,1.3613785840725519,0.7952257442548837,0.9908635028174513,0.4018182820215233,1.0873077317788953,8.2,1.064675958454609,0.3367172238831151,0.003884132184540076,0.0026892073926475133,0.0,0.003884132184540076,-0.00272659102610785,0,0,0,5,0,1.0,0.20909090909090908,0.194708098205291,0.18199269389452633,0.9615573178914176,0.5003393142918983,0.0,0.2,0.01213135831290381
743,109,99.0909090909091,110,0,102,8,0,0.0,1.3690124045231091,1.3590066920785453,0.7765336800619169,0.9918892313413324,0.4111397886395612,1.1178132522520894,8.2,1.064675958454609,0.33627363456425163,0.003966964503233661,0.0016993529486641723,0.0,0.003966964503233661,0.003145453215248971,0,0,0,8,0,1.0,0.22727272727272727,0.19270500190579606,0.18544181929220227,0.9561579535095912,0.49781346343854305,0.0,0.2363636363636364,0.012125265112911239
744,109,99.0909090909091,110,0,103,7,0,0.0,1.3775168054414235,1.367319308061558,0.8015686010965549,0.9929748411193324,0.39848136011820884,1.1092747245113037,8.2,1.064675958454609,0.3404741894779122,0.0047735202267657805,0.0014677660303922398,0.0,0.0047735202267657805,0.0035560033573925937,0,0,0,7,0,1.0,0.20909090909090908,0.1968405938074237,0.18423422444022267,0.9613215572533094,0.5072076810442984,0.0,0.2,0.01217356623065731
745,110,100.0,110,0,104,6,0,0.0,1.3707099254546111,1.3604173365355594,0.7879793052819131,0.9939901057658262,0.403033926061129,1.117457976081791,8.2,1.064675958454609,0.33979847657836415,0.045270046558477266,0.0025081038981771974,0.0,0.045270046558477266,-0.0032021543890194126,0,0,0,6,0,0.8333333333333334,0.24545454545454545,0.19556132763257783,0.18782639810616686,0.9586055520183402,0.5042008677827592,0.0,0.2,0.012144936470026202
746,109,99.0909090909091,110,1,103,6,0,0.00909090909090909,1.3665587777591472,1.3543538469963265,0.7785996150158782,0.9949571419873425,0.41215522328007054,1.1237636432780511,8.2,1.064675958454609,0.3397293892013724,0.04096972592374965,0.0022903962084788454,0.0,0.04096972592374965,-0.0012836771237170832,0,1,0,6,0,0.8571428571428571,0.24545454545454545,0.1955146916649212,0.18841313380476085,0.9630649119740118,0.50259243380061,0.00909090909090909,0.16363636363636364,0.012129328632628899
747,109,99.0909090909091,110,0,102,8,0,0.0,1.3745290223634274,1.362341915591102,0.7957911024300142,0.995967693977475,0.40292051686566954,1.1239503503939994,8.2,1.064675958454609,0.33836571612566435,0.003323708558607609,0.0016480684625293535,0.0,0.003323708558607609,-0.0009486687932162008,0,0,0,8,0,1.0,0.23636363636363636,0.19541926816210026,0.1817722698290527,0.9595355276359184,0.5030870596876543,0.0,0.2,0.012174559407693613
748,109,99.0909090909091,110,0,102,8,0,0.0,1.3618628544357416,1.350090422540521,0.7476747535801078,0.9968631359026718,0.4145281383900023,1.111313839362998,8.2,1.064675958454609,0.3359803452446728,0.007996606701323964,0.0018288988368145222,0.0,0.007996606701323964,0.003341692992289841,0,0,0,8,0,1.0,0.22727272727272727,0.1902656893984513,0.1772666955754402,0.9507668658083157,0.5037573487010665,0.0,0.23636363636363636,0.01211599534550493
749,109,99.0909090909091,110,0,102,8,0,0.0,1.3525692351155325,1.3409406993277577,0.7023413390501022,0.9976711123503198,0.4262559178490723,1.1355556900717907,8.2,1.064675958454609,0.3343217172136572,0.007320894801292541,0.002274941926572259,0.0,0.007320894801292541,-0.0038985509386489925,0,0,0,8,0,1.0,0.23636363636363636,0.18607747491160492,0.19321736962684666,0.9666454482131491,0.49736944514185966,0.0,0.2,0.012073828414397927
750,109,99.0909090909091,110,0,105,5,0,0.0,1.3554892971774464,1.3439884760876226,0.6905704780707993,0.9984964456241238,0.428828757471044,1.1358956365764328,8.2,1.064675958454609,0.33200325835305455,0.008598393292533308,0.0024041635925872097,0.0,0.008598393292533308,-0.004735370260759731,0,0,0,5,0,1.0,0.23636363636363636,0.18302060643322265,0.197762484444177,0.9542195532701352,0.49568599883494524,0.0,0.23636363636363636,0.012092822287179155
751,110,100.0,110,0,105,5,0,0.0,1.3577188100407411,1.3463994438212037,0.7027413760647222,0.9993335269680447,0.4292835720569641,1.148529159581086,8.2,1.064675958454609,0.3331460385690357,0.012403655293948795,0.0019990115329149493,0.0,0.012403655293948795,-0.00611575183014561,0,0,0,5,0,1.0,0.22727272727272727,0.18445285047659005,0.18727711826229645,0.9610715499418687,0.5010618614466026,0.0,0.2363636363636364,0.012108425953406346
752,110,100.0,110,0,104,6,0,0.0,1.367074847885702,1.3558536757669808,0.733307771827286,1.0002422216558107,0.4245530722822941,1.1360795310189642,8.2,1.064675958454609,0.3321496642835371,0.0062366318735145075,0.0023333138995841893,0.0,0.0062366318735145075,-0.006049014857542677,0,0,0,6,0,1.0,0.21818181818181817,0.18589492894064263,0.1815556300982461,0.9599252738132598,0.5018891238840549,0.0,0.2363636363636364,0.012160043469569348
753,110,100.0,110,0,104,6,0,0.0,1.3751502227294037,1.3636208300110337,0.7728005420248456,1.0012073977088143,0.42281161664339956,1.1331350990518596,8.2,1.064675958454609,0.33433493874177245,0.005576258312090445,0.002286354258662085,0.0,0.005576258312090445,0.0029978606935310848,0,0,0,6,0,1.0,0.22727272727272727,0.1903359996421821,0.18336192749502284,0.9620011118489387,0.502246824902445,0.0,0.2363636363636364,0.012205558342484402
754,110,100.0,110,0,102,8,0,0.0,1.3804307065827146,1.369090570638563,0.7599758020282753,1.0022088857751859,0.4281782133940039,1.0991956240655987,8.2,1.064675958454609,0.33273195745873263,0.006189812379367535,0.002266085373621561,0.0,0.006189812379367535,0.003191224040460662,0,0,0,8,0,1.0,0.22727272727272727,0.18774902866289658,0.18857442822539378,0.9589902477282176,0.4985486637939697,0.0,0.2545454545454546,0.012237292063085683
755,110,100.0,110,0,102,8,0,0.0,1.372672089728439,1.3612598699813048,0.7578239875952909,1.0031330139690666,0.4328501022032986,1.094774141161381,8.2,1.064675958454609,0.332124729192222,0.0034767355135424905,0.002127987578333587,0.0,0.0034767355135424905,-0.0025469996172078554,0,0,0,8,0,1.0,0.23636363636363636,0.187833491041309,0.1824258592216578,0.9668522834989234,0.4980688208219407,0.0,0.2181818181818182,0.012203418464167079
756,110,100.0,110,0,102,8,0,0.0,1.3871121913665927,1.3754387755717392,0.7980535047449395,1.0041680707114369,0.4192803753019344,1.06895734866678,8.2,1.064675958454609,0.33557880368470294,0.005920443168546461,0.0017114139935956564,0.0,0.005920443168546461,0.0013761259731102995,0,0,0,8,0,1.0,0.21818181818181817,0.19214268402211232,0.20039706693413017,0.9649887471388056,0.4975068270678982,0.0,0.2181818181818182,0.012281128972504038
757,110,100.0,110,0,102,8,0,0.0,1.3958193603356113,1.3841735329584353,0.8315547456245047,1.005266504943055,0.4174333757530608,1.0634746387388256,8.2,1.064675958454609,0.3384074628612812,0.006403154879695984,0.0017842490439147708,0.0,0.006403154879695984,0.0037110771325987862,0,0,0,8,0,1.0,0.24545454545454545,0.19599700198844813,0.18339759807790468,0.961272673621048,0.5069765388444537,0.0,0.2181818181818182,0.012330512199940866
758,110,100.0,110,0,103,7,0,0.0,1.3842340461948517,1.3729025984683225,0.7474928483558071,1.0062572452656418,0.43332873653010595,1.0611792056663607,8.2,1.064675958454609,0.3327558631524863,0.005410709503777872,0.001700308020893583,0.0,0.005410709503777872,-0.002099136588591336,0,0,0,7,0,1.0,0.2636363636363636,0.18590076639264597,0.1784035108561911,0.9528978263124566,0.5006187518041505,0.0,0.2545454545454545,0.012277859716249718
759,110,100.0,110,0,102,8,0,0.0,1.3789655812278718,1.3676041827294645,0.7314063319556886,1.007192308647363,0.44432577645412097,1.0824099101845672,8.2,1.064675958454609,0.32895793903836434,0.0049302060192287864,0.0016826177424501048,0.0,0.0049302060192287864,-8.110794258693599e-05,0,0,0,8,0,1.0,0.21818181818181817,0.18283436088250554,0.19427168570931222,0.9640408570341711,0.4899710172765995,0.0,0.2545454545454545,0.012256495088925567
760,110,100.0,110,0,101,9,0,0.0,1.3836629057363212,1.3720297232332985,0.7488574579453814,1.0081551107666835,0.44979861274516997,1.0891670949916654,8.2,1.064675958454609,0.3302794712111192,0.0069784586361405915,0.0021955911702146585,0.0,0.0069784586361405915,0.004269456246041735,0,0,0,9,0,1.0,0.23636363636363636,0.1850170699639167,0.2045547875877846,0.9592279233014193,0.4913428467886973,0.0,0.2545454545454545,0.012285107072813762
761,110,100.0,110,0,101,9,0,0.0,1.3922785310127763,1.3802931865629735,0.7912005495168225,1.0091780454492378,0.4440689708064629,1.0957111561559947,8.2,1.064675958454609,0.3325474936441508,0.006569723012666941,0.0023801048904212524,0.0,0.006569723012666941,-0.0006364069522785984,0,0,0,9,0,1.0,0.23636363636363636,0.19030768558537375,0.20912539413947812,0.9493726410793616,0.49381555009115274,0.0,0.2909090909090909,0.012333630669013964
762,110,100.0,110,0,102,8,0,0.0,1.3940693583784212,1.3819971169942729,0.7957667670600566,1.0102046022622766,0.4338699789078655,1.0755949772087656,8.2,1.064675958454609,0.3335502050044923,0.006136337905914491,0.0021246894230721137,0.0,0.006136337905914491,-0.0014225861107739352,0,0,0,8,0,1.0,0.23636363636363636,0.1903360976000977,0.1925118911623701,0.9638948954387818,0.49922983281339095,0.0,0.21818181818181817,0.01234804955763634
763,110,100.0,110,0,102,8,0,0.0,1.3952449907771702,1.3834817464100897,0.7729355349450434,1.0112328747656971,0.43896450317822605,1.08411127562409,8.2,1.064675958454609,0.32827289979201946,0.005348495223329019,0.0024730916983653874,0.0,0.005348495223329019,-0.005643599333259107,0,0,0,8,0,1.0,0.20909090909090908,0.18465087185729037,0.182856989961972,0.9516080001534941,0.4939997577723428,0.0,0.23636363636363636,0.012359401604695742
764,109,99.0909090909091,110,1,104,5,0,0.00909090909090909,1.3832324408991423,1.3676669450877676,0.7147606832493104,1.0121504249308106,0.46566317736073726,1.1476377585794753,8.2,1.064675958454609,0.3232438985007515,0.0060799766358552556,0.001744927751271987,0.0,0.0060799766358552556,-0.0008044694970106755,0,1,0,5,0,1.0,0.21818181818181817,0.17918163476799537,0.19654594105854437,0.9571038652881123,0.4704232662962028,0.00909090909090909,0.2727272727272727,0.012304223323312966
765,109,99.0909090909091,110,0,102,8,0,0.0,1.3889058647462391,1.3734540845461463,0.7041394204888547,1.013072571044037,0.4580054774940515,1.0974669211992232,8.2,1.064675958454609,0.3230171361256027,0.008116719526761467,0.002491792400079089,0.0,0.008116719526761467,-0.004120959449730122,0,0,0,8,0,1.0,0.21818181818181817,0.17736267983905066,0.19036093951561517,0.963249623013277,0.47199192626617587,0.0,0.2727272727272727,0.012337499376533122
766,109,99.0909090909091,110,0,102,8,0,0.0,1.3999721773681515,1.3845462200717564,0.7049575889998742,1.01407937552947,0.4489495211929115,1.1126282781921468,8.2,1.064675958454609,0.3232277219681494,0.008886318933160234,0.001857784115757701,0.0,0.008886318933160234,0.005492664576550746,0,0,0,8,0,1.0,0.19090909090909092,0.17643208246820682,0.1923668850104516,0.9543814659668803,0.4729873863348982,0.0,0.2727272727272727,0.012398190542295205
767,109,99.0909090909091,110,0,101,9,0,0.0,1.3972275824175369,1.3818675835322727,0.6779548472539505,1.0150526457701976,0.45907483424610634,1.098643212196664,8.2,1.064675958454609,0.3217659731718918,0.005945999571473911,0.0024115955953858473,0.0,0.005945999571473911,-0.0007398739853070416,0,0,0,9,0,1.0,0.20909090909090908,0.1733469947715222,0.2152518577262497,0.9622316404625504,0.46788465699127146,0.0,0.2,0.012389648654674044
768,109,99.0909090909091,110,0,99,11,0,0.0,1.3970619407670855,1.3819945549978132,0.6711607626216293,1.0160166353043953,0.45299790190596934,1.1290525710452024,8.2,1.064675958454609,0.3187564340186735,0.020187400784697832,0.0024167736109779697,0.0,0.020187400784697832,0.0015151561710733952,0,0,0,11,0,0.9090909090909091,0.22727272727272727,0.17068000254953206,0.20602090418505034,0.9649695079710183,0.4644969813254521,0.0,0.23636363636363636,0.012393952128828097
769,110,100.0,110,0,100,10,0,0.0,1.3962969237177723,1.381388400545012,0.6485947754350752,1.0169651986091968,0.4590915954754062,1.1007573154325758,8.2,1.064675958454609,0.31478013947673067,0.007349192048462143,0.001956806086991044,0.0,0.007349192048462143,0.0016494061660481396,0,0,0,10,0,1.0,0.21818181818181817,0.16635098110390856,0.20837229364929416,0.9646289717967229,0.4588849723094172,0.0,0.2,0.012395176606310003
770,110,100.0,110,0,99,11,0,0.0,1.387842904915934,1.3727975707189688,0.6286045969185923,1.0178304911887095,0.4673490213915824,1.1242766364496843,8.2,1.064675958454609,0.3134242651243555,0.02269832607678528,0.0027706789803594585,0.0,0.02269832607678528,-0.0011835075449740586,0,0,0,11,0,0.9090909090909091,0.21818181818181817,0.16443899367513104,0.20743949060408454,0.9583479070084233,0.4576460826521062,0.0,0.23636363636363636,0.012357512793332994
771,110,100.0,110,0,100,10,0,0.0,1.3978422106878945,1.3823776846786975,0.6642089850338586,1.0187681689422554,0.45330161870753444,1.1362390730188325,8.2,1.064675958454609,0.3169482752718069,0.004934890377469565,0.0019477347192258347,0.0,0.004934890377469565,-0.004786790299026714,0,0,0,10,0,1.0,0.2,0.16909353036615668,0.2072221359689969,0.9678242771929727,0.4631318345896917,0.0,0.23636363636363636,0.012412500936997688
772,110,100.0,110,0,99,11,0,0.0,1.4104227526977873,1.3946910155792618,0.6958218155573446,1.019800741125218,0.43705447520028545,1.086510859671003,8.2,1.064675958454609,0.32030305509946855,0.006730893505577273,0.00213118215477742,0.0,0.006730893505577273,-0.0004579730727018651,0,0,0,11,0,1.0,0.22727272727272727,0.1726641854757214,0.19486695173878885,0.9485914026065326,0.47109259607506404,0.0,0.2727272727272727,0.012480900420939998
773,110,100.0,110,0,103,7,0,0.0,1.3999549537746343,1.383992297458268,0.6762720151098306,1.0207311944166373,0.4534497454853744,1.1291206481601834,8.2,1.064675958454609,0.319889046305762,0.005581950721463002,0.002396629914718166,0.0,0.005581950721463002,-0.0006352316458956762,0,0,0,7,0,1.0,0.21818181818181817,0.17197731850537112,0.2027847785577973,0.9528185339896358,0.46395114454013303,0.0,0.2727272727272727,0.012433514582573428
774,110,100.0,110,0,101,9,0,0.0,1.3976275158443372,1.3818360508696685,0.6827521935388038,1.0216333757643312,0.44761955940310266,1.0702399897323207,8.2,1.064675958454609,0.32192057607192837,0.006127877630748362,0.0019574874459111317,0.0,0.006127877630748362,-0.0009234003790793669,0,0,0,9,0,1.0,0.24545454545454545,0.17384024025097336,0.19929435960019126,0.9520521676526782,0.4699975574378141,0.0,0.2727272727272727,0.012426680046877223
775,110,100.0,110,0,99,11,0,0.0,1.3977167305498805,1.381721007207173,0.6946421524837124,1.0225249719303413,0.4494789696350212,1.0989732072693044,8.2,1.064675958454609,0.32355205926918607,0.00771469302008303,0.001583938971908636,0.0,0.00771469302008303,0.00505146644378297,0,0,0,11,0,1.0,0.24545454545454545,0.1757905275138083,0.20523884227413736,0.9514796923489754,0.4712872913707064,0.0,0.2727272727272727,0.012431872425417944
776,110,100.0,110,0,101,9,0,0.0,1.4118792095692436,1.3958378847171995,0.6980114440526443,1.0235273146870727,0.4451045989752349,1.0997506611985164,8.2,1.064675958454609,0.32325346956747003,0.01062253326752644,0.0019284670258120076,0.0,0.01062253326752644,-0.0005668980060576491,0,0,0,9,0,1.0,0.24545454545454545,0.17443383799246637,0.20007336768075756,0.9534813933119515,0.47298295978365595,0.0,0.2727272727272727,0.012508020671690875
777,110,100.0,110,0,102,8,0,0.0,1.415346558147159,1.3996254387549811,0.695358243374084,1.0245512458832546,0.4519188812722707,1.1059029851633122,8.2,1.064675958454609,0.32155954940148024,0.00808407955254994,0.0011886362596313653,0.0,0.00808407955254994,0.00537790056490119,0,0,0,8,0,1.0,0.2545454545454545,0.17291058368828904,0.19195905421216936,0.9335489083724597,0.4729879896022445,0.0,0.2727272727272727,0.012530808189218885
778,110,100.0,110,0,102,8,0,0.0,1.4067978065579958,1.3915716921564287,0.6471808273721904,1.025495678487128,0.4608174550753609,1.1231975498121118,8.2,1.064675958454609,0.3173640193749885,0.006442601325020474,0.002688837391684676,0.0,0.006442601325020474,-0.007421190665659716,0,0,0,8,0,1.0,0.2545454545454545,0.16653713054987512,0.19919667305744534,0.9502438067641467,0.46930158652817433,0.0,0.23636363636363636,0.012493092004711694
779,110,100.0,110,0,103,7,0,0.0,1.4162003298856585,1.400735634342765,0.6619817020545896,1.0265081089755679,0.4606584086405671,1.1120163100503129,8.2,1.064675958454609,0.31858018951153255,0.006646502878485588,0.0020155691945656557,0.0,0.006646502878485588,-0.003325013942870817,0,0,0,7,0,1.0,0.24545454545454545,0.16789357281403341,0.1940100337558488,0.9520584327747553,0.4718268723031417,0.0,0.2727272727272727,0.012545494173353247
780,109,99.0909090909091,110,1,102,7,0,0.00909090909090909,1.416880736560269,1.4034072275106368,0.6664946176173947,1.0275125849629188,0.47857890366359956,1.1079592719869313,8.2,1.064675958454609,0.32027117338649846,0.005886271283165408,0.0020987140855162102,0.0,0.005886271283165408,-0.00760587277110953,0,1,0,7,0,1.0,0.23636363636363636,0.16973455989566047,0.2098696792664087,0.9462616744641991,0.46665585387383374,0.00909090909090909,0.2727272727272727,0.012554243413899187
781,109,99.0909090909091,110,0,103,7,0,0.0,1.419562578709026,1.4058185589702703,0.675113150269344,1.0285468352742029,0.4676384036814419,1.087617737330387,8.2,1.064675958454609,0.3233068306181852,0.003466838612322454,0.0018745845102756593,0.0,0.003466838612322454,-0.00621724007467401,0,0,0,7,0,1.0,0.23636363636363636,0.17221797382290524,0.2199298761113582,0.9442719960270083,0.46778336055885616,0.0,0.23636363636363636,0.012573158331850215
782,109,99.0909090909091,110,0,103,7,0,0.0,1.4255020287844042,1.4117643435161098,0.6941927410331712,1.029620716841953,0.46679290365974835,1.10372426142977,8.2,1.064675958454609,0.3255548249610243,0.003649286803740208,0.0024028008949046964,0.0,0.003649286803740208,-0.0045299600214209045,0,0,0,7,0,1.0,0.2545454545454545,0.17460839281398435,0.2078493761242626,0.9299507151463926,0.4744356977171375,0.0,0.2727272727272727,0.012608572261664161
783,109,99.0909090909091,110,0,103,7,0,0.0,1.4164386010315066,1.403302197549365,0.6778086069190637,1.0306110895038874,0.4782519532980528,1.1076122629184577,8.2,1.064675958454609,0.32146143172289454,0.004664184777213671,0.0020152237832357076,0.0,0.004664184777213671,-0.003875628484297618,0,0,0,7,0,1.0,0.22727272727272727,0.17098255423061162,0.19566892891282966,0.9402773040084703,0.47357728365402185,0.0,0.23636363636363636,0.012568527252715036
784,109,99.0909090909091,110,0,103,7,0,0.0,1.4201951474135364,1.406950509490997,0.6819888297352817,1.0316219920662966,0.4729538373154771,1.0964899223207958,8.2,1.064675958454609,0.3228621983110658,0.006136411612168634,0.001736266062473887,0.0,0.006136411612168634,0.0034503252035298915,0,0,0,7,0,1.0,0.2545454545454545,0.17176793933430237,0.19256723163155032,0.9462616744641991,0.4786017119621902,0.0,0.2727272727272727,0.01259269140289787
785,109,99.0909090909091,110,1,102,7,0,0.00909090909090909,1.4457497847871066,1.4288514814807949,0.7418389691653325,1.0328354321829123,0.46423485341631604,1.094617486616836,8.2,1.064675958454609,0.32887174345376335,0.006894069860002128,0.0015142308941712085,0.0,0.006894069860002128,0.001792741210505322,0,1,0,7,0,1.0,0.22727272727272727,0.17905397723958436,0.1928217429711242,0.9377849387225896,0.4817201299154617,0.00909090909090909,0.2909090909090909,0.012726924192361646
786,109,99.0909090909091,110,0,103,7,0,0.0,1.4531242075686097,1.4360549541857563,0.7709311841016799,1.03407054712399,0.46066627948088745,1.132479727806293,8.2,1.064675958454609,0.3303912930365416,0.003909150838354552,0.0013109796004810617,0.0,0.003909150838354552,0.005077012932937477,0,0,0,7,0,1.0,0.21818181818181817,0.18180940261209932,0.18983601840754635,0.9465073871771414,0.48082239214385825,0.0,0.2727272727272727,0.012770371292187629
787,109,99.0909090909091,110,0,101,9,0,0.0,1.459371681876455,1.4420663697185163,0.8143145647127669,1.0353437137699824,0.4532455545631737,1.0489425345426118,8.2,1.064675958454609,0.3324726347727458,0.005672667607338778,0.0013773104405440774,0.0,0.005672667607338778,0.008323706062805716,0,0,0,9,0,1.0,0.22727272727272727,0.18616509566280917,0.18226303384403275,0.9518510001697897,0.48368087461190273,0.0,0.2545454545454545,0.012808386213322327
788,109,99.0909090909091,110,0,103,7,0,0.0,1.4581897754549304,1.4413382866304956,0.7763100484828427,1.0365971239363077,0.44968079122223514,1.0974972377303063,8.2,1.064675958454609,0.3296266012584548,0.0034886280320434123,0.0009620030125040877,0.0,0.0034886280320434123,0.008152058320524371,0,0,0,7,0,1.0,0.21818181818181817,0.1812991665550927,0.18482180187006883,0.9516532099313312,0.48309867129182404,0.0,0.2545454545454545,0.01280914905956555
789,109,99.0909090909091,110,0,102,8,0,0.0,1.4605207733750334,1.443352237942223,0.7713807594283206,1.0378543429902756,0.45772788705635314,1.0895450480806748,8.2,1.064675958454609,0.3296264714141348,0.0012669752563702636,0.0015731211906661177,0.0,0.0012669752563702636,-0.0007219853628367065,0,0,0,8,0,1.0,0.22727272727272727,0.1811127474584101,0.19512629549007798,0.9419629573759661,0.4821547427226361,0.0,0.2727272727272727,0.012827496703672418
790,109,99.0909090909091,110,1,104,5,0,0.00909090909090909,1.4597862660484342,1.4393187174098858,0.7581609052100081,1.0390920534490256,0.47596770689629714,1.162039087106288,8.2,1.064675958454609,0.32954382009776606,0.031900494475820836,0.0010232519884498345,0.0,0.031900494475820836,0.009045740238236727,0,1,0,5,0,0.8333333333333334,0.22727272727272727,0.18059405918440216,0.2035695453672042,0.9483428564972659,0.48029785426695737,0.00909090909090909,0.2727272727272727,0.012830412969884217
791,109,99.0909090909091,110,0,107,3,0,0.0,1.4615498048976954,1.4417339511141032,0.7358285702367965,1.0403089259796532,0.48861641491367686,1.1800061866855136,8.2,1.064675958454609,0.32162466571217085,0.0011386126275202827,0.0019221912413983904,0.0,0.0011386126275202827,0.000496665852205073,0,0,0,3,0,1.0,0.2,0.17309122139317107,0.19256494810652977,0.9284784559189252,0.4733318977566123,0.0,0.2909090909090909,0.012845708538769839
792,109,99.0909090909091,110,0,105,5,0,0.0,1.4572782476017225,1.4375775061037277,0.7476571733425296,1.0414774406244005,0.48459919436058063,1.1820185544932886,8.2,1.064675958454609,0.32122960924780264,0.018416818501567466,0.0018892880041413741,0.0,0.018416818501567466,0.00805241575772273,0,0,0,5,0,0.8,0.21818181818181817,0.17424596381770263,0.1956417179611763,0.9385859729428473,0.47334124048580006,0.0,0.2727272727272727,0.012830571199536796
793,109,99.0909090909091,110,0,105,5,0,0.0,1.4545888251920187,1.4352515277191853,0.6878176183960142,1.042613703068527,0.506904015964683,1.2126828644697911,8.2,1.064675958454609,0.31603877280749315,0.009654076094547498,0.0016111681598727514,0.0,0.009654076094547498,0.0008682251932172425,0,0,0,5,0,1.0,0.21818181818181817,0.1661907377897977,0.2123944455230572,0.9507905435239034,0.45910440808187475,0.0,0.2545454545454545,0.01282317284402206
794,109,99.0909090909091,110,0,103,7,0,0.0,1.4651225122982665,1.445595348128286,0.7361700000326112,1.0438259705348512,0.5017105360253142,1.1979971952093036,8.2,1.064675958454609,0.32007815999549805,0.015905015049434076,0.0016268075604013914,0.0,0.015905015049434076,0.0021108212118976987,0,0,0,7,0,0.8571428571428571,0.22727272727272727,0.17180512128571387,0.20036611332339047,0.9460628840510252,0.46833984432022513,0.0,0.2727272727272727,0.012882294639686358
795,110,100.0,110,0,103,7,0,0.0,1.4608826519638471,1.441652618198935,0.7410301761303504,1.0449917494427776,0.5083662095107842,1.2051912557381337,8.2,1.064675958454609,0.31842524913193704,0.01059076081072083,0.0018518917966071527,0.0,0.01059076081072083,-0.0025273292136515635,0,0,0,7,0,1.0,0.22727272727272727,0.1717565584207323,0.1925935796709272,0.9440671658108372,0.469936489048808,0.0,0.2363636363636364,0.012867301221894976
796,110,100.0,110,0,102,8,0,0.0,1.4634329804798019,1.4446317772214323,0.7441770606445944,1.0461704912948437,0.4983536387173472,1.157650472435112,8.2,1.064675958454609,0.3183705703352626,0.008962279141128265,0.0015727671621955923,0.0,0.008962279141128265,-9.306816391138617e-05,0,0,0,8,0,1.0,0.22727272727272727,0.1712658747772591,0.1861740857921214,0.9378355330596249,0.47367374779770627,0.0,0.2727272727272727,0.012886327755030345
797,110,100.0,110,0,104,6,0,0.0,1.4620082774935916,1.4436484878650988,0.6907348060491152,1.0473283082894955,0.5056382963985753,1.2087557120009509,8.2,1.064675958454609,0.3115582343684964,0.013975327460094592,0.0012691065135467306,0.0,0.013975327460094592,0.006576061666722449,0,0,0,6,0,1.0,0.21818181818181817,0.16269804719222764,0.1869329052324207,0.967258913989917,0.46345198906504903,0.0,0.16363636363636364,0.012885367739691773
798,110,100.0,110,0,107,3,0,0.0,1.4559071949726292,1.4371544760507984,0.7143156593397065,1.0484184861389418,0.5030996951553989,1.2193683045704735,8.2,1.064675958454609,0.314173163735743,0.0020674308419185747,0.0014043330037843478,0.0,0.0020674308419185747,-0.00045362946884162464,0,0,0,3,0,1.0,0.24545454545454545,0.16703407359997138,0.18858443266061137,0.977590203737267,0.4652948781215964,0.0,0.16363636363636364,0.012860665757820687
799,110,100.0,110,0,104,6,0,0.0,1.468634107240326,1.4499319016850662,0.7303700335213684,1.0496058876699903,0.5011371782959947,1.2206475439051285,8.2,1.064675958454609,0.31664915079705636,0.013323248694923141,0.0015094859338273565,0.0,0.013323248694923141,0.0091898065354399,0,0,0,6,0,1.0,0.22727272727272727,0.1687349199890225,0.1997811402812786,0.9735508977677156,0.46796728590557113,0.0,0.12727272727272726,0.012930621308474867
800,110,100.0,110,0,102,8,0,0.0,1.470425802978527,1.4518662603546049,0.7274529342239427,1.0507971229437714,0.5013429553464896,1.233532370524639,8.2,1.064675958454609,0.3145785240542007,0.008505074510710794,0.0013456486939394702,0.0,0.008505074510710794,0.009912783108882654,0,0,0,8,0,1.0,0.23636363636363636,0.16699892033785654,0.20662323309125794,0.9457361549251525,0.4645521501485067,0.0,0.16363636363636364,0.012945921184950162
801,110,100.0,110,0,105,5,0,0.0,1.478416514605352,1.4594525433271033,0.7780744734086051,1.052040290886743,0.5015138466559135,1.214242611313929,8.2,1.064675958454609,0.31904355973571175,0.012545693053486295,0.002039264994985954,0.0,0.012545693053486295,0.013006864490242043,0,0,0,5,0,1.0,0.2,0.1737997742394896,0.20910315657374362,0.9687649451360033,0.4723454841730964,0.0,0.16363636363636364,0.012992492598190304
802,110,100.0,110,0,103,7,0,0.0,1.472816758396489,1.454043501084933,0.7517848790362693,1.0532241521016341,0.5136981618520567,1.2485318203771525,8.2,1.064675958454609,0.3161232727612924,0.007588158789611389,0.0019664759363672802,0.0,0.007588158789611389,0.0038432552131024305,0,0,0,7,0,1.0,0.20909090909090908,0.17064013824052976,0.21226681001496298,0.9668860567104081,0.4650924791801843,0.0,0.14545454545454545,0.012970795960014197
803,110,100.0,110,0,103,7,0,0.0,1.4644913524786678,1.446102106196182,0.7187818108152664,1.054327768933072,0.5166405849001897,1.2524982808688627,8.2,1.064675958454609,0.3142324916923591,0.007452343665439748,0.0017337063201882648,0.0,0.007452343665439748,0.004041497568327668,0,0,0,7,0,1.0,0.21818181818181817,0.16714248268136372,0.22937327572890792,0.9485421881456393,0.45827755507186496,0.0,0.16363636363636364,0.01293504390196398
804,110,100.0,110,0,104,6,0,0.0,1.4504755930748543,1.4324571653380422,0.6899012478092423,1.055303416297542,0.5294716513217963,1.296508828282741,8.2,1.064675958454609,0.3104363150643703,0.007101414735395532,0.0013913334686758985,0.0,0.007101414735395532,0.00788385732987588,0,0,0,6,0,1.0,0.20909090909090908,0.16326816149604365,0.2285393138822235,0.9586950651669424,0.452043818640934,0.0,0.16363636363636364,0.012870158846409317
805,110,100.0,110,0,102,8,0,0.0,1.4440440809119277,1.426120479123532,0.6766102266357322,1.0562147040393328,0.5244693927189439,1.288057820990206,8.2,1.064675958454609,0.31128853212655416,0.0008860096920801496,0.0016506450954799357,0.0,0.0008860096920801496,0.006166596674593593,0,0,0,8,0,1.0,0.24545454545454545,0.16320104998068044,0.22569381519138604,0.9605002720516576,0.45433033468464556,0.0,0.14545454545454545,0.012842852416344279
806,110,100.0,110,0,103,7,0,0.0,1.4435733682049734,1.4256190611364503,0.6853255779766638,1.0571120187382164,0.5211292843416622,1.266777703730755,8.2,1.064675958454609,0.31324298473945444,0.0013498385600620602,0.0013715201072345118,0.0,0.0013498385600620602,0.006953991475915062,0,0,0,7,0,1.0,0.2636363636363636,0.16462463111890957,0.20592288020962937,0.9519067741565217,0.4608607996296134,0.0,0.12727272727272726,0.012845275599744852
807,110,100.0,110,0,103,7,0,0.0,1.4591120613046555,1.4410687526537589,0.6997136546521583,1.0581313712642215,0.5197647201305408,1.2979769701637152,8.2,1.064675958454609,0.3126125260706072,0.002145315674975672,0.0012499016219919472,0.0,0.002145315674975672,0.008936767538981736,0,0,0,7,0,1.0,0.21818181818181817,0.16426591920341796,0.20532171955109715,0.9700272572639963,0.46138619476105613,0.0,0.12727272727272726,0.012928395465881402
808,110,100.0,110,0,105,5,0,0.0,1.451008526581509,1.4335298931214626,0.6967070852089151,1.0590756594489645,0.5175206909884313,1.237817621712242,8.2,1.064675958454609,0.31327000769931734,0.00289106385465213,0.0011604142441550443,0.0,0.00289106385465213,0.0064226865333952944,0,0,0,5,0,1.0,0.2636363636363636,0.16474297879579206,0.19639794204167577,0.9582993867757036,0.4677091125720236,0.0,0.16363636363636364,0.012892904596906413
809,110,100.0,110,0,105,5,0,0.0,1.4432038164598373,1.4257567326320726,0.7052321426861207,1.0599436868476722,0.516510980065001,1.2179404114552297,8.2,1.064675958454609,0.3144543005962879,0.006667868212640283,0.0011673261254810622,0.0,0.006667868212640283,0.012350583974619689,0,0,0,5,0,1.0,0.24545454545454545,0.16664489886600456,0.1928719451761483,0.9631105554456236,0.46941833659596416,0.0,0.16363636363636364,0.012858501885811474
810,110,100.0,110,0,103,7,0,0.0,1.4443013031275733,1.4267200640903273,0.7012140561409466,1.060810677654102,0.5207078023455255,1.2435445916739776,8.2,1.064675958454609,0.3137416679490084,0.005800862060501732,0.001687448819511873,0.0,0.005800862060501732,0.009570630817130277,0,0,0,7,0,1.0,0.22727272727272727,0.16608727806702064,0.18997833725621643,0.9648426244012865,0.4693730951896711,0.0,0.18181818181818182,0.012868604640489188
811,110,100.0,110,0,103,7,0,0.0,1.4461483240337107,1.4287700132744467,0.6849636977321009,1.0616858980707529,0.5103547901785462,1.2282863315362453,8.2,1.064675958454609,0.31426105068380483,0.006704292477509169,0.0014526735983191109,0.0,0.006704292477509169,0.012995216674467893,0,0,0,7,0,1.0,0.21818181818181817,0.1644412290786192,0.18473097327905566,0.9588852501478605,0.469817345434586,0.0,0.18181818181818182,0.012882498875699661
812,110,100.0,110,0,104,6,0,0.0,1.4505709167157073,1.4331628871210391,0.6984126589896242,1.0625892161234278,0.4957931107505451,1.1929861692528236,8.2,1.064675958454609,0.31841872165714014,0.002506570306148932,0.001312860840503171,0.0,0.002506570306148932,0.010331682591849902,0,0,0,6,0,1.0,0.2,0.16763158481603602,0.1866601069142014,0.9494024349817171,0.4776320153379538,0.0,0.21818181818181817,0.012909420544177248
813,110,100.0,110,0,103,7,0,0.0,1.4489120992481646,1.4318687915843298,0.7059222488341217,1.0634718944267207,0.5008950173385719,1.2075416985842005,8.2,1.064675958454609,0.31757462528323765,0.00212864937662255,0.0009933082376564469,0.0,0.00212864937662255,0.015749173237142255,0,0,0,7,0,1.0,0.21818181818181817,0.1676522482406955,0.16760368484344068,0.9372422117047174,0.4797429457242193,0.0,0.2545454545454545,0.012905825288682362
814,110,100.0,110,0,103,7,0,0.0,1.437848492166426,1.4211340733883195,0.6966503769538326,1.0642537430952554,0.5019420133789368,1.1727759791242875,8.2,1.064675958454609,0.31878904791451057,0.002253677178751174,0.0014884458335420226,0.0,0.002253677178751174,-0.0014043348719527948,0,0,0,7,0,1.0,0.24545454545454545,0.1679993154625195,0.1574378550541564,0.9606610549265561,0.484650007912716,0.0,0.2181818181818182,0.012854669330676362
815,110,100.0,110,0,106,4,0,0.0,1.449882658899152,1.4331008396391256,0.7150629274572876,1.065129193435606,0.49387354043899917,1.1965475029397015,8.2,1.064675958454609,0.31937379091025475,0.0011227522754489148,0.0014011143403646806,0.0,0.0011227522754489148,-0.012482731153614965,0,0,0,4,0,1.0,0.22727272727272727,0.16863608120042778,0.1515609456698844,0.9550456987702588,0.48808492037596046,0.0,0.2181818181818182,0.012919500518990951
816,110,100.0,110,0,106,4,0,0.0,1.4519558798477965,1.4352439207707386,0.699730100812725,1.0660135765623173,0.5058651994369188,1.2085741989216738,8.2,1.064675958454609,0.318917390405663,0.001337190916978304,0.0013869514021530348,0.0,0.001337190916978304,-2.2649880402583755e-05,0,0,0,4,0,1.0,0.23636363636363636,0.166647310513306,0.1619402704443854,0.9550456987702588,0.48515453149489984,0.0,0.2181818181818182,0.012934574530999537
817,110,100.0,110,0,104,6,0,0.0,1.4542143699253722,1.4381224927106595,0.6848761374887071,1.0669130618452114,0.5149288404316745,1.2342456236421808,8.2,1.064675958454609,0.31585990278737586,0.001351511958161544,0.0011512740871075593,0.0,0.001351511958161544,0.011131576536808222,0,0,0,6,0,1.0,0.24545454545454545,0.16326057114384065,0.1574574925282529,0.958113931754967,0.48365111218114426,0.0,0.18181818181818182,0.012950655283165823
818,110,100.0,110,0,105,5,0,0.0,1.4636192525271272,1.4476204415713219,0.697515448620222,1.0678838684270007,0.5144593776731741,1.2125760535949863,8.2,1.064675958454609,0.31659037191769746,0.002008008390513212,0.0013015255986880945,0.0,0.002008008390513212,0.0020215190324424427,0,0,0,5,0,1.0,0.2636363636363636,0.16403110936008622,0.15453290295476405,0.9633545500333771,0.48534478311239687,0.0,0.18181818181818182,0.013002847668314298
819,110,100.0,110,0,104,6,0,0.0,1.4615829961517435,1.446028781862577,0.6569163784448842,1.0688307822499035,0.5131452284650408,1.228932049497124,8.2,1.064675958454609,0.3132741069904166,0.003138430938144768,0.0013624870290513836,0.0,0.003138430938144768,0.003668468797795662,0,0,0,6,0,1.0,0.2545454545454545,0.15870745603335423,0.17558843784067005,0.9662249378111476,0.47971710806932,0.0,0.18181818181818182,0.012997707168347247
820,110,100.0,110,0,105,5,0,0.0,1.4714197041453345,1.4557804696001069,0.6610741003966356,1.0698506736088942,0.5122803559009893,1.2222271721680456,8.2,1.064675958454609,0.3115183446479983,0.003515873281510032,0.0012836365701859394,0.0,0.003515873281510032,0.005812032378145704,0,0,0,5,0,1.0,0.23636363636363636,0.15709276254413246,0.18217940171820207,0.9694300391860713,0.47388932772810727,0.0,0.18181818181818182,0.013052319977365966
821,110,100.0,110,0,105,5,0,0.0,1.4729110931702973,1.4579307526977117,0.6388462349498055,1.0708780212675268,0.5273736063833322,1.2311845890307893,8.2,1.064675958454609,0.30797384162610997,0.0031665159110389695,0.0016651928724750885,0.0,0.0031665159110389695,0.0038431420967022347,0,0,0,5,0,1.0,0.2545454545454545,0.15276045617034134,0.1703113911907113,0.9598903932499336,0.47349669679225237,0.0,0.1818181818181818,0.013065245884256383
822,110,100.0,110,0,106,4,0,0.0,1.4649282726292339,1.4503138424606026,0.6239788216774632,1.0718295546729706,0.5358638955215046,1.2371350490257855,8.2,1.064675958454609,0.3074746598632154,0.0126173892707128,0.0013669898850458327,0.0,0.0126173892707128,0.0030504338068031572,0,0,0,4,0,1.0,0.2545454545454545,0.1516672350086338,0.1717285864829417,0.9766738032728309,0.47599756394474596,0.0,0.14545454545454545,0.013030397155253278
823,110,100.0,110,0,107,3,0,0.0,1.4590235797227147,1.4440392723500093,0.5961441187243032,1.0727175142594392,0.5505074166128489,1.2798645560819264,8.2,1.064675958454609,0.303260791883635,0.001784799545075015,0.0016961836997394792,0.0,0.001784799545075015,-0.004507508720021962,0,0,0,3,0,1.0,0.2636363636363636,0.14777422786643757,0.19041742681927068,0.9727264060868346,0.464113354613914,0.0,0.1818181818181818,0.013005600636839644
824,110,100.0,110,0,105,5,0,0.0,1.4688793507130524,1.4538284967861455,0.6347552319990637,1.0736793987689424,0.5400457094907173,1.2447775280119153,8.2,1.064675958454609,0.30806426631089256,0.01081523399991377,0.0017499648765401219,0.0,0.01081523399991377,-0.007339827669703957,0,0,0,5,0,1.0,0.24545454545454545,0.1529220126074161,0.18056071008562832,0.9664781601169986,0.4717190733597654,0.0,0.1818181818181818,0.013059999968351723
825,110,100.0,110,0,105,5,0,0.0,1.4680533808611842,1.453432226425625,0.6397537380040033,1.074627667129118,0.5452958721651942,1.265912584396572,8.2,1.064675958454609,0.30647047179550757,0.010387956211191594,0.0017699932576857535,0.0,0.010387956211191594,-0.0049120775891624,0,0,0,5,0,1.0,0.2545454545454545,0.15215512948779822,0.16997044804029948,0.9663292343985321,0.4694468443421623,0.0,0.14545454545454545,0.013060918111718592
826,110,100.0,110,0,106,4,0,0.0,1.4711758263753554,1.4565836792685602,0.6378787963271766,1.075592681712649,0.5467808734500683,1.2501289216213245,8.2,1.064675958454609,0.30445701273464976,0.013759361507158608,0.0018899928850227123,0.0,0.013759361507158608,-0.0034240749545918214,0,0,0,4,0,1.0,0.20909090909090908,0.15072961112962946,0.16823722747088218,0.9735030059111053,0.46677281159708633,0.0,0.14545454545454545,0.013081667478422668
827,110,100.0,110,0,105,5,0,0.0,1.4636172176566888,1.4491340889484743,0.6251176096806371,1.076483970820201,0.5490534935217601,1.256452883320028,8.2,1.064675958454609,0.301898708607629,0.011132696864570501,0.0018794887076467477,0.0,0.011132696864570501,0.0016074819059745614,0,0,0,5,0,1.0,0.22727272727272727,0.14864563948892395,0.15795380346608554,0.9615562705957479,0.4652136032976393,0.0,0.10909090909090909,0.01304861910525355
828,110,100.0,110,0,103,7,0,0.0,1.4650724782360445,1.4508150616864444,0.6215050606611657,1.0773800881169922,0.550982102621138,1.2744104907934617,8.2,1.064675958454609,0.3002619135376581,0.009515190438934925,0.0016673242271664148,0.0,0.009515190438934925,0.0035658081228658245,0,0,0,7,0,1.0,0.22727272727272727,0.14717260230171994,0.163309390426955,0.9777650227601008,0.46200602881537434,0.0,0.07272727272727274,0.01306066578085957
829,110,100.0,110,0,105,5,0,0.0,1.4642716177082693,1.450729228087885,0.6159557762312022,1.0782659335886138,0.5530719055652565,1.2814544258877638,8.2,1.064675958454609,0.29805447195032353,0.011987427652326885,0.00161768117697907,0.0,0.011987427652326885,-0.0064175703924076784,0,0,0,5,0,1.0,0.24545454545454545,0.14478408258380918,0.1428512088968166,0.9813407720976657,0.46227065842505627,0.0,0.10909090909090907,0.013061377170103403
830,110,100.0,110,0,106,4,0,0.0,1.4746610079236826,1.4607890093124325,0.6294143473182584,1.079228030934207,0.5478299171402421,1.2753871725849206,8.2,1.064675958454609,0.2997365531892633,0.012345626264040161,0.001823258359931457,0.0,0.012345626264040161,-0.0064115917777896325,0,0,0,4,0,1.0,0.23636363636363636,0.14609397413829187,0.1448351742595294,0.9726889061112004,0.46401704057523563,0.0,0.07272727272727271,0.013118445730748201
831,110,100.0,110,0,106,4,0,0.0,1.4782165974701036,1.4644990913360423,0.6428625081042237,1.0802114853417404,0.5294806792420632,1.2231314692710926,8.2,1.064675958454609,0.3007097596052484,0.015017346715786823,0.0013245679532616805,0.0,0.015017346715786823,-0.0009044842111132073,0,0,0,4,0,1.0,0.20909090909090908,0.14743646682571585,0.13896719578878172,0.9770490264177886,0.4671796895420413,0.0,0.10909090909090907,0.01314145897979999
832,110,100.0,110,0,107,3,0,0.0,1.4761150947303054,1.4632921992767955,0.6263372753487769,1.0811741895549547,0.5263915641448249,1.2189744973369598,8.2,1.064675958454609,0.29695260613662056,0.01748404158872326,0.0015829096801768545,0.0,0.01748404158872326,-0.004287923401224562,0,0,0,3,0,1.0,0.20909090909090908,0.14375437818210807,0.12927716086458768,0.969990342279352,0.4635289719197749,0.0,0.07272727272727274,0.013136076306255559
833,110,100.0,110,0,106,4,0,0.0,1.4766954605801659,1.4641565555360443,0.619738111689156,1.0821340061624902,0.5275046407036527,1.2050226039814362,8.2,1.064675958454609,0.2951284899611899,0.01194884779261423,0.0016470757200368494,0.0,0.01194884779261423,-0.004895908313888031,0,0,0,4,0,1.0,0.21818181818181817,0.1418867925132245,0.1194149735905222,0.9527315946471373,0.46258529441841933,0.0,0.12727272727272726,0.013144087603837704
834,110,100.0,110,0,104,6,0,0.0,1.4758528170663,1.46353048085191,0.6206847208383692,1.083078271300045,0.5295070088302186,1.1988534608502006,8.2,1.064675958454609,0.2952051745203561,0.008534624533723523,0.001400639940228472,0.0,0.008534624533723523,-0.003001006707414433,0,0,0,6,0,1.0,0.21818181818181817,0.1417871098440992,0.11096009058707622,0.9668411978944788,0.46457701867678797,0.0,0.10909090909090909,0.013144901068220183
835,109,99.0909090909091,110,1,105,4,0,0.00909090909090909,1.4771403486879104,1.461832728662065,0.6056216367077617,1.0840224683572113,0.5361197992807847,1.2095593682273726,8.2,1.064675958454609,0.29361679662168294,0.009861689259442166,0.0012881300900920716,0.0,0.009861689259442166,-0.004305510057379325,0,1,0,4,0,1.0,0.21818181818181817,0.14022479811448632,0.10909395197881379,0.9431779327302136,0.45693255470055066,0.00909090909090909,0.07272727272727272,0.013156365045862279
836,109,99.0909090909091,110,0,103,7,0,0.0,1.4823893503409977,1.4670257370863575,0.6192828388018349,1.0849763980140459,0.5373943459792216,1.208140103679519,8.2,1.064675958454609,0.29237669240013453,0.006582333497934683,0.0010765503683230148,0.0,0.006582333497934683,0.0029982492117703713,0,0,0,7,0,1.0,0.2,0.14023369055550536,0.09777964168328813,0.9379787094041068,0.4570085666922894,0.0,0.07272727272727272,0.013187688183986157
837,109,99.0909090909091,110,0,103,7,0,0.0,1.4733522485432877,1.4584853750292055,0.5934812492812431,1.0858474296658933,0.5480011666473732,1.2384242577552436,8.2,1.064675958454609,0.29018437154002164,0.009174451548002935,0.001010809782600329,0.0,0.009174451548002935,0.006519269606362209,0,0,0,7,0,1.0,0.20909090909090908,0.13764047952439895,0.10433144906519573,0.9760948675682957,0.45435965211799384,0.0,0.10909090909090907,0.013147139507291482
838,109,99.0909090909091,110,0,103,7,0,0.0,1.4794223137765703,1.4650469912818258,0.6181972056936631,1.0867650756137357,0.5411268731250983,1.2855001043244445,8.2,1.064675958454609,0.2920656323566686,0.014131257524345521,0.0010048123939088783,0.0,0.014131257524345521,0.0022255159830137533,0,0,0,7,0,1.0,0.19090909090909092,0.14013145491161638,0.08975180251521928,0.9681186762078569,0.4577661216948252,0.0,0.10909090909090907,0.0131823748113531
839,109,99.0909090909091,110,0,104,6,0,0.0,1.4853134825142593,1.4706367450320132,0.6099562028298513,1.0877205618172394,0.5467140516578047,1.2887124890732842,8.2,1.064675958454609,0.2897553200147358,0.005274033650645989,0.0017355031753025548,0.0,0.005274033650645989,-0.001833973523058909,0,0,0,6,0,1.0,0.18181818181818182,0.1378662350113246,0.1009728020894805,0.975321261628735,0.45033827714859087,0.0,0.10909090909090907,0.013216917070989074
840,110,100.0,110,0,103,7,0,0.0,1.4836474023840933,1.469182689313713,0.5907776148019974,1.0886534904035239,0.5666218970267691,1.3419460931840144,8.2,1.064675958454609,0.2881460011247645,0.004095394511626314,0.001187001176236241,0.0,0.004095394511626314,0.00337807209178202,0,0,0,7,0,1.0,0.21818181818181817,0.1355584023061155,0.11735232117212693,0.9741647732461436,0.44491326463561803,0.0,0.07272727272727274,0.013213553003522102
841,110,100.0,110,0,105,5,0,0.0,1.482788284195444,1.4688224001806487,0.6090803040031543,1.0895734175940157,0.5567837631305211,1.3592999703970967,8.2,1.064675958454609,0.2911786702268775,0.0018049486501535393,0.000925455029194495,0.0,0.0018049486501535393,0.004471690992504429,0,0,0,5,0,1.0,0.20909090909090908,0.1382289799332924,0.10025162039810735,0.9750895964067581,0.4528940837826864,0.0,0.14545454545454542,0.013214154534395084
842,110,100.0,110,0,104,6,0,0.0,1.479067679757946,1.4647718463200117,0.6254337517737356,1.0904490503223647,0.5632261923331324,1.370060581062928,8.2,1.064675958454609,0.29279358221650553,0.00549419294552947,0.00080691781125682,0.0,0.00549419294552947,0.009284287902389143,0,0,0,6,0,1.0,0.21818181818181817,0.14102694294301635,0.08719433460171247,0.9750895964067581,0.454776710046321,0.0,0.14545454545454542,0.01320021283777914
843,110,100.0,110,0,104,6,0,0.0,1.467452069521578,1.4529043932403332,0.6315472279433484,1.0912142804637144,0.5762283983166548,1.400128349740249,8.2,1.064675958454609,0.2936794097583648,0.007266442418536297,0.0012515644089058277,0.0,0.007266442418536297,0.006640895631968309,0,0,0,6,0,1.0,0.21818181818181817,0.1430960405916326,0.09809589431722111,0.9774716278578618,0.4560639609372165,0.0,0.14545454545454542,0.013146208397268199
844,110,100.0,110,0,104,6,0,0.0,1.4697061979901993,1.4552429326893632,0.6159779589274024,1.0919912816775568,0.5700297150005006,1.3874256108410492,8.2,1.064675958454609,0.292605667092257,0.033174771446856856,0.0013755024094452995,0.0,0.033174771446856856,0.014774920948199663,0,0,0,6,0,0.8333333333333334,0.19090909090909092,0.14119899755939386,0.11118371447896734,0.9677810751872933,0.4517791935912479,0.0,0.14545454545454542,0.013161615312171646
845,110,100.0,110,0,105,5,0,0.0,1.4584701458483902,1.444406138552913,0.5697556857837105,1.0926677089528078,0.5812713095475438,1.4083362470786522,8.2,1.064675958454609,0.28657385189503826,0.001994713741657926,0.0007601719541161107,0.0,0.001994713741657926,0.015943112756063006,0,0,0,5,0,1.0,0.21818181818181817,0.13462853615437034,0.1267990644504143,0.9848868904034593,0.4375269059987082,0.0,0.14545454545454542,0.013109035930750614
846,110,100.0,110,0,106,4,0,0.0,1.4668404986096808,1.4531896880158635,0.5786978785997939,1.0934117475410277,0.5753606854724072,1.397623904582676,8.2,1.064675958454609,0.28688977481369027,0.011234261740944381,0.0006890763464864607,0.0,0.011234261740944381,0.013822875096557226,0,0,0,4,0,1.0,0.24545454545454545,0.13434675147321118,0.12224282526600871,0.9841806034214905,0.43915851122888994,0.0,0.14545454545454542,0.013154848494542268
847,110,100.0,110,0,106,4,0,0.0,1.4715380811914454,1.458265178644813,0.5819750912914892,1.0941910945520767,0.5736916963098323,1.396561284584039,8.2,1.064675958454609,0.2865385459528196,0.01054948101974973,0.0008582365090944646,0.0,0.01054948101974973,0.005328365610593883,0,0,0,4,0,1.0,0.21818181818181817,0.13395293868205627,0.12280224695064215,0.9886258325264038,0.4428503462793032,0.0,0.10909090909090909,0.013182485167580877
848,110,100.0,110,0,105,5,0,0.0,1.4623469526791701,1.44925698399299,0.5643559157080449,1.0948854175766678,0.5798865606251933,1.3957167659637284,8.2,1.064675958454609,0.28393810224320193,0.025497007415966683,0.0008631608416422058,0.0,0.025497007415966683,0.0038348881117482914,0,0,0,5,0,0.8,0.22727272727272727,0.13183876955449217,0.12511836576238042,0.975162756309927,0.4377352793066309,0.0,0.10909090909090909,0.013140225670177919
849,110,100.0,110,0,104,6,0,0.0,1.4582798258346652,1.4451437872808588,0.5384752826355083,1.0955373145377274,0.5931793615196918,1.4221444469423685,8.2,1.064675958454609,0.27969555922420364,0.008269133817778987,0.0009316668543615506,0.0,0.008269133817778987,0.013849529475041903,0,0,0,6,0,1.0,0.22727272727272727,0.12767739236806586,0.13654631523895647,0.9740565140965891,0.42838616546845165,0.0,0.12727272727272726,0.013123360331064544
850,110,100.0,110,0,106,4,0,0.0,1.4665125783072734,1.4529899956040464,0.5719234917852297,1.0962491002635026,0.576189060215816,1.3991892659632459,8.2,1.064675958454609,0.2862542453471615,0.011405200360736636,0.0010579341560390475,0.0,0.011405200360736636,-0.003035528312163388,0,0,0,4,0,1.0,0.20909090909090908,0.13367459130383597,0.13063618136415595,0.9675318301529839,0.43862422256667855,0.0,0.12727272727272726,0.013168313199176605
851,110,100.0,110,0,107,3,0,0.0,1.4676639882411828,1.4539622275734156,0.5664818465403133,1.0969615886738102,0.5755595271688573,1.3950245898084674,8.2,1.064675958454609,0.2844533008777477,0.01442269381115374,0.0008599310428839864,0.0,0.01442269381115374,0.0014895840505850706,0,0,0,3,0,1.0,0.22727272727272727,0.1320158506107856,0.14131866231675008,0.9735341734465895,0.43479388377565475,0.0,0.14545454545454545,0.013177863095251811
852,110,100.0,110,0,106,4,0,0.0,1.4591426312517115,1.4450097765473422,0.5649422188560392,1.097590239716293,0.5845668846327848,1.4139436485971886,8.2,1.064675958454609,0.28250771466097246,0.011816056392776764,0.0010891125845078136,0.0,0.011816056392776764,-0.0012240765609030924,0,0,0,4,0,1.0,0.19090909090909092,0.1317373954986367,0.14061979152456705,0.9681415008406551,0.43099578489175283,0.0,0.14545454545454545,0.013138602858560399
853,110,100.0,110,0,105,5,0,0.0,1.4671013910555786,1.4528232334269033,0.581768624073423,1.0982787480598006,0.5893204329034846,1.4155498731645126,8.2,1.064675958454609,0.28377913345740935,0.018133061766169967,0.001114182591812788,0.0,0.018133061766169967,-0.0010705651481059618,0,0,0,5,0,1.0,0.21818181818181817,0.13363727515341992,0.13361745373834488,0.9686386152657509,0.43488836996820895,0.0,0.14545454545454545,0.013182061848982376
854,110,100.0,110,0,105,5,0,0.0,1.471607614228099,1.4569325636849135,0.6176079772787256,1.0989949268615515,0.581568523291083,1.4020690341967774,8.2,1.064675958454609,0.28808009862231554,0.01901880638161355,0.0009906224022981315,0.0,0.01901880638161355,-0.00010329377875649693,0,0,0,5,0,1.0,0.2,0.13866773204299887,0.1196371054751555,0.9729312830070403,0.4423862015733125,0.0,0.1818181818181818,0.01320840545660587
855,110,100.0,110,0,107,3,0,0.0,1.4733470225990104,1.4579685363017085,0.6041900420520733,1.0997123044808903,0.5945999978814324,1.423495015566599,8.2,1.064675958454609,0.2858610820971055,0.01676127551950428,0.0010253014790659151,0.0,0.01676127551950428,0.0036161915049073476,0,0,0,3,0,1.0,0.18181818181818182,0.13727874607754845,0.13726090511168512,0.9817619608332626,0.4346921956795302,0.0,0.14545454545454545,0.013220921371982646
856,110,100.0,110,0,105,5,0,0.0,1.4873404271295008,1.4720092853933797,0.6288061066710567,1.1005416351371573,0.5775965295084434,1.3672908182953785,8.2,1.064675958454609,0.2882424206528058,0.009887529319618062,0.0014767843424819628,0.0,0.009887529319618062,0.009364466986641413,0,0,0,5,0,1.0,0.19090909090909092,0.13934035134088718,0.1288822968748856,0.9810282035689091,0.4376571531398838,0.0,0.1818181818181818,0.013295303236691782
857,110,100.0,110,0,104,6,0,0.0,1.4913630290799773,1.4751352288002149,0.6589363986246387,1.101388761043653,0.5698051563714905,1.3825667669760953,8.2,1.064675958454609,0.29290192123160796,0.002378034575056145,0.0011139462446428327,0.0,0.002378034575056145,0.018290330806996467,0,0,0,6,0,1.0,0.20909090909090908,0.14486794244044035,0.15624047374238226,0.9854116964826629,0.43821354482897035,0.0,0.14545454545454542,0.013319925819376317
858,110,100.0,110,0,105,5,0,0.0,1.4887038169735232,1.4725629072475075,0.6692756151086189,1.1022049582929676,0.5602520435987531,1.3358674055469508,8.2,1.064675958454609,0.2966214761082886,0.0036737137694815604,0.000751440735492562,0.0,0.0036737137694815604,0.02727156751064257,0,0,0,5,0,1.0,0.20909090909090908,0.14819511588846473,0.15956980651351657,0.9705546438121357,0.44574931956150404,0.0,0.14545454545454545,0.013310974686787554
859,110,100.0,110,0,105,5,0,0.0,1.4978803221428536,1.4823863702534006,0.6865836243354404,1.1030961361255245,0.5436049182966836,1.3142676278459189,8.2,1.064675958454609,0.297313785155942,0.011038959584916732,0.00036964069212624826,0.0,0.011038959584916732,0.014136608828243169,0,0,0,5,0,1.0,0.20909090909090908,0.14901838042203225,0.14470724298029614,0.9772181091721306,0.44856038293195916,0.0,0.14545454545454545,0.013361601290699361
860,110,100.0,110,0,104,6,0,0.0,1.4953861553120453,1.479832103773934,0.6852266745414957,1.1039560700730535,0.5496554347620444,1.3196472593773567,8.2,1.064675958454609,0.29826999061902026,0.009584417555584137,0.00016027325476727612,0.0,0.009584417555584137,0.026916645854654087,0,0,0,6,0,1.0,0.20909090909090908,0.1497611212998367,0.15596158334468074,0.9837695373386391,0.4464836851461312,0.0,0.10909090909090909,0.013353708211544284
861,110,100.0,110,0,103,7,0,0.0,1.4933519047284889,1.4775789580415795,0.6507898858443604,1.1047876575498479,0.5637826934897453,1.3671576079418848,8.2,1.064675958454609,0.2952979569809213,0.010041157604313965,0.0003895422028938545,0.0,0.010041157604313965,0.0247697296954638,0,0,0,7,0,1.0,0.21818181818181817,0.14570895933999273,0.17936793619732974,0.9727062891002642,0.43890243734744994,0.0,0.10909090909090906,0.013347963814595978
862,110,100.0,110,0,103,7,0,0.0,1.5064425335955094,1.4908669096681293,0.7159599976036531,1.105723570215774,0.5310701911463803,1.3223053346849496,8.2,1.064675958454609,0.30105398945790873,0.019602601867758168,0.0007876600089524405,0.0,0.019602601867758168,0.016755930129025088,0,0,0,7,0,0.8571428571428571,0.22727272727272727,0.1530595762301967,0.17076600115605825,0.9621200964809824,0.4480657676307836,0.0,0.10909090909090907,0.013418399177504203
863,110,100.0,110,0,106,4,0,0.0,1.5079035396816947,1.4926565699631724,0.6871804198283382,1.1066647617108738,0.5367414099100439,1.3184406183094985,8.2,1.064675958454609,0.2970569843615696,0.0008045916335824788,0.0013076445476021229,0.0,0.0008045916335824788,0.00621128479842117,0,0,0,4,0,1.0,0.22727272727272727,0.14827260109871712,0.1763042111823343,0.9571950862692993,0.4412997810877736,0.0,0.12727272727272726,0.013430714527720804
864,110,100.0,110,0,104,6,0,0.0,1.5013240151886877,1.4862024012048807,0.6741586230477242,1.107540959779932,0.5420562986196769,1.3111322065550801,8.2,1.064675958454609,0.29522592387250435,0.016556345157470873,0.001055911136941789,0.0,0.016556345157470873,0.01562956666716064,0,0,0,6,0,0.8333333333333334,0.23636363636363636,0.14653345558368716,0.17009974373795816,0.9719034786037883,0.4441745721882376,0.0,0.0909090909090909,0.013402481240350622
865,110,100.0,110,0,101,9,0,0.0,1.5037185678419194,1.488017909986558,0.6551556341731156,1.108423292607218,0.5481056570990896,1.3105319847307768,8.2,1.064675958454609,0.29548246856239246,0.014523657130328556,0.0008751363992401043,0.0,0.014523657130328556,0.014570296065907234,0,0,0,9,0,0.8888888888888888,0.24545454545454545,0.14501649914881126,0.17628094529559638,0.9589624077145728,0.44473343812132066,0.0,0.12727272727272726,0.013419150996359614
866,110,100.0,110,0,101,9,0,0.0,1.5059610432446866,1.4903366608974102,0.6720128034077701,1.1093159811958058,0.5460878093104271,1.2951977790600688,8.2,1.064675958454609,0.29663221867517287,0.022857685682632113,0.0011749783591310419,0.0,0.022857685682632113,0.02589620579806106,0,0,0,9,0,0.7777777777777778,0.23636363636363636,0.14646981276220905,0.15835558100330052,0.9553680639474071,0.4503610569718959,0.0,0.1636363636363636,0.01343511549376673
867,110,100.0,110,0,99,11,0,0.0,1.506780977454059,1.4908281078446428,0.666344965220037,1.110203351397604,0.5433488037170647,1.2811091143336562,8.2,1.064675958454609,0.2978994815663938,0.03251818514960513,0.0011066531736666349,0.0,0.03251818514960513,0.013242097429882803,0,0,0,11,0,0.7272727272727273,0.22727272727272727,0.14653525558474104,0.1702523855840077,0.9762535111759928,0.44906540986482163,0.0,0.12727272727272726,0.013443938973414112
868,110,100.0,110,0,100,10,0,0.0,1.5049857117466292,1.4888418335473301,0.6703776843885103,1.111064356074271,0.5493430755017181,1.2983671345454528,8.2,1.064675958454609,0.29834298039857243,0.029167307940893034,0.0009011282867845682,0.0,0.029167307940893034,0.016217340420725833,0,0,0,10,0,0.7,0.21818181818181817,0.14720946244643637,0.16875687756720348,0.962250945845734,0.45318302495452023,0.0,0.16363636363636364,0.013439546099773783
869,109,99.0909090909091,110,1,100,9,0,0.00909090909090909,1.5061293117689523,1.48745000502095,0.7056740466789241,1.111926476703067,0.5460737539822731,1.3156193222080625,8.2,1.064675958454609,0.3035081420917223,0.018401936138497128,0.0009392765449177705,0.0,0.018401936138497128,0.015322128936898976,0,1,0,9,0,0.8,0.22727272727272727,0.15344937371966358,0.15867051774088148,0.9663964098006601,0.460465518376361,0.00909090909090909,0.1818181818181818,0.013449853495419235
870,109,99.0909090909091,110,0,106,4,0,0.0,1.5052275645835482,1.4865822888021196,0.7169720118311853,1.1127498902151345,0.5556292443232874,1.3386631845589485,8.2,1.064675958454609,0.3018030838647898,0.0033098249373453383,0.0014702258162492127,0.0,0.0033098249373453383,0.013782299253815716,0,0,0,4,0,1.0,0.20909090909090908,0.15375488505614662,0.15784773688113457,0.967961145638641,0.45480895964532836,0.0,0.1818181818181818,0.013449728102343038
871,109,99.0909090909091,110,0,106,4,0,0.0,1.506418393845873,1.4867980447069873,0.7394235513693413,1.1135663747224986,0.564475245792624,1.3256517118397766,8.2,1.064675958454609,0.3036407666977001,0.0028440589857190455,0.0019704787170768652,0.0,0.0028440589857190455,0.014022765074087604,0,0,0,4,0,1.0,0.2,0.15726882145127705,0.16081499955391668,0.9684888848397565,0.4543316332690255,0.0,0.14545454545454542,0.01346002870578187
872,109,99.0909090909091,110,0,106,4,0,0.0,1.506856824900944,1.4863564250651646,0.7724392000861232,1.1143704048610847,0.557683259053243,1.3046867391649493,8.2,1.064675958454609,0.3081566708471819,0.006604385353758521,0.001999217346825565,0.0,0.006604385353758521,0.015077677820709942,0,0,0,4,0,1.0,0.20909090909090908,0.16287756474305817,0.16546154920101996,0.9484362387820541,0.4572925056406121,0.0,0.1818181818181818,0.013466501018849351
873,109,99.0909090909091,110,0,107,3,0,0.0,1.5178065828517604,1.4973495748878158,0.797187203087387,1.1152595078226777,0.5378036612806993,1.280257174496885,8.2,1.064675958454609,0.30820737231656303,0.005517835764838102,0.001679794953499786,0.0,0.005517835764838102,0.019821194076081572,0,0,0,3,0,1.0,0.2,0.16403950656496583,0.15284098318289155,0.968836171187541,0.46119821032144315,0.0,0.16363636363636364,0.013525982841342427
874,110,100.0,110,0,105,5,0,0.0,1.5103595917221966,1.4906552920834766,0.8070424643418382,1.1160821267831058,0.5408897065175612,1.2935256979783536,8.2,1.064675958454609,0.30645959725623917,0.005188500614375068,0.0013882815095739233,0.0,0.005188500614375068,0.017782511709589627,0,0,0,5,0,1.0,0.22727272727272727,0.1636576884771296,0.13980652589871786,0.9824633696027594,0.4604539292760313,0.0,0.10909090909090907,0.013493126998845292
875,110,100.0,110,0,107,3,0,0.0,1.50055772023973,1.4815721072568615,0.773906951875995,1.1168186223291436,0.5516201849212454,1.3000819325748743,8.2,1.064675958454609,0.3044842415895368,0.0008177208010430641,0.0008939506361318691,0.0,0.0008177208010430641,0.021918629399766954,0,0,0,3,0,1.0,0.20909090909090908,0.16031245692903578,0.13940667473624427,0.974364168725555,0.45803006063286406,0.0,0.14545454545454545,0.013448038286939835
876,110,100.0,110,0,107,3,0,0.0,1.5162517576457684,1.4968106698594368,0.7867197040217206,1.1176770696341227,0.5426037494714825,1.2786215503643157,8.2,1.064675958454609,0.30667276051716286,0.00155193203096726,0.0014408203791854216,0.0,0.00155193203096726,0.022271835643918176,0,0,0,3,0,1.0,0.21818181818181817,0.16099350757975026,0.13387020708712874,0.978797184077494,0.4604383727934918,0.0,0.16363636363636364,0.013531078315006084
877,110,100.0,110,0,108,2,0,0.0,1.5272901813888127,1.5074278601594626,0.8028194879062172,1.1186168081951,0.5323794217621248,1.2930688826819925,8.2,1.064675958454609,0.3084504284386984,0.0029092793106876716,0.002993441886497483,0.0,0.0029092793106876716,0.00420477369405553,0,0,0,2,0,1.0,0.2,0.16261053407176296,0.14183468680162417,0.9809426234953951,0.46112357375062535,0.0,0.16363636363636364,0.013591273018986832
878,110,100.0,110,0,109,1,0,0.0,1.5239244415135114,1.5043786050627739,0.7768108471846689,1.119520569836805,0.5376551605363944,1.2878373096689346,8.2,1.064675958454609,0.3067335276958221,0.0006147727233858037,0.002260492890096074,0.0,0.0006147727233858037,-0.00760437872964459,0,0,0,1,0,1.0,0.20909090909090908,0.1596776816203709,0.144009801852267,0.981070010903303,0.45905410465335766,0.0,0.1636363636363636,0.01357925538607081
879,110,100.0,110,0,108,2,0,0.0,1.5320647721804899,1.5129932788754108,0.7884538286481423,1.120488084034375,0.5287657086935378,1.2870872379833234,8.2,1.064675958454609,0.30543807379368926,0.03376485296961761,0.0021635100046279183,0.0,0.03376485296961761,0.007561138903663306,0,0,0,2,0,0.5,0.2,0.15930431697543013,0.13770613088782893,0.9801764667694024,0.4572709988996256,0.0,0.18181818181818182,0.013625107484933782
880,110,100.0,110,0,107,3,0,0.0,1.5305823863639394,1.5110455184137508,0.8303250190087078,1.1214287074709979,0.5254554136516012,1.2722195598550652,8.2,1.064675958454609,0.31086345392610215,0.020364344032005738,0.0021693556266909725,0.0,0.020364344032005738,0.003258174463369993,0,0,0,3,0,0.6666666666666666,0.2,0.1662040280770388,0.1398178940791653,0.9689395155834223,0.4667116368166613,0.0,0.21818181818181814,0.013622702851645688
881,110,100.0,110,0,107,3,0,0.0,1.523373434240366,1.5038158551470422,0.8161833610182408,1.1222977383266894,0.5251190304261859,1.276517215641411,8.2,1.064675958454609,0.30942720162133974,0.020333396669311894,0.002226659463671173,0.0,0.020333396669311894,0.004232162711397092,0,0,0,3,0,0.6666666666666666,0.22727272727272727,0.16457547056792318,0.13337925234141465,0.9707305841761195,0.46709758447718713,0.0,0.21818181818181814,0.01359128427232387
882,110,100.0,110,0,109,1,0,0.0,1.5184600058083644,1.499483363308814,0.7864412786600097,1.1231206152205857,0.5360878696711431,1.3253826418725843,8.2,1.064675958454609,0.30410914674877154,0.0001069114200254008,0.001264737348261891,0.0,0.0001069114200254008,0.02117162524941807,0,0,0,1,0,1.0,0.20909090909090908,0.15946235296794933,0.13200503427476667,0.9677237982583873,0.4589948523506683,0.0,0.21818181818181817,0.013571097616392358
883,110,100.0,110,0,106,4,0,0.0,1.5319911894698315,1.5134854367324762,0.7963215538985048,1.1240539925095665,0.5118786990291049,1.2938418000684997,8.2,1.064675958454609,0.3058830845942089,0.010590735844801231,0.002125394042852188,0.0,0.010590735844801231,-0.003871288868851075,0,0,0,4,0,1.0,0.20909090909090908,0.15973025198782176,0.12199489214109915,0.9724596492025273,0.4661668268453372,0.0,0.1818181818181818,0.01364372225649842
884,110,100.0,110,0,102,8,0,0.0,1.537997476898952,1.5190222237973339,0.8278142143106701,1.1250245914275498,0.5038247010284318,1.2646389623251044,8.2,1.064675958454609,0.31045606429186257,0.015192442225714666,0.0017076727791645134,0.0,0.015192442225714666,0.005851758765258501,0,0,0,8,0,0.875,0.2,0.16418606583468415,0.1101769380333047,0.9787414537046991,0.4746732538846537,0.0,0.1818181818181818,0.013678920560310417
885,110,100.0,110,0,104,6,0,0.0,1.543998573526979,1.5246427098510116,0.8247328415147069,1.1260327285832104,0.49726507009091087,1.2457712340108882,8.2,1.064675958454609,0.31230242911195627,0.018794286383079842,0.0014244717363268034,0.0,0.018794286383079842,0.007952148689483471,0,0,0,6,0,0.8333333333333334,0.20909090909090908,0.1644759022360522,0.11558162170404744,0.9721884833115099,0.47437062254368906,0.0,0.21818181818181814,0.013714292740412836
886,110,100.0,110,0,103,7,0,0.0,1.5396153008265916,1.520802816432774,0.8464877191208736,1.1269974264073026,0.5057663048463936,1.2440861069747957,8.2,1.064675958454609,0.31087344495315294,0.03736420616428678,0.0015486595206156129,0.0,0.03736420616428678,0.00486750883223339,0,0,0,7,0,0.5714285714285714,0.21818181818181817,0.16547484275470206,0.09933746012209105,0.9721884833115099,0.47648106065615864,0.0,0.21818181818181814,0.013697511829813321
887,109,99.0909090909091,110,1,106,3,0,0.00909090909090909,1.547582101088842,1.527620515444277,0.8035717071296271,1.1280235131563774,0.509790923114694,1.245087515537694,8.2,1.064675958454609,0.30835994176358805,0.08098093869229149,0.0016975367450403295,0.0,0.08098093869229149,0.004859094568981107,0,1,0,3,0,0.25,0.20909090909090908,0.1604161512829795,0.10435410325902644,0.9726397000134464,0.47260007823228234,0.00909090909090909,0.21818181818181814,0.013742808080589718
888,109,99.0909090909091,110,0,108,2,0,0.0,1.5538205219829797,1.533982756356365,0.7795641575493442,1.1290792744970988,0.5254820372437429,1.2571484688472088,8.2,1.064675958454609,0.3056075000374565,0.06794800814390278,0.001059683684117884,0.0,0.06794800814390278,0.017187438436602823,0,0,0,2,0,0.5,0.20909090909090908,0.15617884667943846,0.10834215708849956,0.9735246033257492,0.46692419518722766,0.0,0.21818181818181814,0.013779620403647067
889,109,99.0909090909091,110,0,109,1,0,0.0,1.561512361009747,1.5407435088961288,0.8163035896184359,1.1301813794861681,0.5226717092351406,1.2570887946712048,8.2,1.064675958454609,0.3100347094766487,0.11622454739887111,0.0021259098059749613,0.0,0.11622454739887111,-0.00116693238666149,0,0,0,1,0,0.0,0.20909090909090908,0.161366957368315,0.11166228790493384,0.9736808695166375,0.47350181844802064,0.0,0.21818181818181814,0.013823946522208676
890,109,99.0909090909091,110,0,109,1,0,0.0,1.5741043345581271,1.5534041935113967,0.8387978619158085,1.1313795868406014,0.5129227255341376,1.233598307276588,8.2,1.064675958454609,0.3143099057015779,0.14902624999592598,0.0003675873001094562,0.0,0.14902624999592598,0.02197448371321105,0,0,0,1,0,0.0,0.20909090909090908,0.16461059554038102,0.11069245348176909,0.9721510285575637,0.48010245252425676,0.0,0.1818181818181818,0.01389328490276812
891,109,99.0909090909091,110,0,108,2,0,0.0,1.5794587812866352,1.5590326624210882,0.8559121758241133,1.132612977133648,0.5023818920505567,1.2129077657876632,8.2,1.064675958454609,0.3155752757354613,0.1347037533823604,0.0008170290095604255,0.0,0.1347037533823604,-0.002218435744108238,0,0,0,2,0,0.5,0.19090909090909092,0.16599295892857666,0.10045177853555333,0.972776292952792,0.48637749407853914,0.0,0.1818181818181818,0.01392662294137265
892,110,100.0,110,0,105,5,0,0.0,1.5836894907122885,1.563164471607182,0.8764430996688386,1.1338684281200138,0.5071868789443557,1.2196530883095422,8.2,1.064675958454609,0.3168684636420682,0.06813906225866904,0.0012963035743595328,0.0,0.06813906225866904,-0.002789793015834918,0,0,0,5,0,0.6,0.21818181818181817,0.16812165681772287,0.10557331741259966,0.9738228612259704,0.4896544779715077,0.0,0.1818181818181818,0.013954459730911925
893,109,99.0909090909091,110,1,106,3,0,0.00909090909090909,1.5995067618818344,1.5782429842656631,0.9196269650408718,1.1352375241256196,0.5249128404746037,1.2885834134522252,8.2,1.064675958454609,0.32013165125608856,0.06366035391466698,0.0008994396467935883,0.0,0.06366035391466698,-0.0036045709689963915,0,1,0,3,0,0.5,0.23636363636363636,0.17227742530594875,0.12412971612565002,0.9573896297665954,0.4900948474723643,0.00909090909090909,0.2181818181818182,0.01404083430476958
894,109,99.0909090909091,110,0,107,3,0,0.0,1.5996378587118611,1.5783770349297521,0.9115621399493533,1.1365946037946313,0.5370736501656691,1.3163912590118687,8.2,1.064675958454609,0.31915824563653095,0.01992011451644769,0.0016586563627417588,0.0,0.01992011451644769,0.004948527129078987,0,0,0,3,0,0.6666666666666666,0.23636363636363636,0.17138348814655782,0.1319438377028132,0.9562282118810849,0.48544347220888073,0.0,0.21818181818181814,0.014048714039406236
895,109,99.0909090909091,110,0,106,4,0,0.0,1.5854510405192224,1.5642478455591247,0.8334051296677368,1.1378168908967874,0.5637707341363104,1.349967058011488,8.2,1.064675958454609,0.3124731287239213,0.014783284319333415,0.0020648878567858676,0.0,0.014783284319333415,0.008213334193137266,0,0,0,4,0,1.0,0.24545454545454545,0.16276168901793361,0.13684945958423847,0.9633426227892693,0.4703708748137091,0.0,0.21818181818181814,0.013984286646903012
896,109,99.0909090909091,110,0,105,5,0,0.0,1.5958797967764708,1.5742692563700775,0.8631898163857309,1.1391115210433047,0.5563205443288797,1.3389272054905899,8.2,1.064675958454609,0.3170160479353614,0.026375695763852503,0.0020738266172734264,0.0,0.026375695763852503,-0.0002468716671498061,0,0,0,5,0,0.6,0.23636363636363636,0.1668589737570209,0.13393983214793306,0.9660176195839091,0.47764044784964205,0.0,0.21818181818181814,0.014043322236149694
897,109,99.0909090909091,110,0,106,4,0,0.0,1.6102128517197005,1.5881435133814572,0.8917320696283704,1.1405105402769533,0.5458476752132835,1.3361465362728515,8.2,1.064675958454609,0.32077113704613436,0.0033097894843701118,0.0015852001565119147,0.0,0.0033097894843701118,0.011624222261965661,0,0,0,4,0,1.0,0.2636363636363636,0.17004499427323863,0.13748906186460313,0.9610762964570443,0.4788023937712811,0.0,0.21818181818181814,0.014122435021583248
898,110,100.0,110,0,106,4,0,0.0,1.6243761754964103,1.6023328797180598,0.9345261977285386,1.142015521106801,0.5309028097223303,1.304452698780461,8.2,1.064675958454609,0.3248083026212447,0.02882269157373956,0.0014105448370066442,0.0,0.02882269157373956,0.008727309314653847,0,0,0,4,0,0.5,0.24545454545454545,0.17454654459628458,0.1256893835382852,0.9693706382305988,0.48886842278149617,0.0,0.21818181818181814,0.014201263225004169
899,110,100.0,110,0,106,4,0,0.0,1.6267482038493917,1.6050954239674275,0.9222609474541237,1.1435280084831458,0.5196128894343868,1.2347976844239095,8.2,1.064675958454609,0.3252920185484136,0.004622776002901613,0.0011942521883275283,0.0,0.004622776002901613,0.013471661100196701,0,0,0,4,0,1.0,0.2545454545454545,0.17397334064960965,0.13351120820826312,0.9410519271254916,0.48627601361885264,0.0,0.2545454545454545,0.014221174911504375
900,110,100.0,110,0,105,5,0,0.0,1.6428448472451342,1.6209388215852447,0.9462822479711659,1.1451593374463716,0.524253089233532,1.2727655728916873,8.2,1.064675958454609,0.3259833404403465,0.017418697439911146,0.00145295395869602,0.0,0.017418697439911146,0.014273763537257178,0,0,0,5,0,0.8,0.24545454545454545,0.17449343004969725,0.12152824693307551,0.9510932667510974,0.48968245094132146,0.0,0.2545454545454545,0.014310342312120475
901,110,100.0,110,0,105,5,0,0.0,1.6455092102234736,1.6238154220367198,0.9447829390770408,1.1467977992210643,0.5164212910392313,1.2223258600497637,8.2,1.064675958454609,0.32614899137656783,0.014497314652724492,0.0013877514101009072,0.0,0.014497314652724492,0.011096000192959731,0,0,0,5,0,1.0,0.22727272727272727,0.1745022798301282,0.12487892853401959,0.9506206558996113,0.4875265847045824,0.0,0.21818181818181814,0.014332386281313982
902,110,100.0,110,0,106,4,0,0.0,1.6415052083738353,1.6194117938865895,0.9413139267708748,1.1483813091909822,0.525254747939649,1.2539300484792881,8.2,1.064675958454609,0.3265215844637097,0.014576438348522038,0.001868482480632656,0.0,0.014576438348522038,0.01174485704808155,0,0,0,4,0,1.0,0.23636363636363636,0.17489101216004915,0.12330771104137819,0.9471240219572484,0.49005176610021234,0.0,0.18181818181818177,0.014320795897040516
903,110,100.0,110,0,107,3,0,0.0,1.6403726253587936,1.6187496411575115,0.9194606952451668,1.1499423200862193,0.5298345332769877,1.2504294771168591,8.2,1.064675958454609,0.3239756507260587,0.0384023336644393,0.002042120698085086,0.0,0.0384023336644393,0.014225484226613497,0,0,0,3,0,0.6666666666666666,0.23636363636363636,0.17157336197024078,0.11527397316491794,0.9535564776744112,0.4883212674101483,0.0,0.21818181818181814,0.01432344283582053
904,110,100.0,110,0,106,4,0,0.0,1.6491602255021012,1.6268127445906322,0.9378483744983916,1.1515553880127516,0.5267220777749569,1.2432620593472472,8.2,1.064675958454609,0.32603970720581876,0.03141653655794308,0.0021012640678906907,0.0,0.03141653655794308,0.015821254913639102,0,0,0,4,0,0.75,0.23636363636363636,0.17362856526193954,0.11703823161940947,0.9348102847898968,0.4927522035860806,0.0,0.18181818181818177,0.014375967809740733
905,110,100.0,110,0,107,3,0,0.0,1.6606983392500092,1.6376433481362882,0.98232743727703,1.1532435306585616,0.5047435154855741,1.2176257913992081,8.2,1.064675958454609,0.33035342388511935,0.0338852572101686,0.0021352150418774783,0.0,0.0338852572101686,0.014376176765697782,0,0,0,3,0,0.6666666666666666,0.21818181818181817,0.17892122159911067,0.12038898092967859,0.9567593594090613,0.5009956278002953,0.0,0.18181818181818182,0.014442645002927454
906,110,100.0,110,0,106,4,0,0.0,1.6895614925731728,1.6664389518497638,1.0327227837355548,1.1551589639513409,0.48503590232767013,1.1920311979791813,8.2,1.064675958454609,0.3328062088543924,0.02221441703937735,0.002083629036510968,0.0,0.02221441703937735,0.01529428416571453,0,0,0,4,0,1.0,0.20909090909090908,0.18128818476967087,0.11255356975456283,0.9364742987239683,0.5062863211024871,0.0,0.18181818181818182,0.014597157348427498
907,110,100.0,110,0,108,2,0,0.0,1.6907161727345552,1.6675832005604228,1.0266795450582225,1.1570637501190935,0.48288957785547465,1.1755207199428956,8.2,1.064675958454609,0.3311081546622108,0.03930229342887512,0.0025584007381983555,0.0,0.03930229342887512,0.014630188112250614,0,0,0,2,0,0.5,0.21818181818181817,0.17964941955272182,0.12075089673508838,0.94118800060544,0.5030729254044534,0.0,0.21818181818181814,0.014613070649428427
908,110,100.0,110,0,108,2,0,0.0,1.6960032446046065,1.672165570365531,1.05825522507706,1.1589872863981716,0.4801111570702353,1.1538437800833898,8.2,1.064675958454609,0.333130121922131,0.04521196434900204,0.0017140337062733113,0.0,0.04521196434900204,0.017768408217146592,0,0,0,2,0,0.5,0.2,0.1830060948480193,0.12509767785679105,0.9471307109313154,0.5074386068398293,0.0,0.18181818181818182,0.014649745722936432
909,110,100.0,110,0,108,2,0,0.0,1.6902374965845033,1.6664257021814182,1.0124032512660923,1.160841454451652,0.48984089026810645,1.1858848912924658,8.2,1.064675958454609,0.3296631884281287,0.12200028248599332,0.0026420603329716345,0.0,0.12200028248599332,0.01870445136632018,0,0,0,2,0,0.5,0.20909090909090908,0.1784036528310465,0.12089248419662657,0.9534465554809599,0.4987516065166622,0.0,0.18181818181818177,0.014630787423583293
910,110,100.0,110,0,108,2,0,0.0,1.6852867551751747,1.6618253735250335,0.9991135121173245,1.1626366987490662,0.5075450962730709,1.2156291899563911,8.2,1.064675958454609,0.3272974464381315,0.094378843286499,0.0023771836171459252,0.0,0.094378843286499,0.009112517048526364,0,0,0,2,0,0.5,0.21818181818181817,0.17639879071734405,0.12129026183914175,0.9441554349971142,0.4959258374613554,0.0,0.21818181818181814,0.014615590483751696
911,110,100.0,110,0,108,2,0,0.0,1.6967513808318713,1.6732142467210198,1.0291263733654576,1.1645098331879353,0.5036995798115025,1.2057186014793522,8.2,1.064675958454609,0.3285262784295766,0.0968768289573309,0.002342383289894422,0.0,0.0968768289573309,0.011403600260253749,0,0,0,2,0,0.5,0.20909090909090908,0.17816794633097127,0.1231592525833933,0.924914468968764,0.49858212760951215,0.0,0.21818181818181814,0.014682885018055267
912,110,100.0,110,0,105,5,0,0.0,1.7032260897437619,1.6790350271815957,1.0823259229011595,1.166412602774891,0.5064492436415984,1.193854773054358,8.2,1.064675958454609,0.33006974423925906,0.05831731584142532,0.002482057885934629,0.0,0.05831731584142532,0.015559023405769779,0,0,0,5,0,0.8,0.2,0.18229410514487876,0.11359052141285887,0.9324937120564329,0.5015527973903672,0.0,0.18181818181818177,0.01472538772778327
913,110,100.0,110,0,108,2,0,0.0,1.6878538076711167,1.6651236771939681,1.0319854183422958,1.1681766253924577,0.5352542472845865,1.2726071211204122,8.2,1.064675958454609,0.3244309460512671,0.06664031964311587,0.002652884607441943,0.0,0.06664031964311587,0.015527585966910645,0,0,0,2,0,0.5,0.19090909090909092,0.17611553666255703,0.1020808673094376,0.9460686839906391,0.495905574502343,0.0,0.14545454545454545,0.014657916879775513
914,110,100.0,110,0,107,3,0,0.0,1.696203133306856,1.6723217239054482,1.1063685339318907,1.169983175583566,0.5189007243557421,1.2157741887148423,8.2,1.064675958454609,0.329453092325783,0.00898750715814908,0.0019307000260710971,0.0,0.00898750715814908,0.0005914968422684094,0,0,0,3,0,1.0,0.18181818181818182,0.1834975247147383,0.09604586024070547,0.9271888897114319,0.5035072782629891,0.0,0.21818181818181814,0.01470928046073528
915,110,100.0,110,0,105,5,0,0.0,1.7192480401872614,1.6947274677245456,1.1491424941196575,1.1719613307233159,0.518913113676012,1.2672023159211814,8.2,1.064675958454609,0.332645321240735,0.026229852889869665,0.0015761424489222197,0.0,0.026229852889869665,0.012640258094027024,0,0,0,5,0,0.8,0.2,0.18650116182007742,0.09945916456502132,0.9291828395117996,0.50849966988523,0.0,0.2545454545454545,0.014835035466234235
916,110,100.0,110,0,106,4,0,0.0,1.7093102256947643,1.6843457762760516,1.110663236697807,1.1738299998225254,0.542134316743353,1.3000559420507372,8.2,1.064675958454609,0.33283447414574785,0.015269543577930736,0.0022647372342965745,0.0,0.015269543577930736,0.009924204900117209,0,0,0,4,0,0.75,0.2,0.18562405545600508,0.11439688594643269,0.92273051453116,0.5038684364284622,0.0,0.2545454545454545,0.014795294029092926
917,110,100.0,110,0,105,5,0,0.0,1.7237522227674118,1.6985462802639342,1.0902190321217662,1.175799725132643,0.5351253159369264,1.2759600536926712,8.2,1.064675958454609,0.3300221086291426,0.014460575010269112,0.002724765220622805,0.0,0.014460575010269112,0.005638694868844008,0,0,0,5,0,1.0,0.19090909090909092,0.18182501959068395,0.11345116457015157,0.9466496567633098,0.49946677797059524,0.0,0.2545454545454545,0.014877989610368372
918,110,100.0,110,0,107,3,0,0.0,1.70849424634118,1.6833270783902978,1.051623820211161,1.177618851104203,0.5392293245618575,1.2806412212775806,8.2,1.064675958454609,0.32882222278266293,0.016151841416335733,0.0018029899555315851,0.0,0.016151841416335733,0.00884033626165955,0,0,0,3,0,1.0,0.2,0.17979907483941066,0.10689488731472684,0.9335414483932444,0.4957327910074167,0.0,0.2909090909090909,0.014811383626673814
919,110,100.0,110,0,105,5,0,0.0,1.7173866371299602,1.6919047141821308,1.0765050433515206,1.179491668499753,0.5530243175695682,1.2959838874768141,8.2,1.064675958454609,0.3295451076908362,0.009710544311616207,0.0020976846056688222,0.0,0.009710544311616207,0.007068166920730523,0,0,0,5,0,1.0,0.2,0.18130317140956057,0.10845500309292871,0.9539317771885143,0.49386673895944405,0.0,0.2545454545454545,0.014865815298895803
920,110,100.0,110,0,105,5,0,0.0,1.7296132623801241,1.7034546461034843,1.1001122122895934,1.1814429219374543,0.5351829629435125,1.2385129384117175,8.2,1.064675958454609,0.33279452679559096,0.022312445470743143,0.0021068731071862195,0.0,0.022312445470743143,0.008976019266101632,0,0,0,5,0,0.8,0.20909090909090908,0.18399995203970046,0.11307337782669084,0.9566730096175968,0.49699874236280933,0.0,0.2545454545454545,0.014937335688266485
921,110,100.0,110,0,104,6,0,0.0,1.7287704540150182,1.7034515689600616,1.0925474688232069,1.183373374639631,0.54091150013917,1.2670332250480387,8.2,1.064675958454609,0.3296449529979657,0.036026611371629,0.002126122866694328,0.0,0.036026611371629,0.0059310768607306425,0,0,0,6,0,0.6666666666666666,0.2,0.18121834753375501,0.11545035145071718,0.9539317771885143,0.49430045632622027,0.0,0.2545454545454545,0.014943398179345663
922,110,100.0,110,0,104,6,0,0.0,1.7434934944845162,1.7179378245697023,1.110734271188948,1.1854066596206032,0.5270217474190081,1.2480984661356194,8.2,1.064675958454609,0.3312623914268411,0.01987379410540056,0.001611608811432687,0.0,0.01987379410540056,0.0044863750361719594,0,0,0,6,0,0.8333333333333334,0.19090909090909092,0.18228954078456452,0.12128272554592058,0.9482860231371761,0.49617734720738743,0.0,0.2545454545454545,0.015027837329872793
923,110,100.0,110,0,106,4,0,0.0,1.7344108381900267,1.7093129593522312,1.0732482368417944,1.1873448352120806,0.547445791607321,1.2858785721633268,8.2,1.064675958454609,0.3265250209792949,0.018722990360082268,0.0022100731701924173,0.0,0.018722990360082268,0.010277696354538873,0,0,0,4,0,0.75,0.19090909090909092,0.1778861094557626,0.12183545540991805,0.9508699881583975,0.4895185974796447,0.0,0.2545454545454545,0.014992741693177894
924,110,100.0,110,0,106,4,0,0.0,1.730740117618548,1.7052029281920835,1.051311966416517,1.1892273687030857,0.5609924732565764,1.2745751121195865,8.2,1.064675958454609,0.32625162014886966,0.022020443317119782,0.002443854113944925,0.0,0.022020443317119782,0.008566948047174824,0,0,0,4,0,0.75,0.18181818181818182,0.1772911636180911,0.13865294172827242,0.9495077477871662,0.4844024094983211,0.0,0.21818181818181814,0.014984409531064793
925,110,100.0,110,0,107,3,0,0.0,1.7364523867101753,1.7112712971920083,1.063818174860124,1.1911415460852515,0.55230056552865,1.2632180460931453,8.2,1.064675958454609,0.32525685874993626,0.00862892690005341,0.0018347107520497897,0.0,0.00862892690005341,0.007829880042977078,0,0,0,3,0,1.0,0.19090909090909092,0.1766654331307256,0.13428837613310923,0.9408432114274926,0.4861225623070178,0.0,0.18181818181818177,0.015023160769717978
926,110,100.0,110,0,106,4,0,0.0,1.7355153231472222,1.710019066903122,1.0611634165893973,1.1930246779251632,0.5556054879339,1.2668001011333638,8.2,1.064675958454609,0.32456632790682916,0.006698773535147899,0.0020885094392602225,0.0,0.006698773535147899,0.01147612292022289,0,0,0,4,0,1.0,0.2,0.17654662068140073,0.14490390621500623,0.9559106593656066,0.4854103680501228,0.0,0.18181818181818177,0.015028500077885983
927,110,100.0,110,0,107,3,0,0.0,1.742140497893118,1.7164688654161748,1.06461856571555,1.1949426960764191,0.5459992916114028,1.2685772836579565,8.2,1.064675958454609,0.3262039547444566,0.004674196053838068,0.0017662111770742825,0.0,0.004674196053838068,0.009019274919254269,0,0,0,3,0,1.0,0.19090909090909092,0.17741197959625563,0.14966947726158292,0.9559106593656066,0.488299740374328,0.0,0.18181818181818177,0.015071836290683071
928,110,100.0,110,0,108,2,0,0.0,1.7347856137814186,1.70964911113506,1.0069103194512457,1.1967822069221343,0.5551696339086216,1.29242863506213,8.2,1.064675958454609,0.32216837565955814,0.022432437544567623,0.0017077199521627836,0.0,0.022432437544567623,0.02093933707396356,0,0,0,2,0,1.0,0.18181818181818182,0.1720288360164456,0.15708045435487522,0.9547086116228336,0.4798596774700004,0.0,0.14545454545454542,0.015044854284988321
929,110,100.0,110,0,107,3,0,0.0,1.7395932458002035,1.7144286009440246,1.0231382301648906,1.1986428418012687,0.5559167195239588,1.2878665361812156,8.2,1.064675958454609,0.3239918769538994,0.002567552181204247,0.00234573436418346,0.0,0.002567552181204247,0.0014388609765457194,0,0,1,2,0,1.0,0.18181818181818182,0.17376864777842077,0.1629631013467717,0.9458206978605093,0.48353137166844773,0.0,0.14545454545454542,0.015078797311198627
930,110,100.0,110,0,107,3,0,0.0,1.7494572989945647,1.7245011149314036,1.026140629096533,1.2005694586560383,0.5437590814192796,1.3132032377547775,8.2,1.064675958454609,0.32334669402464966,0.0022613979220309035,0.002137655654151009,0.0,0.0022613979220309035,0.008114517588644843,0,0,0,3,0,1.0,0.18181818181818182,0.17257214237882962,0.159065529463821,0.9463965353038005,0.482882558323921,0.0,0.18181818181818182,0.015138373690402567
931,110,100.0,110,0,107,3,0,0.0,1.7555949912162612,1.7313195544778648,1.0094438297209294,1.2025336387136183,0.5286023963809159,1.2891170602105255,8.2,1.064675958454609,0.3213939925919638,0.0018274931292462878,0.0020212144917806023,0.0,0.0018274931292462878,0.012744019746366056,0,0,0,3,0,1.0,0.16363636363636364,0.16956149240537802,0.1578144472081217,0.9426430083423989,0.4833498412771874,0.0,0.14545454545454545,0.015179518227937956
932,110,100.0,110,0,107,3,0,0.0,1.7507074053036438,1.7275455216067037,0.9960431329727832,1.2044447616418297,0.5267107656687015,1.2666782954559155,8.2,1.064675958454609,0.3196184696304105,0.0015913489514110806,0.0011339857458549125,0.0,0.0015913489514110806,0.02299428589568281,0,0,0,3,0,1.0,0.18181818181818182,0.16780948908135357,0.1495815969029659,0.9139969089302677,0.4839749779111844,0.0,0.18181818181818182,0.01516525393155146
933,110,100.0,110,0,106,4,0,0.0,1.7566064507318864,1.733441783994587,1.0111334972040402,1.2063857581741608,0.5134116824557308,1.280751011833376,8.2,1.064675958454609,0.3207534746848597,0.0016751051550638455,0.0015078900776339076,0.0,0.0016751051550638455,0.015224711459590895,0,0,0,4,0,1.0,0.18181818181818182,0.1687688042373809,0.13629021929846052,0.9222551644234107,0.48887424641058164,0.0,0.14545454545454545,0.015205081820409756
934,110,100.0,110,0,108,2,0,0.0,1.7639591309515965,1.7405132194948647,1.0782017181273356,1.208366319682009,0.5035977426652387,1.2395041526344597,8.2,1.064675958454609,0.32609121327979484,0.006123316818867443,0.0029365225880870678,0.0,0.006123316818867443,0.008465415155935352,0,0,0,2,0,1.0,0.18181818181818182,0.17514740727644917,0.11955296056150294,0.9487897487652095,0.49973763174627395,0.0,0.2181818181818182,0.015252388502616539
935,110,100.0,110,0,105,5,0,0.0,1.775550665555405,1.7513241536580617,1.1768512877776744,1.210417875761177,0.49107820379279404,1.1926046358791618,8.2,1.064675958454609,0.3348051111726704,0.0028755614021642464,0.0013994052745001724,0.0,0.0028755614021642464,0.019629000513132554,0,0,0,5,0,1.0,0.21818181818181817,0.18577354713259372,0.12867106268648226,0.957174129676715,0.513198141731002,0.0,0.18181818181818182,0.015321267387810141
936,110,100.0,110,0,106,4,0,0.0,1.7720300482981455,1.7477101966006467,1.1783675813898133,1.2124168078704443,0.4984829917696296,1.2197298179998661,8.2,1.064675958454609,0.33407766006537565,0.0009747220203817009,0.0010740039731437433,0.0,0.0009747220203817009,0.019192068770161885,0,0,0,4,0,1.0,0.20909090909090908,0.1860559553770894,0.13394075616257717,0.9455753462315393,0.5135927768309032,0.0,0.18181818181818182,0.015314305376320442
937,110,100.0,110,0,106,4,0,0.0,1.780690349810924,1.7560183035506212,1.2539728489283732,1.2144652213639575,0.4894721423704372,1.1951669865416985,8.2,1.064675958454609,0.3384533557555205,0.001279258564532775,0.001526228925481544,0.0,0.001279258564532775,0.012773125025716994,0,0,0,4,0,1.0,0.21818181818181817,0.19266071125797427,0.12425189612938274,0.9535434864487058,0.5265824805531722,0.0,0.18181818181818182,0.015368511366881922
938,110,100.0,110,0,106,4,0,0.0,1.7906896421292275,1.7663405116528124,1.2517739528158207,1.2165797443459123,0.4983620836377201,1.2006913174865441,8.2,1.064675958454609,0.33687289537834064,0.0014708293140586132,0.001556820005004008,0.0,0.0014708293140586132,0.01757379247571171,0,0,0,4,0,1.0,0.20909090909090908,0.19013979442072143,0.12704294971553545,0.9486900815925512,0.5270444505649966,0.0,0.18181818181818182,0.015429764237385877
939,110,100.0,110,0,104,6,0,0.0,1.7816094662416027,1.757106806082137,1.2416555320221274,1.2185931072754137,0.4929400719013595,1.1989676089813104,8.2,1.064675958454609,0.3371201074061769,0.002706766285016059,0.0019225961473517284,0.0,0.002706766285016059,0.01118429996670677,0,0,0,6,0,1.0,0.21818181818181817,0.19062176071327225,0.1465865976671186,0.9368193649131709,0.5261997415142395,0.0,0.14545454545454545,0.01539508125348117
940,110,100.0,110,0,106,4,0,0.0,1.7780761652594963,1.7536488903467173,1.2198957991837198,1.2205555819358493,0.49996395474242883,1.2031518417347795,8.2,1.064675958454609,0.33676503285893844,0.0025793681315358047,0.0019280553505666791,0.0,0.0025793681315358047,0.01088335720265933,0,0,0,4,0,1.0,0.21818181818181817,0.1894505260324873,0.1483069381054304,0.9344901356827192,0.5220381614979681,0.0,0.14545454545454545,0.01538786174652085
941,110,100.0,110,0,105,5,0,0.0,1.7750267958315933,1.7503773676223195,1.2045129995176755,1.2224692977076468,0.4934860558813991,1.2209487667132166,8.2,1.064675958454609,0.33629962475117803,0.0028398763330569894,0.0015045704607730254,0.0,0.0028398763330569894,0.01425316021436781,0,0,0,5,0,1.0,0.21818181818181817,0.18839790644907906,0.15718561580893978,0.9401781821550336,0.5214442703193624,0.0,0.14545454545454545,0.015382802335249076
942,110,100.0,110,0,104,6,0,0.0,1.7887304836614748,1.7642535988558263,1.2757498322949863,1.2244808281260153,0.48209989356252075,1.2048383773363134,8.2,1.064675958454609,0.33908588914404336,0.002557838502152999,0.0015121506664176,0.0,0.002557838502152999,0.016244819038861852,0,0,0,6,0,1.0,0.20909090909090908,0.19275899229809426,0.14066701549024738,0.9265785451861217,0.5309605339919347,0.0,0.14545454545454545,0.015462028914779168
943,110,100.0,110,0,105,5,0,0.0,1.8051166030569672,1.7805949449705092,1.2992806079385022,1.226610128170319,0.4769697590248489,1.187221179187104,8.2,1.064675958454609,0.3398038275388515,0.0028139214982388235,0.0009309529332192312,0.0,0.0028139214982388235,0.0196943153189251,0,0,0,5,0,1.0,0.16363636363636364,0.19321428346105865,0.13728596076589492,0.9375462979194527,0.5322772337253219,0.0,0.18181818181818182,0.015555294584584163
944,109,99.0909090909091,110,1,104,5,0,0.00909090909090909,1.8156073952876934,1.7933219252037742,1.2690178781168397,1.2288121225694266,0.48402125846697974,1.2362327993989828,8.2,1.064675958454609,0.3370027556669617,0.01360353930559083,0.0017360867713567946,0.0,0.01360353930559083,0.019432238298225633,0,1,0,5,0,1.0,0.18181818181818182,0.18841688311805113,0.11837287269527189,0.9464506741884211,0.5286504494833941,0.00909090909090909,0.12727272727272726,0.015619470598224702
945,109,99.0909090909091,110,0,106,4,0,0.0,1.831444158523905,1.8094762340313555,1.3014318223894943,1.2311413020759998,0.47367091269256206,1.2175364495999108,8.2,1.064675958454609,0.3386751513277806,0.002362310711580771,0.000796127070127209,0.0,0.002362310711580771,0.02170171427061294,0,0,0,4,0,1.0,0.18181818181818182,0.19001018528344374,0.11747349857415662,0.9373680639601409,0.534519489294303,0.0,0.12727272727272726,0.015711053521523625
946,109,99.0909090909091,110,0,103,7,0,0.0,1.8323368242982483,1.8108610120025415,1.2958548292211312,1.2334574780868466,0.4629194301164031,1.2295205165025478,8.2,1.064675958454609,0.33784366984556935,0.002855251059307164,0.0010434429831170594,0.0,0.002855251059307164,0.02163583585878474,0,0,0,7,0,1.0,0.19090909090909092,0.18898004764489512,0.11192404091129014,0.9411480695740702,0.5347040413033836,0.0,0.12727272727272726,0.015727846734966834
947,109,99.0909090909091,110,0,105,5,0,0.0,1.831796608396761,1.8096456864243222,1.2424744160595802,1.235738642905152,0.4643341141857071,1.1427334961830709,8.2,1.064675958454609,0.33625999863782674,0.02318884570461994,0.0009856198171606795,0.0,0.02318884570461994,0.019804824219578226,0,0,0,5,0,0.8,0.19090909090909092,0.1854780326556503,0.12047013711838855,0.9435928655863525,0.5232466006335477,0.0,0.16363636363636364,0.015737289162156005
948,109,99.0909090909091,110,0,103,7,0,0.0,1.860046320671245,1.8377321806522564,1.3067629078435565,1.238234744831358,0.44819034527001733,1.139723405635301,8.2,1.064675958454609,0.3384169934502208,0.015195747462201729,0.0012610457276948353,0.0,0.015195747462201729,0.006643643917408126,0,0,0,7,0,0.8571428571428571,0.19090909090909092,0.1888305280779144,0.13089555131385894,0.9397655392080695,0.5249779484429943,0.0,0.12727272727272726,0.015891825422081847
949,110,100.0,110,0,105,5,0,0.0,1.86980532851391,1.847952004824878,1.3413193101071452,1.2407913177692271,0.4257430776341491,1.119004486606652,8.2,1.064675958454609,0.3406698794106391,0.00919684692715445,0.001189356044723204,0.0,0.00919684692715445,0.0145261676959972,0,0,0,5,0,1.0,0.18181818181818182,0.19172152420481714,0.1320467061652944,0.9282985481493504,0.5317745595416656,0.0,0.16363636363636364,0.015954230070010095
950,110,100.0,110,0,102,8,0,0.0,1.8833084669794056,1.8617497830355152,1.3328176315691054,1.243438192791594,0.44205301086953486,1.1431635065335317,8.2,1.064675958454609,0.3393588863431871,0.0104810810320827,0.0012675721387067746,0.0,0.0104810810320827,0.012426095600088213,0,0,0,8,0,1.0,0.17272727272727273,0.18952489222156071,0.14874109242745415,0.92925598377676,0.5286885713431494,0.0,0.2,0.016035836083344315
951,109,99.0909090909091,110,1,101,8,0,0.00909090909090909,1.8799619769326668,1.8574070525771347,1.3160384613199598,1.246026423081454,0.46406451776374114,1.1608714341108353,8.2,1.064675958454609,0.3386270700387952,0.011237784248220325,0.0010914307389110446,0.0,0.011237784248220325,0.014256313257398364,0,1,0,8,0,1.0,0.18181818181818182,0.1888549789728728,0.1568701153765905,0.944946336093034,0.5215158247246786,0.00909090909090909,0.16363636363636364,0.01603288176593341
952,109,99.0909090909091,110,0,103,7,0,0.0,1.8723569253512777,1.8495314849769313,1.287066137144004,1.2485134929705926,0.475560751740852,1.1919995606259952,8.2,1.064675958454609,0.3361266012220381,0.007715314735389839,0.0014625553141317375,0.0,0.007715314735389839,0.014502483053788809,0,0,0,7,0,1.0,0.19090909090909092,0.18643666941189088,0.15733224073794852,0.9340178257115147,0.517977641584446,0.0,0.2,0.016008096125616277
953,109,99.0909090909091,110,0,103,7,0,0.0,1.8503348527147683,1.827815619547029,1.2445506809683122,1.2507891207458288,0.4914439959819483,1.2061145193614942,8.2,1.064675958454609,0.33417933886231266,0.016892497039199324,0.0015006547805492434,0.0,0.016892497039199324,0.0209736235957651,0,0,0,7,0,0.8571428571428571,0.16363636363636364,0.184554711247021,0.16371659002915415,0.9291515115123141,0.5165389078569337,0.0,0.2363636363636364,0.015910099793347156
954,108,98.18181818181819,110,1,103,6,0,0.00909090909090909,1.8628706725541753,1.8447272787741462,1.2406019451958257,1.253150369142792,0.5014489033555554,1.246234527907346,8.2,1.064675958454609,0.3322144913374703,0.012651578441786231,0.0015084887697283944,0.0,0.012651578441786231,0.019343946328824763,0,1,0,6,0,0.8571428571428571,0.15454545454545454,0.1816578718857391,0.16078684149495842,0.9388063884274263,0.5162973016907034,0.00909090909090909,0.2,0.015985348714545124
955,107,97.27272727272727,110,1,99,10,0,0.00909090909090909,1.8599493080838112,1.8345308773465714,1.2248268611136404,1.2554939870296153,0.5413746791283973,1.2501947481480955,8.2,1.064675958454609,0.33131327793244125,0.16870489251469134,0.0036049350425989835,0.18181818181818182,0.07999291062131501,0.016939375722647355,0,1,0,10,0,0.6363636363636364,0.15454545454545454,0.18192291088847484,0.18915701128567455,0.947373229139851,0.5022952652736481,0.00909090909090909,0.14545454545454545,0.015983217860292828
956,108,98.18181818181819,110,0,105,5,0,0.0,1.8706132212442614,1.8448657982024093,1.3055101570665202,1.2578405184852381,0.5321103506146215,1.261989851323138,8.2,1.064675958454609,0.3360809038216723,0.020614699327445342,0.0016068983261766506,0.0,0.020614699327445342,0.014404744552246718,0,0,0,5,0,1.0,0.15454545454545454,0.18893478535023453,0.1931495111558308,0.9586641692629123,0.5111364245534047,0.0,0.14545454545454545,0.016049028904227873
957,108,98.18181818181819,110,0,103,7,0,0.0,1.867354532461285,1.8419906885748132,1.300956216801108,1.2601375785038076,0.5449348037632672,1.2814309893850606,8.2,1.064675958454609,0.33496660951178114,0.018484135189864814,0.0018221353565844652,0.0,0.018484135189864814,0.011703200482612872,0,0,0,7,0,0.8571428571428571,0.17272727272727273,0.18760373268095673,0.1895088774340057,0.9481105738319865,0.5106028574604939,0.0,0.14545454545454545,0.016044963583197482
958,107,97.27272727272727,110,1,104,5,0,0.00909090909090909,1.8620907470561696,1.8411544112881089,1.2726471867886668,1.2623636657038635,0.5560854786200162,1.3533451737891515,8.2,1.064675958454609,0.3338673689567484,0.013357612438107735,0.0018585716340960296,0.0,0.013357612438107735,0.0146156199257902,0,1,0,5,0,1.0,0.15454545454545454,0.18598678588719433,0.1932611387883607,0.9263548768994821,0.5042800551922889,0.00909090909090909,0.12727272727272726,0.01603049496378852
959,108,98.18181818181819,110,0,107,3,0,0.0,1.8621156893054667,1.8408975334430902,1.2709807137426747,1.2646032580135302,0.5396985749685645,1.3162118442215986,8.2,1.064675958454609,0.33400505876646513,0.004382228636439966,0.001900444079542335,0.0,0.004382228636439966,0.006659834727148317,0,0,0,3,0,1.0,0.19090909090909092,0.18630489744794063,0.18816571156445194,0.9133258464779546,0.5026433762990207,0.0,0.10909090909090906,0.016042541875479217
960,109,99.0909090909091,110,0,106,4,0,0.0,1.8651298063126278,1.8440057677534845,1.3303151844171988,1.2668454800210565,0.5164637277116698,1.2852828318594787,8.2,1.064675958454609,0.33841355634759696,0.010488394314881057,0.002284487510434538,0.0,0.010488394314881057,0.016477175435787333,0,0,0,4,0,1.0,0.22727272727272727,0.19148994473404385,0.16241809010791286,0.9329893318190112,0.5182116620074197,0.0,0.16363636363636364,0.01606954865983968
961,109,99.0909090909091,110,0,107,3,0,0.0,1.8719885495632396,1.8507256024483152,1.3061608359500265,1.2691210652014886,0.5411887268014816,1.3400053249525976,8.2,1.064675958454609,0.33476747393063255,0.005294893082942713,0.0019137629781847399,0.0,0.005294893082942713,-0.0005058154193362715,0,0,0,3,0,1.0,0.19090909090909092,0.18708190779522657,0.15925989582992742,0.9393011066098713,0.5116740474190665,0.0,0.14545454545454545,0.016115956180257844
962,109,99.0909090909091,110,0,108,2,0,0.0,1.8711850122266551,1.8499425017078024,1.3149884342428482,1.2713657527853384,0.5339426566025304,1.3341642506055629,8.2,1.064675958454609,0.3365133529770148,0.009834049987829054,0.0013743598240262462,0.0,0.009834049987829054,0.00715750995508771,0,0,0,2,0,1.0,0.20909090909090908,0.18893055490549077,0.16579218681475455,0.9269954872539787,0.5112996915611799,0.0,0.12727272727272726,0.016123887818098755
963,110,100.0,110,0,109,1,0,0.0,1.8768087884019102,1.8555394293447796,1.3269879331564438,1.2736342130345113,0.5325422066723654,1.3408315447905654,8.2,1.064675958454609,0.33682150467101213,0.003032493831798523,0.0015676224166338338,0.0,0.003032493831798523,-0.01844854874475138,0,0,0,1,0,1.0,0.20909090909090908,0.18919810740431048,0.162969228705069,0.9260568361348763,0.51273714173997,0.0,0.18181818181818182,0.016164082574425052
964,110,100.0,110,0,108,2,0,0.0,1.887317950429583,1.8654108617724645,1.3635840184472314,1.2759626005470341,0.5179607588368175,1.31554235726521,8.2,1.064675958454609,0.33819262665334704,0.008254411109095527,0.0023321036381824035,0.0,0.008254411109095527,0.003064283768765358,0,0,0,2,0,1.0,0.19090909090909092,0.19097158429118738,0.1608914550131149,0.9268401925573023,0.5159228028967128,0.0,0.2,0.01622902327559616
965,110,100.0,110,0,108,2,0,0.0,1.8663727415432987,1.8447262746111914,1.2741599999355309,1.2780900192162024,0.5459488938848794,1.3419357105418188,8.2,1.064675958454609,0.33254069102596207,0.0559292311700683,0.0024921063232343794,0.0,0.0559292311700683,0.0023492301391732084,0,0,0,2,0,0.5,0.18181818181818182,0.1842947497086243,0.16740972641836832,0.9374216109132983,0.5032371288805361,0.0,0.2,0.016135622288717892
966,110,100.0,110,0,106,4,0,0.0,1.8637844006700488,1.8419236534978616,1.2655665406344427,1.280170916703704,0.5633957618961519,1.3478075227554753,8.2,1.064675958454609,0.33265332865707653,0.013444713277169435,0.0024338979940141557,0.0,0.013444713277169435,-0.0006514829583944559,0,0,0,4,0,1.0,0.2,0.18392371371298452,0.15647989733531345,0.9330191944636113,0.5047603444372646,0.0,0.2,0.0161337579919864
967,110,100.0,110,0,107,3,0,0.0,1.8598715498363745,1.8376171640852306,1.2878624882862604,1.2821929792499922,0.5640669394153758,1.3422505178633486,8.2,1.064675958454609,0.3355466522513597,0.01211750458972933,0.002613847841812655,0.0,0.01211750458972933,-0.007570074194276059,0,0,0,3,0,1.0,0.19090909090909092,0.18734786353428035,0.16607359739916358,0.9369029544395384,0.5078557860274883,0.0,0.2181818181818182,0.01612495794471565
968,110,100.0,110,0,106,4,0,0.0,1.869825460497107,1.8476009732847245,1.3399917577126426,1.2842785495555136,0.5475959974520174,1.3149161442280577,8.2,1.064675958454609,0.3366674172945965,0.030561830945826325,0.0026880725008438747,0.0,0.030561830945826325,-0.00041080227713372053,0,0,0,4,0,0.75,0.17272727272727273,0.19026107344212637,0.16624304892566344,0.9350484820884947,0.5087306620753554,0.0,0.2363636363636364,0.016185829780839094
969,110,100.0,110,0,106,4,0,0.0,1.8812221474399615,1.8589259953396173,1.3607449498845527,1.2864383751250814,0.5350087578006255,1.2908394736330684,8.2,1.064675958454609,0.3369500921011652,0.04390252319827252,0.0017743260717008437,0.0,0.04390252319827252,0.008528965087362457,0,0,0,4,0,0.5,0.17272727272727273,0.19069836831156983,0.15667776395575517,0.9410395305110438,0.5114257963681248,0.0,0.2363636363636364,0.01625431078734524
970,110,100.0,110,0,105,5,0,0.0,1.8921725902636504,1.8706547192564118,1.3569213900844352,1.2886751038740862,0.556294504397023,1.3004636645637773,8.2,1.064675958454609,0.3358068349780683,0.03457505434660761,0.0026024592561378797,0.0,0.03457505434660761,0.0030982283084540095,0,0,0,5,0,0.8,0.20909090909090908,0.18858272309519775,0.1487956836370058,0.9255377181954731,0.5094611798506129,0.0,0.2727272727272727,0.01632096995808693
971,110,100.0,110,0,106,4,0,0.0,1.8988487139612307,1.877536385971382,1.384820131001785,1.2909466326706887,0.5635929412759786,1.3092571400363,8.2,1.064675958454609,0.3359666184702508,0.026152283083840332,0.002527278539362437,0.0,0.026152283083840332,-0.0006470216269740259,0,0,0,4,0,0.75,0.20909090909090908,0.1897384463337,0.1552553249720765,0.9195962826709094,0.5094294420766992,0.0,0.2727272727272727,0.016366442787068232
972,110,100.0,110,0,105,5,0,0.0,1.8940815541144105,1.8731192398133474,1.349695993276642,1.2931563544117488,0.5758248387549288,1.3440055990645072,8.2,1.064675958454609,0.33309927852537635,0.02665179607595807,0.002544699579941354,0.0,0.02665179607595807,0.0015268219509364301,0,0,0,5,0,0.8,0.17272727272727273,0.18694230150287017,0.17602053891054176,0.9232468227795543,0.49976588395241944,0.0,0.2909090909090909,0.016354370175897037
973,110,100.0,110,0,104,6,0,0.0,1.8949736475133092,1.874495138201407,1.3689381829277971,1.2953542688641637,0.5688586856723125,1.303876233975853,8.2,1.064675958454609,0.3312832855476453,0.03282109961519252,0.0021988816276979598,0.0,0.03282109961519252,0.009696791765721205,0,0,0,6,0,0.6666666666666666,0.15454545454545454,0.18605869172062597,0.1524793430239281,0.9052410824971397,0.497690718749488,0.0,0.3090909090909091,0.01637053097627266
974,110,100.0,110,0,105,5,0,0.0,1.8915998409181711,1.8720973371344045,1.3295547141456874,1.2975083596006225,0.5726399913198928,1.2961745964921996,8.2,1.064675958454609,0.3279170506328779,0.019516973313796156,0.0022219108842388966,0.0,0.019516973313796156,0.0023332393622974125,0,0,0,5,0,0.8,0.19090909090909092,0.18184107542707567,0.14860628974578888,0.9135293301777927,0.4919198025124927,0.0,0.2909090909090909,0.016365128986394157
975,109,99.0909090909091,110,1,104,5,0,0.00909090909090909,1.9006557896184801,1.880987490501277,1.372288547886447,1.2997215759668388,0.5657279575003297,1.28651852612103,8.2,1.064675958454609,0.3304983320776964,0.051684150744911894,0.0019753989822150304,0.0,0.051684150744911894,0.01329516905202359,0,1,0,5,0,0.8333333333333334,0.17272727272727273,0.18474574160359486,0.13348264449887492,0.9063268105873452,0.5028857899728851,0.00909090909090909,0.32727272727272727,0.016422190521175547
976,109,99.0909090909091,110,0,105,5,0,0.0,1.891255236117281,1.8716448731451756,1.3309307907303154,1.3018253152142922,0.5666229743549961,1.32940069210102,8.2,1.064675958454609,0.32850758302868766,0.011854936302097274,0.0025294003375908977,0.0,0.011854936302097274,-0.001044427869197384,0,0,0,5,0,1.0,0.18181818181818182,0.18206195179888549,0.13055527916474854,0.9289159806390808,0.49893718573949175,0.0,0.29090909090909095,0.016386386756667655
977,109,99.0909090909091,110,0,108,2,0,0.0,1.8865648497778045,1.8677777698912417,1.372460059242743,1.3038737187608431,0.565180722929048,1.3387628725325489,8.2,1.064675958454609,0.33101865691300314,0.011344615565085753,0.0014009972438588122,0.0,0.011344615565085753,0.02170571730218042,0,0,0,2,0,1.0,0.15454545454545454,0.18587863906588104,0.12863982998174844,0.9152158880705197,0.5096347541227624,0.0,0.3090909090909091,0.016373839255016405
978,109,99.0909090909091,110,0,107,3,0,0.0,1.9060474455444512,1.8869480480094731,1.4561713179607225,1.3060635945211372,0.5355031274658575,1.3086782695390093,8.2,1.064675958454609,0.3352324881991866,0.008962320167753992,0.002134987120781023,0.0,0.008962320167753992,0.013815767878871824,0,0,0,3,0,1.0,0.16363636363636364,0.19179160985274435,0.14038755725199112,0.9233383391347038,0.5167313416569853,0.0,0.27272727272727276,0.016482909774219574
979,109,99.0909090909091,110,0,107,3,0,0.0,1.8909857904624263,1.872107345946493,1.453901572021132,1.308103750891146,0.5485545216713507,1.3409678583423956,8.2,1.064675958454609,0.33578428303225394,0.0033296665233134063,0.0017425429675991505,0.0,0.0033296665233134063,0.019595784115257097,0,0,0,3,0,1.0,0.18181818181818182,0.1932094701699428,0.13861995248008704,0.9382184332348042,0.5204609251938956,0.0,0.23636363636363636,0.016418462026002632
980,110,100.0,110,0,107,3,0,0.0,1.8882117840435926,1.8693342376254225,1.407964515303907,1.3100985665126923,0.5589868116745189,1.3955325171262412,8.2,1.064675958454609,0.3294141287507575,0.004158583169704342,0.00174688559633477,0.0,0.004158583169704342,0.030614646715857924,0,0,0,3,0,1.0,0.16363636363636364,0.18713122180003355,0.1431580495866302,0.9505865021882862,0.510581963884644,0.0,0.2,0.016415211155077512
981,110,100.0,110,0,104,6,0,0.0,1.8979504262289244,1.8796850245216083,1.4637234993132608,1.3121603056835753,0.5483755048488422,1.3667457425427594,8.2,1.064675958454609,0.32786463896476725,0.005803047955862947,0.0020787002899925982,0.0,0.005803047955862947,0.011513792044067656,0,0,0,6,0,1.0,0.14545454545454545,0.18833935117143955,0.12992701760408007,0.9387410410823482,0.5117307316732329,0.0,0.23636363636363636,0.016474879786643387
982,110,100.0,110,0,106,4,0,0.0,1.8777785699133818,1.8598874929227966,1.3586313885971217,1.3140314703657405,0.5843257523995111,1.4184671682765728,8.2,1.064675958454609,0.32242771400958503,0.003929102063874406,0.002176150119102196,0.0,0.003929102063874406,0.014497696791045109,0,0,0,4,0,1.0,0.14545454545454545,0.1808603043354036,0.12217548317731944,0.939185492320181,0.5041024827191318,0.0,0.23636363636363636,0.01638398142532273
983,110,100.0,110,0,104,6,0,0.0,1.8823862533781692,1.8637765127714359,1.394428107690732,1.3159158375748699,0.5827649680264331,1.4349923362080907,8.2,1.064675958454609,0.3259215815719836,0.005043295595657154,0.0023359831190547576,0.0,0.005043295595657154,0.017256234297424927,0,0,0,6,0,1.0,0.17272727272727273,0.18485323176723525,0.13730720033454924,0.9364400978686791,0.5048224640672463,0.0,0.23636363636363636,0.016417051044968968
984,110,100.0,110,0,104,6,0,0.0,1.861261200018766,1.8440197839516936,1.3386854423240653,1.3176118662658178,0.5933544756157537,1.4564857617968427,8.2,1.064675958454609,0.3214193024335188,0.025609204216479785,0.002526986284312223,0.0,0.025609204216479785,0.018400667301773987,0,0,0,6,0,0.8333333333333334,0.17272727272727273,0.18056407737722316,0.12049192520756324,0.923397884450414,0.5023421272290546,0.0,0.2727272727272727,0.016320454383032458
985,110,100.0,110,0,108,2,0,0.0,1.874530189527239,1.856187758996685,1.4120989586699266,1.3193934773509925,0.5946503244876625,1.4488184435162703,8.2,1.064675958454609,0.3232191928589201,0.011140125298678137,0.0018163118792205663,0.0,0.011140125298678137,0.0003400441887227712,0,0,0,2,0,1.0,0.14545454545454545,0.18509766437356495,0.1359037489581116,0.9374071569540559,0.5053145970246483,0.0,0.23636363636363636,0.01639628352302333
986,110,100.0,110,0,107,3,0,0.0,1.8587786598656333,1.8408911496999782,1.317306553633516,1.3210258325939577,0.6074433329255029,1.4671034995573984,8.2,1.064675958454609,0.31822492769281796,0.007913754234873706,0.0031637864330656133,0.0,0.007913754234873706,-0.0003180815860243473,0,0,0,3,0,1.0,0.16363636363636364,0.1781514897510815,0.14708862091332506,0.9428664533778823,0.49484446853673825,0.0,0.23636363636363636,0.016326215521629515
987,110,100.0,110,0,108,2,0,0.0,1.858274202895698,1.8410070802733436,1.3057781869526928,1.3226417959710493,0.6060879452452521,1.4659337851330236,8.2,1.064675958454609,0.31832218037321103,0.009603357515512228,0.0026422293795387583,0.0,0.009603357515512228,0.004105932479640723,0,0,0,2,0,1.0,0.15454545454545454,0.1774069665367942,0.1481468189620662,0.9352102009952741,0.49550790044895654,0.0,0.23636363636363636,0.0163322956235665
988,110,100.0,110,0,107,3,0,0.0,1.8701595111643092,1.8516801584566978,1.39764897378143,1.3243314615325232,0.588954261609085,1.445813468967973,8.2,1.064675958454609,0.32101632237306643,0.0033377050454985488,0.0026438101715674563,0.0,0.0033377050454985488,0.003091357639758726,0,0,0,3,0,1.0,0.14545454545454545,0.18352800082346787,0.14555146852127251,0.9287483411415945,0.5018310564438241,0.0,0.23636363636363636,0.01640071689641521
989,109,99.0909090909091,110,1,107,2,0,0.00909090909090909,1.8993330188132784,1.8814783307233345,1.4470537370623324,1.32625064557224,0.5767965604949388,1.4273405802041408,8.2,1.064675958454609,0.3238265962085636,0.04655164533840287,0.002643845211815736,0.0,0.04655164533840287,0.009594541541391463,0,1,0,2,0,0.6666666666666666,0.15454545454545454,0.18509208149274134,0.14305032145782426,0.9476046824900605,0.5051106661638581,0.00909090909090909,0.2545454545454545,0.016556800980194738
990,109,99.0909090909091,110,0,105,5,0,0.0,1.9021520834037424,1.8844412483212054,1.4435918096751073,1.3281809281376455,0.5818525891329095,1.4492617992113812,8.2,1.064675958454609,0.3199523640198507,0.007093858736246067,0.002590198863005833,0.0,0.007093858736246067,0.014362229439888675,0,0,0,5,0,1.0,0.12727272727272726,0.18298000127945896,0.14359463584278268,0.9394110951795279,0.4996409702549354,0.0,0.2909090909090909,0.016581171930349112
991,109,99.0909090909091,110,0,103,7,0,0.0,1.8911909781194591,1.8740765663109678,1.500883596834284,1.3300023792266205,0.555823691380374,1.4272479874190125,8.2,1.064675958454609,0.32564127520878006,0.01611340499509036,0.0021323524889466715,0.0,0.01611340499509036,0.019462945634594497,0,0,0,7,0,0.8571428571428571,0.17272727272727273,0.18971398526950023,0.1438183571274654,0.9609823289027423,0.5113359707599615,0.0,0.18181818181818182,0.01653606267984736
992,109,99.0909090909091,110,0,102,8,0,0.0,1.912837663840011,1.895275363126381,1.5869817256594514,1.3319849965582962,0.5391734371540704,1.3756993262748671,8.2,1.064675958454609,0.330179214169537,0.020586475444403608,0.0022652500264736643,0.0,0.020586475444403608,0.011581758960588544,0,0,0,8,0,0.875,0.19090909090909092,0.19471551361270936,0.14912919847601014,0.9498509329567051,0.5170475316757001,0.0,0.21818181818181817,0.01665485033348937
993,109,99.0909090909091,110,0,103,7,0,0.0,1.9071590587661642,1.889145284114984,1.5808232851255513,1.3338942930579185,0.5508224133437231,1.4009140224939896,8.2,1.064675958454609,0.3290128192507529,0.05275449198241898,0.00260958901715989,0.0,0.05275449198241898,0.014153161788785238,0,0,0,7,0,0.7142857142857143,0.16363636363636364,0.19460940250963366,0.16930510386512723,0.9554372010467681,0.5087534823779643,0.0,0.21818181818181817,0.016636621218523683
994,110,100.0,110,0,102,8,0,0.0,1.9273441363983488,1.9090129124762218,1.7604765270598706,1.3359524824268758,0.5111841100271718,1.3556663865223004,8.2,1.064675958454609,0.33822753442449005,0.01627016916374275,0.0020903730798776657,0.0,0.01627016916374275,0.014268502517563765,0,0,0,8,0,0.875,0.17272727272727273,0.20697123238888204,0.1624578950217565,0.9410339982689132,0.5251084967819195,0.0,0.1818181818181818,0.016748503130379986
995,110,100.0,110,0,103,7,0,0.0,1.9163466408960204,1.8978195574137386,1.7985334847962222,1.337893420380206,0.52282012387266,1.375797566032593,8.2,1.064675958454609,0.33810151317052073,0.019047653925282158,0.002761554121865102,0.0,0.019047653925282158,0.011515044456052273,0,0,1,6,0,1.0,0.18181818181818182,0.2095547034200958,0.15080991851757533,0.9644874663197807,0.5262771696736086,0.0,0.14545454545454545,0.016703848002747157
996,109,99.0909090909091,110,1,102,7,0,0.00909090909090909,1.907920551737744,1.8939664755798633,1.7781333414614862,1.339742620723987,0.5500395420846956,1.3981041835512584,8.2,1.064675958454609,0.3361128874381001,0.05652373043857821,0.0030002037591564225,0.0,0.05652373043857821,0.009872905353707967,0,1,0,7,0,0.625,0.19090909090909092,0.20733424813485607,0.1546843091617474,0.9436107858865961,0.5205353437817709,0.00909090909090909,0.14545454545454545,0.016671561552697726
997,108,98.18181818181819,110,1,100,9,0,0.00909090909090909,1.9108711690194773,1.8946044064814271,1.8423609293089143,1.3416297617326158,0.5527196890532309,1.4216292394955001,8.2,1.064675958454609,0.3410787551329506,0.09540161750032608,0.0028901038823519395,0.1,0.0522268097153068,0.010281152685996223,0,1,0,9,0,0.7,0.19090909090909092,0.21333729335266838,0.17332735595000606,0.9404685244223454,0.521594019807709,0.00909090909090909,0.2,0.016696360607416895
998,108,98.18181818181819,110,0,101,9,0,0.0,1.918311681955661,1.9016777660341362,1.9194424022107395,1.3435431169937704,0.5403452598688776,1.4299751591207086,8.2,1.064675958454609,0.34344899052614064,0.02060102618405289,0.0024944920657909114,0.0,0.02060102618405289,0.006330804649084078,0,0,0,9,0,0.7777777777777778,0.20909090909090908,0.2177819254584084,0.16599481318099488,0.927341382275519,0.5239503912060257,0.0,0.2,0.01674374868883048
999,108,98.18181818181819,110,0,101,9,0,0.0,1.932479127844963,1.9154968228714744,1.9212506995280598,1.3455538037621255,0.5464163764229243,1.4264651160016784,8.2,1.064675958454609,0.34412521445347455,0.019078511857192545,0.0023618432115425445,0.0,0.019078511857192545,0.012871332536552201,0,0,0,9,0,0.7777777777777778,0.20909090909090908,0.21661953038547072,0.16309262132069596,0.9334535043895975,0.5234234152837001,0.0,0.2,0.016825289567588244
1000,108,98.18181818181819,110,0,101,9,0,0.0,1.9308117050747373,1.9145025847615744,1.8994515556427987,1.3475346149005574,0.5281904098240742,1.399034505483422,8.2,1.064675958454609,0.3461612803935661,0.020863732261952036,0.0026034950983581497,0.0,0.020863732261952036,0.010114301485888924,0,0,0,9,0,0.7777777777777778,0.21818181818181817,0.2170825308221585,0.175547476429691,0.9280575176124525,0.5254293749802341,0.0,0.23636363636363636,0.016827497063723756
1001,109,99.0909090909091,110,0,99,11,0,0.0,1.9582400695911844,1.9415057874708876,1.9338925033088104,1.349724334104823,0.5187448528398803,1.3680711339994358,8.2,1.064675958454609,0.3473079978458917,0.02102487843966438,0.0021443299344200816,0.0,0.02102487843966438,0.012802271061988295,0,0,0,11,0,0.9090909090909091,0.2,0.21701937743109062,0.18092219459184847,0.9000909132199715,0.5276545484774137,0.0,0.2727272727272727,0.016976295593268728
1002,110,100.0,110,0,102,8,0,0.0,1.9766148788400888,1.9593831444533727,2.0008529536369353,1.3520430086326032,0.5160658426112006,1.369277577560756,8.2,1.064675958454609,0.3491747175154172,0.02651349271227248,0.002342303986370049,0.0,0.02651349271227248,0.019927041017554964,0,0,0,8,0,0.75,0.20909090909090908,0.21984866053389523,0.1798259961483759,0.9037619684612705,0.5322284568823533,0.0,0.23636363636363636,0.017080512824639293
1003,110,100.0,110,0,101,9,0,0.0,1.974840849725003,1.957281282815694,1.9720427695693774,1.354319094377702,0.5373121778036007,1.376261035801782,8.2,1.064675958454609,0.3486333840162972,0.027596885937546764,0.002501990510861478,0.0,0.027596885937546764,0.009828656975794908,0,0,0,9,0,0.7777777777777778,0.2,0.2177505849285652,0.17941725971855446,0.9055072743490303,0.5278531241967855,0.0,0.2727272727272727,0.017083759147924805
1004,109,99.0909090909091,110,1,102,7,0,0.00909090909090909,1.9736883875215587,1.9519054589977103,1.886633465835321,1.3565561488051314,0.5628819136031806,1.421116390215976,8.2,1.064675958454609,0.34837339488281294,0.08666017848165262,0.002932328532831036,0.0,0.08666017848165262,0.016033545014429794,0,1,0,7,0,0.625,0.20909090909090908,0.21476010343552648,0.19220297112551532,0.9039334124399236,0.5243078202530593,0.00909090909090909,0.23636363636363636,0.017089905527240778
1005,109,99.0909090909091,110,0,104,6,0,0.0,1.9557285197639231,1.9347328199917895,1.7151341569472807,1.3585921297816923,0.5771733299488382,1.4200695176046623,8.2,1.064675958454609,0.3447818383269361,0.036698765680314646,0.003331100433526074,0.0,0.036698765680314646,0.0097831617595918,0,0,0,6,0,0.6666666666666666,0.20909090909090908,0.20617376840578278,0.20509318563808604,0.9122812379240373,0.5174392570089342,0.0,0.23636363636363636,0.017010944488440677
1006,108,98.18181818181819,110,1,102,7,0,0.00909090909090909,1.9472110544197483,1.9295730089572485,1.664820558705701,1.3605345020882313,0.5926903262547389,1.453574448629521,8.2,1.064675958454609,0.3455703057615134,0.02841277661290258,0.0030903926134756136,0.0,0.02841277661290258,0.014572029216328407,0,1,0,7,0,0.625,0.20909090909090908,0.20521205377850152,0.2023214018396964,0.9132914370671397,0.5189339691936943,0.00909090909090909,0.2545454545454545,0.016978697147205502
1007,108,98.18181818181819,110,0,103,7,0,0.0,1.9671456376394867,1.9494907123371856,1.742894686535147,1.3626538254792653,0.5813238722453452,1.4163788764910352,8.2,1.064675958454609,0.348241493150512,0.023679740833753318,0.001882821040925154,0.0,0.023679740833753318,0.018028678949597497,0,0,0,7,0,0.8571428571428571,0.22727272727272727,0.20853790966264146,0.18890127858040304,0.9288153233668417,0.5241104374751255,0.0,0.2909090909090909,0.017089652026617316
1008,107,97.27272727272727,110,1,105,3,1,0.00909090909090909,1.972274776857207,1.9555878463746446,1.6961546896148263,1.3647979506509456,0.581692688568651,1.4058484886137759,8.2,1.064675958454609,0.34626942085143875,0.01782884949340088,0.002299057904892012,0.0,0.01782884949340088,0.011874491777989594,0,2,0,3,0,1.0,0.22727272727272727,0.20505350949447212,0.2179771913871487,0.919726859810008,0.5151443044176256,0.00909090909090909,0.2727272727272727,0.017126711715316944
1009,108,98.18181818181819,110,0,104,6,0,0.0,1.9965233863140353,1.9792162254112007,1.7875260276060037,1.3671250664431123,0.5717597831542458,1.406675113483541,8.2,1.064675958454609,0.3482731546969733,0.015433898594254501,0.003169584738649659,0.0,0.015433898594254501,0.01125520921190018,0,0,0,6,0,0.8333333333333334,0.23636363636363636,0.20856625329809342,0.21150389469235387,0.8878435926393415,0.5180369895380293,0.0,0.3090909090909091,0.017260342883783385
1010,108,98.18181818181819,110,0,104,6,0,0.0,2.0264571697797154,2.0084541982256012,1.9337801872820157,1.36967643772675,0.5618873064481483,1.415574863212543,8.2,1.064675958454609,0.35246017601560986,0.017939144966108836,0.0032917972522476233,0.0,0.017939144966108836,0.013627285210972956,0,0,0,6,0,0.8333333333333334,0.21818181818181817,0.21569088113116458,0.21506402636555003,0.9109983173589641,0.5206969873062873,0.0,0.23636363636363636,0.017423593719445688
1011,109,99.0909090909091,110,0,105,5,0,0.0,2.038484344416806,2.020716002723493,1.9638557292666812,1.3723050839613697,0.5637476260085861,1.3885178549512331,8.2,1.064675958454609,0.3536566320369441,0.025286796088585257,0.004273704358262545,0.0,0.025286796088585257,0.0096535854107626,0,0,0,5,0,0.8,0.21818181818181817,0.21698536732391657,0.22063399709187492,0.8889798005030582,0.523454638204826,0.0,0.34545454545454546,0.017497722874877553
1012,109,99.0909090909091,110,0,105,5,0,0.0,2.0151612952592,1.9980206501259552,1.9140951615437503,1.3747124380612623,0.5817103111373567,1.441425063071809,8.2,1.064675958454609,0.34851761047169316,0.012642834121645765,0.0029669703917234477,0.0,0.012642834121645765,0.013394410848944271,0,0,0,5,0,0.8,0.20909090909090908,0.21320304025459236,0.21451558511110977,0.8978960363261127,0.5148391961042834,0.0,0.3090909090909091,0.017393922889257736
1013,109,99.0909090909091,110,1,104,5,0,0.00909090909090909,2.0237188963229333,2.001066834239709,1.9446062693362098,1.3771663395740956,0.5584179954714267,1.421487407268309,8.2,1.064675958454609,0.3516021744627533,0.015420654590352167,0.0038505987656684815,0.0,0.015420654590352167,0.011469022452723262,0,1,0,5,0,0.8333333333333334,0.2,0.21689196067169678,0.19953525345474682,0.9280325418483527,0.5220972369722137,0.00909090909090909,0.3090909090909091,0.017449773944302045
1014,108,98.18181818181819,110,1,105,4,0,0.00909090909090909,2.0386475341428687,2.0196040289547734,2.1077951036026796,1.37966731019519,0.5642405993397606,1.429650052746906,8.2,1.064675958454609,0.3528142260132674,0.009119552317803297,0.003039215953833813,0.0,0.009119552317803297,0.011202175913768065,0,1,0,4,0,1.0,0.19090909090909092,0.22243047837016636,0.20243473619206898,0.9415397111827877,0.5204953092979797,0.00909090909090909,0.27272727272727276,0.017537730749867125
1015,108,98.18181818181819,110,0,102,8,0,0.0,2.018191808186503,1.9994972840415766,1.921994906441877,1.3820088575353993,0.5993323480958473,1.46319700814684,8.2,1.064675958454609,0.3439024993523174,0.027965275402411807,0.003717163697596158,0.0,0.027965275402411807,0.013140793769039448,0,0,0,8,0,0.875,0.19090909090909092,0.2107302384749637,0.2099450300669613,0.9314611863466635,0.5072719501788936,0.0,0.3090909090909091,0.017447917065878817
1016,108,98.18181818181819,110,0,103,7,0,0.0,2.0331313353714875,2.0140354179612414,2.094503353763821,1.384449302197342,0.5882301549032425,1.4445518563090414,8.2,1.064675958454609,0.348176449114765,0.027370036564659053,0.0038007219769685325,0.0,0.027370036564659053,0.010221980538319655,0,0,0,7,0,0.8571428571428571,0.2,0.21909230606870853,0.20272371407667034,0.9402071148842553,0.5123214977269389,0.0,0.27272727272727276,0.017535606115601288
1017,108,98.18181818181819,110,0,104,6,0,0.0,2.03612723116666,2.0161164440705206,2.1578269671336536,1.3868814889794294,0.5988032934339205,1.4648790617295302,8.2,1.064675958454609,0.3468782461788016,0.011115102180653732,0.0035403003095408406,0.0,0.011115102180653732,0.016775365995658837,0,0,0,6,0,1.0,0.17272727272727273,0.22036749575560755,0.21976615794859847,0.9381256245022704,0.5015169588566074,0.0,0.27272727272727276,0.017563533048543946
1018,108,98.18181818181819,110,1,102,7,0,0.00909090909090909,2.0530928934829067,2.0313006588262743,2.1590244542192547,1.3894375339736256,0.5843437833183102,1.4400305828422968,8.2,1.064675958454609,0.34506448398588496,0.026995526350371415,0.003327307656284296,0.0,0.026995526350371415,0.02142849752873114,0,1,0,7,0,0.75,0.19090909090909092,0.21738312552591552,0.22347641866885784,0.9299347223778163,0.5017840108557764,0.00909090909090909,0.2909090909090909,0.017661968158395425
1019,109,99.0909090909091,110,0,102,8,0,0.0,2.0651605679950285,2.0426319220072764,2.3742685675859057,1.3920424553863284,0.5563087106140597,1.4083481977023427,8.2,1.064675958454609,0.34971914166767637,0.011247434327730467,0.0029868298613297435,0.0,0.011247434327730467,0.016305956953288125,0,0,0,8,0,1.0,0.18181818181818182,0.22747855211384815,0.21910458178546988,0.9074721921812726,0.5101288068933221,0.0,0.36363636363636365,0.017736173516964875
1020,109,99.0909090909091,110,0,105,5,0,0.0,2.064151862577227,2.0419222570274287,2.4666931344106358,1.394613598321073,0.543007909184937,1.3850075110599143,8.2,1.064675958454609,0.35168579325835747,0.0076916583960351574,0.0033932297310072315,0.0,0.0076916583960351574,0.016377616087631896,0,0,0,5,0,1.0,0.19090909090909092,0.23210206389100163,0.20557766133829042,0.9242312781046848,0.516634053493965,0.0,0.32727272727272727,0.01774481716021773
1021,109,99.0909090909091,110,0,103,7,0,0.0,2.0428458352592314,2.021446308021439,2.399681126498167,1.3969829649100678,0.5477497264564987,1.3891286577197381,8.2,1.064675958454609,0.3492327308756791,0.00755923757669398,0.002705168344147912,0.0,0.00755923757669398,0.020522755548061204,0,0,0,7,0,1.0,0.18181818181818182,0.22984243029109294,0.20072211808654217,0.896611591826471,0.5162939202442832,0.0,0.36363636363636365,0.017650900061848097
1022,108,98.18181818181819,110,1,103,6,0,0.00909090909090909,2.0350621742066433,2.0076078740524785,2.4608675901512034,1.3992542147185008,0.5436738192345897,1.3696309746325028,8.2,1.064675958454609,0.3537365183454708,0.06712059264870954,0.003288693498529818,0.0,0.06712059264870954,0.023376782781990717,0,1,0,6,0,0.7142857142857143,0.19090909090909092,0.23636254137313625,0.1989200734407742,0.9012239561623,0.5238479602865667,0.00909090909090909,0.36363636363636365,0.017624072481918572
1023,109,99.0909090909091,110,0,103,7,0,0.0,2.0324622167621214,2.0055699779736775,2.453879561259533,1.4014389486051055,0.5423480683491212,1.360804436600026,8.2,1.064675958454609,0.35627896102671164,0.0022485153994245203,0.002656900474916647,0.0,0.0022485153994245203,0.014628767135058205,0,0,0,7,0,1.0,0.19090909090909092,0.23797277119056517,0.18342149425805723,0.8996345348520188,0.5331481558761252,0.0,0.36363636363636365,0.017622702862919407
1024,109,99.0909090909091,110,0,103,7,0,0.0,2.0329070523533157,2.0059922813835445,2.5301862140934652,1.4036040190855645,0.5255755358728028,1.3490839011877993,8.2,1.064675958454609,0.3596973112358359,0.007382417716301138,0.002722722712083702,0.0,0.007382417716301138,0.0185833250497826,0,0,0,7,0,1.0,0.2,0.24285730249961648,0.17888143818619112,0.9005016936320082,0.5420778787432989,0.0,0.36363636363636365,0.017636452533319903
1025,109,99.0909090909091,110,0,104,6,0,0.0,2.0446839664772503,2.0166272499277818,2.735274959895408,1.4058366209437578,0.5153715345270931,1.3314902470126018,8.2,1.064675958454609,0.36420675782265644,0.009817952473183024,0.0030103059715403473,0.0,0.009817952473183024,0.009530479068588468,0,0,0,6,0,0.8333333333333334,0.19090909090909092,0.2521409227837751,0.1768283333377996,0.9179632350457219,0.5463815405940785,0.0,0.36363636363636365,0.017707222091555674
1026,109,99.0909090909091,110,0,104,6,0,0.0,2.046568336030136,2.017417243733627,2.6779535912948846,1.4080521815260187,0.5455339754702215,1.3556342059673383,8.2,1.064675958454609,0.3634874754933852,0.0011041242229074732,0.0021528169909644126,0.0,0.0011041242229074732,0.015806788714527526,0,0,0,6,0,1.0,0.2,0.2494893835571527,0.18663077334803616,0.899425323660068,0.5353035762119079,0.0,0.39999999999999997,0.017728438209752267
1027,110,100.0,110,0,104,6,0,0.0,2.046863011230745,2.018810415671653,2.60670698589317,1.4102560197807625,0.5494765908482425,1.3567938536946862,8.2,1.064675958454609,0.36286901205423394,0.0034697297580669403,0.001867467334107107,0.0,0.0034697297580669403,0.020972820175453145,0,0,0,6,0,1.0,0.2,0.24567381434649008,0.17558213378447782,0.8779629530688601,0.54336666080063,0.0,0.39999999999999997,0.017741643453786052
1028,110,100.0,110,0,105,5,0,0.0,2.0559374439383635,2.0281737757568057,2.5837223738136164,1.412516145854429,0.5436260718021245,1.3604061935922391,8.2,1.064675958454609,0.3642178682463708,0.001338789848324312,0.0014272031056242458,0.0,0.001338789848324312,0.023814520426317775,0,0,0,5,0,1.0,0.19090909090909092,0.24587987215407583,0.17572969832294155,0.8970712582020893,0.5446024148674697,0.0,0.36363636363636365,0.017799047126792693
1029,109,99.0909090909091,110,1,105,4,0,0.00909090909090909,2.03438089759552,2.016194662502401,2.4480910483189207,1.414573502351957,0.5691613054041897,1.4082869308775559,8.2,1.064675958454609,0.36027014779680844,0.07090272881573366,0.0025439742084226256,0.0,0.07090272881573366,0.02080981856413633,0,1,0,4,0,0.8,0.19090909090909092,0.23830205108550762,0.1820702067965461,0.913698587118628,0.5326236965956448,0.00909090909090909,0.36363636363636365,0.017702216485082918
1030,108,98.18181818181819,110,1,102,7,0,0.00909090909090909,2.045390266472319,2.0213033342853914,2.423702260494014,1.4167748203467774,0.5701391665531038,1.399574818984445,8.2,1.064675958454609,0.3629056564883013,0.0453180970160477,0.003727324143263008,0.0,0.0453180970160477,0.01688902165740648,0,1,0,7,0,0.75,0.20909090909090908,0.24080434620093777,0.22082250111459198,0.8935405047451355,0.5334422903370816,0.00909090909090909,0.4,0.017768981781196905
1031,108,98.18181818181819,110,0,99,11,0,0.0,2.047836149557056,2.023397384803769,2.5423366741802935,1.4189248598491107,0.5606160049113091,1.3930624269017087,8.2,1.064675958454609,0.3669240805185323,0.009638314137469134,0.002456532863020886,0.0,0.009638314137469134,0.02229165693753086,0,0,0,11,0,0.9090909090909091,0.20909090909090908,0.2472105585313782,0.2146881538907662,0.8971059111632245,0.5393762572413564,0.0,0.4,0.017792656673459896
1032,108,98.18181818181819,110,0,100,10,0,0.0,2.0520968918084326,2.0266755278354376,2.896821018145982,1.4210799296783592,0.5510290907363603,1.3866950368091826,8.2,1.064675958454609,0.3699150790783765,0.014251709290760561,0.0024855153821694517,0.0,0.014251709290760561,0.01695719490867136,0,0,1,9,0,0.8,0.21818181818181817,0.2601685186157881,0.20769691337697685,0.899299437753597,0.5421770578381446,0.0,0.4,0.017825432639896742
1033,108,98.18181818181819,110,0,102,8,0,0.0,2.0772116129490072,2.0520591002433863,3.1479887996701996,1.423428257231507,0.5356592457498064,1.3881776312011305,8.2,1.064675958454609,0.3707437441731225,0.03793602539347377,0.002485566604209721,0.0,0.03793602539347377,0.017750293568818805,0,0,0,8,0,0.75,0.20909090909090908,0.26603764533702823,0.1929529368318829,0.8980626791468815,0.5477031451108942,0.0,0.4,0.017963507285041678
1034,108,98.18181818181819,110,1,102,7,0,0.00909090909090909,2.0871098384259668,2.068179275287717,3.0990003008122744,1.4258411897179248,0.541387958597302,1.4228615809127054,8.2,1.064675958454609,0.36829943797236475,0.06253326518250756,0.0017955590740719451,0.0,0.06253326518250756,0.023354766209940203,0,1,0,7,0,0.75,0.17272727272727273,0.26125674623524675,0.19888644754714654,0.8868729910179866,0.5425984576258978,0.00909090909090909,0.3999999999999999,0.018025843368464793
1035,109,99.0909090909091,110,0,105,5,0,0.0,2.0830474216919934,2.0641901403117386,3.070884119716288,1.4282421502938063,0.5524568841752653,1.4287993656977267,8.2,1.064675958454609,0.3691485023659451,0.007809596882150424,0.002356665480502914,0.0,0.007809596882150424,0.022659986594084237,0,0,0,5,0,1.0,0.20909090909090908,0.2605399056511813,0.1928490556247797,0.8851683455305759,0.546520447600425,0.0,0.36363636363636365,0.01801831250980662
1036,109,99.0909090909091,110,0,104,6,0,0.0,2.09061557357924,2.0712720335688126,3.242892282610634,1.430677867791594,0.5302383963059248,1.4000849437946605,8.2,1.064675958454609,0.37576060941749034,0.017283907305489274,0.0019410226031677438,0.0,0.017283907305489274,0.016686768221200392,0,0,0,6,0,0.8333333333333334,0.22727272727272727,0.27090784234379295,0.18763097223309294,0.8890298567317023,0.5589180467114516,0.0,0.36363636363636365,0.01806911951855026
1037,109,99.0909090909091,110,0,102,8,0,0.0,2.0884157704426096,2.0693222851927504,3.271040341185023,1.4330710459889981,0.5279656475141846,1.390179866652329,8.2,1.064675958454609,0.3784771062734611,0.01947091101056608,0.0019319563421176873,0.0,0.01947091101056608,0.022241078330063512,0,0,0,8,0,0.75,0.24545454545454545,0.2741337234739492,0.19056312299090988,0.9050549699046614,0.563620877181757,0.0,0.32727272727272727,0.018070860299322478
1038,109,99.0909090909091,110,0,100,10,0,0.0,2.1057851161495016,2.0860457371636216,3.5685226234464333,1.435581185051538,0.49879319979900594,1.3641540994221897,8.2,1.064675958454609,0.3859878446963154,0.032954060845229456,0.002141084616427032,0.0,0.032954060845229456,0.022270725958861627,0,0,0,10,0,0.8,0.22727272727272727,0.28718712238054794,0.18327318833578282,0.8953611651359499,0.5791311515074902,0.0,0.36363636363636365,0.01817106945141826
1039,109,99.0909090909091,110,1,102,7,0,0.00909090909090909,2.13342279902315,2.120692264722409,3.919108602345895,1.4382953085705725,0.4915234608206506,1.357891639465621,8.2,1.064675958454609,0.3885449791125326,0.10063770535831884,0.002947812057468767,0.125,0.050673343479136164,0.015855806302674275,0,1,0,7,0,0.75,0.24545454545454545,0.2949151913858805,0.17452572516549783,0.9051700912433844,0.5804539457947827,0.00909090909090909,0.32727272727272727,0.018323706176081457
1040,107,97.27272727272727,110,2,97,11,0,0.01818181818181818,2.123317150191176,2.106395838566049,3.8193680813053072,1.4409577727352874,0.529122799361184,1.38648261765005,8.2,1.064675958454609,0.38722259966786043,0.13454145301173298,0.0031056791002261543,0.07692307692307693,0.0717971580236951,0.029353176672060426,0,2,0,11,0,0.6153846153846154,0.24545454545454545,0.2930605600394749,0.1740134249502673,0.9305861037371397,0.5682339601591262,0.01818181818181818,0.2545454545454545,0.018287351239853686
1041,107,97.27272727272727,110,0,101,9,0,0.0,2.132037245112319,2.1154519434559242,3.611145629428962,1.4436344083612005,0.5352305810644837,1.389591020426971,8.2,1.064675958454609,0.38536134563966584,0.00941540111121962,0.0022475421559243133,0.0,0.00941540111121962,0.023254718760775644,0,0,0,9,0,0.8888888888888888,0.2545454545454545,0.2854290104088153,0.18738632170243952,0.9237671580995427,0.563314139620214,0.0,0.2909090909090909,0.01834520046246166
1042,107,97.27272727272727,110,0,100,10,0,0.0,2.1371754996309416,2.120646348366634,3.3461856247366426,1.4463267893553247,0.554121590434359,1.418205751623912,8.2,1.064675958454609,0.38334229473501114,0.00937527893791167,0.0020369792478661416,0.0,0.00937527893791167,0.019445007646215238,0,0,0,10,0,0.9,0.2545454545454545,0.2758397582006683,0.20009107769776274,0.9089048605518367,0.5587843168896814,0.0,0.32727272727272727,0.018385224301631996
1043,107,97.27272727272727,110,0,100,10,0,0.0,2.1367127838414284,2.120530015172544,3.43828840785733,1.448989514359055,0.5423931058273752,1.4027115173765614,8.2,1.064675958454609,0.3830635497778796,0.009343509091268486,0.0018049876812129034,0.0,0.009343509091268486,0.0129437938818709,0,0,0,10,0,0.9,0.24545454545454545,0.27719441221051383,0.18706158749365046,0.9131205024304587,0.5589220186450341,0.0,0.32727272727272727,0.01839708541916167
1044,107,97.27272727272727,110,1,100,9,0,0.00909090909090909,2.140854685639367,2.121113673486553,3.175717631883128,1.4516658528399706,0.5562105366460325,1.403859263878774,8.2,1.064675958454609,0.3808432431883373,0.01693616812516568,0.0022118372149541863,0.0,0.01693616812516568,0.023863881708002046,0,1,0,9,0,0.8,0.2545454545454545,0.26831442905127223,0.19556404342412284,0.9238092520286246,0.5569240917072843,0.00909090909090909,0.2909090909090909,0.018432042094337953
1045,109,99.0909090909091,110,0,102,8,0,0.0,2.1095910206723296,2.0907186982162713,2.855139989048258,1.4540178189787476,0.5924638463874103,1.4377159158336352,8.2,1.064675958454609,0.37514016531128536,0.01176661126625087,0.002082849668939503,0.0,0.01176661126625087,0.01608202608848544,0,0,0,8,0,0.875,0.24545454545454545,0.25725980653495456,0.20817207888651346,0.8944584571834769,0.5462684969544376,0.0,0.36363636363636365,0.01828824417851804
1046,109,99.0909090909091,110,0,103,7,0,0.0,2.0930243838418363,2.074412677445391,2.8406165958087732,1.456205859273151,0.6224232252863223,1.4711568510092625,8.2,1.064675958454609,0.3680237972355813,0.013897763385981329,0.0026784042402710185,0.0,0.013897763385981329,0.024845294712133623,0,0,0,7,0,0.8571428571428571,0.24545454545454545,0.2513218616793993,0.20307224218761585,0.913606982374966,0.5325249386859204,0.0,0.32727272727272727,0.01821705876385348
1047,109,99.0909090909091,110,0,102,8,0,0.0,2.1032353298706936,2.0850232640227144,3.1418889044382325,1.458460978720051,0.6212712234608686,1.4985296058866941,8.2,1.064675958454609,0.3700573285639992,0.05458104401887268,0.0023852386207593255,0.0,0.05458104401887268,0.02035073735304259,0,0,0,8,0,0.625,0.23636363636363636,0.2597427528797699,0.18747934657154555,0.8958733055476024,0.5359321400268184,0.0,0.36363636363636365,0.018280118351290557
1048,108,98.18181818181819,110,1,102,7,0,0.00909090909090909,2.1245635118133706,2.103296613722601,3.292798525336827,1.4608710946855992,0.5963173940901999,1.4642642989904737,8.2,1.064675958454609,0.3742329354949194,0.05375688563346069,0.002319798529967298,0.0,0.05375688563346069,0.02675892094181031,0,1,0,7,0,0.625,0.22727272727272727,0.26645110463551086,0.1934489363893872,0.8886408122520334,0.5427274219440066,0.00909090909090909,0.3636363636363636,0.018399589223631975
1049,109,99.0909090909091,110,0,102,8,0,0.0,2.123501711177379,2.1019262529092306,3.3345125463758083,1.4632205141398051,0.5872616827412624,1.45038408021261,8.2,1.064675958454609,0.3779918122898751,0.013794853380991451,0.0027614278516048256,0.0,0.013794853380991451,0.021075192882332557,0,0,0,8,0,0.875,0.23636363636363636,0.27074417567526815,0.18258572066042542,0.912706193253526,0.5541948591215861,0.0,0.32727272727272727,0.01840678707249811
1050,109,99.0909090909091,110,0,104,6,0,0.0,2.1108898123790074,2.0897613846732295,3.0717275252646212,1.4654413067479302,0.6125144686932038,1.4856428671886643,8.2,1.064675958454609,0.3735837643205706,0.012638556793588844,0.0028865664283447942,0.0,0.012638556793588844,0.012062776967775338,0,0,0,6,0,0.8333333333333334,0.23636363636363636,0.2607913982101875,0.1967058478366833,0.907594075735956,0.5423393092961385,0.0,0.2909090909090909,0.018355549700999174
1051,109,99.0909090909091,110,0,105,5,0,0.0,2.1190274127496114,2.0973092067711407,3.2775558319188303,1.4677027429888798,0.6102821384923367,1.4872256257725243,8.2,1.064675958454609,0.37759555323100447,0.012901422111331034,0.003302242247011402,0.0,0.012901422111331034,0.0070453603655689315,0,0,0,5,0,0.8,0.20909090909090908,0.2690171140441198,0.19114713548347334,0.90349396574398,0.5478599661040601,0.0,0.2909090909090909,0.01840827618683878
1052,109,99.0909090909091,110,0,104,6,0,0.0,2.1176136744534464,2.0952009956897175,3.3820997546019917,1.4699221457686262,0.6204167792529823,1.4920164877536046,8.2,1.064675958454609,0.3779486001631569,0.020138467037234816,0.002958434454511591,0.0,0.020138467037234816,0.01571334170315795,0,0,0,6,0,0.8333333333333334,0.21818181818181817,0.2722021857179756,0.19720432024744428,0.9113450296563819,0.5447720377297433,0.0,0.2545454545454545,0.01841302221926657
1053,110,100.0,110,0,103,7,0,0.0,2.1113405400672747,2.0894748696651457,3.1445548720929444,1.4720691473508478,0.6061450635887767,1.4917776675386518,8.2,1.064675958454609,0.37578358895314756,0.012902915915417883,0.003078737503722523,0.0,0.012902915915417883,0.010073790582926416,0,0,0,7,0,0.8571428571428571,0.24545454545454545,0.26483573729513515,0.19705978242006347,0.9202945433541323,0.5433268130189344,0.0,0.2545454545454545,0.01839308585217249
1054,110,100.0,110,0,104,6,0,0.0,2.1037709421823947,2.08222637800497,3.035937959443452,1.4741315519649512,0.6025378788036616,1.479434833774784,8.2,1.064675958454609,0.3746802692398188,0.016245739014753017,0.002440882778820935,0.0,0.016245739014753017,0.005656006623222336,0,0,0,6,0,0.8333333333333334,0.24545454545454545,0.26099712914538586,0.19387980984540637,0.9195111869317063,0.5412562409383871,0.0,0.2545454545454545,0.0183662168257943
1055,110,100.0,110,0,105,5,0,0.0,2.093144837078717,2.071790559150369,2.8278583515561087,1.4760831125294311,0.6237484950265395,1.497040551785931,8.2,1.064675958454609,0.3704470599983707,0.053352129604928224,0.0028786787595678764,0.0,0.053352129604928224,0.005720135479016286,0,0,0,5,0,0.4,0.22727272727272727,0.252700782024044,0.1924134965568293,0.9276052901591929,0.5347405644105928,0.0,0.2545454545454545,0.01832347519834826
1056,110,100.0,110,0,105,5,0,0.0,2.1091860999329373,2.087832083915842,2.9177297337070285,1.4781505275038052,0.6025252467895856,1.4586756990510998,8.2,1.064675958454609,0.3747330081337812,0.02919541456285567,0.0017060846321820433,0.0,0.02919541456285567,0.009878188662857074,0,0,0,5,0,0.6,0.22727272727272727,0.2576560618239964,0.19562100358123602,0.9356861367674555,0.5438415770573161,0.0,0.2909090909090909,0.018414687147716186
1057,110,100.0,110,0,106,4,0,0.0,2.119586848449247,2.0979068291934504,3.0055970473398523,1.4802817419206622,0.5891314023308758,1.4382829045430856,8.2,1.064675958454609,0.3792947602319712,0.03352980384702531,0.0029699125654163872,0.0,0.03352980384702531,0.011174188620308792,0,0,1,3,0,0.5,0.22727272727272727,0.2631048478212477,0.17772771046998018,0.9258980882077127,0.5527129627024078,0.0,0.2545454545454545,0.01847803615405743
1058,110,100.0,110,0,106,4,0,0.0,2.1516093836691685,2.128897429375247,3.482424347165308,1.482654225385613,0.5507005990899203,1.3944793655559784,8.2,1.064675958454609,0.3884569765704151,0.048331696958838474,0.002232814864160864,0.0,0.048331696958838474,0.02541116357517012,0,0,0,4,0,0.5,0.2545454545454545,0.28180352012788545,0.16421157648939239,0.9267588255726746,0.567426742248216,0.0,0.2545454545454545,0.01865077846069186
1059,110,100.0,110,0,104,6,0,0.0,2.163525183500645,2.140368313560853,3.7871510621335034,1.485099151786411,0.5342096669749784,1.380707858704325,8.2,1.064675958454609,0.3929754194725674,0.016626826692364496,0.002903076290085953,0.0,0.016626826692364496,0.027274996424599723,0,0,0,6,0,0.8333333333333334,0.2545454545454545,0.2926649213241199,0.16931479322339107,0.9382894970863587,0.5753562772845312,0.0,0.2545454545454545,0.018723372731644844
1060,109,99.0909090909091,110,1,105,4,0,0.00909090909090909,2.155875950204289,2.1260254579773323,4.050499471225948,1.4874523751716835,0.5602689557959082,1.4282657077309593,8.2,1.064675958454609,0.39259831019055835,0.027196310558484937,0.003457751183802386,0.0,0.027196310558484937,0.022437454036935166,0,1,1,3,0,0.8,0.23636363636363636,0.2995840421333492,0.15574687462384498,0.9377175229653769,0.5774447486767547,0.00909090909090909,0.2545454545454545,0.018697653666978932
1061,109,99.0909090909091,110,0,104,6,0,0.0,2.164742290644379,2.134301853944016,4.102897535248102,1.489794546315603,0.5439070972091027,1.409260197988237,8.2,1.064675958454609,0.3953671807160397,0.009078147381458457,0.002420634189311054,0.0,0.009078147381458457,0.023814242036150502,0,0,0,6,0,1.0,0.23636363636363636,0.3032720589453684,0.15576208295475624,0.9172089663888554,0.5837834054608101,0.0,0.2909090909090909,0.018754453635716966
1062,109,99.0909090909091,110,0,104,6,0,0.0,2.1843515981449486,2.1527561618338606,4.250443410772337,1.4922689637899689,0.5030968972375364,1.352843909854461,8.2,1.064675958454609,0.40002851548595064,0.010263349660895827,0.0022782601816656663,0.0,0.010263349660895827,0.022830207422859853,0,0,0,6,0,0.8333333333333334,0.24545454545454545,0.31045022881176676,0.16376728767505444,0.9351196398645647,0.5919085102192725,0.0,0.2727272727272727,0.018865672437200498
1063,109,99.0909090909091,110,0,105,5,0,0.0,2.1951303331278536,2.1635495431905785,4.2084548852954065,1.4948089683655013,0.5176335779741839,1.3771203712763884,8.2,1.064675958454609,0.399469076603334,0.014682373696742667,0.0024770049040531415,0.0,0.014682373696742667,0.022991599310635324,0,0,0,5,0,0.8,0.2545454545454545,0.3077287644220732,0.1626775603166272,0.9337672749565817,0.5939218016261464,0.0,0.2727272727272727,0.018933087521144695
1064,109,99.0909090909091,110,0,104,6,0,0.0,2.2114936112034527,2.1797913315813586,4.59429302693873,1.49746026805595,0.5068966468890792,1.354032506266426,8.2,1.064675958454609,0.401064136322854,0.013627338448701112,0.0021210873072656767,0.0,0.013627338448701112,0.02348798936351873,0,0,0,6,0,0.8333333333333334,0.23636363636363636,0.3160359350234804,0.14880414474543582,0.9469760221749686,0.6006959035081024,0.0,0.2545454545454545,0.019029017786718082
1065,110,100.0,110,0,103,7,0,0.0,2.2413124528557513,2.2091321800594024,5.05182593950007,1.5003332479638094,0.4722481614047966,1.3050314365318691,8.2,1.064675958454609,0.40822155611379585,0.010033425755361616,0.0024738029766914102,0.0,0.010033425755361616,0.02168609585317432,0,0,0,7,0,0.8571428571428571,0.2545454545454545,0.3298961062636241,0.13441322620022472,0.9420183276816123,0.6185834827054992,0.0,0.2727272727272727,0.019193405958164683
1066,110,100.0,110,0,104,6,0,0.0,2.2585094146485956,2.225791734840449,5.136028723624486,1.5033175361649307,0.46392879579930424,1.2881322911508808,8.2,1.064675958454609,0.40962893942024703,0.01540809585661875,0.0021115029084406694,0.0,0.01540809585661875,0.01592993722110081,0,0,0,6,0,0.8333333333333334,0.24545454545454545,0.33237644898370905,0.13035866969172835,0.9322731833677054,0.6216146359677697,0.0,0.30909090909090914,0.019295277266633073
1067,110,100.0,110,0,101,9,0,0.0,2.2932896546842643,2.2592748842277346,5.942791711339899,1.506555241000371,0.41168196568660237,1.2250101437748018,8.2,1.064675958454609,0.4165521495456057,0.012806465341817494,0.0021243346856634807,0.0,0.012806465341817494,0.01756414131058324,0,0,0,9,0,0.8888888888888888,0.23636363636363636,0.3528040277640365,0.11794146614364047,0.9456736608682335,0.6358382253249338,0.0,0.2545454545454545,0.019486413999305743
1068,110,100.0,110,0,101,9,0,0.0,2.3130205288858714,2.2781783573255767,6.4508217272902275,1.5099194833575316,0.3860101696483028,1.2054550787428375,8.2,1.064675958454609,0.42135349705899205,0.011977886107490697,0.0029907441381841287,0.0,0.011977886107490697,0.013550958124610178,0,0,0,9,0,0.8888888888888888,0.2818181818181818,0.3650104052329045,0.11451859111295341,0.9497540476393046,0.6426653940532325,0.0,0.2727272727272727,0.019602977510094197
1069,109,99.0909090909091,110,1,102,7,0,0.00909090909090909,2.345190936288239,2.316062855870268,7.281699763719878,1.513509993509563,0.3724384208958436,1.2116198814102128,8.2,1.064675958454609,0.42533023838654826,0.09674416505152278,0.004036936079009736,0.125,0.032818091739697575,0.012411207294662718,0,1,0,7,0,0.875,0.2636363636363636,0.3806175422393167,0.10949687650008497,0.9433354538301773,0.6464389317387481,0.00909090909090909,0.2727272727272727,0.019782943196293312
1070,107,97.27272727272727,110,2,96,12,0,0.01818181818181818,2.347603368046231,2.3193688999161073,6.802271953957738,1.5171401435354048,0.39703868174224854,1.2272014281705699,8.2,1.064675958454609,0.42504000173170575,0.12085998332740697,0.0030382923529199807,0.0,0.12085998332740697,0.019372075470703538,0,2,0,12,0,0.42857142857142855,0.2545454545454545,0.3726622027857398,0.11779741192267439,0.9474219095457286,0.6397026619319235,0.01818181818181818,0.2545454545454545,0.019814330022373757
1071,106,96.36363636363636,110,1,101,8,0,0.00909090909090909,2.351031298272996,2.328615438479254,6.987130166846066,1.5207661618371766,0.40256958928022785,1.250556310166317,8.2,1.064675958454609,0.4260383232477092,0.08532437273914033,0.003729602213672014,0.0,0.08532437273914033,0.014755993968791396,0,1,0,8,0,0.5555555555555556,0.23636363636363636,0.3780629262320908,0.11602566235571286,0.9295106890568549,0.643762606112653,0.00909090909090909,0.2727272727272727,0.019850772346061647
1072,106,96.36363636363636,110,0,104,6,0,0.0,2.3538802878262737,2.3313500290177744,6.822610147991699,1.5244319887408846,0.41965373818519724,1.27975470917276,8.2,1.064675958454609,0.42277583920384565,0.005720574189941233,0.0019400520025674693,0.0,0.005720574189941233,0.02134985079457793,0,0,0,6,0,1.0,0.2545454545454545,0.3708177465806382,0.11539359479775532,0.9345661247554797,0.6392069014652366,0.0,0.2727272727272727,0.019884531882689203
1073,106,96.36363636363636,110,0,104,6,0,0.0,2.373219294908922,2.3503541177107214,7.407427911754185,1.5282206520376203,0.40748172001734984,1.257164658709772,8.2,1.064675958454609,0.42590788476648433,0.01751785297126298,0.00174632849135852,0.0,0.01751785297126298,0.023151579885775982,0,0,0,6,0,0.8333333333333334,0.2545454545454545,0.3810447472211499,0.10870007476864824,0.9469085129496588,0.6458926278468603,0.0,0.2363636363636364,0.020001395411736015
1074,107,97.27272727272727,110,0,103,7,0,0.0,2.378009735629152,2.3552904056348796,7.275845207216583,1.5320110227237036,0.4143837764947507,1.2742861503643592,8.2,1.064675958454609,0.42453020888955595,0.049300218953916,0.0025779035580509456,0.0,0.049300218953916,0.02553732819303352,0,0,0,7,0,0.8571428571428571,0.24545454545454545,0.3774261139671002,0.10444252363293234,0.9302940454792809,0.6468876959448856,0.0,0.2727272727272727,0.020045525198052687
1075,109,99.0909090909091,110,0,103,7,0,0.0,2.375597206019686,2.353064353832362,7.635239902688339,1.5357420780536644,0.40009763215584637,1.2539377852813045,8.2,1.064675958454609,0.4251460634648605,0.005154643954205852,0.0021206520204851568,0.0,0.005154643954205852,0.014045345177378876,0,0,0,7,0,1.0,0.2545454545454545,0.38323118547459256,0.10708964539989861,0.9387249938506785,0.6434270372530474,0.0,0.2727272727272727,0.02005332437455272
1076,110,100.0,110,0,101,9,0,0.0,2.3803423131282258,2.357962877908724,7.407492440182073,1.5394751324610587,0.3938932329280367,1.2432657733881958,8.2,1.064675958454609,0.4229694792654404,0.018551066682128553,0.002679066076126174,0.0,0.018551066682128553,0.02280562719497356,0,0,0,9,0,0.8888888888888888,0.24545454545454545,0.3766964610314614,0.10481466349215206,0.9141503808540405,0.6461589996248096,0.0,0.3090909090909091,0.020096922376491196
1077,110,100.0,110,0,104,6,0,0.0,2.375909127724726,2.354088264523284,7.284812356011375,1.543135440273903,0.4296466169797759,1.2698288438713106,8.2,1.064675958454609,0.4198143883786434,0.06077123013576815,0.004067461882275446,0.0,0.06077123013576815,0.02227756916037672,0,0,0,6,0,0.5,0.2545454545454545,0.3713132185048869,0.10775135342627705,0.9189732177355405,0.6429085455158007,0.0,0.3090909090909091,0.020094241658118094
1078,110,100.0,110,0,104,6,0,0.0,2.398993002112989,2.37663517757299,7.459921696548501,1.5469488189195497,0.4155598594469817,1.2536258614668634,8.2,1.064675958454609,0.4213764405396738,0.08986614965494315,0.0027728266549065586,0.0,0.08986614965494315,0.029629946833135093,0,0,0,6,0,0.6666666666666666,0.24545454545454545,0.37317336342261465,0.10733786713672229,0.9234909167570278,0.6452545157005513,0.0,0.3090909090909091,0.02022996109288193
1079,109,99.0909090909091,110,1,103,6,0,0.00909090909090909,2.396236548510535,2.3776593342123964,7.678632919133607,1.5506981276794845,0.41497832034326027,1.2709663000747211,8.2,1.064675958454609,0.4218248555203592,0.05828873910106706,0.001986144653052242,0.0,0.05828873910106706,0.035763909690822215,0,1,0,6,0,0.8571428571428571,0.2636363636363636,0.3772749487053572,0.10526657123071011,0.932886855605781,0.6482294428264261,0.00909090909090909,0.2545454545454545,0.020236137819357288
1080,109,99.0909090909091,110,0,103,7,0,0.0,2.420439271452388,2.402145907752245,8.670375583162379,1.5546482734993468,0.40229908417146026,1.2634886610306049,8.2,1.064675958454609,0.42561665777168955,0.02130028106793078,0.001593623578402474,0.0,0.02130028106793078,0.029687468281085753,0,0,0,7,0,1.0,0.2545454545454545,0.39312372588627287,0.0954357096241772,0.9180656646413646,0.653846128774738,0.0,0.32727272727272727,0.020378179560500545
1081,109,99.0909090909091,110,0,104,6,0,0.0,2.421642883104344,2.4030854619391935,8.855981586656734,1.5585643656323773,0.3930642511674991,1.2353241719342345,8.2,1.064675958454609,0.42521642831381334,0.022480087251789946,0.003323567698054553,0.0,0.022480087251789946,0.018475878856188566,0,0,0,6,0,0.8333333333333334,0.2545454545454545,0.39558463982660474,0.085277127342141,0.9286829374804453,0.6615063681581403,0.0,0.2909090909090909,0.020405044464485975
1082,109,99.0909090909091,110,0,101,9,0,0.0,2.42393907921702,2.4052594208414084,8.260938126897138,1.562457280568179,0.4042702267660316,1.2424607026725594,8.2,1.064675958454609,0.423293415320696,0.034630039743601036,0.003221554165344546,0.0,0.034630039743601036,0.027522824198398237,0,0,0,9,0,0.7777777777777778,0.23636363636363636,0.3848746852353324,0.08592072483695795,0.917115039902017,0.663863067255556,0.0,0.2909090909090909,0.02043724890975164
1083,109,99.0909090909091,110,0,102,8,0,0.0,2.388987567438432,2.370748241424919,7.654593111578139,1.566014802790395,0.41120712573917845,1.2536285943465069,8.2,1.064675958454609,0.42189535949727675,0.053201162440284555,0.0031351384763050297,0.0,0.053201162440284555,0.024303953927651785,0,0,0,8,0,0.75,0.2545454545454545,0.3767909244927203,0.08960691847088911,0.9384705906058617,0.6609102774818519,0.0,0.2545454545454545,0.02028142939276701
1084,110,100.0,110,0,104,6,0,0.0,2.3608959761657053,2.343668982823223,6.802164601431762,1.5693038038439466,0.433953262760482,1.2663575315690956,8.2,1.064675958454609,0.4147475750950216,0.13247701821058078,0.004905555000669557,0.16666666666666666,0.082701882994526,0.017123636724302154,0,0,0,6,0,0.6666666666666666,0.2818181818181818,0.3580062256812069,0.08887895095051875,0.9390999444461685,0.6563823544050227,0.0,0.2545454545454545,0.020158480038148616
1085,109,99.0909090909091,110,1,104,5,0,0.00909090909090909,2.3751780337818924,2.3562450499700147,6.633570244780364,1.5726828941314235,0.41469149690120416,1.2509455399924077,8.2,1.064675958454609,0.4124075632176174,0.014224602468658703,0.0024322300804468116,0.0,0.014224602468658703,0.012184695321110474,0,1,0,5,0,0.8333333333333334,0.2909090909090909,0.35084544142686364,0.0839625673225203,0.9418903965053198,0.6551440278814128,0.00909090909090909,0.2727272727272727,0.02024787850718217
1086,108,98.18181818181819,110,1,105,3,1,0.00909090909090909,2.3894192168805444,2.3649949183275587,6.855491918995482,1.5761284549614802,0.4196898616529241,1.222148858457233,8.2,1.064675958454609,0.4165501232410138,0.18920970808297968,0.0028056114845990466,0.2,0.18099893041256906,0.038462181191688115,0,2,0,3,0,0.4,0.3,0.3575076678413762,0.08931462773500329,0.9386848454617802,0.6496722962528733,0.00909090909090909,0.2727272727272727,0.020337426451571203
1087,107,97.27272727272727,110,1,105,4,0,0.00909090909090909,2.3832116381880186,2.3680282006576547,7.0592331575424065,1.579433901553195,0.43992644938194736,1.291548381534571,8.2,1.064675958454609,0.41985224886225114,0.0726602670834498,0.004147826451347187,0.0,0.0726602670834498,0.014094368177863682,0,1,0,4,0,0.8,0.2818181818181818,0.3648768533170433,0.09916417307886143,0.927583401589714,0.6405135337196144,0.00909090909090909,0.3090909090909091,0.02032398470569935
1088,107,97.27272727272727,110,0,107,3,0,0.0,2.40509254068594,2.389594291682724,7.410532493355735,1.582971197266196,0.4235712073969131,1.2887771527909344,8.2,1.064675958454609,0.42289130006630926,0.007537042603225086,0.00045529797793303334,0.0,0.007537042603225086,0.036172453243852466,0,0,0,3,0,1.0,0.2727272727272727,0.3727693128317525,0.10199407198264158,0.9239040059269381,0.644240337395428,0.0,0.2727272727272727,0.020452219586706837
1089,107,97.27272727272727,110,0,106,4,0,0.0,2.388067709823004,2.372476331618599,6.792972153993689,1.586325031597857,0.4317830080192164,1.258982451248002,8.2,1.064675958454609,0.416644985028644,0.012792296625319903,0.0020510248749620024,0.0,0.012792296625319903,0.024787197134962122,0,0,0,4,0,1.0,0.2636363636363636,0.35703240574597034,0.10026266857128903,0.9022035741178975,0.6361378547877394,0.0,0.2727272727272727,0.020384949166299952
1090,107,97.27272727272727,110,1,103,6,0,0.00909090909090909,2.3870094732949676,2.3609296378324625,6.829408993937393,1.589628308521663,0.42875993895027653,1.3081616780734433,8.2,1.064675958454609,0.4191669997811387,0.06381424770264024,0.0020248918594712745,0.0,0.06381424770264024,0.04858524009110062,0,1,0,6,0,0.42857142857142855,0.2727272727272727,0.3622977258379777,0.0995603241840151,0.911409714376989,0.6412398498074148,0.00909090909090909,0.2909090909090909,0.02039724258128424
1091,108,98.18181818181819,110,0,104,6,0,0.0,2.3620748320514213,2.3354750381319573,6.785922364792487,1.5925961110894038,0.44915667985690794,1.3294303989097371,8.2,1.064675958454609,0.4199620705696012,0.011843506021934002,0.0011937030592395607,0.0,0.011843506021934002,0.03948763231983533,0,0,0,6,0,0.8333333333333334,0.2727272727272727,0.3656396053477645,0.10213232381054406,0.9157547925693916,0.6405186452178858,0.0,0.2909090909090909,0.020288368115283076
1092,109,99.0909090909091,110,0,104,6,0,0.0,2.397812283492354,2.3720267499366137,7.342610238746211,1.5958436420071016,0.43379815738897515,1.3094796606253867,8.2,1.064675958454609,0.4201723131188395,0.010555603400719793,0.001889449347065728,0.0,0.010555603400719793,0.02947358786357533,0,0,0,6,0,0.8333333333333334,0.2545454545454545,0.3699893765042107,0.10046722787685324,0.8999141497895823,0.6406057401372408,0.0,0.29090909090909095,0.020484343212949795
1093,109,99.0909090909091,110,0,102,8,0,0.0,2.439730853825301,2.4129084354349666,8.06602592320373,1.5994048032254051,0.3916270217046932,1.2736084099271587,8.2,1.064675958454609,0.42555057261701923,0.029306053822346308,0.0017577782311717584,0.0,0.029306053822346308,0.03139625255296457,0,0,0,8,0,0.75,0.2727272727272727,0.3830182096602357,0.09478217894342893,0.908752439913022,0.6464535553207885,0.0,0.2909090909090909,0.020712893478281074
1094,109,99.0909090909091,110,0,103,7,0,0.0,2.4121583316328996,2.3865382000342823,6.968221793270527,1.6027034435711762,0.41498774869937166,1.2995361600110493,8.2,1.064675958454609,0.4183627025243253,0.06729122900795947,0.0016789784790182637,0.0,0.06729122900795947,0.03516623277772624,0,0,0,7,0,0.7142857142857143,0.2636363636363636,0.3616369703314997,0.10098557145949606,0.938450329666277,0.637893864903163,0.0,0.21818181818181817,0.020592590782677722
1095,109,99.0909090909091,110,1,103,6,0,0.00909090909090909,2.3989429052712503,2.366408065924562,6.769384909585181,1.6058471966375525,0.4553885558051156,1.3565654051181628,8.2,1.064675958454609,0.41772376910719045,0.1806857394790196,0.003976398553229518,0.14285714285714285,0.04201390780988118,0.05255237556351911,0,1,0,6,0,0.7142857142857143,0.2636363636363636,0.3603628303789523,0.10387179192165588,0.944476780404512,0.6325411127375363,0.00909090909090909,0.23636363636363636,0.02054324904241492
1096,109,99.0909090909091,110,0,105,5,0,0.0,2.4145962336294238,2.3804565700632243,6.679609929121066,1.609025446647768,0.4665347713301948,1.3501332602548923,8.2,1.064675958454609,0.4188710332723016,0.025599410252037925,0.0014283361661864716,0.0,0.025599410252037925,0.0461902788784316,0,0,0,5,0,0.8,0.2636363636363636,0.35875280132486337,0.11287384751772953,0.9614807418798701,0.6301802768741117,0.0,0.19999999999999998,0.02063843471608496
1097,109,99.0909090909091,110,0,106,4,0,0.0,2.4338938654665014,2.400151902772379,6.516874921938507,1.6123376117720591,0.47436616305314677,1.3132228503619479,8.2,1.064675958454609,0.4160916076704706,0.021686681939185076,0.002034642715052599,0.0,0.021686681939185076,0.0379348556977295,0,0,0,4,0,0.75,0.2818181818181818,0.35068547405236217,0.11885978735832874,0.9478596142825443,0.6237644424391141,0.0,0.23636363636363636,0.020752554788161667
1098,109,99.0909090909091,110,0,105,5,0,0.0,2.430325023728762,2.39765877295114,6.437098773871162,1.6155932780675117,0.4943455503580974,1.3428178104286455,8.2,1.064675958454609,0.41394905458401654,0.016138677390940822,0.0015775033439095914,0.0,0.016138677390940822,0.03745033126269157,0,0,0,5,0,0.8,0.2727272727272727,0.34668985588813084,0.11584094598191186,0.9621517557045346,0.6189278811445672,0.0,0.2,0.020752041727640568
1099,109,99.0909090909091,110,0,106,4,0,0.0,2.4314582609452864,2.39804698805716,6.6549618366703776,1.61881758865295,0.4737287364453787,1.3172640606520358,8.2,1.064675958454609,0.418469310176661,0.075281569797361,0.0030864937416846937,0.0,0.075281569797361,0.033861708980993985,0,0,0,4,0,0.5,0.3,0.3553069117797425,0.11797202319216855,0.9512040900727995,0.6245235573415663,0.0,0.2,0.020774872143537723
1100,109,99.0909090909091,110,1,107,2,0,0.00909090909090909,2.4363616467938414,2.4069930614575643,6.659619344984386,1.622040662431545,0.4710087191045365,1.309154569856162,8.2,1.064675958454609,0.418614144067883,0.053520327457510335,0.004213801351381218,0.0,0.053520327457510335,0.018137090980549758,0,1,0,2,0,0.3333333333333333,0.2727272727272727,0.3558083161729873,0.12397626645875134,0.962978650650422,0.6150642243333341,0.00909090909090909,0.18181818181818182,0.02081654671860248
1101,109,99.0909090909091,110,0,107,3,0,0.0,2.449539535261093,2.420399312966763,6.137904069868003,1.6253867131292852,0.46451275445374307,1.2668337679391006,8.2,1.064675958454609,0.414707260529932,0.056436827756584734,0.002884459029329099,0.0,0.056436827756584734,0.036272941127804305,0,0,0,3,0,0.6666666666666666,0.3,0.3405934006602158,0.1245149512255744,0.9575286576902302,0.6143479622684468,0.0,0.2363636363636364,0.02090024845960701
1102,109,99.0909090909091,110,0,109,1,0,0.0,2.474015835034855,2.4441162366451894,6.879669480929029,1.6288991459372797,0.4295148450838045,1.2419117294931303,8.2,1.064675958454609,0.42133324235113445,0.00037760725200575005,0.0020179013990376973,0.0,0.00037760725200575005,0.019961840921488894,0,0,0,1,0,1.0,0.3090909090909091,0.35790864863754973,0.1127901569609249,0.9531808860095048,0.6271448967609966,0.0,0.21818181818181817,0.02104132797230761
1103,109,99.0909090909091,110,0,108,2,0,0.0,2.4883054942823337,2.457646378685869,7.20027783391708,1.6324894244531718,0.42335096188198645,1.2629172210584791,8.2,1.064675958454609,0.4219933867732286,0.006156132227979689,0.0033625378979959715,0.0,0.006156132227979689,0.025226993991743274,0,0,0,2,0,1.0,0.3090909090909091,0.3634286013124287,0.11078634118119943,0.9489644412569336,0.6287109410848551,0.0,0.2545454545454545,0.02113188868464514
1104,109,99.0909090909091,110,0,106,4,0,0.0,2.523996110273887,2.492843626896907,7.731268387489131,1.6363412674486562,0.40884296232624673,1.2520993878216573,8.2,1.064675958454609,0.42409516806680125,0.024716021282208064,0.004334718310367791,0.0,0.024716021282208064,0.02993908380450709,0,0,0,4,0,0.75,0.2909090909090909,0.3699839410145944,0.11075158632689242,0.9376218426029641,0.6315897193053678,0.0,0.2727272727272727,0.02133084658776807
1105,110,100.0,110,0,104,6,0,0.0,2.5024478001968338,2.4713627437783803,7.277911219857934,1.6399691393592293,0.41124521223513444,1.262283841300241,8.2,1.064675958454609,0.4216677875123698,0.01960292531057457,0.003812766071939833,0.0,0.01960292531057457,0.020399897526793307,0,0,0,6,0,0.8333333333333334,0.2818181818181818,0.3614221608123189,0.11258944372906737,0.9279452752850869,0.6274901432925246,0.0,0.2545454545454545,0.02124241757740051
1106,110,100.0,110,0,104,6,0,0.0,2.512290612293146,2.481268886984327,7.868107287869286,1.6436427608498654,0.42154264686381643,1.2765010283136746,8.2,1.064675958454609,0.421442861965333,0.03474528611440518,0.0038642114524414547,0.0,0.03474528611440518,0.021917311890766077,0,0,0,6,0,0.6666666666666666,0.3,0.3681943944393625,0.10889274041808872,0.9332101259556407,0.6241841690536295,0.0,0.2545454545454545,0.02131118772028978
1107,109,99.0909090909091,110,1,104,5,0,0.00909090909090909,2.5188412773199573,2.5012248211396293,8.017198512451698,1.6473310825317204,0.4547652427687474,1.2965537170408148,8.2,1.064675958454609,0.4231160286997202,0.10196430195241533,0.003875005642449357,0.0,0.10196430195241533,0.020633948288778344,0,1,0,5,0,0.6666666666666666,0.2818181818181818,0.37024488361514274,0.12271574217235548,0.9331697791096116,0.6142445774175749,0.00909090909090909,0.23636363636363636,0.02136357538253243
1108,109,99.0909090909091,110,0,105,5,0,0.0,2.55778835608561,2.540179627936809,9.320962274837473,1.651428089980019,0.42514134104442125,1.2609901940189787,8.2,1.064675958454609,0.4286062778457833,0.10390679028541845,0.002687341073255666,0.0,0.10390679028541845,0.0317581994593094,0,0,0,5,0,0.6,0.2818181818181818,0.39013896682635507,0.12021253254631664,0.9184819763828858,0.6193872997816302,0.0,0.2727272727272727,0.021580120703019755
1109,109,99.0909090909091,110,0,104,6,0,0.0,2.556393694907962,2.5381931793955035,9.411441791567164,1.6554645581829626,0.4228838756872398,1.2511917134600141,8.2,1.064675958454609,0.4295655582748106,0.016747696559749014,0.002431515156442262,0.0,0.016747696559749014,0.021275834004423455,0,0,0,6,0,0.8333333333333334,0.2727272727272727,0.3924120642106518,0.12446010687350556,0.9206659018167559,0.6187729170492449,0.0,0.23636363636363636,0.02159463505039522
1110,109,99.0909090909091,110,0,104,6,0,0.0,2.561007976099353,2.5432624049480785,9.157237020916098,1.659501227739969,0.4240206008748464,1.2439633950310205,8.2,1.064675958454609,0.42642675925157913,0.013598022812872423,0.0027864290914836605,0.0,0.013598022812872423,0.01303245033744399,0,0,0,6,0,1.0,0.24545454545454545,0.3847685547847685,0.13077669673537348,0.9235901073169952,0.6168937614098813,0.0,0.23636363636363636,0.021639195181500023
1111,109,99.0909090909091,110,0,103,7,0,0.0,2.5792347414279537,2.5616135073457325,9.10744514314687,1.6636512236669514,0.4064208041814953,1.2241049294935298,8.2,1.064675958454609,0.42573689589546415,0.05448899517675888,0.0023427259483416334,0.0,0.05448899517675888,0.02785720044688275,0,0,0,7,0,0.5714285714285714,0.2545454545454545,0.38143682854759936,0.13127295421933072,0.9277018041913088,0.6179249570506813,0.0,0.23636363636363636,0.021752421012598742
1112,110,100.0,110,0,103,7,0,0.0,2.604457865579318,2.5860456865479016,10.541409318731999,1.6679651344154955,0.39943280387925384,1.2435514613763239,8.2,1.064675958454609,0.42860082740404293,0.0724138581589084,0.0028119917624488447,0.0,0.0724138581589084,0.028827744123606343,0,0,0,7,0,0.7142857142857143,0.23636363636363636,0.4004447369295919,0.12220701144458124,0.9189721019989512,0.6191991329723368,0.0,0.23636363636363636,0.021901501218660035
1113,110,100.0,110,0,104,6,0,0.0,2.6121200802947575,2.5934943036802687,11.291228494546711,1.6722965589021077,0.4015256973669671,1.2293391542783523,8.2,1.064675958454609,0.4302349312825944,0.02001394988681118,0.0026895882032774722,0.0,0.02001394988681118,0.00780332731619349,0,0,0,6,0,0.8333333333333334,0.2545454545454545,0.4090780872520234,0.11788790601873932,0.9165924302074333,0.6197758544593852,0.0,0.2727272727272727,0.02196287010982102
1114,109,99.0909090909091,110,1,104,5,0,0.00909090909090909,2.614626291541782,2.589849280638438,10.900961060958961,1.6766059299381186,0.42101560625029133,1.2630853542153915,8.2,1.064675958454609,0.4288836013107227,0.2094746936330956,0.0069316963061367325,0.16666666666666666,0.08426495417896517,0.020567184118666426,0,1,0,5,0,0.5,0.2636363636363636,0.4045424980316533,0.12156585048200429,0.9227105170880923,0.6145638809157129,0.00909090909090909,0.2363636363636364,0.021998341584746648
1115,108,98.18181818181819,110,1,103,6,0,0.00909090909090909,2.619787928639813,2.5822735844189197,11.962922052147995,1.680870646983911,0.4583049285918036,1.327016679626209,8.2,1.064675958454609,0.4292367760791864,0.09194112298431294,0.0035724017768788735,0.14285714285714285,0.06584406489505722,0.016120657598255102,0,1,0,6,0,0.8571428571428571,0.2545454545454545,0.41710696066202263,0.11322477958646038,0.9173293037042055,0.599636204777087,0.00909090909090909,0.2909090909090909,0.022046852478778137
1116,107,97.27272727272727,110,1,103,6,0,0.00909090909090909,2.615137054504854,2.5791471128271706,10.92405141970089,1.684928785056222,0.4954992877199485,1.3753220216068167,8.2,1.064675958454609,0.4245968803755029,0.030382821954748358,0.0034747133942389084,0.0,0.030382821954748358,0.015728931634125698,0,1,0,6,0,0.8571428571428571,0.2636363636363636,0.4011817714676122,0.11975715503032713,0.916561754859865,0.5984786119927931,0.00909090909090909,0.2909090909090909,0.022045201118311736
1117,106,96.36363636363636,110,1,105,4,0,0.00909090909090909,2.6383956661731465,2.596792236577179,10.74138940582527,1.6891509606204442,0.5132057950779333,1.38902772895732,8.2,1.064675958454609,0.4237582123157806,0.04979857655804841,0.004273013203502681,0.0,0.04979857655804841,0.0201268884873268,0,1,0,4,0,0.6,0.2545454545454545,0.3963305734323867,0.12128825417007749,0.923177949438808,0.5981414474690078,0.00909090909090909,0.3090909090909091,0.022183970420731208
1118,105,95.45454545454545,110,1,104,5,0,0.00909090909090909,2.6413420719956493,2.6083885626893335,10.321565713584242,1.69330766401855,0.5309751911108014,1.4066333072175214,8.2,1.064675958454609,0.42434447133860553,0.15492333009693562,0.006052996757892411,0.16666666666666666,0.08225438342281277,0.015835821785064985,0,1,0,5,0,0.6666666666666666,0.24545454545454545,0.39039291133538223,0.13615029056142638,0.8879973198769616,0.5901927764628125,0.00909090909090909,0.3090909090909091,0.022220830160715674
1119,106,96.36363636363636,110,0,106,4,0,0.0,2.693926609593675,2.6592915788196745,12.286149981187268,1.6979296949009959,0.5035291758657698,1.381405900085159,8.2,1.064675958454609,0.4295928656723962,0.009496813163152141,0.003792519395003544,0.0,0.009496813163152141,-0.0023775852079253867,0,0,0,4,0,1.0,0.23636363636363636,0.4136933376600581,0.11983042338770708,0.8783692658642909,0.5938958143507138,0.0,0.34545454545454546,0.022508357674504674
1120,107,97.27272727272727,110,0,107,3,0,0.0,2.6720667743921283,2.637438789836275,12.243971902267448,1.7023163870193978,0.5046620510320323,1.3903825772377514,8.2,1.064675958454609,0.42975183722830756,0.06298069919646093,0.0029222711793533804,0.0,0.06298069919646093,0.019870445384515295,0,0,0,3,0,0.3333333333333333,0.2545454545454545,0.41556207805287515,0.11682377721156567,0.887264637328125,0.5939236947109013,0.0,0.34545454545454546,0.022422410526674964
1121,108,98.18181818181819,110,0,107,3,0,0.0,2.6713208291274633,2.6377496693086524,11.855539179305447,1.7066590229686454,0.5170468180676755,1.3784645679869703,8.2,1.064675958454609,0.4278062264546094,0.034986725880413204,0.0029259733291188295,0.0,0.034986725880413204,0.016725616947275392,0,0,0,3,0,0.6666666666666666,0.2636363636363636,0.4096745114986832,0.11189917823312596,0.9032355478166244,0.6002130839214587,0.0,0.3090909090909091,0.022441798300809064
1122,109,99.0909090909091,110,0,106,4,0,0.0,2.6693659262857152,2.635061755510969,11.818563461449948,1.7109325298593874,0.5366537695041437,1.4238332867678047,8.2,1.064675958454609,0.42702562491037965,0.007626237123651231,0.004384618362026558,0.0,0.007626237123651231,0.0014416940868657302,0,0,0,4,0,1.0,0.2818181818181818,0.40976207609639836,0.11443436668627725,0.9005712815357925,0.6003857928934193,0.0,0.2727272727272727,0.022454773286824638
1123,110,100.0,110,0,107,3,0,0.0,2.683405172282899,2.6487528233877824,12.631131804433812,1.7152771501561934,0.5078311275062624,1.4005037705614938,8.2,1.064675958454609,0.43195325480971714,0.13437372302472733,0.00692353146955222,0.0,0.13437372302472733,0.008896063754718186,0,0,0,3,0,0.6666666666666666,0.2727272727272727,0.4231748316804211,0.10836786093441227,0.8924835875526725,0.6117685432729469,0.0,0.2363636363636364,0.022548097580703676
1124,110,100.0,110,0,106,4,0,0.0,2.717021405471948,2.6833067485146778,13.485017441171633,1.719869824192036,0.4837836052216148,1.3840146173769723,8.2,1.064675958454609,0.43600264055241267,0.030610439253370578,0.005415494140736798,0.0,0.030610439253370578,0.0030465542583129473,0,0,0,4,0,0.75,0.2818181818181818,0.4322237203070553,0.09881009586648337,0.8897231060925448,0.6229718129522118,0.0,0.2727272727272727,0.02274062729480382
1125,110,100.0,110,0,106,4,0,0.0,2.7103878723825,2.676991483113333,14.350860158894918,1.7243598114416157,0.4908520473569561,1.394507638789815,8.2,1.064675958454609,0.4371878405171068,0.019401959037177036,0.005722919464452955,0.0,0.019401959037177036,-0.006017615325592557,0,0,0,4,0,0.75,0.3,0.4417106005411538,0.09768069455234112,0.8946727183486543,0.6209611163923614,0.0,0.2727272727272727,0.022731361536748554
1126,110,100.0,110,0,107,3,0,0.0,2.6806433060230352,2.6475803734046837,12.426798878585604,1.7285514884650655,0.5433134401835634,1.443808011033642,8.2,1.064675958454609,0.4307324333170428,0.008736891733086852,0.007355139210095452,0.0,0.008736891733086852,-0.0212448002168187,0,0,0,3,0,1.0,0.2636363636363636,0.41795784617546844,0.10624883570973781,0.8977961662806847,0.6152847149057626,0.0,0.2727272727272727,0.0226049525937136
1127,110,100.0,110,0,106,4,0,0.0,2.682093762305435,2.6487867315464757,12.400321686184908,1.7327088127550776,0.543820643980389,1.4763664386139164,8.2,1.064675958454609,0.4294744688948544,0.10590482755250255,0.00840639334701291,0.0,0.10590482755250255,0.00800169212676255,0,0,0,4,0,0.75,0.2545454545454545,0.41718097720614383,0.10320024824260612,0.8860038654882032,0.6142995457530289,0.0,0.3090909090909091,0.022634335891240975
1128,110,100.0,110,0,107,3,0,0.0,2.69854345334386,2.6652873114166193,13.322822535753021,1.736962417178365,0.5404747864598898,1.4556798237713184,8.2,1.064675958454609,0.43039805518806107,0.07636760381902374,0.003855282044418947,0.0,0.07636760381902374,0.02260310749715702,0,0,0,3,0,0.6666666666666666,0.24545454545454545,0.4250615752912349,0.10193673699142257,0.8895614455534175,0.6134428222301624,0.0,0.3090909090909091,0.022739227898264353
1129,110,100.0,110,0,105,5,0,0.0,2.756545350485615,2.721556085587686,16.519346876335018,1.7416499985865637,0.4884244768426419,1.4373384675019627,8.2,1.064675958454609,0.442455863237212,0.11018935346116998,0.006205627022205457,0.0,0.11018935346116998,0.008251407853997828,0,0,0,5,0,0.6,0.23636363636363636,0.46466465929534767,0.09284674970795,0.9000598194086475,0.6231831779279764,0.0,0.3090909090909091,0.02305419116011617
1130,109,99.0909090909091,110,1,106,3,0,0.00909090909090909,2.754112360569665,2.73377795877798,16.584830272237195,1.7462623779645294,0.5122950503807854,1.4684434086421572,8.2,1.064675958454609,0.4409783289610594,0.21316465288492203,0.006295385917704885,0.25,0.12593156452300602,0.005188835946705465,0,1,0,3,0,0.5,0.24545454545454545,0.4607617191949949,0.09760030540081514,0.9005526933729592,0.6179338122385118,0.00909090909090909,0.3090909090909091,0.023066579657711375
1131,108,98.18181818181819,110,1,104,4,1,0.00909090909090909,2.777829271379192,2.7513870567713608,18.328833704387876,1.7511506048282335,0.5211179147387452,1.5355901709539306,8.2,1.064675958454609,0.4463160141543976,0.34191483682385054,0.008361079939123814,0.3333333333333333,0.044441290210858096,0.04201205960065621,0,2,1,3,0,0.6666666666666666,0.2636363636363636,0.48423716979598674,0.0938816610697699,0.9003038861357304,0.6140388367610368,0.00909090909090909,0.3272727272727273,0.0232111860998653
1132,108,98.18181818181819,110,0,103,7,0,0.0,2.823236547683901,2.7948128817856634,20.36670392587102,1.756311086011226,0.475846055435738,1.5066985949126774,8.2,1.064675958454609,0.4529624049856442,0.13902171969811647,0.005699926582521061,0.14285714285714285,0.07913561898725201,0.024549636283010285,0,0,0,7,0,0.5714285714285714,0.2727272727272727,0.5065771569355302,0.09269415591379307,0.9095837594474159,0.6236418719301821,0.0,0.2909090909090909,0.023465693682636794
1133,107,97.27272727272727,110,1,102,7,0,0.00909090909090909,2.8495292418538782,2.8252818966038844,19.716863566568296,1.7616418112958434,0.46998215190967335,1.4924653576241669,8.2,1.064675958454609,0.4533931749274831,0.045610574171573146,0.005454986705447639,0.0,0.045610574171573146,0.01239289340289687,0,1,0,7,0,0.625,0.2727272727272727,0.49797322468369387,0.1084255314513607,0.9064103522882454,0.6220143717768842,0.00909090909090909,0.3090909090909091,0.02362553462874497
1134,106,96.36363636363636,110,1,104,5,0,0.00909090909090909,2.8631125303409974,2.8334899671446454,19.010498522026836,1.7670670966780588,0.4571962580526395,1.4914704480087742,8.2,1.064675958454609,0.45313993395329444,0.022018874711973026,0.006159022815687215,0.0,0.022018874711973026,0.009727923596058253,0,1,0,5,0,0.8333333333333334,0.2727272727272727,0.4915338030619229,0.113218858135042,0.8881672848657236,0.6206170112426054,0.00909090909090909,0.3272727272727273,0.023722331925751565
1135,107,97.27272727272727,110,0,107,3,0,0.0,2.867768119460071,2.8381402409124217,20.09747820454786,1.772427155579742,0.45397572817112386,1.4797873220904254,8.2,1.064675958454609,0.4525718065753572,0.024750802132820354,0.003930840968500514,0.0,0.024750802132820354,0.006809740355005867,0,0,0,3,0,0.6666666666666666,0.2727272727272727,0.4985341052375254,0.10833877018522046,0.9076350701779325,0.6165714356140573,0.0,0.3272727272727273,0.023774143500589547
1136,108,98.18181818181819,110,0,104,6,0,0.0,2.846811641551412,2.817378789733501,17.496593912173726,1.7775533134794772,0.49449225666927993,1.477006000324964,8.2,1.064675958454609,0.44649314203296875,0.033622716572961495,0.0043892104577439904,0.0,0.033622716572961495,0.02118025962856614,0,0,0,6,0,0.8333333333333334,0.2818181818181818,0.4710018557202664,0.1218113303937094,0.9212183725670522,0.6085380883335666,0.0,0.2909090909090909,0.023696649596421704
1137,108,98.18181818181819,110,0,106,4,0,0.0,2.84376308676068,2.814465858445898,17.948605490724383,1.782600083785177,0.4869833498160688,1.4846438471309047,8.2,1.064675958454609,0.45071456670247456,0.002345808972178756,0.00424958141257353,0.0,0.002345808972178756,0.00467569232457421,0,0,0,4,0,1.0,0.2909090909090909,0.480359481664886,0.12266378281074448,0.9190192428169068,0.6127876451075727,0.0,0.2909090909090909,0.023708272697529648
1138,109,99.0909090909091,110,0,105,5,0,0.0,2.833345846460937,2.8043455231086964,17.39618887660807,1.7875069233189536,0.5345420006840432,1.5292809395434674,8.2,1.064675958454609,0.44728457386481923,0.04101319473285392,0.004852257693418115,0.0,0.04101319473285392,0.025157324603572027,0,0,0,5,0,0.6,0.2545454545454545,0.47213217733702934,0.11778412535151499,0.9145348574249501,0.6106935825247314,0.0,0.3636363636363637,0.02368230746644897
1139,110,100.0,110,0,106,4,0,0.0,2.8395639571935885,2.810338530961926,18.532725434796653,1.7924125658029357,0.5269729783783553,1.5144310932779226,8.2,1.064675958454609,0.4510446444099807,0.017855110670139437,0.004863109225871617,0.0,0.017855110670139437,0.011489243785999664,0,0,0,4,0,0.75,0.2727272727272727,0.4864521152828548,0.1087676184262313,0.9099321247269463,0.6185121935128199,0.0,0.3636363636363637,0.02373951261817957
1140,109,99.0909090909091,110,1,105,4,0,0.00909090909090909,2.842091038255437,2.8230829610687755,20.432638535712186,1.7972858995359173,0.5424063180352258,1.5433006937548637,8.2,1.064675958454609,0.4531308629959059,0.07208154330535715,0.0068736870663590206,0.0,0.07208154330535715,0.010707747394632917,0,1,0,4,0,0.6,0.2727272727272727,0.5027795465521852,0.10118431810681315,0.9164357499393562,0.6121593879742789,0.00909090909090909,0.3636363636363637,0.02377809062980397
1141,108,98.18181818181819,110,1,102,7,0,0.00909090909090909,2.854887485144158,2.8287270212982834,18.842436864215653,1.8023067877858896,0.5393870569510913,1.5657495978057339,8.2,1.064675958454609,0.45469953175553757,0.16112972447938556,0.003981133626118655,0.125,0.05918901598743842,0.04448259202689808,0,1,0,7,0,0.625,0.3,0.4935133233929494,0.11420595966974602,0.9170922329446082,0.6217944093455928,0.00909090909090909,0.34545454545454546,0.02386880095929674
1142,107,97.27272727272727,110,1,104,5,0,0.00909090909090909,2.916552816678903,2.8796473629874466,23.360750746906163,1.807718769141457,0.49645694422833914,1.5326603238848253,8.2,1.064675958454609,0.4660984883793151,0.02759993918826618,0.006014086966627464,0.0,0.02759993918826618,0.008299338577488677,0,1,0,5,0,0.8333333333333334,0.2909090909090909,0.5377448723864722,0.10809714663685709,0.8952386693067901,0.622166246757269,0.00909090909090909,0.38181818181818183,0.02420593764915485
1143,105,95.45454545454545,110,2,103,5,0,0.01818181818181818,2.9056268221492196,2.8621700281483644,22.360213158379533,1.81290893437731,0.5341308854621957,1.565664771920117,8.2,1.064675958454609,0.46329551320025697,0.15435026738458565,0.006296426206017784,0.14285714285714285,0.017301630606959516,0.03473717604174146,0,2,0,5,0,0.8571428571428571,0.2909090909090909,0.528408319508751,0.10897071766026101,0.9242644266454639,0.6171945391952236,0.01818181818181818,0.32727272727272727,0.02417893689724153
1144,105,95.45454545454545,110,0,105,5,0,0.0,2.938306495237939,2.892223450565334,25.421540037011006,1.8182415749986836,0.5060921465952919,1.5407008468644066,8.2,1.064675958454609,0.47102501223981164,0.00733637249429749,0.00543487948207697,0.0,0.00733637249429749,0.020391659182027077,0,0,0,5,0,1.0,0.3,0.5572885443033573,0.1024432680826324,0.9169195921542005,0.6184703262056674,0.0,0.32727272727272727,0.024370722934008403
1145,106,96.36363636363636,110,0,104,6,0,0.0,2.965420755927214,2.9190695504709576,29.607714388216223,1.8237460994545927,0.4211391838996338,1.466687270226945,8.2,1.064675958454609,0.47764340688088813,0.07904819516949337,0.006412328752405029,0.0,0.07904819516949337,0.02350190004780589,0,0,0,6,0,0.5,0.3090909090909091,0.5912097603261693,0.08834195049687707,0.9129849127048814,0.6259951555497182,0.0,0.32727272727272727,0.024535596911709437
1146,107,97.27272727272727,110,0,104,6,0,0.0,2.9830471530314164,2.9357839116206206,31.51442032819983,1.8293343815898084,0.38311878534390176,1.4240568289376965,8.2,1.064675958454609,0.48041040949959646,0.08468887384694651,0.005936470250105176,0.0,0.08468887384694651,0.01975335387978965,0,0,0,6,0,0.6666666666666666,0.3181818181818182,0.6063902705588591,0.08397424443680633,0.8971646667388302,0.6289775547539838,0.0,0.32727272727272727,0.024653477445422577
1147,107,97.27272727272727,110,1,102,7,0,0.00909090909090909,3.0109368962215557,2.9890232450569463,34.23806611532398,1.8350977667867054,0.3465247423767355,1.2759067365645103,8.2,1.064675958454609,0.4827892403432852,0.12892049038519088,0.006575739152046223,0.0,0.12892049038519088,0.01672160973038201,0,1,0,7,0,0.5,0.3,0.6173586863405928,0.08382838824975729,0.9127825518999635,0.6154595744600827,0.00909090909090909,0.2727272727272727,0.02482360684966552
1148,105,95.45454545454545,110,4,98,6,2,0.03636363636363636,3.0849211604490474,3.062025163210585,42.40895773746802,1.841649414687437,0.3256259009326387,1.3279962702614942,8.2,1.064675958454609,0.4931713265926758,0.39268974849704036,0.01029778277471624,0.3333333333333333,0.15676205463098597,0.033594438218876206,0,6,0,6,0,0.4166666666666667,0.2727272727272727,0.6716293749627781,0.07855909647302256,0.8926539463646118,0.6222587605572277,0.03636363636363636,0.3454545454545455,0.02522840508084382
1149,104,94.54545454545455,110,1,103,6,0,0.00909090909090909,3.0645324929524023,3.056708773749847,40.60018160061869,1.84795242351288,0.3616047798204636,1.335511986876957,8.2,1.064675958454609,0.4921078634906626,0.21066646712951118,0.007794767829181403,0.14285714285714285,0.0698656219818783,0.0013160244009700855,0,1,0,6,0,0.7142857142857143,0.2636363636363636,0.658348427539035,0.07804314323354283,0.8979315743447566,0.6105424053981175,0.00909090909090909,0.36363636363636365,0.025160015053172474
1150,103,93.63636363636364,110,1,104,5,0,0.00909090909090909,3.0290769747526585,3.012276234338256,34.61625539594709,1.8540144897320785,0.4438478131520782,1.4459444682978986,8.2,1.064675958454609,0.4866628009686893,0.24389653683164828,0.00604503948229372,0.16666666666666666,0.07722987018485825,0.035196115376433405,0,1,0,5,0,0.6666666666666666,0.2636363636363636,0.6198700840928438,0.08748351653549721,0.9036548468828738,0.6040699803739519,0.00909090909090909,0.32727272727272727,0.025015008142984463
1151,103,93.63636363636364,110,0,104,6,0,0.0,3.0808121717009076,3.0635305853262267,37.54566757982403,1.860368582091134,0.4104183979349761,1.4382240950461374,8.2,1.064675958454609,0.49010428403560513,0.04172895454419562,0.0042285042536813295,0.0,0.04172895454419562,0.0162349321634248,0,0,0,6,0,0.8333333333333334,0.2636363636363636,0.6346930037928405,0.08797274436111044,0.8966231506439388,0.6018293222315108,0.0,0.36363636363636365,0.02530750937458814
1152,104,94.54545454545455,110,0,104,6,0,0.0,3.0476133106060765,3.030788004785596,35.18205118775105,1.8663761420499092,0.44704440055940525,1.4165925598179012,8.2,1.064675958454609,0.4821899351460328,0.0831860783399217,0.005108464131317557,0.0,0.0831860783399217,0.019628578508500766,0,0,0,6,0,0.6666666666666666,0.2545454545454545,0.6137551120870579,0.08347032456403856,0.8929227515750411,0.5965534718836741,0.0,0.32727272727272727,0.025173495592399397
1153,108,98.18181818181819,110,0,105,5,0,0.0,3.036140626088995,3.0198681709506494,34.31232510893937,1.8722267322856792,0.4672982104096863,1.4527598870848901,8.2,1.064675958454609,0.47883495342396465,0.058148816387683475,0.005182309442104338,0.0,0.058148816387683475,0.008449384039142405,0,0,0,5,0,0.8,0.2636363636363636,0.604733646991175,0.07781995839240452,0.9036548468828738,0.5946769185420357,0.0,0.32727272727272727,0.025147277083647956
1154,109,99.0909090909091,110,0,103,7,0,0.0,3.0741362528463783,3.0573221778445228,36.39921045724379,1.8783340437392821,0.41273775244595684,1.3797138882176605,8.2,1.064675958454609,0.48192137111091693,0.16412672607485998,0.006600863425273551,0.0,0.16412672607485998,0.013521923668193507,0,0,0,7,0,0.2857142857142857,0.2727272727272727,0.6166376851445702,0.07001981169518791,0.8630436003320009,0.6038566043476242,0.0,0.32727272727272727,0.025369766755812102
1155,110,100.0,110,0,104,6,0,0.0,3.085974379393441,3.0693164426182107,37.8247299152089,1.884478492158882,0.40746391224888423,1.3647557194360143,8.2,1.064675958454609,0.4834583912954986,0.19238373358944752,0.00558104726265585,0.0,0.19238373358944752,0.027224927355550693,0,0,0,6,0,0.3333333333333333,0.2818181818181818,0.6256202968612847,0.06598546588333581,0.8683993727391877,0.6029663965240154,0.0,0.36363636363636365,0.025461666621098975
1156,108,98.18181818181819,110,2,103,4,1,0.01818181818181818,3.109304827954341,3.103677240797236,40.36988635637048,1.8907551274571357,0.43118179577177085,1.3479867375867154,8.2,1.064675958454609,0.48266968598899984,0.1363710056094893,0.0051639780877840435,0.0,0.1363710056094893,0.030605161000463597,0,3,0,4,0,0.42857142857142855,0.2727272727272727,0.6339484752361996,0.06429643093417406,0.8683993727391877,0.5936842507047752,0.01818181818181818,0.36363636363636365,0.025611731777413667
1157,107,97.27272727272727,110,1,100,7,2,0.00909090909090909,3.1950228986999605,3.187029360530117,46.98950178108505,1.8977895484134863,0.34352831635359615,1.275542447034571,8.2,1.064675958454609,0.4900227851896901,0.22267277783101708,0.0052901582420124115,0.2,0.10430853795021393,0.03093095299101145,0,3,0,7,0,0.5,0.2636363636363636,0.668536778947644,0.05605895719349474,0.8844802660954836,0.5972869091710542,0.00909090909090909,0.32727272727272727,0.026077769025511142
1158,106,96.36363636363636,110,1,105,4,0,0.00909090909090909,3.175389489145443,3.1432118838349647,42.445061589874605,1.9045669105065097,0.4805090826911246,1.4271202781866883,8.2,1.064675958454609,0.48553841606449644,0.23006498392675628,0.0018817656517309152,0.2,0.03017097878232975,0.042877447343240324,0,1,0,4,0,0.8,0.2727272727272727,0.6469542820159223,0.08747804649720602,0.8709219261753709,0.5690065825428088,0.00909090909090909,0.3454545454545455,0.026015680450149473
1159,106,96.36363636363636,110,0,106,4,0,0.0,3.1510305885740526,3.1200200181574056,37.36002486634543,1.9108639269234997,0.5348110828865407,1.5183632099627142,8.2,1.064675958454609,0.4780387121203067,0.21145981286791624,0.01003884653205255,0.25,0.08560978864043065,-0.01640433578969644,0,0,0,4,0,0.5,0.2636363636363636,0.6112652652056824,0.10245317551217047,0.9076028460988212,0.5623818733743127,0.0,0.3090909090909091,0.025927407357238336
1160,105,95.45454545454545,110,1,104,5,0,0.00909090909090909,3.191020920796509,3.1773973174579164,37.281574699350315,1.9174254300096258,0.5487467482915404,1.5306690956861222,8.2,1.064675958454609,0.4799905039570216,0.21283840794202447,0.00829504257176443,0.16666666666666666,0.10117630350145768,0.010958711131882385,0,1,0,5,0,0.5,0.24545454545454545,0.6039264750126031,0.11380966072008722,0.9127648614660536,0.5574707154465971,0.00909090909090909,0.2909090909090909,0.026162288391286242
1161,106,96.36363636363636,110,1,103,6,0,0.00909090909090909,3.2306142050658315,3.2217102376526974,43.597714386056865,1.9244084969030804,0.5049183122570151,1.4043560317947432,8.2,1.064675958454609,0.48763935282734994,0.17865402691054796,0.010155801787208528,0.14285714285714285,0.1568551298661885,0.0034092489025662038,0,1,0,6,0,0.2857142857142857,0.2545454545454545,0.6445803767851496,0.10317746156366002,0.9137507508883234,0.5647457131623317,0.00909090909090909,0.2909090909090909,0.02639742832982156
1162,107,97.27272727272727,110,0,106,4,0,0.0,3.2067539833314065,3.1983649171616757,40.78461909486302,1.931161560163429,0.5360707798766928,1.4309608510316736,8.2,1.064675958454609,0.48700501631812854,0.04614722805006176,0.006588011863124623,0.0,0.04614722805006176,0.009122936080668859,0,0,0,4,0,0.75,0.2636363636363636,0.6301229753503921,0.10905325428295104,0.9027491865027925,0.5692557646462261,0.0,0.32727272727272727,0.026314076341645516
1163,108,98.18181818181819,110,0,105,5,0,0.0,3.184654462372217,3.176399023915123,38.720956666393874,1.9376556327152212,0.54693051614955,1.4293840993615172,8.2,1.064675958454609,0.4873985251723214,0.056508707988311355,0.0059044867305047205,0.0,0.056508707988311355,0.017092946499772443,0,0,0,5,0,0.6,0.2545454545454545,0.6230746443637184,0.11886591828122366,0.9048228088139374,0.5688497053830428,0.0,0.2545454545454545,0.026238149151441334
1164,108,98.18181818181819,110,0,107,3,0,0.0,3.1370083373905557,3.12877494233193,35.30224148344948,1.9436749307201886,0.5544095947593972,1.4396026391887666,8.2,1.064675958454609,0.4850149625769835,0.06142333691967542,0.003823879780021057,0.0,0.06142333691967542,0.012497038189895263,0,0,0,3,0,0.6666666666666666,0.2818181818181818,0.606603726875974,0.12649545935380216,0.8994762354645958,0.5658480212143889,0.0,0.2909090909090909,0.026031961535896344
1165,109,99.0909090909091,110,0,104,6,0,0.0,3.1034052757032606,3.095984490331289,31.368891706418154,1.9493508530591341,0.5682272099002884,1.4584142816994219,8.2,1.064675958454609,0.47995136415973216,0.13879453231098707,0.0036327821263259313,0.0,0.13879453231098707,0.02671124281546855,0,0,0,6,0,0.5,0.24545454545454545,0.580635964402481,0.13548043634492693,0.9115327556283793,0.5647881831458264,0.0,0.2909090909090909,0.02589416131774152
1166,109,99.0909090909091,110,1,101,8,0,0.00909090909090909,3.1171715830050526,3.1054527008784025,28.133963589627026,1.95508792287058,0.5983648794737041,1.4880073461794092,8.2,1.064675958454609,0.4766770143750325,0.0479791595970567,0.0040435008614720545,0.0,0.0479791595970567,0.03226662194278719,0,1,0,8,0,0.7777777777777778,0.24545454545454545,0.5540828288791995,0.15032934635941053,0.9103599386737043,0.5644546539843803,0.00909090909090909,0.30909090909090914,0.025993533455751592
1167,109,99.0909090909091,110,0,105,5,0,0.0,3.0916564805000832,3.0795664815831865,27.24524174619846,1.9605024949523617,0.6357542371887763,1.552997340772946,8.2,1.064675958454609,0.4743993118583716,0.041497921821791725,0.0031005337877198294,0.0,0.041497921821791725,0.03725454753422669,0,0,0,5,0,0.8,0.2636363636363636,0.5478728748672339,0.15346332871309148,0.9157350185688206,0.5597600002629218,0.0,0.2727272727272727,0.02589478176683071
1168,109,99.0909090909091,110,0,106,4,0,0.0,3.1154441442750307,3.1031324906733797,28.843755226401363,1.9660601406934557,0.6024386985877981,1.4958082310311804,8.2,1.064675958454609,0.4758086448103087,0.0493029153760687,0.004274489764228331,0.0,0.0493029153760687,0.03402938033954306,0,0,0,4,0,0.75,0.2545454545454545,0.558123353664771,0.1456243941376134,0.9127917454022652,0.5637873811843515,0.0,0.3454545454545455,0.026043305544736196
1169,108,98.18181818181819,110,1,104,5,0,0.00909090909090909,3.114148693264126,3.082874074804126,27.742993179646312,1.9715521405514378,0.645403191160592,1.5455433057018977,8.2,1.064675958454609,0.4764122525844465,0.26627072194286766,0.00586118355475575,0.16666666666666666,0.10037379205928328,0.04686250777545887,0,1,0,5,0,0.5,0.2727272727272727,0.5564937948776589,0.15193864075839236,0.8942618996356362,0.5593272121930821,0.00909090909090909,0.34545454545454546,0.02606606429074482
1170,108,98.18181818181819,110,0,105,5,0,0.0,3.0888948294787935,3.0576981988061376,26.933747216499405,1.9766051609864204,0.6249858012132901,1.5197375209922321,8.2,1.064675958454609,0.47623867546866605,0.059842785151477784,0.0014340061877398716,0.0,0.059842785151477784,0.05362457959241651,0,0,0,5,0,0.6,0.2818181818181818,0.5555547999853989,0.15021592124923625,0.890399299400924,0.5672918633825512,0.0,0.3090909090909091,0.025966694118691687
1171,109,99.0909090909091,110,0,102,8,0,0.0,3.0601941459738695,3.0300485786690263,24.02173565271709,1.9813688800410925,0.6740755581455233,1.517714599766123,8.2,1.064675958454609,0.47234918906311263,0.15279786706945825,0.0031305470033318157,0.0,0.15279786706945825,0.04611710419710606,0,0,0,8,0,0.375,0.2727272727272727,0.5325750632991039,0.16452936530956666,0.8822707987864837,0.5608943034908347,0.0,0.34545454545454546,0.025848549786918775
1172,108,98.18181818181819,110,1,106,3,0,0.00909090909090909,3.0725321375167276,3.054803105996483,24.240085040107417,1.9861897161327,0.6942403536958578,1.5792424878525049,8.2,1.064675958454609,0.4714625174448308,0.13586450227257785,0.0037696359381335347,0.0,0.13586450227257785,0.029034807573016894,0,1,0,3,0,0.25,0.2636363636363636,0.5312641348322018,0.1666672210113925,0.8872791428252171,0.5520114313325315,0.00909090909090909,0.4,0.02593590288606499
1173,106,96.36363636363636,110,2,105,2,1,0.01818181818181818,3.05287765110521,3.0301132906687345,24.64338848445863,1.9908955866767117,0.7192266406273458,1.6030930482960697,8.2,1.064675958454609,0.4725458001169922,0.5976620970588611,0.003365593510623992,0.6,0.2053552641582947,0.07607338828032027,0,3,0,2,0,0.2,0.2636363636363636,0.5374214447908576,0.1634317340195829,0.9234657407702657,0.5517135536499808,0.01818181818181818,0.3090909090909091,0.02586268159016645
1174,105,95.45454545454545,110,2,104,2,2,0.01818181818181818,3.048949043129677,3.0205650870991843,24.834977547122307,1.9954736860265265,0.7685865108478215,1.6498874680143025,8.2,1.064675958454609,0.4711244865615847,0.5155984616523054,0.009631947509801397,0.5,0.18025695414429807,0.07618944877480006,0,4,0,2,0,0.3333333333333333,0.2636363636363636,0.5370543360880636,0.15829300773184604,0.9300724029230664,0.5496167450422752,0.01818181818181818,0.27272727272727276,0.025867409511854605
1175,105,95.45454545454545,110,0,107,3,0,0.0,3.054465985215609,3.0255631955376625,25.298641618682225,1.9999983125947065,0.7664876708428853,1.6576333596888866,8.2,1.064675958454609,0.47242033608976075,0.004635770727280766,0.005337395276002607,0.0,0.004635770727280766,-0.0018798112602247026,0,0,0,3,0,1.0,0.2727272727272727,0.5409231455642901,0.15574367186944327,0.9234066523799832,0.5533034397444625,0.0,0.29090909090909095,0.025919080527924895
1176,105,95.45454545454545,110,0,106,4,0,0.0,3.0791576705721364,3.049525476358997,27.00896839197933,2.004678863066007,0.7718968864077266,1.6900701117160837,8.2,1.064675958454609,0.47671016399627386,0.031468402092611106,0.0070515224962627325,0.0,0.031468402092611106,0.015737272285175824,0,0,0,4,0,0.75,0.2727272727272727,0.5543618167419454,0.14491397199308131,0.9302800918242689,0.5588543185384797,0.0,0.2545454545454546,0.026067455302503165
1177,106,96.36363636363636,110,0,105,5,0,0.0,3.1164821178740327,3.086346426737828,30.93994836315435,2.0096231998868026,0.7147677381172359,1.6509280957714532,8.2,1.064675958454609,0.4823420374037546,0.11532902722492885,0.007787691721545126,0.0,0.11532902722492885,0.0203876308184461,0,0,0,5,0,0.4,0.2636363636363636,0.5829082367191811,0.12592438421590968,0.9252931570756988,0.5665922506442229,0.0,0.2363636363636364,0.026280398121730664
1178,107,97.27272727272727,110,1,106,3,0,0.00909090909090909,3.138592399451856,3.1200172066153162,31.285679229790624,2.014704629965805,0.7344072607689887,1.6765416829231583,8.2,1.064675958454609,0.4830411691035612,0.11545505637705919,0.007962859682117563,0.0,0.11545505637705919,0.01290401071621805,0,1,0,3,0,0.5,0.2818181818181818,0.5817564253625566,0.1297662005626637,0.9275733316081118,0.5660210955604955,0.00909090909090909,0.27272727272727276,0.026417999911818188
1179,108,98.18181818181819,110,1,108,1,0,0.00909090909090909,3.1151506896428987,3.0967495896147734,28.89990237522102,2.019634703261693,0.77327469144722,1.703456458807639,8.2,1.064675958454609,0.4770145626868605,0.25733501504814776,0.011571351097376184,0.5,0.2541173826868572,0.028758074160107117,0,1,0,1,0,0.5,0.2818181818181818,0.5620171592602967,0.1396271388397194,0.9255580160907976,0.5586940676944384,0.00909090909090909,0.2545454545454546,0.026327036015331158
1180,108,98.18181818181819,110,0,108,2,0,0.0,3.0958552697488693,3.0780950873678683,26.63055312310599,2.024349528826322,0.8248574095880477,1.6996953871744276,8.2,1.064675958454609,0.47379620493861974,0.03943762619446577,0.007500660059586313,0.0,0.03943762619446577,0.005246583940234029,0,0,0,2,0,0.5,0.2727272727272727,0.5435055564089527,0.1513814902439306,0.9179434806345069,0.5566815139380648,0.0,0.29090909090909095,0.02625565772299585
1181,108,98.18181818181819,110,0,107,3,0,0.0,3.1027069531565328,3.084930238598562,25.228944833774175,2.029072374546183,0.8085590735779262,1.6792903058716473,8.2,1.064675958454609,0.4723095514256086,0.03081281495023044,0.006345935979907839,0.0,0.03081281495023044,0.007021973173902518,0,0,0,3,0,0.6666666666666666,0.2727272727272727,0.5317894236180675,0.1621551885581418,0.9130566497204027,0.5558525064797079,0.0,0.29090909090909095,0.0263150576415013
1182,107,97.27272727272727,110,1,107,2,0,0.00909090909090909,3.1228165621799007,3.1046851371386763,25.679369885116078,2.0339172421260194,0.8109746341211732,1.662959895553578,8.2,1.064675958454609,0.4742039538020275,0.3202591731298286,0.00743894392605009,0.3333333333333333,0.09961522645821473,0.040310075871183716,0,1,0,2,0,0.3333333333333333,0.2636363636363636,0.5349267007151842,0.15527507836962218,0.9062133096938249,0.5533901367366786,0.00909090909090909,0.30909090909090914,0.02644139675678888
1183,107,97.27272727272727,110,1,107,2,0,0.00909090909090909,3.089977715980357,3.066059603179635,21.552741752390176,2.038428378011843,0.881383926381191,1.7117193905006791,8.2,1.064675958454609,0.4661520128513996,0.02359843251384783,0.007198270122762657,0.0,0.02359843251384783,-0.0009539419529274914,0,1,0,2,0,0.6666666666666666,0.2545454545454545,0.4996246176938373,0.170354789853316,0.9083306342730184,0.5490583920083643,0.00909090909090909,0.34545454545454546,0.02630121701540595
1184,108,98.18181818181819,110,0,107,3,0,0.0,3.0916977437637096,3.0679867106834204,21.749525452723432,2.0428570146746177,0.8932942240614895,1.726423544237819,8.2,1.064675958454609,0.4654750026922818,0.009854775720190495,0.005875551584369268,0.0,0.009854775720190495,0.007518762568512138,0,0,0,3,0,1.0,0.24545454545454545,0.50021903569996,0.16376937442247783,0.9083306342730184,0.5492947207677394,0.0,0.34545454545454546,0.02633339246924065
1185,108,98.18181818181819,110,0,106,4,0,0.0,3.0502420285642087,3.0271363782860097,17.96707814414046,2.046890561773169,0.9195700837842531,1.7317142126722735,8.2,1.064675958454609,0.45826522412863646,0.02777142733916356,0.00644069741043147,0.0,0.02777142733916356,0.009612459549408009,0,0,0,4,0,0.75,0.2545454545454545,0.46561157111515955,0.18670561598703114,0.919740026255513,0.5442818390778962,0.0,0.3090909090909091,0.026147585996358753
1186,108,98.18181818181819,110,0,107,3,0,0.0,3.009542680355225,2.986765211907271,16.351311402317286,2.050537306983424,0.9397189407425777,1.7296292494420025,8.2,1.064675958454609,0.4530342779983978,0.025371564489876295,0.00642522814049763,0.0,0.025371564489876295,0.008910487871356102,0,0,0,3,0,0.6666666666666666,0.2545454545454545,0.44928896460966444,0.19672896117891697,0.9157142480279004,0.5386770922772611,0.0,0.30909090909090914,0.025963502265073678
1187,109,99.0909090909091,110,0,106,4,0,0.0,3.0153401019457036,2.9918545685439515,17.27254355021568,2.0541885742993995,0.9647254555343503,1.7692560026412227,8.2,1.064675958454609,0.4490354082299355,0.032544581649727525,0.006510587604352868,0.0,0.032544581649727525,0.004616039968470875,0,0,0,4,0,0.75,0.24545454545454545,0.4503801184192394,0.17951620265450594,0.9063438433475246,0.532554350769722,0.0,0.34545454545454546,0.02601192645567212
1188,110,100.0,110,0,105,5,0,0.0,3.016212462068861,2.992681953729648,18.299461434046783,2.0578080146270077,0.9482126471137106,1.7560006209051646,8.2,1.064675958454609,0.44931474045241937,0.042945653024492776,0.006819061564651676,0.0,0.042945653024492776,0.0113875429969152,0,0,0,5,0,0.6,0.2545454545454545,0.4585246868739034,0.16540182864175287,0.9078541464856981,0.5361611684442484,0.0,0.34545454545454546,0.02603555591178723
1189,109,99.0909090909091,110,1,105,4,0,0.00909090909090909,3.016349807838045,2.9861088995039062,17.067806782745382,2.0613856117807465,0.9606993514158483,1.8106784480070088,8.2,1.064675958454609,0.44595846191944966,0.13121779989080853,0.008367062841253914,0.0,0.13121779989080853,0.01485951487468724,0,1,0,4,0,0.4,0.2545454545454545,0.44613288806928636,0.18435616827332757,0.9066012391186822,0.5292825538569566,0.00909090909090909,0.32727272727272727,0.02605528754902626
1190,109,99.0909090909091,110,0,106,4,0,0.0,3.0298746167003214,3.0000557075042034,16.33108546269663,2.0649912322475084,0.9315094067568114,1.7135512491719957,8.2,1.064675958454609,0.4475179168250536,0.05281760323601026,0.005859993364423596,0.0,0.05281760323601026,0.01641663232050447,0,0,0,4,0,0.75,0.24545454545454545,0.4410629627799686,0.19711986057051165,0.9070587851290757,0.5403678380820305,0.0,0.32727272727272727,0.026142105680469006
1191,109,99.0909090909091,110,0,107,3,0,0.0,3.0831155462555655,3.052109736651415,20.211357086691166,2.0690018299269974,0.8959822825192472,1.6865140044322213,8.2,1.064675958454609,0.45537373728481456,0.12139176330987726,0.006239109708312706,0.0,0.12139176330987726,0.016341380083871464,0,0,0,3,0,0.6666666666666666,0.24545454545454545,0.47590427528297935,0.16812326877377692,0.9117578462369386,0.5500117484854364,0.0,0.2909090909090909,0.026429660262887157
1192,108,98.18181818181819,110,1,106,3,0,0.00909090909090909,3.0939248771814927,3.070316126764788,20.812830749808064,2.073063127022435,0.8909023076948899,1.6854996953505024,8.2,1.064675958454609,0.4542284820036615,0.17247027946598578,0.011535872333096234,0.0,0.17247027946598578,0.014790460120598564,0,1,0,3,0,0.25,0.2545454545454545,0.47572282485532064,0.16349256229467016,0.9255552699624617,0.5484497529310108,0.00909090909090909,0.2727272727272727,0.026505326744405065
1193,108,98.18181818181819,110,0,106,4,0,0.0,3.1258513545500244,3.1015275582589283,23.824554158959646,2.0774086969115415,0.8778117656158679,1.7128359117079444,8.2,1.064675958454609,0.46091391027603446,0.055113197826897525,0.005076069382395717,0.0,0.055113197826897525,0.016014733114639718,0,0,1,3,0,0.5,0.2727272727272727,0.5012395974611245,0.14853751536336457,0.9173028787771225,0.5566097874159041,0.0,0.2727272727272727,0.026688092250181303
1194,108,98.18181818181819,110,1,106,3,0,0.00909090909090909,3.1720323755450983,3.14298834803957,26.13133410130472,2.0820967221089446,0.8661347063189075,1.7557401874444332,8.2,1.064675958454609,0.46713678768619227,0.0848764532907086,0.006251172181455782,0.0,0.0848764532907086,0.024329158848673177,0,1,0,3,0,0.25,0.2545454545454545,0.5201721475985714,0.14125967125368713,0.8890287990934889,0.5566638467246987,0.00909090909090909,0.2545454545454545,0.026943953493758194
1195,108,98.18181818181819,110,0,106,4,0,0.0,3.1952793140669375,3.165438221848017,28.15126967207055,2.0868904666590784,0.838193152800629,1.7281849909725968,8.2,1.064675958454609,0.46841373453592117,0.09223813713328281,0.00724369006696227,0.0,0.09223813713328281,0.015802874315533816,0,0,0,4,0,0.5,0.2636363636363636,0.5338899756076315,0.13768202897179355,0.9133013745225598,0.5573062063180582,0.0,0.2909090909090909,0.027085707109234892
1196,108,98.18181818181819,110,0,104,6,0,0.0,3.1829476110396095,3.1533118475898827,27.15143213593334,2.09152988809039,0.8434121001456159,1.7035048203119159,8.2,1.064675958454609,0.46783096968876015,0.09279548667932776,0.006842786641694655,0.0,0.09279548667932776,0.01575870430975812,0,0,0,6,0,0.5,0.2727272727272727,0.5283612384530185,0.13622349115991522,0.8857342575442881,0.558847452712845,0.0,0.21818181818181817,0.027048745996393536
1197,108,98.18181818181819,110,1,105,4,0,0.00909090909090909,3.207086863363642,3.1686675721631903,31.38663498816154,2.0963166680173426,0.8206374982815245,1.689104885097163,8.2,1.064675958454609,0.47631439964818956,0.12541656753127223,0.009063462264842717,0.0,0.12541656753127223,0.011863903377364848,0,1,0,4,0,0.6,0.2727272727272727,0.5651415512099892,0.1274256951495411,0.8951595078373554,0.5605459175917012,0.00909090909090909,0.2545454545454545,0.027194924105546893
1198,108,98.18181818181819,110,0,106,4,0,0.0,3.24419111831515,3.204662960696992,34.215015601305296,2.101293109313518,0.7781500900057087,1.624992601335189,8.2,1.064675958454609,0.48101587219348985,0.24245212652863726,0.011126308349382741,0.25,0.21410399233702848,0.01662062024038108,0,0,0,4,0,0.5,0.2727272727272727,0.5837571116189043,0.1253830542385528,0.8923506217521291,0.5649591766692466,0.0,0.2909090909090909,0.027406936867337924
1199,108,98.18181818181819,110,1,106,3,0,0.00909090909090909,3.2126017682650083,3.1714186433353686,30.658165255624045,2.1059552152187777,0.8057192622150422,1.6270984144369043,8.2,1.064675958454609,0.47660346235043427,0.1692902621018164,0.010092453614093388,0.0,0.1692902621018164,0.011205345308926251,0,1,0,3,0,0.25,0.2545454545454545,0.5602240180421629,0.13734179950072906,0.9097526456922955,0.5560962320026083,0.00909090909090909,0.2909090909090909,0.027273808277452714
1200,107,97.27272727272727,110,1,108,1,0,0.00909090909090909,3.237615171531362,3.208251286047307,32.97615383466013,2.110753253616926,0.7958540492737132,1.6569644990129668,8.2,1.064675958454609,0.4824697624239134,0.22439188919554195,0.010829793718997342,0.0,0.22439188919554195,-0.01635528806500741,0,1,0,1,0,0.5,0.2818181818181818,0.5761877371180544,0.13474754728381386,0.9077888622248169,0.559725994195544,0.00909090909090909,0.29090909090909095,0.027424417074435735
1201,107,97.27272727272727,110,0,107,3,0,0.0,3.2142593379635422,3.1857283827384046,29.32694104347052,2.115414718537513,0.8377528787662344,1.688392314971,8.2,1.064675958454609,0.4740056331324902,0.03885786308887681,0.009581347066698017,0.0,0.03885786308887681,-0.0072874552230097756,0,0,0,3,0,0.6666666666666666,0.2636363636363636,0.5460756406481753,0.1459237763956823,0.9030758979574648,0.5569679831075649,0.0,0.32727272727272727,0.02733245265475728
1202,108,98.18181818181819,110,0,105,5,0,0.0,3.204489648404522,3.1768734911134366,29.10520135365154,2.1199511332399554,0.8295204859101345,1.6677542497127604,8.2,1.064675958454609,0.4707029147879944,0.031003188348631444,0.007746176346969164,0.0,0.031003188348631444,0.0011854245996640866,0,0,0,5,0,0.8,0.2545454545454545,0.5416383640008742,0.1398462428651151,0.9060177595081901,0.5591385092829433,0.0,0.32727272727272727,0.027307753265318535
1203,108,98.18181818181819,110,0,108,2,0,0.0,3.178365330961561,3.150536587976414,25.166881051532435,2.1242149276849642,0.8781412762401951,1.7088716462986315,8.2,1.064675958454609,0.4684157116207035,0.004208789444187058,0.008161052268780002,0.0,0.004208789444187058,-0.007326352319379448,0,0,0,2,0,1.0,0.2727272727272727,0.5160351720077564,0.15837925710061587,0.9029964712335616,0.5611609825349543,0.0,0.2909090909090909,0.027199829475290694
1204,108,98.18181818181819,110,1,109,0,0,0.00909090909090909,3.182830880346548,3.1500792925988335,22.651901153661274,2.1284692873612054,0.931208826241177,1.7219122834809837,8.2,1.064675958454609,0.46524251813773754,0.28755138045308126,0.012286917982429209,0.0,0.28755138045308126,0.029157120600873387,0,1,0,0,0,0.0,0.2818181818181818,0.49495415000703546,0.1761659341525113,0.9102980437819246,0.5500273860731886,0.00909090909090909,0.2363636363636364,0.02724480479454519
1205,108,98.18181818181819,110,1,108,1,0,0.00909090909090909,3.187385362873891,3.1518365016360033,22.057634707249136,2.132675930937834,0.9361027919335786,1.7357041904649824,8.2,1.064675958454609,0.46424906394016374,0.029614779832627725,0.007057052972337861,0.0,0.029614779832627725,0.013929191533657903,0,1,0,1,0,0.5,0.2818181818181818,0.48975661899664497,0.1813734211607026,0.9018602102786453,0.5471878182434334,0.00909090909090909,0.29090909090909095,0.027289970768591024
1206,108,98.18181818181819,110,0,110,0,0,0.0,3.1712829847673127,3.13556048664741,20.964263142241983,2.136676689960701,0.9438710949366632,1.7455739690786618,8.2,1.064675958454609,0.46367089193792066,0.0,0.0,0.0,0.0,0.0,0,0,0,0,0,0.0,0.2636363636363636,0.48238448582897364,0.18568851220337973,0.9007943246155024,0.5493559274683361,0.0,0.29090909090909095,0.02723075643779422
1207,108,98.18181818181819,110,0,110,0,0,0.0,3.2167720901813435,3.1800147724136427,23.402546863445828,2.14101348913854,0.8889881849501972,1.7021593596210025,8.2,1.064675958454609,0.4695560026864187,0.0,0.0,0.0,0.0,0.0,0,0,0,0,0,0.0,0.2909090909090909,0.5027047486232907,0.170876335375041,0.9108881883194443,0.5604343805727,0.0,0.2545454545454546,0.027481288393970828
1208,108,98.18181818181819,110,0,107,3,0,0.0,3.2313597819929116,3.194023827963508,24.608726314521117,2.145423436295323,0.8572516602418153,1.6701863223579416,8.2,1.064675958454609,0.4720418216011204,0.06835541781449067,0.006157100415562191,0.0,0.06835541781449067,0.015521227667678161,0,0,0,3,0,0.3333333333333333,0.2727272727272727,0.5123460567231956,0.16847757436781463,0.9009176193000588,0.55996817683586,0.0,0.29090909090909095,0.027577702676608078
1209,109,99.0909090909091,110,0,109,1,0,0.0,3.19533674947749,3.1595273411316156,21.566121672252933,2.1494926111634993,0.9087991562492593,1.7193743052553965,8.2,1.064675958454609,0.46570387198839835,0.01006335216476762,0.0029439617461950625,0.0,0.01006335216476762,0.019291886153158355,0,0,0,1,0,1.0,0.2727272727272727,0.48635610444223043,0.18420868177379318,0.8983513039428277,0.5532541004093877,0.0,0.32727272727272727,0.027419249277295443
1210,110,100.0,110,0,110,0,0,0.0,3.1562475438174125,3.121463720267929,17.490890721986293,2.1531942591289437,0.9545707624448468,1.75255282921999,8.2,1.064675958454609,0.45834678148778063,0.0,0.0,0.0,0.0,0.0,0,0,0,0,0,0.0,0.2818181818181818,0.45192252121357357,0.22124530736587997,0.8999104484652856,0.544117555126068,0.0,0.2909090909090909,0.027243508526972417
1211,110,100.0,110,0,110,0,0,0.0,3.2329442961012638,3.1962972329133157,21.595127027568427,2.1574938840728355,0.874572434627472,1.7177392692949414,8.2,1.064675958454609,0.46921295424798215,0.0,0.0,0.0,0.0,0.0,0,0,0,0,0,0.0,0.2818181818181818,0.4883365642776368,0.19314641804346347,0.8922024602274194,0.5528609782667635,0.0,0.29090909090909095,0.027649880824932336
1212,109,99.0909090909091,110,1,106,3,0,0.00909090909090909,3.19715197366824,3.154124460663057,18.776593885307815,2.161451720782744,0.9141935268810368,1.7251130619819193,8.2,1.064675958454609,0.46541453831257495,0.1093304387184839,0.006901539316102205,0.0,0.1093304387184839,0.017763737247661754,0,1,0,3,0,0.5,0.3181818181818182,0.4673238437784175,0.20830861465518852,0.8973295340197823,0.5586323447421939,0.00909090909090909,0.2909090909090909,0.02749198828072986
1213,108,98.18181818181819,110,1,108,1,0,0.00909090909090909,3.1743403376792205,3.1281283646419245,16.90051830314325,2.165114880961141,0.9502145318975237,1.7544142731530779,8.2,1.064675958454609,0.46085824719851676,0.18105330466863823,0.006278822381913719,0.0,0.18105330466863823,0.029125879911463204,0,1,0,1,0,0.5,0.3181818181818182,0.4489326279353961,0.21895442680455904,0.8850448071919843,0.5522482439153348,0.00909090909090909,0.2909090909090909,0.0273974304936543
1214,107,97.27272727272727,110,1,109,0,0,0.00909090909090909,3.1960923325535915,3.162722271501622,16.78842347094793,2.1688914245325055,0.9565804489137754,1.703029649857298,8.2,1.064675958454609,0.4600580170244155,0.09194090788153574,0.003689843671149125,0.0,0.09194090788153574,0.01618449188657145,0,1,0,0,0,0.0,0.2909090909090909,0.44438178626918784,0.22744023460019935,0.8804028937586769,0.5494999681013254,0.00909090909090909,0.2909090909090909,0.027526294443758596
1215,107,97.27272727272727,110,0,110,0,0,0.0,3.2226827382437673,3.188986391561964,16.763810660647735,2.172961656114004,0.9341933463588148,1.6861400218089544,8.2,1.064675958454609,0.46129668100058474,0.0,0.0,0.0,0.0,0.0,0,0,0,0,0,0.0,0.2818181818181818,0.443119427333367,0.2340383147235692,0.8872925024506055,0.5480134597838894,0.0,0.2545454545454545,0.027680913860760294
1216,107,97.27272727272727,110,0,110,0,0,0.0,3.249014465625935,3.2153062025583,16.737976292648476,2.1772127294783914,0.915564402453122,1.691386475390795,8.2,1.064675958454609,0.46224887492603206,0.0,0.0,0.0,0.0,0.0,0,0,0,0,0,0.0,0.2818181818181818,0.4414313722258353,0.23308981185447666,0.8813404320240196,0.5499863417386983,0.0,0.2545454545454545,0.027835202575714584
1217,108,98.18181818181819,110,0,110,0,0,0.0,3.2760712329456996,3.2412018983244724,19.282490752599383,2.1816391068843695,0.878518619466577,1.6568019787959662,8.2,1.064675958454609,0.46901483006536604,0.0,0.0,0.0,0.0,0.0,0,0,0,0,0,0.0,0.2909090909090909,0.4662884988682666,0.20668819071742356,0.8813404320240196,0.5573565525358075,0.0,0.2545454545454545,0.027994049700349362
1218,109,99.0909090909091,110,0,110,0,0,0.0,3.295469516714561,3.260275561812229,18.846686488335127,2.186180815881917,0.8739666433257244,1.6231691745261576,8.2,1.064675958454609,0.4681943566604221,0.0,0.0,0.0,0.0,0.0,0,0,0,0,0,0.0,0.2727272727272727,0.4613019287278045,0.20854037873967196,0.8766409274203077,0.5583989962017424,0.0,0.2545454545454545,0.0281152183610936
1219,110,100.0,110,0,110,0,0,0.0,3.2739093697274075,3.239182247494721,17.496890306484985,2.19049451003856,0.878460658549215,1.639237083304119,8.2,1.064675958454609,0.4660858673928292,0.0,0.0,0.0,0.0,0.0,0,0,0,0,0,0.0,0.2818181818181818,0.450579447067547,0.21901455273241174,0.8813404320240196,0.5543507251665701,0.0,0.2545454545454545,0.028030381058461354
1220,110,100.0,110,0,110,0,0,0.0,3.2651075489847226,3.2304052538997223,16.801510095475933,2.1946875200980505,0.8924706494119611,1.6268199769959104,8.2,1.064675958454609,0.46460423280053664,0.0,0.0,0.0,0.0,0.0,0,0,0,0,0,0.0,0.2636363636363636,0.4445775749437977,0.22070594237253646,0.8831382821735686,0.5531266826215184,0.0,0.2909090909090909,0.02800869293976742
1221,110,100.0,110,0,110,0,0,0.0,3.2886082590669563,3.2536205047083864,18.11643527106769,2.199033621942747,0.8571878632896349,1.626958532273813,8.2,1.064675958454609,0.46985196526365947,0.0,0.0,0.0,0.0,0.0,0,0,0,0,0,0.0,0.2909090909090909,0.4589980980470646,0.21239012032815346,0.8831382821735686,0.5567870738822377,0.0,0.2909090909090909,0.028149332440913805
1222,110,100.0,110,0,110,0,0,0.0,3.2704233125775164,3.2359549572161375,17.065756440537946,2.20318298721631,0.8835570565136737,1.6039253740005102,8.2,1.064675958454609,0.4688522269521853,0.0,0.0,0.0,0.0,0.0,0,0,0,0,0,0.0,0.3,0.4507020495881183,0.22136764695887706,0.8858367489363852,0.5543003998721104,0.0,0.2545454545454545,0.028080496355714652
1223,110,100.0,110,0,110,0,0,0.0,3.2537820648449336,3.2193612887989898,15.784151851331027,2.207146840156765,0.8796592039854764,1.6021101275386957,8.2,1.064675958454609,0.46501792611824855,0.0,0.0,0.0,0.0,0.0,0,0,0,0,0,0.0,0.2727272727272727,0.43832316433083446,0.23624679319011369,0.8837346281069576,0.548680740459053,0.0,0.2181818181818182,0.0280183912116945
1224,110,100.0,110,0,110,0,0,0.0,3.2861001331151103,3.2512939853772926,17.523262757810244,2.2113404747026197,0.8530799732398056,1.5971088603119028,8.2,1.064675958454609,0.4689625949995546,0.0,0.0,0.0,0.0,0.0,0,0,0,0,0,0.0,0.2727272727272727,0.45378751006992396,0.21736384446418364,0.8756506862275728,0.5577234970514156,0.0,0.2181818181818182,0.02820230586244296
1225,110,100.0,110,0,110,0,0,0.0,3.271714798349072,3.236604162161647,18.485888456734532,2.215364341416786,0.860933332187602,1.6149826578876973,8.2,1.064675958454609,0.4712752599155632,0.0,0.0,0.0,0.0,0.0,0,0,0,0,0,0.0,0.2818181818181818,0.4653018628517162,0.20064308282593493,0.8826634446454804,0.5613152149278716,0.0,0.2,0.028151799759365763
1226,110,100.0,110,0,110,0,0,0.0,3.254510785225234,3.2206082506038607,17.097442993396566,2.219209123289693,0.8647252291992097,1.603620244182521,8.2,1.064675958454609,0.4664629918419756,0.0,0.0,0.0,0.0,0.0,0,0,0,0,0,0.0,0.2818181818181818,0.4497902081569817,0.20846910512776648,0.8730032624172861,0.558475111256714,0.0,0.23636363636363636,0.0280862469278745
1227,110,100.0,110,0,110,0,0,0.0,3.3160812010326626,3.2819364868315417,21.999719724050784,2.223535328283832,0.8429895538848206,1.6177443449429743,8.2,1.064675958454609,0.47468214158144906,0.0,0.0,0.0,0.0,0.0,0,0,0,0,0,0.0,0.2636363636363636,0.4887763335329988,0.17268263403616566,0.8708955843028339,0.5669201601661246,0.0,0.2545454545454545,0.02841712903915468
1228,110,100.0,110,0,110,0,0,0.0,3.3196871982175753,3.2850510491616927,21.287908891525284,2.2278420012105578,0.8244517474537553,1.6013470243410937,8.2,1.064675958454609,0.47388787609735905,0.0,0.0,0.0,0.0,0.0,0,0,0,0,0,0.0,0.2727272727272727,0.4830853269502466,0.18057926960722695,0.8741088313146932,0.5612859199196503,0.0,0.2909090909090909,0.0284580850807093
1229,110,100.0,110,0,110,0,0,0.0,3.3013177397843356,3.2670157472615133,18.902606744787015,2.23194920800733,0.8619059916212862,1.6065180111519928,8.2,1.064675958454609,0.469027907415571,0.0,0.0,0.0,0.0,0.0,0,0,0,0,0,0.0,0.2727272727272727,0.4624488009120439,0.20337242441109854,0.8736327799602303,0.555535576147475,0.0,0.2545454545454545,0.02838810201020773
1230,110,100.0,110,0,110,0,0,0.0,3.2646824707056448,3.2309800228498244,15.919112472761908,2.2357057554053616,0.8877446838437554,1.6309313594123167,8.2,1.064675958454609,0.46383333582209096,0.0,0.0,0.0,0.0,0.0,0,0,0,0,0,0.0,0.2909090909090909,0.43739909339061045,0.23104378188611535,0.8672043991308027,0.5530932606074315,0.0,0.2363636363636364,0.02822492319332167
1231,110,100.0,110,0,110,0,0,0.0,3.2562749590150073,3.2228851161158985,15.946988328988015,2.2393533601256927,0.8782304447128272,1.621467539458615,8.2,1.064675958454609,0.46401976013768054,0.0,0.0,0.0,0.0,0.0,0,0,0,0,0,0.0,0.2818181818181818,0.4381250565391903,0.2191255659069589,0.872074895357688,0.5610062320561002,0.0,0.2909090909090909,0.028202303220126894
1232,110,100.0,110,0,110,0,0,0.0,3.2897078506110042,3.2556226969795925,15.785774984401327,2.2432409689977755,0.831587052068908,1.6151405320258827,8.2,1.064675958454609,0.4681176596242602,0.0,0.0,0.0,0.0,0.0,0,0,0,0,0,0.0,0.2909090909090909,0.440570672319957,0.22817316924034262,0.8844612947950293,0.5715176105908252,0.0,0.2909090909090909,0.028390162896616784
1233,110,100.0,110,0,110,0,0,0.0,3.2893223891620873,3.2549208259961335,15.8754607167605,2.247081209311543,0.8438877713587629,1.6065481792122214,8.2,1.064675958454609,0.4671805211212383,0.0,0.0,0.0,0.0,0.0,0,0,0,0,0,0.0,0.2818181818181818,0.4401450276357986,0.2245716845435177,0.9051877628767122,0.5716973184611076,0.0,0.2909090909090909,0.02840867864705598
1234,110,100.0,110,0,109,1,0,0.0,3.2779080020026456,3.2439223716621233,15.783377222517478,2.250786885190665,0.8191855914401934,1.553186509362422,8.2,1.064675958454609,0.46797422968412317,0.0024127790009170202,0.007562953856051378,0.0,0.0024127790009170202,0.011401993393698184,0,0,0,1,0,1.0,0.2818181818181818,0.4422652694256099,0.21576053715404314,0.9051157823945034,0.5776018993340549,0.0,0.2545454545454545,0.028371333431350405
1235,110,100.0,110,0,109,1,0,0.0,3.2671417287523172,3.232509218098838,16.121080273539174,2.254355897147933,0.8314775620384285,1.5922115537008494,8.2,1.064675958454609,0.46731997468436415,0.00035086470344609304,0.0076389651418527025,0.0,0.00035086470344609304,0.007751598730135978,0,0,0,1,0,1.0,0.2818181818181818,0.44578192480994694,0.21077021305546528,0.9103008865085116,0.5740613744424554,0.0,0.2909090909090909,0.028336501271230465
1236,110,100.0,110,0,107,3,0,0.0,3.2698825567367193,3.235542456473139,15.312073653783129,2.2579127460207244,0.8182359856884107,1.592322733803218,8.2,1.064675958454609,0.4663392918966913,0.0015885376889027015,0.003535558017909071,0.0,0.0015885376889027015,0.02410182744741803,0,0,0,3,0,1.0,0.2818181818181818,0.43768705102377864,0.22258083958370836,0.8843763478167559,0.5714281797318955,0.0,0.3090909090909091,0.02836913986856606
1237,110,100.0,110,0,107,3,0,0.0,3.2934322791876927,3.2587351242574885,17.355408664855567,2.261629267385108,0.8158614729217517,1.6073976898043096,8.2,1.064675958454609,0.4686517412688671,0.020279733987703677,0.008497739952169526,0.0,0.020279733987703677,0.01813851764472396,0,0,0,3,0,0.6666666666666666,0.2909090909090909,0.45323300048700843,0.19524319518549976,0.8978168398823219,0.5815592574676025,0.0,0.2909090909090909,0.02850667293554964
1238,109,99.0909090909091,110,1,108,1,0,0.00909090909090909,3.303323181302134,3.2632209060814574,16.7367745271289,2.2653905117247124,0.8134152250487773,1.6030365046187012,8.2,1.064675958454609,0.46708494713748316,0.06738641095162895,0.010620897189260148,0.0,0.06738641095162895,0.026274241022590905,0,1,0,1,0,0.0,0.3090909090909091,0.44705442886658775,0.19307238032438284,0.8949982006397952,0.5792873361541383,0.00909090909090909,0.3090909090909091,0.028576149978233097
1239,109,99.0909090909091,110,0,109,1,0,0.0,3.3298010765073722,3.2893274718080505,17.244147651910534,2.269287986611015,0.7772741630879415,1.5726639332130592,8.2,1.064675958454609,0.46806715465196236,0.01247822920258753,0.0045156638418178685,0.0,0.01247822920258753,0.022772621594990827,0,0,0,1,0,1.0,0.3090909090909091,0.44933539632424824,0.19653410912532157,0.9099466014653728,0.5746848598504644,0.0,0.2727272727272727,0.028729287193309923
1240,109,99.0909090909091,110,0,109,1,0,0.0,3.3245292065879193,3.2842142413893667,16.836682846369786,2.2731004145512412,0.799965543980328,1.580283852513146,8.2,1.064675958454609,0.46684372058021695,0.015089951090158118,0.004315900655604964,0.0,0.015089951090158118,0.025143420802251626,0,0,0,1,0,1.0,0.3090909090909091,0.44448969836141294,0.20314139593157512,0.9171531316171851,0.5693991704069822,0.0,0.3090909090909091,0.028723222845569156
1241,109,99.0909090909091,110,0,109,1,0,0.0,3.34567971887437,3.304927618505508,18.110038283148285,2.2770486767648253,0.798041877896839,1.5827357356051444,8.2,1.064675958454609,0.4705499993229558,0.12216596053246823,0.007799084826393564,0.0,0.12216596053246823,0.028570902152014188,0,0,0,1,0,0.0,0.32727272727272727,0.45716137015135005,0.19124918320270398,0.9157690669838764,0.5743619198355452,0.0,0.2727272727272727,0.028849993506283797
1242,109,99.0909090909091,110,0,108,2,0,0.0,3.3322142166717192,3.291200890928153,17.104352600267468,2.2808379866451265,0.7846786799266571,1.53094903147719,8.2,1.064675958454609,0.4704439584993856,0.1598900423994153,0.008063845455630953,0.0,0.1598900423994153,0.02467040607191595,0,0,0,2,0,0.5,0.3,0.4508752225104347,0.20672580718635533,0.9095821271818127,0.5730223251977362,0.0,0.2727272727272727,0.028802837930914003
1243,110,100.0,110,0,108,2,0,0.0,3.3524786172587127,3.311318484561362,16.995082563423704,2.284758302400406,0.7797773926455223,1.5588276236182075,8.2,1.064675958454609,0.4693953419258403,0.05737503399154962,0.005078383667834076,0.0,0.05737503399154962,0.022458839494167326,0,0,0,2,0,0.5,0.2909090909090909,0.4474587089228465,0.21194644442224905,0.9150439062722839,0.5741631136091002,0.0,0.2727272727272727,0.028925029263519954
1244,109,99.0909090909091,110,1,107,2,0,0.00909090909090909,3.3554003827343344,3.303287229408655,16.506943717450437,2.288661214793158,0.7841218933706882,1.5185559978594683,8.2,1.064675958454609,0.4699152844012078,0.05937593208481585,0.00532014235397464,0.0,0.05937593208481585,0.020936762441412255,0,1,0,2,0,0.3333333333333333,0.2909090909090909,0.44520436217220416,0.21339978987026834,0.8907950109508467,0.5779987732768975,0.00909090909090909,0.32727272727272727,0.02896041477586065
1245,109,99.0909090909091,110,0,107,3,0,0.0,3.369712032477394,3.317102559342044,17.173855112672243,2.2925475038420586,0.7364677103572127,1.4957173136909039,8.2,1.064675958454609,0.47444533312425685,0.03888730032032384,0.004852037779747435,0.0,0.03888730032032384,0.019768814757078607,0,0,0,3,0,0.6666666666666666,0.3181818181818182,0.45491913609400514,0.2033835792923638,0.9069451843133636,0.587511257724751,0.0,0.2909090909090909,0.0290526612171658
1246,109,99.0909090909091,110,0,106,4,0,0.0,3.400497387943359,3.3473993662584305,17.952504792982662,2.296650466761313,0.6995683195583063,1.4645257461150372,8.2,1.064675958454609,0.4774387398556763,0.20541112608676865,0.007074699193827099,0.25,0.08345347043771328,0.02686559336585463,0,0,0,4,0,0.75,0.3090909090909091,0.46268942772416755,0.20080956202290257,0.8944978945925297,0.591204068843722,0.0,0.32727272727272727,0.029228429624388423
1247,109,99.0909090909091,110,0,109,1,0,0.0,3.3568655073487803,3.3042578527255397,17.479561659594175,2.3003422925626236,0.7648485823008209,1.5048555950915867,8.2,1.064675958454609,0.4740512892790336,0.0006595795077159058,0.005510964515177083,0.0,0.0006595795077159058,0.0017187382524023187,0,0,0,1,0,1.0,0.3090909090909091,0.4578169173914208,0.1936505966325627,0.9067516518274698,0.5901297714374851,0.0,0.2909090909090909,0.029029923212282822
1248,108,98.18181818181819,110,1,108,1,0,0.00909090909090909,3.356701095850453,3.3143505501367874,17.39143254704304,2.3039985823003573,0.7775062142977034,1.5950971626799562,8.2,1.064675958454609,0.4743189378016863,0.04111599988930738,0.0037994186672470737,0.0,0.04111599988930738,0.018505363702754907,0,1,0,1,0,0.5,0.3090909090909091,0.45616374092894185,0.19847726791257905,0.8991174190563749,0.582992714081505,0.00909090909090909,0.34545454545454546,0.029048564973695734
1249,109,99.0909090909091,110,0,108,2,0,0.0,3.3910617902967726,3.348479195120327,17.738081781109077,2.3079888256829113,0.766153174755429,1.5732652927891044,8.2,1.064675958454609,0.477369474800331,0.016469129688800252,0.004787824831838364,0.0,0.016469129688800252,0.012138663651431902,0,0,0,2,0,1.0,0.3090909090909091,0.45978606519943466,0.19793257418898427,0.8987364435518814,0.5879040010737584,0.0,0.34545454545454546,0.02924161002691627
1250,109,99.0909090909091,110,0,108,2,0,0.0,3.3910701275748574,3.3478898588072594,18.487618287816847,2.311931566285855,0.7820591245434567,1.6018201981431655,8.2,1.064675958454609,0.47410328324483464,0.011493484231992283,0.001385136833708224,0.0,0.011493484231992283,0.024769263337970998,0,0,0,2,0,1.0,0.32727272727272727,0.46048798802870655,0.17954259107405823,0.8708392789473369,0.5877505421475725,0.0,0.34545454545454546,0.029262640418958576
1251,109,99.0909090909091,110,0,108,2,0,0.0,3.3953888692853607,3.3513901040651586,17.24291828558113,2.3158621424932933,0.7397568890550261,1.5328362229973809,8.2,1.064675958454609,0.47251827176218897,0.07809582345326917,0.0047420206322724015,0.0,0.07809582345326917,0.013533680557681727,0,0,0,2,0,0.5,0.3090909090909091,0.45044171241797587,0.18839400631788955,0.8923571394805281,0.5896587607102898,0.0,0.34545454545454546,0.02930515807746576
1252,109,99.0909090909091,110,0,106,4,0,0.0,3.4146629866253586,3.3701467954930355,18.315545241272474,2.3199106291882092,0.7176945470314594,1.5310285513923076,8.2,1.064675958454609,0.47750158870041615,0.022360232723937716,0.005981475546951729,0.0,0.022360232723937716,0.01801286430874466,0,0,0,4,0,0.75,0.32727272727272727,0.4637762571453391,0.18111907245432624,0.9075376324702835,0.5962645207599454,0.0,0.3090909090909091,0.029423080296426755
1253,109,99.0909090909091,110,1,107,2,0,0.00909090909090909,3.371487460487951,3.331179421757923,16.43142542923135,2.3235514468990677,0.7679487418391712,1.579978944558939,8.2,1.064675958454609,0.47387351961662105,0.024275017065009022,0.008219017701164413,0.0,0.024275017065009022,-2.2244813972690145e-06,0,1,0,2,0,0.6666666666666666,0.32727272727272727,0.44827932343378446,0.20523721914425308,0.8819485505842275,0.5841819508943096,0.00909090909090909,0.32727272727272727,0.02922658412116905
1254,109,99.0909090909091,110,0,108,2,0,0.0,3.327178838768466,3.287654398814864,16.089733294761125,2.3268154460466146,0.7919260359060206,1.5834725805343748,8.2,1.064675958454609,0.471885635609806,0.011165337684759169,0.008567676895265788,0.0,0.011165337684759169,-0.01068235199477896,0,0,0,2,0,1.0,0.3181818181818182,0.4462012799884413,0.1998678240220857,0.8923615943347687,0.5845537212837246,0.0,0.29090909090909095,0.029022416519675673
1255,109,99.0909090909091,110,0,108,2,0,0.0,3.3882377702245954,3.348450164195406,18.60571586298675,2.3305625164981665,0.7348593284745552,1.580471550129001,8.2,1.064675958454609,0.47793270814261035,0.02558428847810484,0.004200003916268815,0.0,0.02558428847810484,0.015571397653788038,0,0,0,2,0,0.5,0.33636363636363636,0.4677386512683549,0.18226050302722094,0.8934002357394019,0.5948921054926968,0.0,0.27272727272727276,0.02934765825607833
1256,109,99.0909090909091,110,0,107,3,0,0.0,3.3700019995144026,3.331557446329195,17.148279516154343,2.3341258106267926,0.7650775665647626,1.6535838687082225,8.2,1.064675958454609,0.47562048267153223,0.024732716551888207,0.006061440290585446,0.0,0.024732716551888207,-0.006598368198065733,0,0,0,3,0,0.6666666666666666,0.3090909090909091,0.4553077806436196,0.202634876169157,0.8890647991817103,0.5857163178293131,0.0,0.27272727272727276,0.02927544817048562
1257,109,99.0909090909091,110,0,107,3,0,0.0,3.3929754602662894,3.354479256456112,17.490547496134866,2.337846401620833,0.742178444311772,1.5974129403814157,8.2,1.064675958454609,0.4758042637472337,0.027797551286228822,0.004783863555521537,0.0,0.027797551286228822,0.005376666219186643,0,0,0,3,0,1.0,0.3,0.4561150645012523,0.2006508586346866,0.8910894076848492,0.590144784190244,0.0,0.21818181818181817,0.02941012159315804
1258,110,100.0,110,0,107,3,0,0.0,3.34236027081809,3.3052087350746713,16.095986760162972,2.3411077232604454,0.7861703212350861,1.6508807413555853,8.2,1.064675958454609,0.46998872047652696,0.079159779363228,0.005310522251356154,0.0,0.079159779363228,0.016188616758259666,0,0,0,3,0,0.6666666666666666,0.3181818181818182,0.4421716548302881,0.20875221949562467,0.890563832978664,0.5856524602996149,0.0,0.21818181818181817,0.02917440689962946
1259,109,99.0909090909091,110,1,107,2,0,0.00909090909090909,3.362118977112851,3.328478356738276,16.893143704936577,2.34449769362823,0.8112057963063494,1.6328491096107756,8.2,1.064675958454609,0.471912098618573,0.11891300421478346,0.0071427733384076325,0.0,0.11891300421478346,0.00960284224483691,0,1,0,2,0,0.3333333333333333,0.32727272727272727,0.44858943664435647,0.20488781725008576,0.8660527296726959,0.5840637452106265,0.00909090909090909,0.2545454545454545,0.029291246530855537
1260,109,99.0909090909091,110,0,108,2,0,0.0,3.3604650908110307,3.326588421890687,17.07963359373839,2.347870300069332,0.8186648988406463,1.6620680269268473,8.2,1.064675958454609,0.47059978920091683,0.012020271216708654,0.005091241728454744,0.0,0.012020271216708654,-0.0038261735390811014,0,0,0,2,0,1.0,0.32727272727272727,0.4477104018989865,0.20358018953060894,0.8901398192398355,0.5822395087678126,0.0,0.23636363636363636,0.02930093076432229
1261,109,99.0909090909091,110,0,108,2,0,0.0,3.332192188078535,3.2997168905769025,15.546190371151823,2.3509781233936273,0.8480299869381723,1.6820619066825313,8.2,1.064675958454609,0.46588434337715334,0.014834922338601954,0.0026178078983398532,0.0,0.014834922338601954,0.00938006231758548,0,0,0,2,0,1.0,0.3090909090909091,0.43240851979769657,0.21423856330181268,0.8955622560756877,0.5774627049055405,0.0,0.23636363636363636,0.02917611037454232
1262,108,98.18181818181819,110,1,107,2,0,0.00909090909090909,3.3335155874844857,3.318721088908675,16.21492050873903,2.3540668627984336,0.8299926215635971,1.6412876271972856,8.2,1.064675958454609,0.4684874403949668,0.09731997374686803,0.008743256226591894,0.0,0.09731997374686803,-0.01598746155556426,0,1,0,2,0,0.6666666666666666,0.32727272727272727,0.4396034496219856,0.2126157824103772,0.8955220925899188,0.5795636852805311,0.00909090909090909,0.23636363636363636,0.029199169904503216
1263,108,98.18181818181819,110,0,108,2,0,0.0,3.354040752588941,3.339290041523146,15.994085426355328,2.3574457734684047,0.845994302738554,1.6418131503006486,8.2,1.064675958454609,0.46553301468370756,0.009257032113538935,0.005809211283782525,0.0,0.009257032113538935,-0.01521235816291061,0,0,0,2,0,1.0,0.3181818181818182,0.4319612906518861,0.21657926228304156,0.8938924285231721,0.5795572612746445,0.0,0.23636363636363636,0.02931978295480591
1264,109,99.0909090909091,110,0,107,3,0,0.0,3.351649811785057,3.3369529645282805,15.617318923707693,2.360768803851299,0.8210891369172492,1.6099566770973721,8.2,1.064675958454609,0.46648953565316686,0.04634084850070445,0.007224089984426869,0.0,0.04634084850070445,0.009435971526793652,0,0,0,3,0,0.6666666666666666,0.33636363636363636,0.4309075213602028,0.2177638443318453,0.8744794126946152,0.5832149906749916,0.0,0.23636363636363636,0.0293255180035759
1265,108,98.18181818181819,110,1,106,3,0,0.00909090909090909,3.3864232811924984,3.374718172353041,17.030806147477403,2.364360318134184,0.7992945138094709,1.5773151337795719,8.2,1.064675958454609,0.46694791275057757,0.06064692714554154,0.007306784597506683,0.0,0.06064692714554154,0.0021192576524330653,0,1,0,3,0,0.5,0.3181818181818182,0.4393753165470092,0.20216518580609033,0.874797376266182,0.5906201509596481,0.00909090909090909,0.2545454545454545,0.029518504345170275
1266,107,97.27272727272727,110,1,105,4,0,0.00909090909090909,3.337613323817417,3.32537748482767,16.286486657135463,2.367520548384659,0.820616146931511,1.5975999328817405,8.2,1.064675958454609,0.4646026641639349,0.09715767907529528,0.007695004706006968,0.0,0.09715767907529528,0.015534301782219928,0,1,0,4,0,0.6,0.32727272727272727,0.4351892603334587,0.19724241143406676,0.872180716334165,0.5947499446193883,0.00909090909090909,0.21818181818181817,0.029291277664149178
1267,108,98.18181818181819,110,1,107,2,0,0.00909090909090909,3.374546446822377,3.3579378280282737,17.527110899630987,2.370954404971011,0.80026569217312,1.6092847554323932,8.2,1.064675958454609,0.46502423458005326,0.23973024177289656,0.00783369682854085,0.3333333333333333,0.13116167871635012,0.0400420583956471,0,1,0,2,0,0.6666666666666666,0.3181818181818182,0.4434617665923027,0.18404987701636308,0.8709687253422156,0.5952154970482867,0.00909090909090909,0.2181818181818182,0.029494223001935327
1268,108,98.18181818181819,110,0,107,3,0,0.0,3.391703618040973,3.37495886880534,16.230921612186766,2.374457323982485,0.8037659449019177,1.5447258691969048,8.2,1.064675958454609,0.4620565338295841,0.0024289723371719095,0.0036836303163119903,0.0,0.0024289723371719095,0.0026001632699729584,0,0,0,3,0,1.0,0.32727272727272727,0.42825451138310505,0.20148483199242084,0.869115712704482,0.5953135441759224,0.0,0.2181818181818182,0.02959865622630796
1269,108,98.18181818181819,110,0,106,4,0,0.0,3.387654649944664,3.3707544345840907,16.401251763735342,2.3778871373771264,0.7895814735004898,1.5323049578773216,8.2,1.064675958454609,0.4634715974276242,0.0335051180569474,0.008379647192619816,0.0,0.0335051180569474,-0.006105653000172184,0,0,0,4,0,0.75,0.3181818181818182,0.43179454355550473,0.19421754998406518,0.8705150806905309,0.6010730913184075,0.0,0.2181818181818182,0.02959666958514271
1270,108,98.18181818181819,110,0,105,5,0,0.0,3.3771489191713404,3.3607800656842612,15.434381904798622,2.3811954786069878,0.8120866278094631,1.5531739901117017,8.2,1.064675958454609,0.4611383948858172,0.2151799033942184,0.01136168689614179,0.2,0.08898978836254687,0.024095069390958603,0,0,0,5,0,0.4,0.3181818181818182,0.4222856273438163,0.19967716881475592,0.8643053283807807,0.5986723368308028,0.0,0.2181818181818182,0.029561752488125086
1271,109,99.0909090909091,110,0,106,4,0,0.0,3.3510701946938455,3.3345459739885928,15.06933915461517,2.3842451502693893,0.8776839899633673,1.6220960693450537,8.2,1.064675958454609,0.45587045657096126,0.22110998550452138,0.012495858583911553,0.25,0.1416399397440296,0.022493137549231657,0,0,0,4,0,0.25,0.2818181818181818,0.4147120973692414,0.20113110036337725,0.8611445104398925,0.588253003246017,0.0,0.2181818181818182,0.029447593426238303
1272,110,100.0,110,0,105,5,0,0.0,3.339027198137955,3.3224568602770836,14.572107269681444,2.3871593849009676,0.9081016949826967,1.660031314065029,8.2,1.064675958454609,0.4551324525496643,0.12688110527473917,0.006702495453377709,0.0,0.12688110527473917,0.012123840352082981,0,0,0,5,0,0.6,0.3090909090909091,0.41031996651454433,0.20651986851836832,0.8709687253422156,0.5860964787658743,0.0,0.2181818181818182,0.02940289202120654
1273,110,100.0,110,0,106,4,0,0.0,3.3588087301008898,3.341852292141586,15.234035215236553,2.3902077911771307,0.9184217356773793,1.651743502697719,8.2,1.064675958454609,0.4563142453210114,0.014988797662582922,0.00800894634805966,0.0,0.014988797662582922,0.003914971457574717,0,0,0,4,0,1.0,0.2818181818181818,0.4154432128386685,0.20440192491568757,0.8709687253422156,0.5879789308398194,0.0,0.2181818181818182,0.029518027505390378
1274,110,100.0,110,0,107,3,0,0.0,3.3791549070037448,3.3621340870363845,16.48478581788213,2.3933964901199065,0.9123403249315312,1.657457064570058,8.2,1.064675958454609,0.4582963738925223,0.13762936921265895,0.010022313602915769,0.0,0.13762936921265895,-0.0026768479915427377,0,0,0,3,0,0.3333333333333333,0.2909090909090909,0.4260614057916522,0.2072295366722054,0.8634727784617946,0.5853771068759311,0.0,0.2181818181818182,0.029636733045420267
1275,110,100.0,110,0,107,3,0,0.0,3.33517419113206,3.317927060013219,14.598707285933429,2.3961747104807194,0.9656632190064525,1.6875008175870878,8.2,1.064675958454609,0.450040928445516,0.02882545454727944,0.007879303483999383,0.0,0.02882545454727944,-0.0028403940014096185,0,0,0,3,0,0.6666666666666666,0.2818181818181818,0.40475270277563835,0.2223974469710777,0.8663148646031742,0.5763692417584027,0.0,0.2545454545454546,0.02943161898818908
1276,109,99.0909090909091,110,1,106,3,0,0.00909090909090909,3.3274946257897184,3.298849157539861,13.820058058569149,2.398858483487058,1.0127823609389812,1.7560171026625053,8.2,1.064675958454609,0.4445196240583904,0.264570986441271,0.012469305766734766,0.25,0.014991399085209581,0.017951035976040947,0,1,0,3,0,0.75,0.2636363636363636,0.3935741576297437,0.2255818678283374,0.8654817032411641,0.5663455509060015,0.00909090909090909,0.21818181818181817,0.02940750790446636
1277,108,98.18181818181819,110,1,105,4,0,0.00909090909090909,3.3149531048269134,3.277795175789498,12.589095245149863,2.401306463733528,1.0788628386149115,1.8012443690455346,8.2,1.064675958454609,0.43950134372167526,0.14587390459937985,0.009464798652385812,0.2,0.14081923439268057,-0.008462130838102988,0,1,0,4,0,0.6,0.2636363636363636,0.3786609057705034,0.24343164448177854,0.8711220746704873,0.5532591956596777,0.00909090909090909,0.23636363636363636,0.02935783182822828
1278,107,97.27272727272727,110,1,105,4,0,0.00909090909090909,3.2843782606481,3.2553786411865646,11.96862010834597,2.4034019929725683,1.1263543338818214,1.860248697726162,8.2,1.064675958454609,0.43616182148855365,0.12117236012399031,0.008790563944233975,0.2,0.08620361119307238,-0.00909736819769511,0,1,0,4,0,0.8,0.2636363636363636,0.3708704686528188,0.24943911155634668,0.8696148483754178,0.5412126969456666,0.00909090909090909,0.2545454545454545,0.029216112905339434
1279,107,97.27272727272727,110,0,106,4,0,0.0,3.2753326867651955,3.2471476575721425,11.862922175736868,2.4054708301249246,1.1406564978396485,1.9128930412920817,8.2,1.064675958454609,0.4340314337584421,0.05158764756621104,0.00992346945598287,0.0,0.05158764756621104,-0.01746245046288858,0,0,0,4,0,0.75,0.2636363636363636,0.36871731988280876,0.23963890946963975,0.8704000380194373,0.5412910931387244,0.0,0.2909090909090909,0.029181898241815267
1280,107,97.27272727272727,110,0,107,3,0,0.0,3.241775075992971,3.2139227624797133,10.556222579097707,2.4072346508892837,1.1878628831672635,1.8825571069378588,8.2,1.064675958454609,0.42851793793636617,0.10882174876543389,0.012540406777840324,0.0,0.10882174876543389,0.0007214009804081082,0,0,1,2,0,0.6666666666666666,0.2727272727272727,0.35232419581425595,0.26341552306330734,0.8643341244414777,0.5356700377986845,0.0,0.2909090909090909,0.029023499675768328
1281,108,98.18181818181819,110,0,106,4,0,0.0,3.2565187915320415,3.227936805178735,11.68003309650132,2.4090990559927534,1.1848793441348122,1.878838652659109,8.2,1.064675958454609,0.4313449369261577,0.2165567985344671,0.013558084039956456,0.25,0.12651386884526342,-0.003020874805896384,0,0,0,4,0,0.5,0.2727272727272727,0.36447480433956003,0.2497025611460951,0.8670403489501858,0.5419139310200737,0.0,0.2545454545454545,0.0291071431899161
1282,108,98.18181818181819,110,1,107,2,0,0.00909090909090909,3.2977345320484734,3.26154499078302,12.348084139195244,2.4112896357868947,1.1659373818975134,1.8581463404616578,8.2,1.064675958454609,0.4343466465623165,0.30651667051381876,0.01731746050591208,0.3333333333333333,0.027520610433763346,-0.004358762804125467,0,1,0,2,0,0.6666666666666666,0.2727272727272727,0.3704286036518358,0.23961451530895794,0.857122122446405,0.5455741668617928,0.00909090909090909,0.2363636363636364,0.029324883180707754
1283,109,99.0909090909091,110,0,107,3,0,0.0,3.295393986905493,3.2583205347712716,12.592554011357388,2.413369659052443,1.145042144714129,1.837887996431719,8.2,1.064675958454609,0.436954818369355,0.07911955234002867,0.010447269633864742,0.0,0.07911955234002867,-0.03046578374404089,0,0,0,3,0,0.6666666666666666,0.2818181818181818,0.3758668907830386,0.239231415118796,0.8614533649151568,0.5465255302818898,0.0,0.29090909090909095,0.029324253208812132
1284,109,99.0909090909091,110,0,108,2,0,0.0,3.2738663234324554,3.237331345792765,12.454938784817775,2.4152487633312103,1.1575626353874515,1.8672947099044122,8.2,1.064675958454609,0.43360552191987156,0.002773600842145363,0.007419536211310564,0.0,0.002773600842145363,0.003389214573315924,0,0,0,2,0,1.0,0.2818181818181818,0.3724667938296594,0.23113155385886122,0.8610808840288223,0.5423482642156128,0.0,0.2909090909090909,0.029226618077192103
1285,109,99.0909090909091,110,0,109,1,0,0.0,3.243427662158551,3.2070614069990757,11.234546388998922,2.416850039829707,1.1764462228483956,1.875450409945279,8.2,1.064675958454609,0.42756313038130633,0.0005319490905961564,0.004558539905292466,0.0,0.0005319490905961564,0.02420115522817745,0,0,0,1,0,1.0,0.2818181818181818,0.3565221497257976,0.23884481010063666,0.8705498289830833,0.5366515669368032,0.0,0.2909090909090909,0.029082948973776522
1286,109,99.0909090909091,110,0,108,2,0,0.0,3.2766009118514874,3.239391270018497,12.04822484479078,2.4187096345454706,1.173346124041446,1.8736504032300392,8.2,1.064675958454609,0.42847911785666115,0.5876975031632732,0.02736208255509648,0.5,0.3335184621632836,0.034997472637768645,0,0,0,2,0,0.0,0.2545454545454545,0.3617937250175135,0.23205086518922496,0.8663111518617206,0.5360440787888398,0.0,0.2909090909090909,0.029258714551172918
1287,110,100.0,110,0,107,3,0,0.0,3.290103730192536,3.254802830686916,12.562698126278008,2.4206806971483785,1.1551422163569078,1.8841974123005478,8.2,1.064675958454609,0.4270716482871726,0.1937737371638979,0.014458540038670495,0.0,0.1937737371638979,0.00522222700160994,0,0,0,3,0,0.0,0.2636363636363636,0.3637779715353673,0.21758725602191292,0.8565107049089475,0.5393697993604303,0.0,0.2545454545454546,0.029336721357707787
1288,109,99.0909090909091,110,1,107,2,0,0.00909090909090909,3.2806615082303243,3.231834613335766,11.695053063635973,2.4225592240898774,1.188464566764343,1.9388909276080817,8.2,1.064675958454609,0.42407747225742454,0.1525224617786425,0.01917949852851339,0.0,0.1525224617786425,-0.010450255147377149,0,1,0,2,0,0.0,0.2818181818181818,0.35562781507663155,0.22785450988434883,0.8623151014747708,0.5284557346792336,0.00909090909090909,0.32727272727272727,0.029299510360256346
1289,108,98.18181818181819,110,1,109,0,0,0.00909090909090909,3.292631959501285,3.2339025160121513,11.53547638244956,2.424389926288667,1.1993909981673574,1.9607942921553452,8.2,1.064675958454609,0.42348346056982744,0.5631612885283986,0.023026521030465222,1.0,0.43683871147160136,0.03417123110832554,0,1,0,0,0,0.0,0.2818181818181818,0.3541918707433445,0.24587949121402403,0.8836974499275628,0.5153664204333278,0.00909090909090909,0.2909090909090909,0.029369108139701852
1290,108,98.18181818181819,110,0,109,1,0,0.0,3.288901739654353,3.2300816204306773,11.94226335988967,2.4260899515652254,1.2128325455195972,1.948478893948271,8.2,1.064675958454609,0.42071057848263704,0.09487805954296977,0.007650573640710518,0.0,0.09487805954296977,0.02463684441236924,0,0,0,1,0,0.0,0.2636363636363636,0.35488825303986254,0.2330451494680396,0.8868554940121842,0.5149012396402102,0.0,0.32727272727272727,0.029359506920670776
1291,108,98.18181818181819,110,0,108,2,0,0.0,3.300031681189917,3.2398394410907563,11.361871282541328,2.427854988417886,1.241859157412666,1.9723817822607943,8.2,1.064675958454609,0.4222968454206737,0.036862462610382216,0.005760463355420891,0.0,0.036862462610382216,0.03862505672957722,0,0,0,2,0,0.5,0.23636363636363636,0.35070164013944105,0.2569959220012077,0.850464480653703,0.5126921150293087,0.0,0.2909090909090909,0.029424552589862672
1292,108,98.18181818181819,110,0,109,1,0,0.0,3.311160537833431,3.2510514604078184,11.392914557228869,2.4296967306868194,1.2110964295708224,1.9575290300037318,8.2,1.064675958454609,0.4245166432884626,0.3044554338254303,0.018521043737144804,0.0,0.3044554338254303,0.0005773280636178768,0,0,0,1,0,0.0,0.24545454545454545,0.3529390078239799,0.26292513158166897,0.8697495184889636,0.5141865292955355,0.0,0.2909090909090909,0.029490001166657252
1293,109,99.0909090909091,110,0,110,0,0,0.0,3.3069140076286057,3.2476637651187006,10.199283907394086,2.431490009986767,1.1906013087568192,1.9279925328253886,8.2,1.064675958454609,0.42463510351798806,0.0,0.0,0.0,0.0,0.0,0,0,0,0,0,0.0,0.2636363636363636,0.3432085388023426,0.2869700522182379,0.8697495184889636,0.5155455274965927,0.0,0.2909090909090909,0.02947831482242037
1294,110,100.0,110,0,109,1,0,0.0,3.2987684969778006,3.24113665938411,10.227669041570698,2.4332086026527104,1.1881277879654393,1.89447035869875,8.2,1.064675958454609,0.4237731200363488,0.2089883196546783,0.008382102705521827,0.0,0.2089883196546783,0.03109554834386563,0,0,0,1,0,0.0,0.2545454545454545,0.34264190914510845,0.2789065493002177,0.8727499363236391,0.5229660520860032,0.0,0.2909090909090909,0.029446735990635374
1295,110,100.0,110,0,109,1,0,0.0,3.2810200554174704,3.2245076241903887,9.435033764009706,2.4347672616038496,1.1975416000949284,1.9034498945551797,8.2,1.064675958454609,0.4213480301048347,0.039262333859509946,0.015412382053594681,0.0,0.039262333859509946,-0.015048459622827748,0,0,0,1,0,1.0,0.2818181818181818,0.3333649947240509,0.29291416734642706,0.876128822560317,0.5230474413177509,0.0,0.2545454545454545,0.029366291116397263
1296,109,99.0909090909091,110,1,108,1,0,0.00909090909090909,3.3233207629826835,3.274194275020874,10.134456858261252,2.4366622934782045,1.181524518620467,1.8985124821535209,8.2,1.064675958454609,0.4257059985994516,0.19855113134321423,0.013498141596743585,0.0,0.19855113134321423,0.0026867486221279213,0,1,0,1,0,0.0,0.2636363636363636,0.34276881608317245,0.29642442967986776,0.879176641884039,0.5228376810549157,0.00909090909090909,0.2545454545454545,0.029587882628608987
1297,108,98.18181818181819,110,1,106,3,0,0.00909090909090909,3.3463689661174545,3.3099493980811863,10.679758264092433,2.4388032189650573,1.1564415126830911,1.8869945263677979,8.2,1.064675958454609,0.4270443933933785,0.07789259898438822,0.010025887928563754,0.0,0.07789259898438822,0.008037940366387886,0,1,0,3,0,0.5,0.2818181818181818,0.34726348572514826,0.2917519298164018,0.8711288951094895,0.5286545857765663,0.00909090909090909,0.2545454545454546,0.029714520603756314
1298,107,97.27272727272727,110,1,105,2,2,0.00909090909090909,3.369314384131044,3.32387716143003,11.72346125139033,2.4412189771597608,1.1378188676152206,1.9061723846600394,8.2,1.064675958454609,0.43055935712283677,0.5667569885963911,0.02176221712199245,0.6,0.06018264723682772,0.05756315624248516,0,3,0,2,0,0.6,0.2727272727272727,0.35978685343418665,0.2777473938059811,0.8630219573338945,0.5320804773136738,0.00909090909090909,0.29090909090909095,0.029842107692180965
1299,107,97.27272727272727,110,0,106,4,0,0.0,3.3506952145708824,3.3071302674251184,10.157253775768629,2.4433960823143503,1.1188878997482745,1.8706326236658677,8.2,1.064675958454609,0.4282183175990788,0.06687206022454875,0.01108720416079854,0.0,0.06687206022454875,-0.017024324665640522,0,0,0,4,0,0.25,0.2727272727272727,0.3450118381451957,0.3071432982521703,0.8853877413761215,0.5303532659535247,0.0,0.2545454545454545,0.02976060140196575
1300,107,97.27272727272727,110,0,106,4,0,0.0,3.3897239467493128,3.3464228205727022,10.628632636338958,2.445884679047228,1.0706216642270239,1.8449631165137734,8.2,1.064675958454609,0.4292301638138394,0.03563038956303418,0.007907887794876322,0.0,0.03563038956303418,-0.0006109582554107151,0,0,0,4,0,0.75,0.2727272727272727,0.3484147961045865,0.3048689144228352,0.8950176727411929,0.538961104098341,0.0,0.23636363636363636,0.029968992808416823
1301,108,98.18181818181819,110,0,105,5,0,0.0,3.3848546804071686,3.341409600162611,10.460899155471392,2.4483040806470284,1.077752861458207,1.8239186068624935,8.2,1.064675958454609,0.4310511199570233,0.0275136264684644,0.009004716746282202,0.0,0.0275136264684644,-0.006153975124049693,0,0,0,5,0,0.8,0.2727272727272727,0.3495130837345752,0.31188781861957454,0.9052857039699664,0.5391270205483122,0.0,0.2545454545454545,0.029957525870291872
1302,109,99.0909090909091,110,0,106,4,0,0.0,3.389896953452465,3.3459699537308794,11.013878103020327,2.4507365658501064,1.0897554345439417,1.8638578587587837,8.2,1.064675958454609,0.43160702707517085,0.08787980307756298,0.009329252981522953,0.0,0.08787980307756298,0.01033535913372699,0,0,0,4,0,0.25,0.2909090909090909,0.3552720481995862,0.2984479951349117,0.894613111848344,0.5414995110409886,0.0,0.2545454545454545,0.02999568627809342
1303,110,100.0,110,0,106,4,0,0.0,3.4069407942232814,3.3612630149096616,10.63526803004037,2.45327341020458,1.0648841480207523,1.80695204995777,8.2,1.064675958454609,0.4315311005179301,0.06207458154277109,0.011388547456664254,0.0,0.06207458154277109,-0.022379250556152752,0,0,0,4,0,0.5,0.2818181818181818,0.3520597720384415,0.32161701650631613,0.894613111848344,0.538248375718036,0.0,0.2545454545454545,0.030094410067920248
1304,109,99.0909090909091,110,1,106,3,0,0.00909090909090909,3.381786452705541,3.33135189893789,10.335163379933395,2.45557964956955,1.0951857054662413,1.8360446227074416,8.2,1.064675958454609,0.43074033955673663,0.12047330644506762,0.013663767558353981,0.0,0.12047330644506762,-0.020418717839401357,0,1,0,3,0,0.25,0.2727272727272727,0.3494273215567234,0.31821071839806164,0.898844745686957,0.5335460762998012,0.00909090909090909,0.2909090909090909,0.029980915348363172
1305,109,99.0909090909091,110,0,107,3,0,0.0,3.3793801341288714,3.3295322168458736,10.175657740400332,2.4577946666332853,1.0953962575727718,1.806950596171549,8.2,1.064675958454609,0.42905760184891695,0.09444511622346881,0.012498643926361514,0.0,0.09444511622346881,-0.019241646367696024,0,0,0,3,0,0.3333333333333333,0.2727272727272727,0.3456690409869608,0.3191295189885641,0.9177577528184132,0.5339422827266475,0.0,0.2545454545454545,0.029980675132556457
1306,109,99.0909090909091,110,0,107,3,0,0.0,3.401813936724578,3.3513487223383205,10.72308106400762,2.4601719210140307,1.0787273264534836,1.7857070794978493,8.2,1.064675958454609,0.4296285120343628,0.07243018404620728,0.01345348685924439,0.0,0.07243018404620728,-0.05216981387681563,0,0,0,3,0,0.3333333333333333,0.2727272727272727,0.3499130202825303,0.3100712448909169,0.9180758957558811,0.5384136183232803,0.0,0.2545454545454545,0.03010549917346654
1307,109,99.0909090909091,110,0,107,3,0,0.0,3.398464049378964,3.3475349967495185,10.665446777709695,2.4624913822833405,1.0773728485495857,1.7748672621625767,8.2,1.064675958454609,0.4281587859559435,0.032277819896706736,0.012351376245925546,0.0,0.032277819896706736,-0.02277014295242504,0,0,0,3,0,0.6666666666666666,0.2727272727272727,0.3474684987087339,0.3027038910358591,0.9194180997812301,0.5372444081455282,0.0,0.2909090909090909,0.030101097109988477
1308,108,98.18181818181819,110,1,106,3,0,0.00909090909090909,3.4051303886977005,3.352351365490229,10.477354784683483,2.4648468894604743,1.1015085731844747,1.8185162733693034,8.2,1.064675958454609,0.42632704059541293,0.09483359021797899,0.012610991435317624,0.0,0.09483359021797899,-0.027319054116886066,0,1,0,3,0,0.5,0.2636363636363636,0.34436045504388363,0.3191751558293855,0.9292358035498949,0.5313880220521134,0.00909090909090909,0.23636363636363636,0.030146968065889464
1309,108,98.18181818181819,110,1,108,1,0,0.00909090909090909,3.4228185956092436,3.3621944839495663,10.918334641012446,2.467298897141204,1.1335562618855644,1.8603929648592603,8.2,1.064675958454609,0.4284185940578067,0.3727487025136939,0.019606449168050735,0.5,0.13043210469957683,0.027012639509947756,0,1,0,1,0,0.5,0.2727272727272727,0.35016452811804566,0.3120051477459972,0.9247384328121485,0.5244769966085053,0.00909090909090909,0.27272727272727276,0.030248462068585273
1310,108,98.18181818181819,110,0,110,0,0,0.0,3.4571692947762958,3.3963015557171006,11.23756143754753,2.4699578438723973,1.0889770048365115,1.8056480782153266,8.2,1.064675958454609,0.4316835337584788,0.0,0.0,0.0,0.0,0.0,0,0,0,0,0,0.0,0.2636363636363636,0.35556249830737485,0.3157376070291335,0.9284917587540938,0.5279205286008471,0.0,0.27272727272727276,0.0304343701477181
1311,108,98.18181818181819,110,0,109,1,0,0.0,3.4959683526490513,3.4343843221527535,11.108888380266345,2.4729128478838405,1.0943942594653502,1.8209744921935833,8.2,1.064675958454609,0.42900829322336786,0.0023442066979792947,0.004198171292345102,0.0,0.0023442066979792947,0.014105946307243378,0,0,0,1,0,1.0,0.2636363636363636,0.34942992565089065,0.32285347748236043,0.9284917587540938,0.523430190032095,0.0,0.27272727272727276,0.030644096045722484
1312,108,98.18181818181819,110,0,108,2,0,0.0,3.482033180916618,3.420171890335171,10.819809816642154,2.4757153376022627,1.09748367703516,1.8425596968691518,8.2,1.064675958454609,0.42901931789682113,0.0010438059097834422,0.002761726445427707,0.0,0.0010438059097834422,-0.006165031484825223,0,0,0,2,0,1.0,0.2636363636363636,0.34752565638158905,0.3309553418783375,0.9313793832223736,0.5251374925150225,0.0,0.27272727272727276,0.030589338904195417
1313,109,99.0909090909091,110,0,108,2,0,0.0,3.531899809204782,3.4665747982189052,12.283780132621615,2.4788832223698245,1.0687649593676058,1.8111348961371114,8.2,1.064675958454609,0.43697779773426726,0.043714773878775634,0.006166246868431318,0.0,0.043714773878775634,0.0166987626372595,0,0,0,2,0,0.5,0.2727272727272727,0.3660700963534024,0.32905973641737263,0.9284917587540938,0.5284167421853663,0.0,0.27272727272727276,0.030855535899392123
1314,109,99.0909090909091,110,1,107,2,0,0.00909090909090909,3.491735053854986,3.432119733801744,10.903090363822255,2.481686458813954,1.0970462325009829,1.8150015837470066,8.2,1.064675958454609,0.43346507910694543,0.15495059828500193,0.009563495478127985,0.0,0.15495059828500193,0.03743737897740077,0,1,0,2,0,0.3333333333333333,0.2727272727272727,0.3526917616393998,0.3531881328090652,0.9232750523774623,0.5260209290923656,0.00909090909090909,0.27272727272727276,0.030669634814882787
1315,109,99.0909090909091,110,0,107,3,0,0.0,3.494110522254019,3.4344313270481415,11.708881807414249,2.484516991441711,1.1175492706078354,1.859205696183264,8.2,1.064675958454609,0.4349374930388856,0.03986877145725356,0.015869074984464174,0.0,0.03986877145725356,-0.010882597982343997,0,0,0,3,0,0.6666666666666666,0.2818181818181818,0.36185206678685156,0.33544622543728075,0.9272287320673872,0.5315871852864044,0.0,0.27272727272727276,0.030696580157069928
1316,108,98.18181818181819,110,1,108,1,0,0.00909090909090909,3.4970289864408772,3.434132642190556,11.907920837800326,2.4873482370531788,1.121731169407532,1.9063284867253094,8.2,1.064675958454609,0.4345872624163625,0.07233591539681491,0.019722386658346986,0.0,0.07233591539681491,-0.02815434991174459,0,1,0,1,0,0.5,0.2909090909090909,0.36237756585408776,0.33501944740377315,0.9206764405331251,0.5234380000879068,0.00909090909090909,0.2727272727272727,0.030726244273679267
1317,108,98.18181818181819,110,0,109,1,0,0.0,3.567616600333678,3.5030161448027717,13.224072294439587,2.490702654941828,1.0424123671272751,1.8323164877213527,8.2,1.064675958454609,0.4426398694214668,0.010252220724785197,0.008039042009825432,0.0,0.010252220724785197,0.014655381666360157,0,0,0,1,0,1.0,0.2727272727272727,0.37844415078688,0.32089755921533836,0.9124052235925756,0.5357495337623249,0.0,0.2727272727272727,0.03109703918354654
1318,108,98.18181818181819,110,0,110,0,0,0.0,3.527168283921195,3.464861742764447,12.161538446350383,2.4936963825531957,1.0485609436340575,1.8223634920709533,8.2,1.064675958454609,0.44020129239487527,0.0,0.0,0.0,0.0,0.0,0,0,0,0,0,0.0,0.2727272727272727,0.36907416824619876,0.33491186894800384,0.923678228102655,0.5302019862208132,0.0,0.2727272727272727,0.03091073435055405
1319,109,99.0909090909091,110,0,110,0,0,0.0,3.534495024721289,3.471731925031895,11.543657887213719,2.4967167528095455,1.0307695301267932,1.8302853040258626,8.2,1.064675958454609,0.43968709508767834,0.0,0.0,0.0,0.0,0.0,0,0,0,0,0,0.0,0.2545454545454545,0.3630671488576648,0.3451589741462955,0.9144105178223253,0.531077682733013,0.0,0.2727272727272727,0.030963446632542357
1320,109,99.0909090909091,110,0,109,1,0,0.0,3.5564812360411446,3.4930282978910903,12.284194123295917,2.499886355799404,1.0082213418000603,1.8742927583053588,8.2,1.064675958454609,0.44440004390048404,0.004432452399020787,0.008285995719210522,0.0,0.004432452399020787,-0.004375071375249062,0,0,0,1,0,1.0,0.2636363636363636,0.37265246440228145,0.33453833225647317,0.9115460829861798,0.5385840642771259,0.0,0.3090909090909091,0.031090250689647374
1321,110,100.0,110,0,108,2,0,0.0,3.519774621124359,3.4572421935678954,11.667245026791246,2.502717407948894,1.043570505924534,1.8743748679918895,8.2,1.064675958454609,0.44039938211245166,0.04739822353741018,0.012395922445101227,0.0,0.04739822353741018,0.015396500616638775,0,0,0,2,0,0.5,0.2545454545454545,0.36492397418271627,0.33673451802463,0.9115460829861798,0.5348890546649693,0.0,0.3090909090909091,0.030921788380866913
1322,110,100.0,110,0,109,1,0,0.0,3.517446429946542,3.4550203121447463,11.334351088756245,2.5054993938969057,1.0568429139488968,1.8930804735929143,8.2,1.064675958454609,0.4368220072817197,0.0014909427165739689,0.010207605096228242,0.0,0.0014909427165739689,0.01180543452773497,0,0,0,1,0,1.0,0.23636363636363636,0.35918182762803813,0.3528178196322066,0.9288752736037879,0.5275313209274285,0.0,0.2727272727272727,0.03092495699275586
1323,110,100.0,110,0,109,1,0,0.0,3.498920363954991,3.4378644808880843,11.220650887894406,2.5081056375006723,1.0344538903327247,1.8903388954445817,8.2,1.064675958454609,0.4366781187023143,0.007995684846442846,0.009404755432195154,0.0,0.007995684846442846,0.023403618339116417,0,0,0,1,0,1.0,0.24545454545454545,0.35947013639289704,0.34764320373295654,0.9213612727974536,0.5275956384681693,0.0,0.2727272727272727,0.03084620068733214
1324,110,100.0,110,0,107,3,0,0.0,3.472227244239492,3.411561164909423,10.888958937705057,2.51046009699017,1.0648865927833828,1.9314627182050257,8.2,1.064675958454609,0.4319060062883875,0.02124930602615178,0.010874371239787123,0.0,0.02124930602615178,-0.02044749127903393,0,0,0,3,0,0.6666666666666666,0.2636363636363636,0.35318035509695866,0.3426128246257746,0.9159705535867879,0.5257779208065888,0.0,0.2727272727272727,0.03072526877082276
1325,110,100.0,110,0,107,3,0,0.0,3.4960276301270836,3.4367009886295596,11.17793795671474,2.513003615242848,1.0210178280718472,1.8861689571518256,8.2,1.064675958454609,0.43277820534692024,0.0351608337784432,0.01042243455320984,0.0,0.0351608337784432,-0.012788855171583124,0,0,0,3,0,0.6666666666666666,0.2545454545454545,0.355387533535204,0.3331086509273981,0.9161336622445955,0.5319066891225073,0.0,0.3090909090909091,0.030857810813928306
1326,110,100.0,110,0,107,3,0,0.0,3.4723487398908404,3.4147771220389562,10.220384634387198,2.515333318758787,1.0478226268182467,1.9094704057014296,8.2,1.064675958454609,0.4271118265379972,0.009793135505400744,0.007722686353362901,0.0,0.009793135505400744,-0.02284554873179497,0,0,0,3,0,1.0,0.2636363636363636,0.34155461420156,0.3320294284222771,0.8931104506821138,0.5328160201723153,0.0,0.2727272727272727,0.03075181825936582
1327,109,99.0909090909091,110,1,107,2,0,0.00909090909090909,3.497770719786467,3.447465759984871,11.5770171918874,2.5178431626093563,1.0337125710807549,1.8539298771923058,8.2,1.064675958454609,0.43325898601406343,0.023350456552364687,0.009287922880224219,0.0,0.023350456552364687,-0.027041820119375764,0,1,0,2,0,0.6666666666666666,0.2727272727272727,0.35879268135560355,0.3123058936965221,0.9183140331365054,0.5471203079436147,0.00909090909090909,0.30909090909090914,0.03089228901087984
1328,109,99.0909090909091,110,0,107,3,0,0.0,3.5345818714236503,3.4823971778364546,13.659331843149925,2.520697288209722,0.9754902854171177,1.8482553797407753,8.2,1.064675958454609,0.44042420663146764,0.17543773899747842,0.015750648095691863,0.0,0.17543773899747842,-0.022751868981085794,0,0,0,3,0,0.3333333333333333,0.2636363636363636,0.3830588550042865,0.29094749926356767,0.8961032134399307,0.5586136194273355,0.0,0.30909090909090914,0.03109153836361135
1329,109,99.0909090909091,110,0,107,3,0,0.0,3.5517838787123894,3.498047033324621,14.309367549776923,2.52365432282013,0.9502254357824866,1.8231457373053792,8.2,1.064675958454609,0.44669792106526063,0.128468170623436,0.014141317497185314,0.0,0.128468170623436,-0.014874399796181992,0,0,0,3,0,0.6666666666666666,0.2545454545454545,0.3939859502487686,0.29609081076687965,0.8942257651814014,0.5594362430441668,0.0,0.30909090909090914,0.031193289818345144
1330,108,98.18181818181819,110,1,107,2,0,0.00909090909090909,3.5741912187565776,3.5165826290491125,15.518403436771022,2.5267583973445276,0.9137915540790621,1.8588554103725305,8.2,1.064675958454609,0.45184817340124384,0.09140237110493037,0.012924262080243797,0.0,0.09140237110493037,-0.0065342042241955944,0,1,0,2,0,0.6666666666666666,0.2636363636363636,0.4093539369338137,0.28874237232436467,0.8896423033250804,0.5609347982043419,0.00909090909090909,0.4,0.03132185068616297
1331,108,98.18181818181819,110,0,107,3,0,0.0,3.563206455303417,3.5057356933259904,15.56663746200204,2.5297163882348106,0.8767262179320771,1.8106299985667602,8.2,1.064675958454609,0.4521501948103748,0.016946921129241056,0.008505921405895006,0.0,0.016946921129241056,-0.0038882140994068357,0,0,0,3,0,1.0,0.2545454545454545,0.41246185627221094,0.28862100158540727,0.8734782301139901,0.5628488513232762,0.0,0.4,0.03128267337782823
1332,109,99.0909090909091,110,0,107,3,0,0.0,3.5644395202698704,3.5075628877095513,15.306142500628022,2.5326584490666844,0.8939951089016626,1.8340810434649568,8.2,1.064675958454609,0.45241503545384787,0.009209214410394483,0.006931185798628697,0.0,0.009209214410394483,-0.011359049192561884,0,0,0,3,0,1.0,0.2545454545454545,0.40872187289182216,0.2878567642107346,0.8884504447996613,0.5650655865075492,0.0,0.4,0.031304500409840536
1333,109,99.0909090909091,110,0,108,2,0,0.0,3.58625742381173,3.5299779160907114,15.183350850384624,2.5357601044188014,0.871417436175819,1.7400169539876287,8.2,1.064675958454609,0.45571244590020155,0.003124952671832544,0.007836733035461304,0.0,0.003124952671832544,-0.04118925373094562,0,0,0,2,0,1.0,0.2818181818181818,0.40873555525268074,0.29237220409402387,0.8884504447996613,0.5697899473136421,0.0,0.4,0.031430101216973885
1334,109,99.0909090909091,110,0,108,2,0,0.0,3.5894697725755123,3.5340383638386847,14.742402283909877,2.538863321680853,0.8636962917427885,1.7328479357713984,8.2,1.064675958454609,0.4548860117461102,0.3510523382055326,0.018154818882982975,0.5,0.15915984192766497,-0.024341888242228382,0,0,0,2,0,0.5,0.2727272727272727,0.40390524363687996,0.2892332760558333,0.8876650593635533,0.5753635862232948,0.0,0.4,0.03146268256485664
1335,110,100.0,110,0,108,2,0,0.0,3.5914100766249186,3.535893678326054,13.90541439925139,2.5419493022046185,0.8667046262041422,1.7094804243356871,8.2,1.064675958454609,0.44883496430687564,0.23573985890377416,0.012144378327378703,0.0,0.23573985890377416,-0.025490330814291307,0,0,0,2,0,0.5,0.2636363636363636,0.3898383217464756,0.3002458382513171,0.9004337009844591,0.5657907064306908,0.0,0.4,0.03148881193146323
1336,109,99.0909090909091,110,1,106,3,0,0.00909090909090909,3.565467347402824,3.503495006219682,12.743154878164614,2.544793751933725,0.935010617155205,1.7653942437934014,8.2,1.064675958454609,0.4437716691429452,0.15279333638864004,0.012017126491755672,0.25,0.10495705900350488,-0.017020449308510766,0,1,0,3,0,0.75,0.2727272727272727,0.3760859527486639,0.30276123120222276,0.9087950246034365,0.5557020488587231,0.00909090909090909,0.34545454545454546,0.031374240371560815
1337,109,99.0909090909091,110,0,110,0,0,0.0,3.540313452570805,3.4791634732242507,12.543441602782952,2.547333398308434,0.9566505261007123,1.7824736778834733,8.2,1.064675958454609,0.4427226684289034,0.0,0.0,0.0,0.0,0.0,0,0,0,0,0,0.0,0.2909090909090909,0.37376482142411405,0.298341948251917,0.9087950246034365,0.5546456470749809,0.0,0.34545454545454546,0.03126199039959136
1338,109,99.0909090909091,110,0,109,1,0,0.0,3.52107065831433,3.4605416748128413,11.595776687575581,2.549687396230187,0.9617789333042476,1.776381066940577,8.2,1.064675958454609,0.4382182246619366,0.015831252330789896,0.004584186449146554,0.0,0.015831252330789896,0.01913502641467213,0,0,0,1,0,1.0,0.2909090909090909,0.3616050124681886,0.298597750125487,0.9100720906578383,0.5548739536488442,0.0,0.34545454545454546,0.031178307653276706
1339,109,99.0909090909091,110,0,110,0,0,0.0,3.5602011212385487,3.4975491901813065,12.634296288703004,2.552331539797164,0.9652104706129266,1.7485158079379868,8.2,1.064675958454609,0.4418692883376687,0.0,0.0,0.0,0.0,0.0,0,0,0,0,0,0.0,0.2727272727272727,0.37277683088182195,0.2922748636456445,0.8918280005776759,0.5556214592885445,0.0,0.3090909090909091,0.031388035748330115
1340,109,99.0909090909091,110,0,109,1,0,0.0,3.5716327298079085,3.5089669650033435,11.911926188954544,2.5550447816460937,0.9518332383845742,1.7297164348984777,8.2,1.064675958454609,0.4394157130403875,0.0013149524986757993,0.006621230784481957,0.0,0.0013149524986757993,0.025287864497848034,0,0,0,1,0,1.0,0.2636363636363636,0.3636731991852201,0.31446924402516635,0.8952430504924145,0.548634364024089,0.0,0.3090909090909091,0.03145963740800706
1341,110,100.0,110,0,109,1,0,0.0,3.571428811317172,3.50929980143506,11.562037547502968,2.557731971164938,0.9779709906508496,1.7430523811889032,8.2,1.064675958454609,0.43874926477496623,0.029989189438121185,0.010369369484245241,0.0,0.029989189438121185,0.019710191514983766,0,0,0,1,0,1.0,0.2727272727272727,0.359776623746865,0.32599489943478477,0.8971811283069371,0.5410938474113497,0.0,0.3090909090909091,0.031472922745935994
1342,109,99.0909090909091,110,1,107,2,0,0.00909090909090909,3.617422737338411,3.5598769758807247,12.876283533118043,2.560769129180432,1.003678677656512,1.763207095651605,8.2,1.064675958454609,0.4423611446991371,0.09488326291179729,0.00649932350053507,0.0,0.09488326291179729,0.02315101263787071,0,1,0,2,0,0.6666666666666666,0.24545454545454545,0.37197262840073964,0.30562616894637146,0.9096546804181761,0.5469992981340556,0.00909090909090909,0.36363636363636365,0.03171906032164781
1343,108,98.18181818181819,110,1,108,1,0,0.00909090909090909,3.56456653037158,3.515118421728933,11.452242542972721,2.5633956744256965,1.0374079449941311,1.814344344951362,8.2,1.064675958454609,0.4349907877072541,0.08011473512075001,0.007500805811552662,0.0,0.08011473512075001,0.03067165182223963,0,1,0,1,0,0.5,0.2818181818181818,0.35475137187465655,0.32207397305502056,0.9044607901440397,0.5386276553851604,0.00909090909090909,0.38181818181818183,0.03146876138469579
1344,108,98.18181818181819,110,0,109,1,0,0.0,3.5674674924772423,3.516310767238323,12.00027586962094,2.56605366925069,1.0230209071277099,1.8245208011641925,8.2,1.064675958454609,0.43794159583068293,0.17927826873532307,0.013878877411638037,0.0,0.17927826873532307,0.02167419443291907,0,0,0,1,0,0.0,0.2727272727272727,0.3631766406618331,0.32076792394376885,0.910888563308841,0.5442478151716245,0.0,0.34545454545454546,0.031497415711163435
1345,108,98.18181818181819,110,0,109,1,0,0.0,3.5730867523851875,3.5234466899792207,11.815172718687016,2.568744144606874,0.9932899132933234,1.8057033066098738,8.2,1.064675958454609,0.4369739224121738,0.22641586049116563,0.009597288450534838,0.0,0.22641586049116563,0.04860254594123825,0,0,1,0,0,0.0,0.2636363636363636,0.3608268000341737,0.3182730316661619,0.9047113143646213,0.5426747519156719,0.0,0.34545454545454546,0.03153983443284589
1346,108,98.18181818181819,110,0,109,1,0,0.0,3.5732088782427676,3.5230376274914876,12.023810227372472,2.5714024909668036,0.9946163348185545,1.81085344428074,8.2,1.064675958454609,0.43806312179965445,0.01981541285358411,0.002534968859918315,0.0,0.01981541285358411,0.03190210152910178,0,0,0,1,0,1.0,0.2636363636363636,0.3638058892840754,0.3113728849782323,0.9110414828703715,0.5451323943730427,0.0,0.34545454545454546,0.03155459644942709
1347,109,99.0909090909091,110,0,109,1,0,0.0,3.601732733118441,3.5502839593502906,12.254311668428624,2.5742646026680354,0.9962128483721918,1.8012436205377065,8.2,1.064675958454609,0.4419102370397605,0.18336133577483044,0.018470324231390993,0.0,0.18336133577483044,-0.008837056351086892,0,0,0,1,0,0.0,0.2636363636363636,0.3679413234409595,0.3084288724021617,0.913561163001922,0.5519147183553716,0.0,0.34545454545454546,0.03171245183139903
1348,109,99.0909090909091,110,1,109,0,0,0.00909090909090909,3.6193243326201014,3.5764001781251884,12.262362973011387,2.5772442092911763,0.9831121804400581,1.7792537624364,8.2,1.064675958454609,0.4424264323454101,0.6577582192199163,0.02195098410727779,1.0,0.3422417807800837,0.006476567942869771,1,0,0,0,0,0.0,0.2727272727272727,0.3665841599631403,0.3251193000470714,0.9054974807573122,0.546454982268469,0.00909090909090909,0.38181818181818183,0.03181627140659388
1349,108,98.18181818181819,110,1,103,0,6,0.00909090909090909,3.6491602271626555,3.6067780511547434,12.675825665375907,2.5805193239968034,0.9600851192116606,1.7511914880620216,8.2,1.064675958454609,0.4453088592782968,0.9867832966364775,0.01413396486572195,1.0,0.01321670336352243,0.11927324038188845,1,6,0,0,0,0.8571428571428571,0.2727272727272727,0.3709681406130166,0.3218467733756734,0.9008575511379235,0.5595055536248285,0.00909090909090909,0.38181818181818183,0.03198288555874796
1350,107,97.27272727272727,110,1,105,2,2,0.00909090909090909,3.6476390787391892,3.6021394434449667,12.716423592668104,2.5837532693492458,0.9856800615801786,1.784931016339211,8.2,1.064675958454609,0.44485543879194345,0.6363790214893739,0.01920352728305735,0.6,0.22386563940929388,0.03451034811519482,0,3,0,2,0,0.4,0.2818181818181818,0.3711646609456798,0.3121011389230239,0.9008575511379235,0.5634343330573046,0.00909090909090909,0.38181818181818183,0.03199249533596914
1351,106,96.36363636363636,110,1,108,1,0,0.00909090909090909,3.646511501182877,3.5956412627648864,12.463556531833046,2.5869134505554676,1.034192491264385,1.8431212495343159,8.2,1.064675958454609,0.44252095702558303,0.20165272451858937,0.02059879458579767,0.0,0.20165272451858937,-0.056978704010554604,0,1,0,1,0,0.5,0.2818181818181818,0.36707778147223286,0.31533944626083693,0.9008575511379235,0.5505525467204504,0.00909090909090909,0.38181818181818183,0.0320036802929607
1352,106,96.36363636363636,110,0,109,1,0,0.0,3.630838829531654,3.580547867539141,12.507871953599636,2.5898681908426937,1.00943786820175,1.8388019479085376,8.2,1.064675958454609,0.4448170821320576,0.24164831721329877,0.00702677142396288,0.0,0.24164831721329877,0.01860832382083788,0,0,0,1,0,0.0,0.2727272727272727,0.3703954054913625,0.3094614604002957,0.9006777973937901,0.5519434201631912,0.0,0.38181818181818183,0.031941046139441015
1353,107,97.27272727272727,110,0,109,1,0,0.0,3.6701797870620463,3.6182138886278064,12.779369930656134,2.593112289577277,0.9759821404153685,1.8030544981767707,8.2,1.064675958454609,0.4483661667121732,0.20509036059355978,0.005940863680919627,0.0,0.20509036059355978,0.019421827029804217,0,0,1,0,0,0.0,0.2727272727272727,0.3737950990237783,0.3241862608000814,0.8970197400856407,0.5537095845783572,0.0,0.38181818181818183,0.0321550204967408
1354,108,98.18181818181819,110,0,109,1,0,0.0,3.652897571453988,3.602192414766078,12.437264225390924,2.596185387748248,0.9986181485881139,1.8121119775445707,8.2,1.064675958454609,0.4478331738092176,0.1415837037911501,0.00572308379037849,0.0,0.1415837037911501,0.01837343355707366,0,0,0,1,0,0.0,0.2727272727272727,0.37136819176249525,0.33041521133791757,0.8788517224961311,0.5528678933499616,0.0,0.4181818181818182,0.03208496868740353
1355,109,99.0909090909091,110,0,109,1,0,0.0,3.692735908772053,3.642409522810291,13.035537285342103,2.599568312886239,0.9713901557281264,1.7855444136561593,8.2,1.064675958454609,0.4494537133404817,0.18426213247304224,0.006162342228431624,0.0,0.18426213247304224,0.016516867860869255,0,0,0,1,0,0.0,0.2818181818181818,0.37459067501278737,0.31423028432391187,0.8965678846202428,0.5576794941764217,0.0,0.38181818181818183,0.032302168969312206
1356,110,100.0,110,0,109,1,0,0.0,3.698823444936336,3.649137340444544,13.063201204752945,2.6029725243990973,0.9639890978245724,1.778105978559372,8.2,1.064675958454609,0.44899315376797566,0.1564956588156805,0.006016947878227947,0.0,0.1564956588156805,0.011245502543495767,0,0,0,1,0,0.0,0.2727272727272727,0.37384506812479956,0.315576530012268,0.8965678846202428,0.5565502051617388,0.0,0.38181818181818183,0.03235072856090979
1357,110,100.0,110,0,108,2,0,0.0,3.6749458308542664,3.624726632403545,12.596963052898289,2.6061325761385628,0.9774027357096079,1.7911078579384105,8.2,1.064675958454609,0.4488604510005756,0.08842807799672357,0.005692709260576647,0.0,0.08842807799672357,0.018161143544573988,0,0,0,2,0,0.5,0.2727272727272727,0.37125927996782826,0.31420437412441804,0.9062932425551153,0.5632164141984447,0.0,0.38181818181818183,0.032248162646071846
1358,110,100.0,110,0,108,2,0,0.0,3.716453861952099,3.6658867235923367,12.56656452370175,2.609609560843175,0.9563313432981474,1.7536677023533989,8.2,1.064675958454609,0.44833009835638604,0.10710652083796708,0.006408847797410182,0.0,0.10710652083796708,0.01265916467123307,0,0,0,2,0,0.5,0.2818181818181818,0.3683936481536938,0.3264849857841931,0.9062932425551153,0.5603658765908341,0.0,0.38181818181818183,0.03247421211167559
1359,110,100.0,110,0,110,0,0,0.0,3.726581568700869,3.6769285533121474,12.72458432907624,2.6131435746926788,0.9379988771419681,1.7388938628586266,8.2,1.064675958454609,0.4492270271662273,0.0,0.0,0.0,0.0,0.0,0,0,0,0,0,0.0,0.2636363636363636,0.3693400802987312,0.3228063275769409,0.9066432077583976,0.5651217644505417,0.0,0.38181818181818183,0.032543663543331505
1360,109,99.0909090909091,110,1,108,1,0,0.00909090909090909,3.7804748535772283,3.741338755189872,13.04979083707771,2.617082424267641,0.9271076673847778,1.7374422195822017,8.2,1.064675958454609,0.4538004826208397,0.22612252892127715,0.007429730222300307,0.0,0.22612252892127715,0.026200955083941713,0,1,0,1,0,0.5,0.3,0.373977469017592,0.3338442355501428,0.9132561432286614,0.5660773479222088,0.00909090909090909,0.36363636363636365,0.032834097959945456
1361,109,99.0909090909091,110,0,110,0,0,0.0,3.769597703226392,3.7301725779231294,12.181464099657173,2.6209903774003336,0.9716842276574166,1.7684193113723647,8.2,1.064675958454609,0.4488011795264035,0.0,0.0,0.0,0.0,0.0,0,0,0,0,0,0.0,0.2909090909090909,0.3628111945994393,0.3588411278647429,0.9132561432286614,0.5542744144018702,0.0,0.36363636363636365,0.032800515726927
1362,109,99.0909090909091,110,0,110,0,0,0.0,3.6982013856466747,3.659897501417001,10.998408591067859,2.6242581620200776,1.0199704150450897,1.789953010740411,8.2,1.064675958454609,0.4420901081181894,0.0,0.0,0.0,0.0,0.0,0,0,0,0,0,0.0,0.3,0.3496782705118071,0.3727919848611576,0.9005984408666445,0.547462390878099,0.0,0.36363636363636365,0.032460929797638656
1363,109,99.0909090909091,110,0,110,0,0,0.0,3.6736085029126992,3.635671752315232,10.601113125747647,2.627284814741448,1.0609302255440396,1.8420686891849267,8.2,1.064675958454609,0.43957298685486923,0.0,0.0,0.0,0.0,0.0,0,0,0,0,0,0.0,0.2818181818181818,0.3446121057441288,0.3870246419374476,0.9005984408666445,0.538475515743722,0.0,0.36363636363636365,0.03235407740590395
1364,109,99.0909090909091,110,0,109,1,0,0.0,3.6759021660050726,3.6377947567033226,10.500044104240418,2.6302973259128004,1.0498855611133389,1.8199417510753972,8.2,1.064675958454609,0.43808092233345786,0.02426942913942349,0.005181649611136469,0.0,0.02426942913942349,0.02261945994494119,0,0,0,1,0,1.0,0.2636363636363636,0.3426401559810448,0.3868405629287601,0.903956157021306,0.5423429842252067,0.0,0.36363636363636365,0.032381582462459396
1365,109,99.0909090909091,110,1,109,0,0,0.00909090909090909,3.663606080979366,3.6265528284148867,10.476360896122591,2.6331704594706675,1.0588096168745826,1.8470674093422095,8.2,1.064675958454609,0.4387516699168601,0.02250317649366918,0.00503947890537155,0.0,0.02250317649366918,0.01685829223157642,0,1,0,0,0,1.0,0.2727272727272727,0.3435433930319275,0.38898297839160195,0.9062092973225677,0.5403964366358732,0.00909090909090909,0.34545454545454546,0.032335396818453314
1366,109,99.0909090909091,110,0,110,0,0,0.0,3.645539897218472,3.608984553174727,10.453961696060261,2.6358749193491486,1.0310466017221405,1.8396671378801703,8.2,1.064675958454609,0.4393867437787107,0.0,0.0,0.0,0.0,0.0,0,0,0,0,0,0.0,0.2727272727272727,0.34543256140672085,0.3923023991430097,0.9252710010249814,0.5402146113179318,0.0,0.3090909090909091,0.03225946276671496
1367,109,99.0909090909091,110,0,110,0,0,0.0,3.61822455897079,3.582026442016286,10.228972588321547,2.6383209722708103,1.0499734463225963,1.8629361128276702,8.2,1.064675958454609,0.4386524479385816,0.0,0.0,0.0,0.0,0.0,0,0,0,0,0,0.0,0.2727272727272727,0.3440848280844085,0.3981116809815762,0.9178740720926064,0.5326962839782552,0.0,0.34545454545454546,0.03213590734417056
1368,109,99.0909090909091,110,0,110,0,0,0.0,3.586020667972358,3.5504262117020837,10.001680265596795,2.6404718306111077,1.0510960044233306,1.8738786593797487,8.2,1.064675958454609,0.4374120193791933,0.0,0.0,0.0,0.0,0.0,0,0,0,0,0,0.0,0.2727272727272727,0.3422416209143115,0.3932243397644108,0.9102280296154872,0.5350221551304007,0.0,0.34545454545454546,0.03198633772500318
1369,109,99.0909090909091,110,0,109,1,0,0.0,3.6399279950073202,3.6038345121020647,10.809311696035639,2.643054689547098,0.9915048250011254,1.838484964974616,8.2,1.064675958454609,0.4441312100186212,0.0019603518720766066,0.0069444112198120906,0.0,0.0019603518720766066,0.024570994633420495,0,0,0,1,0,1.0,0.2818181818181818,0.3542062373123036,0.39212405457705224,0.9102280296154872,0.5386721766551138,0.0,0.34545454545454546,0.03226962389924413
1370,110,100.0,110,0,110,0,0,0.0,3.6560366707651766,3.619370558598607,11.163962923629018,2.6457423762465093,0.9899988973177039,1.8355533340285695,8.2,1.064675958454609,0.4447210851560228,0.0,0.0,0.0,0.0,0.0,0,0,0,0,0,0.0,0.2818181818181818,0.3576189177000756,0.38714475513681595,0.8973839816388343,0.5367300870756158,0.0,0.34545454545454546,0.03236447485509702
1371,110,100.0,110,0,110,0,0,0.0,3.6489249182285803,3.611847606916917,11.160624944248944,2.6483373717454572,0.9959640828234676,1.8457815043410846,8.2,1.064675958454609,0.4436585543450009,0.0,0.0,0.0,0.0,0.0,0,0,0,0,0,0.0,0.2818181818181818,0.3574946277451038,0.40063007857219624,0.8991577917942568,0.5315319405333546,0.0,0.34545454545454546,0.03234273023901418
1372,110,100.0,110,0,110,0,0,0.0,3.658641896717995,3.6208448349550877,10.926993128060085,2.650981372010284,1.006862043976194,1.835820279004134,8.2,1.064675958454609,0.4420372456115409,0.0,0.0,0.0,0.0,0.0,0,0,0,0,0,0.0,0.2636363636363636,0.352882776400802,0.403099113384715,0.9194390070949491,0.5316814103637579,0.0,0.3090909090909091,0.03240539014904179
1373,110,100.0,110,0,110,0,0,0.0,3.646791945774406,3.6097447349587943,10.806320364081204,2.6535026781631306,1.015429723113619,1.8427782655058687,8.2,1.064675958454609,0.44163951557056524,0.0,0.0,0.0,0.0,0.0,0,0,0,0,0,0.0,0.2636363636363636,0.35212729759514855,0.40727818064382965,0.91031094215213,0.5297132179956384,0.0,0.34545454545454546,0.032359562264548045
1374,110,100.0,110,0,110,0,0,0.0,3.642161944932168,3.606024281333345,10.31217797247467,2.655965451955292,1.0554692996145878,1.8583618773429547,8.2,1.064675958454609,0.4398992820780947,0.0,0.0,0.0,0.0,0.0,0,0,0,0,0,0.0,0.2545454545454545,0.3461151682030948,0.4111716830101809,0.8925585440852979,0.5301680816356475,0.0,0.2727272727272727,0.032349522540574986
1375,110,100.0,110,0,110,0,0,0.0,3.671883955896151,3.6359422882574806,10.541209135537057,2.6586568290485535,1.0354214710467853,1.8436591804577258,8.2,1.064675958454609,0.44081224776287753,0.0,0.0,0.0,0.0,0.0,0,0,0,0,0,0.0,0.2636363636363636,0.347819108491238,0.4091110854611213,0.9160795555976783,0.5347137407207984,0.0,0.2727272727272727,0.03251245981782656
1376,110,100.0,110,0,109,1,0,0.0,3.682181568663218,3.645805165215844,11.040183619430673,2.6614035578407806,1.0148347235306694,1.8186933539926298,8.2,1.064675958454609,0.44132899431507755,0.0033919977275267857,0.00661724464195986,0.0,0.0033919977275267857,0.03126876388971844,0,0,0,1,0,1.0,0.2909090909090909,0.3524326237942271,0.3949572597700964,0.9160795555976783,0.5374711715591391,0.0,0.2727272727272727,0.03257856976220929
1377,110,100.0,110,0,109,1,0,0.0,3.672532692056052,3.636352771924223,10.373316746456991,2.6640405329848145,1.0275451083602194,1.8031434124843801,8.2,1.064675958454609,0.43953348721759333,0.0018234417947924967,0.006006232895440349,0.0,0.0018234417947924967,0.02962357025157203,0,0,0,1,0,1.0,0.2636363636363636,0.34511736274299387,0.4213690478546787,0.9207869909958042,0.5321142987260317,0.0,0.3090909090909091,0.032544362999367936
1378,110,100.0,110,0,109,1,0,0.0,3.688651103599524,3.6528962088216494,10.477387026766465,2.666790340084739,1.0230287202666457,1.8000094611552842,8.2,1.064675958454609,0.4401867206418779,0.002288448832815383,0.005612558304770053,0.0,0.002288448832815383,0.03244260493547069,0,0,0,1,0,1.0,0.2727272727272727,0.3451387188208678,0.41866858262737433,0.9133699084051915,0.5341295852206335,0.0,0.2727272727272727,0.03263959332463368
1379,110,100.0,110,0,110,0,0,0.0,3.689292181095873,3.654646104246089,10.418902637297304,2.6695257752222705,1.0444565632604628,1.8128489570749224,8.2,1.064675958454609,0.4365400493744427,0.0,0.0,0.0,0.0,0.0,0,0,0,0,0,0.0,0.23636363636363636,0.3407238008183716,0.4138159561187029,0.9069630845735843,0.5307433862903534,0.0,0.3090909090909091,0.03265736047224964
1380,110,100.0,110,0,110,0,0,0.0,3.6855828730576716,3.6518669365707463,10.14643312705674,2.6722084155354673,1.0580415348685468,1.8248547718520538,8.2,1.064675958454609,0.43007744697135886,0.0,0.0,0.0,0.0,0.0,0,0,0,0,0,0.0,0.23636363636363636,0.3311052627481501,0.40291745062484235,0.9043894882782647,0.5261188301040888,0.0,0.3090909090909091,0.03265309464529184
1381,110,100.0,110,0,110,0,0,0.0,3.7201725790452236,3.6862367783921317,10.644015975763756,2.675155236376463,1.0266704485024014,1.797482396399918,8.2,1.064675958454609,0.43332736475656985,0.0,0.0,0.0,0.0,0.0,0,0,0,0,0,0.0,0.2636363636363636,0.3372517448654714,0.3973527313944032,0.8970313662490976,0.5318700481680797,0.0,0.3090909090909091,0.032841730221746
1382,110,100.0,110,0,110,0,0,0.0,3.701039298157202,3.668329673082475,9.845702923963726,2.6779181610083556,1.0215304960349876,1.780183970141314,8.2,1.064675958454609,0.43175654095601756,0.0,0.0,0.0,0.0,0.0,0,0,0,0,0,0.0,0.2636363636363636,0.3288363492574053,0.4092808164095515,0.9065110326337527,0.5311025732429595,0.0,0.3090909090909091,0.032760771914458885
1383,110,100.0,110,0,110,0,0,0.0,3.7195439498033114,3.6845500744658377,10.215119413850108,2.6807898252170568,1.0207216405602866,1.7965048511685162,8.2,1.064675958454609,0.43549230554856333,0.0,0.0,0.0,0.0,0.0,0,0,0,0,0,0.0,0.2818181818181818,0.3358017360256459,0.4207565368273946,0.9119621297120266,0.5329469580937045,0.0,0.34545454545454546,0.03286858213190823
1384,110,100.0,110,0,110,0,0,0.0,3.7291543075281552,3.694416984126507,10.142237245663788,2.6837149559993208,1.0148439943874594,1.7936822665407903,8.2,1.064675958454609,0.4373684666788571,0.0,0.0,0.0,0.0,0.0,0,0,0,0,0,0.0,0.2909090909090909,0.33550368220823273,0.41733324123103765,0.9206379634903387,0.5346153098417741,0.0,0.3090909090909091,0.03293220550262851
1385,110,100.0,110,0,110,0,0,0.0,3.759165853180907,3.7233261913063997,10.735775881749136,2.6868551751202925,1.0026244324148608,1.7797760305701031,8.2,1.064675958454609,0.4413101620969566,0.0,0.0,0.0,0.0,0.0,0,0,0,0,0,0.0,0.2909090909090909,0.34416280207392647,0.4269689326095788,0.9128679982640877,0.5362542411680091,0.0,0.34545454545454546,0.03309897980990416
1386,110,100.0,110,0,110,0,0,0.0,3.741990202269094,3.7066904700976804,10.315148576627893,2.689820267863859,1.0248216811995832,1.7880290144896112,8.2,1.064675958454609,0.43679394689202855,0.0,0.0,0.0,0.0,0.0,0,0,0,0,0,0.0,0.2727272727272727,0.3364336810199538,0.4348268687457223,0.9111841272790058,0.5299080661663201,0.0,0.34545454545454546,0.03302888587013841
1387,110,100.0,110,0,110,0,0,0.0,3.744719660372682,3.7099446399226594,10.106372497193592,2.6927815090688587,1.0264260860291194,1.793350799930192,8.2,1.064675958454609,0.43468831048145984,0.0,0.0,0.0,0.0,0.0,0,0,0,0,0,0.0,0.2636363636363636,0.33242402172685664,0.4413867599914982,0.9181885524823009,0.5266343536376592,0.0,0.3090909090909091,0.03305829697224709
1388,110,100.0,110,0,110,0,0,0.0,3.757573620025046,3.721675091823593,10.220591496595592,2.6958111356916428,1.0162010026419146,1.7782377530909843,8.2,1.064675958454609,0.4328102801418696,0.0,0.0,0.0,0.0,0.0,0,0,0,0,0,0.0,0.2727272727272727,0.33086026841218047,0.44280298497600595,0.9150438226998616,0.5217501081287772,0.0,0.34545454545454546,0.033138694623650766
1389,110,100.0,110,0,110,0,0,0.0,3.7524042917204423,3.715986643049944,10.2607945080772,2.6987600557709417,1.063098624292471,1.8082768005783236,8.2,1.064675958454609,0.43037112361287244,0.0,0.0,0.0,0.0,0.0,0,0,0,0,0,0.0,0.2636363636363636,0.3294175698623479,0.4446728799227256,0.9110866330134111,0.516994898783164,0.0,0.34545454545454546,0.03312854620368692
1390,110,100.0,110,0,110,0,0,0.0,3.7311924088472463,3.69561021154402,9.812341058186119,2.701504025033174,1.061384778065924,1.8097496600869494,8.2,1.064675958454609,0.42759105197457337,0.0,0.0,0.0,0.0,0.0,0,0,0,0,0,0.0,0.2818181818181818,0.3234119042153179,0.44835871332685445,0.9159734067305219,0.5175806263818173,0.0,0.34545454545454546,0.03303709397984213
1391,109,99.0909090909091,110,1,109,0,0,0.00909090909090909,3.742083815086465,3.7190252117977964,10.133204331179819,2.7043057820061143,1.0394326660863813,1.8280367139392038,8.2,1.064675958454609,0.4302429392118079,0.6731928363506996,0.020620119676459693,1.0,0.3268071636493004,0.04652142487868294,0,1,0,0,0,0.0,0.2727272727272727,0.3282746552450712,0.4520493305983142,0.9199305964169725,0.526510222774755,0.00909090909090909,0.34545454545454546,0.03310646582749083
1392,108,98.18181818181819,110,1,103,0,6,0.00909090909090909,3.788353121287197,3.744610221620345,10.293173728290325,2.7075855162177436,1.0572448769457026,1.7874777405397768,8.2,1.064675958454609,0.43531764589115673,0.9948652302165673,0.015071751740778244,1.0,0.005134769783432699,0.14213861460576876,0,7,0,0,0,1.0,0.2818181818181818,0.3350520849916402,0.45395463285008625,0.907974865482692,0.5272380912622776,0.00909090909090909,0.36363636363636365,0.0333552716293207
1393,108,98.18181818181819,110,0,110,0,0,0.0,3.8266121013094447,3.7812634322210776,10.76030458503668,2.710965066322929,1.0463649286429935,1.7663988450303534,8.2,1.064675958454609,0.4406148360211388,0.0,0.0,0.0,0.0,0.0,0,0,0,0,0,0.0,0.2727272727272727,0.3437249150737982,0.46045067360781616,0.9143124875818159,0.5322289992877355,0.0,0.36363636363636365,0.03356455715816886
1394,108,98.18181818181819,110,0,109,1,0,0.0,3.836478157392523,3.7905177227042084,10.62850400570693,2.71438745773536,1.0567430809618812,1.765019256900532,8.2,1.064675958454609,0.4415149145146735,0.08177019490706498,0.008915808913541028,0.0,0.08177019490706498,0.027802905369529674,0,0,0,1,0,0.0,0.2818181818181818,0.34300319647726585,0.46798155853330115,0.9030415964592244,0.5339387318521515,0.0,0.36363636363636365,0.03363210612787044
1395,108,98.18181818181819,110,0,109,1,0,0.0,3.8603309745434315,3.813260833495539,11.187169518408632,2.717967124115458,1.005051749728512,1.731845881614326,8.2,1.064675958454609,0.4438123614861067,0.016340887658962494,0.00681639583558851,0.0,0.016340887658962494,0.042382454535413894,0,0,0,1,0,1.0,0.3,0.34932932751938994,0.44623870643121466,0.9080253422269486,0.5420328637079717,0.0,0.3272727272727273,0.033770426137295875
1396,109,99.0909090909091,110,0,109,1,0,0.0,3.8679712117502216,3.8198171205037315,12.219930002159579,2.72156452121745,0.9735471181300723,1.753520607944804,8.2,1.064675958454609,0.44911431858294226,0.0029574693921941607,0.002041158240543627,0.0,0.0029574693921941607,0.025282109412508524,0,0,0,1,0,1.0,0.2909090909090909,0.363153353276513,0.4270831597270442,0.9077845765060997,0.5468394259928949,0.0,0.3272727272727273,0.03382777763436735
1397,110,100.0,110,0,109,1,0,0.0,3.890988988029851,3.8429630854661476,12.143112253568326,2.725320761316813,0.9494644429245968,1.6993110323976262,8.2,1.064675958454609,0.4507151638634912,0.33893785233271945,0.0109742958422792,0.0,0.33893785233271945,0.04529063970564873,0,0,0,1,0,0.0,0.2818181818181818,0.36265294676934196,0.43292515847056207,0.9081220923058095,0.5441965727989015,0.0,0.36363636363636365,0.03396286240840537
1398,108,98.18181818181819,110,2,108,0,0,0.01818181818181818,3.901368162140386,3.8808374662592953,12.518808695527426,2.7291171095551183,0.9628362888226568,1.7471380542707209,8.2,1.064675958454609,0.4516733847279275,0.3120171673970997,0.013922273528856537,0.0,0.3120171673970997,0.042832282323146176,0,2,0,0,0,0.0,0.2818181818181818,0.3657248861239545,0.4260091470185252,0.9122302616677374,0.5486847710318544,0.01818181818181818,0.34545454545454546,0.03403496768245427
1399,106,96.36363636363636,110,2,106,1,1,0.01818181818181818,3.8588648307071223,3.828439828605482,11.2583483285737,2.732770388079346,1.063905369424686,1.8690802365209003,8.2,1.064675958454609,0.44930086026033633,0.7157497289866137,0.013892358821270403,0.75,0.036050118289036426,0.056809768424500307,0,3,0,1,0,0.75,0.3,0.3561787769393807,0.45363943412040875,0.9129372700778537,0.5411052057370472,0.01818181818181818,0.30909090909090914,0.03384189881435937
1400,106,96.36363636363636,110,0,109,1,0,0.0,3.8837195410320966,3.851922993818545,11.329555024394999,2.736483637200396,1.0928103219120882,1.896422038243792,8.2,1.064675958454609,0.4479678266410245,0.06720644760953862,0.005784053359598756,0.0,0.06720644760953862,0.05310805870074653,0,0,0,1,0,0.0,0.2727272727272727,0.3547576080919639,0.46547192019250583,0.8966581541674548,0.5373740226986344,0.0,0.34545454545454546,0.033985939401318915
1401,106,96.36363636363636,110,0,107,3,0,0.0,3.945356405462813,3.9129998797617715,12.175904812436267,2.740677568987424,1.0329914970473733,1.845155990463941,8.2,1.064675958454609,0.4532630976525762,0.18145940731231144,0.01475383039843015,0.0,0.18145940731231144,0.00996906849758091,0,0,0,3,0,0.3333333333333333,0.2818181818181818,0.3647660508355036,0.460089367814212,0.9024142069451118,0.5483098297412973,0.0,0.34545454545454546,0.03431644961519774
1402,106,96.36363636363636,110,0,106,4,0,0.0,3.9197574764070766,3.8882904686629094,11.755608794876212,2.7446163888634456,1.0295151732444232,1.834266150246588,8.2,1.064675958454609,0.45126637766423205,0.15124340267107114,0.012674672872240986,0.25,0.14410040931993015,0.012946694387637625,0,0,0,4,0,0.75,0.3090909090909091,0.36019912032201173,0.4656342465472889,0.9055579154722324,0.5422696238169578,0.0,0.3090909090909091,0.03420942280405247
1403,107,97.27272727272727,110,1,109,0,0,0.00909090909090909,3.889775360493946,3.8541730742564067,11.51335432630033,2.7482682630817683,1.0834320296181237,1.905053613125752,8.2,1.064675958454609,0.44874910576815075,0.9624921326058005,0.02521583268796334,1.0,0.037507867394199534,0.044068445207744555,0,1,0,0,0,1.0,0.2818181818181818,0.35725328345484103,0.458254416180801,0.9143997880262626,0.5405488489999725,0.00909090909090909,0.2909090909090909,0.03407895253790456
1404,109,99.0909090909091,110,0,109,1,0,0.0,3.934899469706455,3.897443005520262,12.174517321058838,2.752204222550295,1.036766919894737,1.8582235058543923,8.2,1.064675958454609,0.45111051981718253,0.03403205019089253,0.009609649638176336,0.0,0.03403205019089253,0.0170198118969489,0,0,0,1,0,1.0,0.2909090909090909,0.3633059472005196,0.45221280892756066,0.9185579761930069,0.5480206246398849,0.0,0.2909090909090909,0.03432552569106506
1405,109,99.0909090909091,110,0,108,2,0,0.0,3.939567826716578,3.90220639788426,12.119334672223728,2.7561388485592704,0.9995382456896826,1.808760103123678,8.2,1.064675958454609,0.4505208400994145,0.06292028664668889,0.006441923048337626,0.0,0.06292028664668889,0.05246949711219062,0,0,0,2,0,0.5,0.3,0.36146124636554366,0.44394876744959055,0.9103683396142116,0.5561273944427618,0.0,0.2909090909090909,0.03436981298470201
1406,109,99.0909090909091,110,0,109,1,0,0.0,3.936741985406603,3.900323359636022,12.08355892988607,2.7600155449466595,1.0304135680676416,1.8425309727632577,8.2,1.064675958454609,0.4487314018254671,0.09643853787795614,0.004415180823443781,0.0,0.09643853787795614,0.08728599422140682,0,0,0,1,0,0.0,0.3,0.35934651366546855,0.4391753566745018,0.9062616483861948,0.5482964489315585,0.0,0.32727272727272727,0.03437632090536154
1407,108,98.18181818181819,110,1,107,2,0,0.00909090909090909,3.987548942296533,3.941201552506801,12.480270645089535,2.764279666380815,1.0472033480783234,1.878201826940012,8.2,1.064675958454609,0.44828066739685046,0.364042080851742,0.011425049604833587,0.3333333333333333,0.07127912089135922,0.06604085666289479,0,1,0,2,0,0.0,0.2909090909090909,0.3599663313480422,0.4341136078325786,0.9202803989767467,0.5420116212710437,0.00909090909090909,0.32727272727272727,0.034653055227685574
1408,109,99.0909090909091,110,0,108,2,0,0.0,4.004272776254859,3.9576396075314966,12.93880347250009,2.7685578752873417,1.0300299083460733,1.861766591883198,8.2,1.064675958454609,0.45019706168245555,0.027630350834195013,0.008169057698099991,0.0,0.027630350834195013,0.02523466783638717,0,0,0,2,0,1.0,0.2909090909090909,0.3650115713392997,0.4238890101316431,0.9096962292162131,0.5490605454995537,0.0,0.32727272727272727,0.034759448928317324
1409,109,99.0909090909091,110,0,109,1,0,0.0,4.0101056823227434,3.962561807393662,13.290459275147821,2.7728324595150355,1.0113303992948426,1.8359298379214442,8.2,1.064675958454609,0.45214015665940566,0.011438977399206733,0.008066538075948062,0.0,0.011438977399206733,0.009611526826767136,0,0,0,1,0,1.0,0.2909090909090909,0.36887351431594884,0.4132141721763996,0.9249279246262091,0.5511230546100908,0.0,0.2909090909090909,0.034811368693954826
1410,109,99.0909090909091,110,0,108,2,0,0.0,4.059556786176195,4.011730653094696,14.052773085116476,2.7774803243755155,0.9775539715450113,1.809103944845252,8.2,1.064675958454609,0.4529883526614593,0.06232628035615645,0.006041295123930236,0.0,0.06232628035615645,0.02311458331090005,0,0,0,2,0,0.5,0.2818181818181818,0.37264733439750314,0.4004533166660514,0.9225244633163885,0.552457987031478,0.0,0.32727272727272727,0.03508336656309758
1411,109,99.0909090909091,110,0,108,2,0,0.0,4.087479894777127,4.038828962877856,14.638407169541615,2.7823095118877728,0.9453223502692167,1.7744942576906078,8.2,1.064675958454609,0.45635369660628666,0.05475469182200264,0.004436374988917724,0.0,0.05475469182200264,0.01701278803256312,0,0,0,2,0,0.5,0.2727272727272727,0.37836098428468845,0.3892675684876412,0.9291466600840458,0.5616854176794562,0.0,0.2909090909090909,0.03524868970531809
1412,110,100.0,110,0,107,3,0,0.0,4.0546789351710455,4.007002118808081,13.944184463187892,2.7868162019958804,0.9998337565270017,1.8044430452298597,8.2,1.064675958454609,0.45410637623874806,0.061915243368931394,0.006029246825844639,0.0,0.061915243368931394,0.004103753232075347,0,0,0,3,0,0.3333333333333333,0.2818181818181818,0.3723037227784404,0.39599935471260933,0.924473022203276,0.5628099735392876,0.0,0.32727272727272727,0.03510867573033922
1413,110,100.0,110,0,108,2,0,0.0,4.021735649265076,3.975574518162844,11.998824764227688,2.791007228771174,1.0542859378680003,1.8423722831160638,8.2,1.064675958454609,0.44946158540347514,0.05325822385074647,0.008454232162987433,0.0,0.05325822385074647,0.008965107583058907,0,0,0,2,0,0.5,0.3090909090909091,0.35441760515879767,0.42902567624868204,0.9164036986859111,0.55584073576918,0.0,0.2909090909090909,0.03496626972805384
1414,110,100.0,110,0,107,3,0,0.0,3.996400750163043,3.9506309195066045,11.601479151947926,2.7949411798935264,1.0708923018921424,1.8133183877087458,8.2,1.064675958454609,0.4481997650584446,0.14658145209713402,0.007943912810731556,0.0,0.14658145209713402,0.006508271879395659,0,0,0,3,0,0.0,0.3090909090909091,0.3509288547702997,0.4324240034376606,0.9291721118012797,0.5542104340507964,0.0,0.2909090909090909,0.0348605371484522
1415,110,100.0,110,0,107,3,0,0.0,4.004717649580776,3.959193984031694,11.582786223216264,2.798906182295506,1.0622423691570275,1.7883813251337741,8.2,1.064675958454609,0.44762361204596623,0.14911604007660648,0.008295106321831768,0.0,0.14911604007660648,0.0028781096082262834,0,0,0,3,0,0.0,0.3181818181818182,0.3491976250648537,0.41241135350166175,0.9315606906595735,0.5619833764664941,0.0,0.2909090909090909,0.034923228859203875
1416,110,100.0,110,0,107,3,0,0.0,4.008174578602329,3.962947348778025,12.154799874449273,2.802860939207829,1.0477203983627916,1.8158191403728907,8.2,1.064675958454609,0.4509906294265622,0.14350991129657364,0.008226440431323747,0.0,0.14350991129657364,0.008999854030731077,0,0,0,3,0,0.0,0.3181818181818182,0.3573544791442438,0.39736771091158807,0.9291218002211886,0.5693055928383594,0.0,0.2909090909090909,0.03496156617734205
1417,109,99.0909090909091,110,1,109,0,0,0.00909090909090909,3.9914458312385626,3.937695545671153,11.81415288421537,2.8066317816606925,1.0811446796179074,1.9067422304267356,8.2,1.064675958454609,0.454366265924544,0.30659243173317563,0.01261494616999826,0.0,0.30659243173317563,-0.007326443492136958,0,1,0,0,0,0.0,0.34545454545454546,0.35980949474842966,0.41939068520883305,0.8879623428228042,0.5720042019145781,0.00909090909090909,0.2727272727272727,0.03489799606703664
1418,109,99.0909090909091,110,0,108,2,0,0.0,4.002889354724302,3.948605397316522,12.711979446482081,2.8103821297265803,1.0817482766898103,1.8656616698542248,8.2,1.064675958454609,0.45443221543574497,0.10833633268364384,0.008884688756615928,0.0,0.10833633268364384,0.029131219594294877,0,0,0,2,0,0.5,0.35454545454545455,0.3664994519792914,0.39465617528035646,0.8838486189182604,0.5762108914657884,0.0,0.27272727272727276,0.034975178211573275
1419,109,99.0909090909091,110,0,109,1,0,0.0,3.9897269163402194,3.935763448272981,13.090415177527369,2.8139831686230026,1.0956454157800415,1.8905177863125027,8.2,1.064675958454609,0.45486547061413996,0.1280193847447894,0.00602206118943357,0.0,0.1280193847447894,0.0015005675203410007,0,0,0,1,0,0.0,0.35454545454545455,0.36993137705323365,0.37865232565312357,0.8992720675664316,0.5772623357093589,0.0,0.2727272727272727,0.03492853571734526
1420,106,96.36363636363636,110,3,107,0,0,0.02727272727272727,4.049983017505206,3.997094661332173,13.900298947553136,2.818048918641822,1.080894286440316,1.9326294988277521,8.2,1.064675958454609,0.4588587967596103,0.4288454263206636,0.015552279624583366,0.3333333333333333,0.22487569637661778,0.03568212276200322,0,3,0,0,0,0.0,0.3181818181818182,0.377816731767895,0.38384483658357005,0.8979041427363245,0.5748338113681728,0.02727272727272727,0.2727272727272727,0.03525145975466081
1421,106,96.36363636363636,110,0,110,0,0,0.0,4.08236615467423,4.028584612933151,14.553263251380928,2.8223589267794726,1.0705909954788948,1.9059621990539866,8.2,1.064675958454609,0.4603776621543103,0.0,0.0,0.0,0.0,0.0,0,0,0,0,0,0.0,0.3090909090909091,0.38201377555538873,0.3716910872876692,0.89816282424383,0.5738554608722541,0.0,0.27272727272727276,0.03543631925073044
1422,107,97.27272727272727,110,0,109,1,0,0.0,4.127471614823662,4.07109061789396,15.934841371998445,2.826985088269249,1.0418930855475348,1.908410639103642,8.2,1.064675958454609,0.4686141941830442,0.004515130300186779,0.019138862430707972,0.0,0.004515130300186779,-0.001943360594448773,0,0,0,1,0,1.0,0.3,0.3996991588805241,0.37130446756440255,0.8858859848531655,0.5734324373130957,0.0,0.30909090909090914,0.03568647336606806
1423,107,97.27272727272727,110,0,110,0,0,0.0,4.139382055620822,4.08265383881295,15.892512041540222,2.8316604847963625,1.072612666404534,1.9427778607337034,8.2,1.064675958454609,0.4681266543396996,0.0,0.0,0.0,0.0,0.0,0,0,0,0,0,0.0,0.33636363636363636,0.39846203717143036,0.37335240412619597,0.8874202791567288,0.5683459800977836,0.0,0.30909090909090914,0.03577091448144716
1424,107,97.27272727272727,110,0,110,0,0,0.0,4.106147717541159,4.050479792969152,15.817260289509077,2.83601206403592,1.0541511896815496,1.9339704149728634,8.2,1.064675958454609,0.46769381910192487,0.0,0.0,0.0,0.0,0.0,0,0,0,0,0,0.0,0.33636363636363636,0.39891525988292165,0.36472214729033925,0.88206188028548,0.5714133526034804,0.0,0.30909090909090914,0.03562790790003718
1425,109,99.0909090909091,110,1,108,1,0,0.00909090909090909,4.106695018277524,4.0457454348909465,15.176132357319064,2.840334386913517,1.0933641114700405,1.955050220007215,8.2,1.064675958454609,0.4650769120858904,0.05015225024126864,0.011832723303189956,0.0,0.05015225024126864,0.01215765378513256,0,1,0,1,0,0.5,0.33636363636363636,0.3913697508831932,0.3579233857886894,0.8697011777512103,0.5753745933547064,0.00909090909090909,0.29090909090909095,0.03565365376998129
1426,109,99.0909090909091,110,0,110,0,0,0.0,4.058148844396066,3.9988813644726693,13.971071533782323,2.8441541323520596,1.1601460850351548,1.9888175261890644,8.2,1.064675958454609,0.4600085631992181,0.0,0.0,0.0,0.0,0.0,0,0,0,0,0,0.0,0.32727272727272727,0.37921075084811023,0.36173440678188834,0.8883744018323874,0.5740848469962675,0.0,0.3454545454545455,0.03543125685625316
1427,109,99.0909090909091,110,0,110,0,0,0.0,4.042898869306577,3.9841146930331854,13.880513037103565,2.847807436118699,1.1588110475660984,2.0063194303543876,8.2,1.064675958454609,0.45969443288483314,0.0,0.0,0.0,0.0,0.0,0,0,0,0,0,0.0,0.32727272727272727,0.37927456663509823,0.35888869111571986,0.8962610767930332,0.5725450573533672,0.0,0.3454545454545455,0.035374454904252076
1428,109,99.0909090909091,110,0,109,1,0,0.0,4.021786329777451,3.963436630240726,13.661317617390296,2.8512457205478663,1.169020043803187,2.0330132833676573,8.2,1.064675958454609,0.4579841220727572,0.005511392955091246,0.004009878965037971,0.0,0.005511392955091246,0.05541725561371191,0,0,0,1,0,1.0,0.32727272727272727,0.37713583128475897,0.35738508089011384,0.8882266018997608,0.5685126918144534,0.0,0.3454545454545455,0.03528719550045677
1429,109,99.0909090909091,110,0,109,1,0,0.0,4.015984656712784,3.9578681257768786,13.192807991227722,2.8545999691667148,1.1326009709537075,1.9932452123285382,8.2,1.064675958454609,0.45813293808074085,0.04446547911744661,0.018984649033273744,0.0,0.04446547911744661,0.0016822933830491493,0,0,0,1,0,1.0,0.33636363636363636,0.3741815691297189,0.36415019495890383,0.8917701045768809,0.5722149850958299,0.0,0.3454545454545455,0.03527604307444927
1430,110,100.0,110,0,109,1,0,0.0,4.01031885895059,3.9533199617667774,13.31020125367836,2.8578797673399188,1.1550741434625207,2.0273777869974787,8.2,1.064675958454609,0.4548830852109489,0.06298909938219716,0.01959324832867814,0.0,0.06298909938219716,-0.009318474521059938,0,0,0,1,0,0.0,0.33636363636363636,0.3713590397259619,0.3492972166626312,0.8949070886824535,0.5679315763419821,0.0,0.2727272727272727,0.03526517369695626
1431,110,100.0,110,0,109,1,0,0.0,4.000844454086906,3.944029489270673,13.342575699945117,2.8610455155488115,1.1600726348290518,2.0282752934556,8.2,1.064675958454609,0.45562174238389463,0.07061904561395824,0.004154007142772419,0.0,0.07061904561395824,0.028780290253088925,0,0,0,1,0,0.0,0.3090909090909091,0.3724456495514198,0.33773104177233515,0.888212700708306,0.5724747506634097,0.0,0.30909090909090914,0.035234654152680484
1432,109,99.0909090909091,110,1,109,0,0,0.00909090909090909,4.0075774502479975,3.957433040455291,13.426517366451606,2.864233244634042,1.1632597993254683,2.032095142245742,8.2,1.064675958454609,0.45486340793283686,0.11065550414428563,0.005264893164507357,0.0,0.11065550414428563,0.022494872175583547,0,1,0,0,0,0.0,0.3090909090909091,0.3715116181332098,0.33750839584978015,0.9176363173136022,0.5687237559607482,0.00909090909090909,0.2909090909090909,0.035285288626081504
1433,109,99.0909090909091,110,0,110,0,0,0.0,3.9984570799545724,3.948218227797998,13.030035908420508,2.86736702609131,1.1619697676651923,2.0200640128637697,8.2,1.064675958454609,0.45282526215353847,0.0,0.0,0.0,0.0,0.0,0,0,0,0,0,0.0,0.3181818181818182,0.36658429949933935,0.3422444419824874,0.8983389755228409,0.5663253485844512,0.0,0.2545454545454545,0.0352563690834974
1434,109,99.0909090909091,110,0,110,0,0,0.0,3.977457592291393,3.9279114150095635,12.671871322643748,2.8702944815278615,1.1978696159127282,2.037368976916637,8.2,1.064675958454609,0.4513459361920076,0.0,0.0,0.0,0.0,0.0,0,0,0,0,0,0.0,0.3181818181818182,0.362898618436185,0.34408763442427437,0.9094345034173159,0.5659730320411521,0.0,0.2545454545454545,0.03516695560229522
1435,109,99.0909090909091,110,0,109,1,0,0.0,3.9692575856206616,3.9205465050903103,12.191914111151823,2.873128039109969,1.2623894343269988,2.0664479338015895,8.2,1.064675958454609,0.44733074756549907,0.1497448752271105,0.006088703295081878,0.0,0.1497448752271105,0.03703676811628953,0,0,0,1,0,0.0,0.3090909090909091,0.35526876371735866,0.35337195390146625,0.9354860954912472,0.5612624723093824,0.0,0.2545454545454545,0.0351410396721144
1436,109,99.0909090909091,110,0,109,1,0,0.0,3.965087084869459,3.917235623286934,12.162318116325038,2.8759032283556705,1.2664575590247649,2.0605434021923,8.2,1.064675958454609,0.44586745021625007,0.14588628034113538,0.007755259123240505,0.0,0.14588628034113538,0.019596763917769877,0,0,0,1,0,0.0,0.2909090909090909,0.35379737521507537,0.34845720081140324,0.9288303645030954,0.5614375062666932,0.0,0.2909090909090909,0.03513496055470869
1437,110,100.0,110,0,110,0,0,0.0,3.9313233870667483,3.8834661089981504,11.893850554248427,2.8783612421087366,1.3020680100588085,2.0878548658032328,8.2,1.064675958454609,0.4439601880385109,0.0,0.0,0.0,0.0,0.0,0,0,0,0,0,0.0,0.2818181818181818,0.3511952940094648,0.3540023338314672,0.931348815550531,0.5564523085141739,0.0,0.2545454545454545,0.03497922700643733
1438,110,100.0,110,0,108,2,0,0.0,3.909741523190621,3.8627788277433073,11.685831938703952,2.880616883972336,1.3418785622690352,2.1170688920572025,8.2,1.064675958454609,0.4386954495947073,0.05595860011895508,0.0062371086895328075,0.0,0.05595860011895508,0.03627749137801911,0,0,0,2,0,0.5,0.2909090909090909,0.3447179536849213,0.34204754019024075,0.9322720570483903,0.5542824991820791,0.0,0.2545454545454545,0.034883325325371986
1439,110,100.0,110,0,108,2,0,0.0,3.9204610852988093,3.8732009236887337,12.309570340872495,2.8829372797992225,1.3417621894639822,2.115748838888349,8.2,1.064675958454609,0.440260801875334,0.09246135377955048,0.010067022294064297,0.0,0.09246135377955048,0.034178920573742944,0,0,0,2,0,0.0,0.2818181818181818,0.3500058308454499,0.3343725908058199,0.9280557317041759,0.5556986039941954,0.0,0.2909090909090909,0.03494927548416785
1440,110,100.0,110,0,108,2,0,0.0,3.888728892512829,3.842845141837196,11.512729898755726,2.8849744183605,1.3610883475449191,2.115165460637494,8.2,1.064675958454609,0.4339402817678757,0.07086711500388194,0.008409310043914023,0.0,0.07086711500388194,0.028011285080761783,0,0,0,2,0,0.5,0.2727272727272727,0.3386160913309588,0.3450158236021148,0.9254038301157836,0.5497121182582709,0.0,0.2909090909090909,0.03480145898248911
1441,109,99.0909090909091,110,1,109,0,0,0.00909090909090909,3.8864567951318847,3.8396761485506237,11.137786485220763,2.886973029639688,1.4209263511681078,2.1645904445219895,8.2,1.064675958454609,0.42965036487621977,0.12653198011696135,0.01052689226057187,0.0,0.12653198011696135,0.011873976748195902,0,1,0,0,0,0.0,0.2727272727272727,0.33128419143705523,0.34166849865301097,0.9365788748608832,0.5444862971968889,0.00909090909090909,0.2909090909090909,0.03480073786248063
1442,109,99.0909090909091,110,0,110,0,0,0.0,3.862425920349542,3.8158418398324985,10.878537274120351,2.8887372024111238,1.435130849507935,2.183373628767852,8.2,1.064675958454609,0.428283771164367,0.0,0.0,0.0,0.0,0.0,0,0,0,0,0,0.0,0.2636363636363636,0.32938908458136795,0.34397046775402035,0.9289541866601626,0.5399756599660107,0.0,0.32727272727272727,0.03468997485025046
1443,109,99.0909090909091,110,0,110,0,0,0.0,3.855850292057534,3.8095855054233736,10.056049711915321,2.8904293047085297,1.4195410849917647,2.1688333879503428,8.2,1.064675958454609,0.4267774405515494,0.0,0.0,0.0,0.0,0.0,0,0,0,0,0,0.0,0.2818181818181818,0.3218683889988992,0.3711311083618045,0.9188606523733313,0.535293639758213,0.0,0.32727272727272727,0.03466610441196689
1444,109,99.0909090909091,110,0,109,1,0,0.0,3.8365689915006556,3.7916232620355896,10.023470090779211,2.8919503998500242,1.4157539109491215,2.171041350297847,8.2,1.064675958454609,0.42364320789846865,0.2199059772053218,0.017862801146280832,0.0,0.2199059772053218,0.019658126131404607,0,0,0,1,0,0.0,0.2545454545454545,0.3186865673230469,0.34643273124682433,0.9241123342418238,0.5385039669673393,0.0,0.32727272727272727,0.03457779527632085
1445,109,99.0909090909091,110,0,109,1,0,0.0,3.819413285789892,3.7752796166985765,9.446521667381104,2.8933160947671306,1.4407457222994657,2.1750571075480707,8.2,1.064675958454609,0.41923156098194125,0.004204138979112095,0.0070168188905712385,0.0,0.004204138979112095,-0.003546530075712262,0,0,0,1,0,1.0,0.2636363636363636,0.30999651250460014,0.35560176081420375,0.8911422569221973,0.5318624138140027,0.0,0.32727272727272727,0.03449928686049117
1446,110,100.0,110,0,109,1,0,0.0,3.791251046455277,3.747771045650073,9.262625185664698,2.8944329477448143,1.4533887444765718,2.1829076774995038,8.2,1.064675958454609,0.4171242729825708,0.0004851045479288075,0.018583251102002648,0.0,0.0004851045479288075,-0.06008262292210631,0,0,0,1,0,1.0,0.2636363636363636,0.3073919300415004,0.35194072121168474,0.9019983178104346,0.531657915390472,0.0,0.32727272727272727,0.03436442109639043
1447,110,100.0,110,0,109,1,0,0.0,3.828800034751414,3.7840075045279193,10.029621427038501,2.8958465505500475,1.4240032921005976,2.154181135629112,8.2,1.064675958454609,0.42148027105655284,0.002307957381486309,0.018026916829758564,0.0,0.002307957381486309,-0.04934588015011965,0,0,0,1,0,1.0,0.2636363636363636,0.31646316627298615,0.3358997868194886,0.9008248736516425,0.5403230526202737,0.0,0.36363636363636365,0.0345596911824788
1448,110,100.0,110,0,108,2,0,0.0,3.8452420221939425,3.7998659908143746,10.382747517621912,2.8973801762587588,1.4083236022523962,2.1372861199323214,8.2,1.064675958454609,0.4246710411363772,0.05251759261555876,0.009310508497883459,0.0,0.05251759261555876,0.025395087814951145,0,0,0,2,0,0.5,0.2636363636363636,0.32147165355443447,0.32472081583376794,0.9233814052430932,0.544413386016548,0.0,0.36363636363636365,0.034650065191798106
1449,110,100.0,110,0,108,2,0,0.0,3.8623203473079992,3.815861880659572,11.180979860142513,2.8990337173380754,1.4031216753067703,2.131902049652242,8.2,1.064675958454609,0.4290844648457477,0.027344542126645038,0.016192448711665183,0.0,0.027344542126645038,-0.01292495290322837,0,0,0,2,0,0.5,0.2636363636363636,0.3316538611006659,0.32574464951158194,0.9025794502539091,0.5452754010909978,0.0,0.32727272727272727,0.03474425924453571
1450,110,100.0,110,0,108,2,0,0.0,3.8912597854237094,3.844360964931568,11.80056060971153,2.9009123918819557,1.391970864237227,2.1179578470251745,8.2,1.064675958454609,0.4300613297501541,0.025775994272481836,0.013463214338524843,0.0,0.025775994272481836,-0.0036957294646440264,0,0,0,2,0,0.5,0.2636363636363636,0.3357213385466515,0.30701094451212885,0.902461961905464,0.5493468447795368,0.0,0.2909090909090909,0.03489895733321742
1451,110,100.0,110,0,107,3,0,0.0,3.9290492023506474,3.8806377142470034,11.97929926527773,2.903080048492406,1.3383824391989656,2.071002173497303,8.2,1.064675958454609,0.4340888024581351,0.11134967884391185,0.005870302871271278,0.0,0.11134967884391185,0.04416918585013633,0,0,0,3,0,0.3333333333333333,0.2636363636363636,0.33938497072120144,0.32174721029093645,0.8887258075530705,0.547299882781049,0.0,0.36363636363636365,0.035099443677248765
1452,110,100.0,110,0,106,4,0,0.0,3.962289052519121,3.9133107047706663,12.67964610887683,2.9055029157640746,1.3078900807009957,2.027818922052198,8.2,1.064675958454609,0.4362062660198349,0.08823182638801513,0.009741727804681997,0.0,0.08823182638801513,0.014471543066613052,0,0,0,4,0,0.5,0.2727272727272727,0.34569011486153295,0.30987183431097187,0.8864389004017462,0.5560392980536284,0.0,0.36363636363636365,0.03527854077076449
1453,108,98.18181818181819,110,2,107,1,0,0.01818181818181818,3.9990528741649367,3.9433879691554194,13.353363423729377,2.9082027923131553,1.2611081287533263,2.006102883838448,8.2,1.064675958454609,0.4375675236633827,0.29017439244259474,0.008853777791957321,0.3333333333333333,0.19095515778072655,0.03485264360164294,0,2,0,1,0,0.3333333333333333,0.2818181818181818,0.3516196498436967,0.3010789128194099,0.895441215822657,0.5635009346352213,0.01818181818181818,0.36363636363636365,0.03547673234725658
1454,108,98.18181818181819,110,0,108,2,0,0.0,3.9603149558753863,3.9067198057321124,11.941304103805228,2.910514981588943,1.2762675563631556,2.013062321607557,8.2,1.064675958454609,0.4319348381540826,0.10478660697127476,0.006385704364257297,0.0,0.10478660697127476,0.04778597196547768,0,0,1,1,0,0.0,0.2636363636363636,0.3372974675963404,0.329351765488713,0.8911549108753533,0.5524753288272289,0.0,0.36363636363636365,0.035295351417475467
1455,108,98.18181818181819,110,0,110,0,0,0.0,3.9784484829382167,3.9250494704514898,13.059284964902501,2.9129586747682232,1.2697114972804049,2.0030963887083386,8.2,1.064675958454609,0.43230977889123934,0.0,0.0,0.0,0.0,0.0,0,0,0,0,0,0.0,0.2727272727272727,0.34504721640358305,0.31063369104196387,0.9101220273301283,0.5566714868031609,0.0,0.36363636363636365,0.035399027759678715
1456,108,98.18181818181819,110,0,109,1,0,0.0,4.0144588539002735,3.9615057739937276,13.100392411078715,2.91568686373305,1.2134081110719932,1.9433832988572284,8.2,1.064675958454609,0.43266521259081747,0.19788758887012803,0.0065682801313823045,0.0,0.19788758887012803,0.014861248700285823,0,0,0,1,0,0.0,0.3,0.34356313322580884,0.3146292622641755,0.917967983391398,0.5579785188883621,0.0,0.32727272727272727,0.035593602800493854
1457,108,98.18181818181819,110,0,109,1,0,0.0,3.994100523693773,3.9426646925216975,11.975024215311173,2.918225529154071,1.2125094611159453,1.9368515716103538,8.2,1.064675958454609,0.42854009944297156,0.16029317212872712,0.005843365643511849,0.0,0.16029317212872712,0.019493141910837064,0,0,0,1,0,0.0,0.2909090909090909,0.3310712798968506,0.3371819072047882,0.9196987041504087,0.5499247095045264,0.0,0.36363636363636365,0.03550532542966296
1458,110,100.0,110,0,109,1,0,0.0,3.991536317060889,3.9400997299749565,12.038346370700909,2.920715319183025,1.2211335414021922,1.938711002645573,8.2,1.064675958454609,0.4282108676911385,0.16758197816085393,0.006314324381526515,0.0,0.16758197816085393,0.02177798479065618,0,0,0,1,0,0.0,0.2727272727272727,0.3313871474873019,0.3294848437007144,0.9194414799046665,0.550617742113847,0.0,0.32727272727272727,0.03550575849442568
1459,109,99.0909090909091,110,1,108,1,0,0.00909090909090909,4.0124956776532175,3.9723653353821846,12.356003820205173,2.923355202297452,1.2079543215640491,1.944300017331551,8.2,1.064675958454609,0.4300500271524488,0.14495243424665918,0.010483093655482945,0.0,0.14495243424665918,0.02981682740165248,0,1,0,1,0,0.0,0.2727272727272727,0.33399032172324733,0.332573200229256,0.8895784320625407,0.5515834044158955,0.00909090909090909,0.34545454545454546,0.035624608397812625
1460,109,99.0909090909091,110,0,107,3,0,0.0,4.075919768311139,4.0349085332828585,12.570312503351415,2.926597903157956,1.1671965688632295,1.8916213750801507,8.2,1.064675958454609,0.42937776563414487,0.032545133243768086,0.008845309725419455,0.0,0.032545133243768086,0.008455238986928904,0,0,0,3,0,0.6666666666666666,0.2818181818181818,0.3313638883717671,0.33870171809202654,0.8968342088789998,0.5512133838991162,0.0,0.38181818181818183,0.03595899097933543
1461,109,99.0909090909091,110,0,108,2,0,0.0,4.100192875437838,4.0579050042696965,13.335830557238195,2.930001950080305,1.147857462602572,1.8859751890117622,8.2,1.064675958454609,0.42939204071770476,0.09706189698659237,0.010757473913109744,0.0,0.09706189698659237,-0.020003955935383733,0,0,0,2,0,0.5,0.3,0.33588953526781906,0.33588084733430257,0.8699055372606724,0.5492132720488755,0.0,0.38181818181818183,0.0360984775495673
1462,109,99.0909090909091,110,0,107,3,0,0.0,4.129448190759766,4.0876053783244295,12.903279094192774,2.933622725127163,1.1309307563838935,1.8539159161813201,8.2,1.064675958454609,0.4266608081596295,0.008938856983339006,0.008122392378502602,0.0,0.008938856983339006,-0.01133239703212722,0,0,0,3,0,1.0,0.2727272727272727,0.32942707810023264,0.3596230139550954,0.905608546382338,0.5445169957928622,0.0,0.38181818181818183,0.03626402888689376
1463,109,99.0909090909091,110,0,108,2,0,0.0,4.124266701936738,4.083614814024553,12.671435137037335,2.9371709613896217,1.1472322287292394,1.850341362032231,8.2,1.064675958454609,0.42462998564372834,0.004435982673905479,0.0070931848848108485,0.0,0.004435982673905479,-0.013788605049117164,0,0,0,2,0,1.0,0.2909090909090909,0.32615042494480173,0.36432648273172313,0.8870404624879055,0.5374054160906735,0.0,0.38181818181818183,0.0362570100519964
1464,110,100.0,110,0,108,2,0,0.0,4.1551371614695425,4.112133822733066,14.685208348826523,2.9409243284570916,1.0908575231486142,1.7893492271777347,8.2,1.064675958454609,0.43537999552674056,0.03297711769105112,0.013265763882854624,0.0,0.03297711769105112,-0.023689452880297557,0,0,0,2,0,0.5,0.2818181818181818,0.3496623386090422,0.3398086140850925,0.8947936664795059,0.5529069628127791,0.0,0.3090909090909091,0.03643134294806037
1465,110,100.0,110,0,106,4,0,0.0,4.186467674652175,4.143051122516092,15.562446531847561,2.9449010695739966,1.02605615401087,1.7672677733492015,8.2,1.064675958454609,0.43966578911199306,0.027704128014570263,0.010053320141350462,0.0,0.027704128014570263,-0.004271596737533134,0,0,0,4,0,0.75,0.2636363636363636,0.35851247464421676,0.3287501044575504,0.8984314429518179,0.5617603638047212,0.0,0.38181818181818183,0.03660916521727437
1466,110,100.0,110,0,107,3,0,0.0,4.221789253707054,4.177385109851121,16.397719327478576,2.9491279078512873,0.9850540561937967,1.775930644765192,8.2,1.064675958454609,0.44259095872018595,0.1645257373827263,0.01168957717652408,0.0,0.1645257373827263,-0.00019012114327769206,0,0,0,3,0,0.6666666666666666,0.2636363636363636,0.36499537794604664,0.32007370761227927,0.8895784320625407,0.5672788539245509,0.0,0.34545454545454546,0.036808274178019296
1467,110,100.0,110,0,107,3,0,0.0,4.217609403057592,4.1727887383534314,16.124756853241106,2.9532705948277997,1.0627692971800617,1.8335854779878866,8.2,1.064675958454609,0.4399852908401152,0.12529006521864497,0.013283446791519467,0.0,0.12529006521864497,-0.02707130252385148,0,0,0,3,0,0.6666666666666666,0.2636363636363636,0.3596753524331685,0.31220108121106455,0.9151038949669154,0.5627563188274105,0.0,0.38181818181818183,0.03680942802090847
1468,110,100.0,110,0,107,3,0,0.0,4.223879281433592,4.177900027046009,16.385853803691322,2.957412710541541,1.071945024548245,1.8613408407784615,8.2,1.064675958454609,0.44088725644029547,0.05935542536789551,0.008959973907703363,0.0,0.05935542536789551,-0.007578789645927546,0,0,0,3,0,0.6666666666666666,0.2727272727272727,0.3622545556985222,0.31008026976870606,0.8844447751914225,0.564895855454631,0.0,0.38181818181818183,0.03686282746787625
1469,110,100.0,110,0,107,3,0,0.0,4.243230102827892,4.196100603196065,17.20777187668268,2.961665747871962,1.0278455850337826,1.8124135898744467,8.2,1.064675958454609,0.4441812134552985,0.021925194234258077,0.013804416173710879,0.0,0.021925194234258077,-0.0240376776416716,0,0,0,3,0,1.0,0.2545454545454545,0.36995246821168826,0.3000019636411885,0.9121966834195543,0.5704949381470517,0.0,0.38181818181818183,0.0369822221078283
1470,110,100.0,110,0,106,4,0,0.0,4.243912797339929,4.198293225444126,16.28044836073972,2.96589217959397,1.0652406999869093,1.8384850221075195,8.2,1.064675958454609,0.4402713430275287,0.028451023974275638,0.01177932538432662,0.0,0.028451023974275638,-0.029248296730999213,0,0,0,4,0,0.75,0.24545454545454545,0.3605557412504179,0.3103939862741744,0.8939616978600538,0.5640782907435721,0.0,0.34545454545454546,0.037008134481610847
1471,110,100.0,110,0,107,3,0,0.0,4.253317723835734,4.207964477206385,15.237087697793546,2.970155987507449,1.0714534334292598,1.842527177008642,8.2,1.064675958454609,0.44062678418836443,0.01834440709707949,0.006187759618389121,0.0,0.01834440709707949,-0.0018358946360736983,0,0,0,3,0,1.0,0.2545454545454545,0.35464700021262346,0.33434156300274304,0.8991089102908872,0.5635866313734799,0.0,0.34545454545454546,0.03707785698297461
1472,110,100.0,110,0,108,2,0,0.0,4.25143755793408,4.20658681235979,15.294925784330903,2.974362665550031,1.074553794944209,1.8283310194473033,8.2,1.064675958454609,0.4407252947294975,0.02316154453109244,0.00958178077760851,0.0,0.02316154453109244,0.001660338355693125,0,0,0,2,0,1.0,0.2818181818181818,0.35504093926135133,0.3355061867006079,0.8883357383469814,0.5620447012066756,0.0,0.34545454545454546,0.037090849898350826
1473,110,100.0,110,0,108,2,0,0.0,4.2129346495279325,4.169201749075229,14.167981600234473,2.9782061322781677,1.1501342661395417,1.8698076668055028,8.2,1.064675958454609,0.4345115211312869,0.04852822589159779,0.011674185824075815,0.0,0.04852822589159779,-0.009540342486551667,0,0,0,2,0,0.5,0.2636363636363636,0.3429726733212377,0.34254578938732677,0.8888825471658358,0.5557908775436473,0.0,0.34545454545454546,0.03691879558943292
1474,110,100.0,110,0,108,2,0,0.0,4.233106729062458,4.189305501436769,14.2809941812224,2.9821799103945925,1.1025800697422006,1.8281503280990556,8.2,1.064675958454609,0.43542542551960706,0.04358787803391909,0.009981608030498856,0.0,0.04358787803391909,-0.02070602069506078,0,0,0,2,0,0.5,0.2545454545454545,0.3437918013775986,0.3327479487093756,0.8811568622482097,0.5628727342190281,0.0,0.38181818181818183,0.03704080991722951
1475,109,99.0909090909091,110,1,108,1,0,0.00909090909090909,4.203742097222062,4.169401766287056,13.513912490842431,2.9858697325495798,1.1990943366314364,1.8956957112394628,8.2,1.064675958454609,0.4289207337192271,0.05375368872471671,0.015887342316215296,0.0,0.05375368872471671,-0.03049850045520397,0,1,0,1,0,0.5,0.2727272727272727,0.3325517178556315,0.3366489810523774,0.8876012795912019,0.5528340051045043,0.00909090909090909,0.3090909090909091,0.03691362908272446
1476,108,98.18181818181819,110,1,105,2,2,0.00909090909090909,4.227976676963497,4.189886878141994,13.205760231319669,2.9898016409631207,1.2451268495223058,1.921293426101696,8.2,1.064675958454609,0.42731915609493365,0.5738397671564966,0.02340618216319315,0.6,0.028461461339287987,0.012938422419136852,0,3,0,2,0,0.8,0.2636363636363636,0.3266846835376857,0.3408634749041454,0.8876012795912019,0.5429866171671169,0.00909090909090909,0.3090909090909091,0.03705573302322535
1477,108,98.18181818181819,110,0,108,2,0,0.0,4.170451926170356,4.1343189322164875,11.722288504959366,2.993183621460022,1.3151009572258299,1.9685744520529451,8.2,1.064675958454609,0.41829205256681634,0.010984520241290024,0.01272597937708197,0.0,0.010984520241290024,-0.04847769755570597,0,0,0,2,0,1.0,0.24545454545454545,0.30930800152191545,0.3486241421429662,0.8876012795912019,0.5369520793310703,0.0,0.3090909090909091,0.03678611283589471
1478,108,98.18181818181819,110,0,107,3,0,0.0,4.174779478112493,4.138923964367475,12.496281754977277,2.9965688177598064,1.3018976669328641,1.956636094657616,8.2,1.064675958454609,0.42015160528371553,0.02627405072720053,0.009054509341028673,0.0,0.02627405072720053,-0.02210805109666421,0,0,0,3,0,0.6666666666666666,0.2545454545454545,0.3161629447748933,0.3311718292494382,0.8876012795912019,0.5412412781161945,0.0,0.34545454545454546,0.036825771281180544
1479,108,98.18181818181819,110,0,107,3,0,0.0,4.201708449598027,4.1657593139292,13.12297574629322,3.00014654030056,1.2740821759267855,1.9318213330008718,8.2,1.064675958454609,0.4225848884112329,0.009016319438794938,0.008445515761034141,0.0,0.009016319438794938,-0.045961813033438416,0,0,0,3,0,1.0,0.2545454545454545,0.32143097179601804,0.32430692360309465,0.8864739037066133,0.5438494084622143,0.0,0.38181818181818183,0.036979461714484026
1480,109,99.0909090909091,110,0,107,3,0,0.0,4.199921496186058,4.163941898240439,14.186174439462608,3.00367069201924,1.2636178694500395,1.9261422685036724,8.2,1.064675958454609,0.4241652648806924,0.048659764585996045,0.009464086637351238,0.0,0.048659764585996045,-0.013882010681308898,0,0,0,3,0,0.6666666666666666,0.2727272727272727,0.32909349578053415,0.3052896294466904,0.8917176477559854,0.5445648234590291,0.0,0.38181818181818183,0.03698928734546831
1481,109,99.0909090909091,110,1,107,2,0,0.00909090909090909,4.1576382167360775,4.1144659164383315,12.93217998218707,3.0068092414303638,1.2715244034294992,1.9144005514587008,8.2,1.064675958454609,0.4204508704834089,0.02596614848796928,0.009630281840056083,0.0,0.02596614848796928,-0.023862581162805523,0,1,0,2,0,0.6666666666666666,0.2727272727272727,0.31877057867441627,0.3181968929470127,0.8773371288939689,0.5357270270247912,0.00909090909090909,0.36363636363636365,0.03679457863873063
1482,109,99.0909090909091,110,0,108,2,0,0.0,4.141066966033641,4.098061571483646,12.607895188424592,3.009701327371666,1.3491682485177832,1.991463605894208,8.2,1.064675958454609,0.41762091495335407,0.010919688754934053,0.008733888889838991,0.0,0.010919688754934053,-0.034167302319562665,0,0,0,2,0,1.0,0.2727272727272727,0.3143531827036603,0.32273296778867583,0.8787045027587548,0.5282017186221706,0.0,0.4,0.03672711805707589
1483,109,99.0909090909091,110,0,108,2,0,0.0,4.143285781580461,4.100822894842999,12.904309256682907,3.0125861412860067,1.3429245919388977,1.9332409747144017,8.2,1.064675958454609,0.41842080238570833,0.010208690561245251,0.013909903711061104,0.0,0.010208690561245251,-0.0575748874070976,0,0,0,2,0,1.0,0.2909090909090909,0.31691143970208846,0.31255290215995485,0.8816476911643523,0.5307019872896274,0.0,0.36363636363636365,0.03675356909490607
1484,109,99.0909090909091,110,0,106,4,0,0.0,4.164095070617977,4.120959346685729,13.546160157447062,3.0156117516494803,1.3340574927985205,1.909502595813647,8.2,1.064675958454609,0.4195255706877137,0.010585102703307377,0.008363237260064061,0.0,0.010585102703307377,-0.011301246206702475,0,0,0,4,0,1.0,0.2909090909090909,0.32074289933190664,0.2981735724957845,0.8816476911643523,0.5345180823587815,0.0,0.36363636363636365,0.03687372201316185
1485,109,99.0909090909091,110,0,108,2,0,0.0,4.1870424156139245,4.143135711728485,14.56239173398009,3.0187940342084727,1.3384450536111911,1.92448323235134,8.2,1.064675958454609,0.421525067422972,0.00414225774287039,0.012178462316653628,0.0,0.00414225774287039,-0.03656162363733906,0,0,0,2,0,1.0,0.2636363636363636,0.32744995491908424,0.28464017467394004,0.8627934207159348,0.5314136722503818,0.0,0.36363636363636365,0.03700539923680943
1486,110,100.0,110,0,108,2,0,0.0,4.187292824713398,4.1436015846537,14.163334148042715,3.0219464037997548,1.3500153557825478,1.9570558240992613,8.2,1.064675958454609,0.42014938606527874,0.004830082814444034,0.010417593817778622,0.0,0.004830082814444034,-0.03747105645443449,0,0,0,2,0,1.0,0.2727272727272727,0.32343914537469814,0.29757097453410464,0.8562089345223269,0.525851968953232,0.0,0.4,0.03702343254288681
1487,110,100.0,110,0,108,2,0,0.0,4.216340560091554,4.172280245670002,14.43590645074369,3.025309478717115,1.3419894797623408,1.9534052822217347,8.2,1.064675958454609,0.4200401212644651,0.009660582870314441,0.010111593884656787,0.0,0.009660582870314441,-0.04056832440886704,0,0,0,2,0,1.0,0.2545454545454545,0.32464143844402704,0.2987132819963583,0.8761053306325677,0.5287937976192784,0.0,0.36363636363636365,0.03718657414483256
1488,110,100.0,110,0,108,2,0,0.0,4.216683099210952,4.173068364489205,14.306852789282335,3.0286434605136385,1.3622735617868635,1.9769786781629282,8.2,1.064675958454609,0.41785381445075664,0.005108632734811014,0.010338698802857798,0.0,0.005108632734811014,-0.03801322400211249,0,0,0,2,0,1.0,0.2727272727272727,0.32144950730645033,0.29487156955768984,0.8696359940663613,0.5309193522791172,0.0,0.36363636363636365,0.037206034891752976
1489,110,100.0,110,0,107,3,0,0.0,4.230242999298088,4.186323320455182,14.358347569544753,3.0320548440710944,1.3640442952106344,1.9247738085434112,8.2,1.064675958454609,0.4175879701144736,0.004186849804629543,0.009116942032152265,0.0,0.004186849804629543,-0.023928904779255727,0,0,0,3,0,1.0,0.2727272727272727,0.32075791707199924,0.292548322468757,0.8761053306325677,0.5314347316657575,0.0,0.36363636363636365,0.037291994482482105
1490,109,99.0909090909091,110,1,106,3,0,0.00909090909090909,4.198927485053712,4.165322887510371,13.429354918838763,3.0351775971779884,1.4010440802162527,1.9483426157969133,8.2,1.064675958454609,0.41200019800486265,0.01756996317289759,0.011892643260902683,0.0,0.01756996317289759,-0.0152678758688774,0,1,0,3,0,0.75,0.2636363636363636,0.310641772917121,0.29603631698080257,0.8774068214216035,0.525238505869713,0.00909090909090909,0.36363636363636365,0.03715204051204572
1491,107,97.27272727272727,110,2,103,1,4,0.01818181818181818,4.129355654012413,4.084240193374783,11.095836825061639,3.037763201173241,1.5296385541031434,2.036737459505902,8.2,1.064675958454609,0.40558530652307856,0.7463844707758309,0.034391794511996046,0.7142857142857143,0.037802432854753105,0.018670659405657614,0,6,0,1,0,0.8571428571428571,0.2727272727272727,0.2922756614878565,0.334361137203734,0.864178750621538,0.5135207464364415,0.01818181818181818,0.4,0.03681794550889837
1492,106,96.36363636363636,110,1,105,4,0,0.00909090909090909,4.206346271266264,4.165702661710299,13.122567180994006,3.0408550940429633,1.4403171688484335,1.9911561857167552,8.2,1.064675958454609,0.4137017724998888,0.04949746538631638,0.007360589601168581,0.0,0.04949746538631638,-0.004202787867862679,0,1,0,4,0,0.6,0.2545454545454545,0.31053641826955836,0.30178317281221057,0.8730202233256228,0.5271864432720693,0.00909090909090909,0.38181818181818183,0.03721935791519018
1493,106,96.36363636363636,110,0,108,2,0,0.0,4.145318857470614,4.107445362634346,11.545669217487845,3.0434646275513466,1.4909097093153272,2.024661963928721,8.2,1.064675958454609,0.40614524727002,0.048051923340524244,0.012280888717963599,0.0,0.048051923340524244,0.0041883944499829795,0,0,0,2,0,0.5,0.2545454545454545,0.29543045454920636,0.32094012587666226,0.8705604837967128,0.5159108956974143,0.0,0.38181818181818183,0.03692811238415772
1494,105,95.45454545454545,110,1,109,0,0,0.00909090909090909,4.14558333333097,4.108431722979924,11.286455420649995,3.046039785157737,1.5364016074901143,2.0955982992021847,8.2,1.064675958454609,0.40464775147511833,0.07460737588246058,0.016331993642879433,0.0,0.07460737588246058,-0.01568039847026559,0,1,0,0,0,0.0,0.2545454545454545,0.2926474190424603,0.33106011765586324,0.8759253956302268,0.5118865512316286,0.00909090909090909,0.4,0.03694314330542328
1495,106,96.36363636363636,110,0,107,3,0,0.0,4.146594496733117,4.109687083648574,10.344186142011125,3.0486132121580565,1.5308324231307306,2.0842910374884407,8.2,1.064675958454609,0.40394639085543704,0.013864964210078483,0.010140538761351408,0.0,0.013864964210078483,-0.03457276054265431,0,0,0,3,0,1.0,0.23636363636363636,0.2850657940573054,0.3591351064444447,0.8632160761488377,0.5082603938068868,0.0,0.4363636363636364,0.0369618984517244
1496,108,98.18181818181819,110,0,106,4,0,0.0,4.170422648742891,4.134099208925051,10.50943012941607,3.051367168522809,1.5374986345359103,2.083721101011655,8.2,1.064675958454609,0.4053849162558132,0.017518199192966443,0.009090167332262922,0.0,0.017518199192966443,-0.026762563876406437,0,0,0,4,0,1.0,0.23636363636363636,0.28690077028929867,0.36193904897332535,0.8737771703195377,0.5112721317355576,0.0,0.4363636363636364,0.03709569956743419
1497,109,99.0909090909091,110,0,107,3,0,0.0,4.167308451016001,4.129844267868483,10.583388098341,3.0540555631086583,1.5330328752568285,2.0914954568083446,8.2,1.064675958454609,0.40582873658222973,0.0071110142663614664,0.010634410722085702,0.0,0.0071110142663614664,-0.0323699414272914,0,0,0,3,0,1.0,0.23636363636363636,0.28804600766887095,0.3594237995412395,0.8737771703195377,0.5127244497215011,0.0,0.4363636363636364,0.037094439924211714
1498,108,98.18181818181819,110,1,106,3,0,0.00909090909090909,4.139551746485711,4.123648016196958,10.40976947341281,3.0564809614106885,1.5629211413609727,2.0919271919454094,8.2,1.064675958454609,0.4054525044326849,0.16395143481672475,0.011342025898040191,0.25,0.11757125736393116,0.0063523168834010435,0,1,0,3,0,0.5,0.2545454545454545,0.2869074409885557,0.3661014940029664,0.8618384329828305,0.5070073324957245,0.00909090909090909,0.4181818181818182,0.0369685677178695
1499,108,98.18181818181819,110,1,103,5,1,0.00909090909090909,4.153080114317996,4.12092460655106,10.064022625151448,3.0591751765631643,1.642245061970561,2.1891723775315093,8.2,1.064675958454609,0.4035846183896663,0.3112839626854678,0.027702236861495384,0.2857142857142857,0.025569681064187166,-0.010420775733000978,0,2,0,5,0,0.8571428571428571,0.2545454545454545,0.2831988914064768,0.39622781810739627,0.8714598977098157,0.5069829946219908,0.00909090909090909,0.4181818181818182,0.037050551887529655
1500,107,97.27272727272727,110,1,105,4,0,0.00909090909090909,4.133958387084358,4.096283683462855,11.276035683094566,3.0615297059200994,1.6411139477953132,2.277153296400742,8.2,1.064675958454609,0.4089405425672894,0.5296761353920854,0.024171602894754902,0.6,0.11331134434179324,0.012035277267853584,0,1,0,4,0,0.2,0.24545454545454545,0.29748413520902783,0.3609901368882199,0.8685524688053993,0.5075691161130793,0.00909090909090909,0.4181818181818182,0.036967477305360485
1501,107,97.27272727272727,110,0,107,3,0,0.0,4.1605338515915635,4.1223278884151116,11.080038222848493,3.064045882345522,1.6133905766022334,2.2544415956247366,8.2,1.064675958454609,0.4107959168031958,0.0009856451193442758,0.010964742531774513,0.0,0.0009856451193442758,-0.035870305115657954,0,0,0,3,0,1.0,0.24545454545454545,0.2971168253245856,0.36677209108935366,0.867326695343895,0.5113060133466646,0.0,0.4181818181818182,0.0371137491906334
1502,107,97.27272727272727,110,0,107,3,0,0.0,4.1685053800252705,4.131838971278603,10.551975923035421,3.0666162794155802,1.6141764041800906,2.1823993382377567,8.2,1.064675958454609,0.40844646720120736,0.026170423657050478,0.015450220744641079,0.0,0.026170423657050478,-0.06407894266883744,0,0,0,3,0,0.6666666666666666,0.24545454545454545,0.2910753153351586,0.37084671584100326,0.866405593730389,0.513951410404696,0.0,0.4181818181818182,0.0371672900326228
1503,108,98.18181818181819,110,0,107,3,0,0.0,4.1946310451282764,4.157205549426118,10.945189943157025,3.0693753675732123,1.5691158841867605,2.155255895662079,8.2,1.064675958454609,0.41095059441069903,0.0024001051418765748,0.008142732389680952,0.0,0.0024001051418765748,-0.04378833622159447,0,0,0,3,0,1.0,0.23636363636363636,0.2951175423145093,0.3616984892509573,0.8747120983183168,0.5213762858503034,0.0,0.38181818181818183,0.03731260603228127
1504,108,98.18181818181819,110,1,107,2,0,0.00909090909090909,4.23136423154601,4.186162060843431,11.117786936230488,3.072407717904362,1.5732654181345476,2.1470790535941116,8.2,1.064675958454609,0.4139836101648837,0.32920483961423547,0.013370530858034363,0.3333333333333333,0.18270400396696387,0.027351055434717535,0,1,0,2,0,0.3333333333333333,0.24545454545454545,0.298590852280044,0.36504079176449256,0.8764942856179678,0.5204375093442666,0.00909090909090909,0.4,0.03751241431684588
1505,106,96.36363636363636,110,3,106,1,0,0.02727272727272727,4.242114314342754,4.204120871231629,11.266542180121586,3.075454747109299,1.60668139149566,2.185625980031588,8.2,1.064675958454609,0.4152986601677495,0.4733012251811263,0.016515001105073097,0.5,0.1953538199661249,0.040758343548990134,0,3,0,1,0,0.0,0.2636363636363636,0.3005466177112088,0.37795019460670554,0.8704593920231364,0.5085955148611156,0.02727272727272727,0.4,0.03758238522452562
1506,105,95.45454545454545,110,1,107,2,0,0.00909090909090909,4.254480065178237,4.206926959471148,11.144465973724559,3.078624080625739,1.6238028109504348,2.2263700615493076,8.2,1.064675958454609,0.4152888401061061,0.3012156488208575,0.016421396472622685,0.3333333333333333,0.1570082980668605,-0.029702868629195616,0,1,0,2,0,0.3333333333333333,0.2545454545454545,0.3006188311166132,0.3932706749772179,0.8737348604920597,0.5089386298083274,0.00909090909090909,0.41818181818181827,0.03766108554469943
1507,105,95.45454545454545,110,0,108,2,0,0.0,4.2535380682744846,4.204109115753557,11.814001386120408,3.081654821406224,1.6245836013900035,2.1980774074265566,8.2,1.064675958454609,0.4175006785739741,0.21765919372859924,0.013503348028449555,0.0,0.21765919372859924,0.023221413978143646,0,0,0,2,0,0.0,0.24545454545454545,0.30778000808610956,0.3867513587349868,0.860585537805919,0.50793932590773,0.0,0.45454545454545453,0.037672509344407114
1508,105,95.45454545454545,110,0,108,2,0,0.0,4.274970552583844,4.225162394822464,11.626755409545032,3.084832613978827,1.627489530961843,2.2046740681526455,8.2,1.064675958454609,0.41510266537857277,0.18237106650702517,0.013682374429762285,0.0,0.18237106650702517,0.022367216001260348,0,0,0,2,0,0.0,0.24545454545454545,0.30355217139905566,0.3999497463961466,0.8697678327734514,0.5042393805295189,0.0,0.41818181818181815,0.037796588362718944
1509,106,96.36363636363636,110,1,108,1,0,0.00909090909090909,4.269513853980386,4.212682538193942,11.748510285805931,3.0879260184417543,1.5884146543258664,2.18736830337646,8.2,1.064675958454609,0.4151874866254017,0.13252673486953875,0.013129146660422919,0.0,0.13252673486953875,-0.0011951079498560002,0,1,0,1,0,0.0,0.23636363636363636,0.3050539562576432,0.3950363292363335,0.8948834810717731,0.5130705539366174,0.00909090909090909,0.38181818181818183,0.03778577223650893
1510,107,97.27272727272727,110,1,109,0,0,0.00909090909090909,4.2810985909990515,4.2355617935706125,11.664800093002665,3.091032664146059,1.5664776360438784,2.10277508587847,8.2,1.064675958454609,0.41521750822812153,0.3122211185713217,0.010654865904763226,0.0,0.3122211185713217,0.026916399662744395,0,1,0,0,0,0.0,0.22727272727272727,0.3032655163641768,0.405988509700828,0.90868056008913,0.5086350808547849,0.00909090909090909,0.32727272727272727,0.037860233776566304
1511,108,98.18181818181819,110,0,109,1,0,0.0,4.258587708791748,4.214606645314633,11.140414798286558,3.094020705459794,1.586248685994489,2.143100201748757,8.2,1.064675958454609,0.41258605434565876,0.29272400537251886,0.00948668031390311,0.0,0.29272400537251886,0.030403848914240528,0,0,0,1,0,0.0,0.24545454545454545,0.2979360536725996,0.414154676770554,0.9065569804567447,0.5074839600698356,0.0,0.32727272727272727,0.0377635858442778
1512,108,98.18181818181819,110,1,107,2,0,0.00909090909090909,4.2657663716162455,4.218625297246768,11.387069122509692,3.09703073281832,1.5526065646130613,2.1205638954095702,8.2,1.064675958454609,0.4146227790336441,0.13430531984528796,0.00848004352814609,0.0,0.13430531984528796,0.03632996928524886,0,1,0,2,0,0.3333333333333333,0.2545454545454545,0.3011977347541387,0.40561125597032066,0.9082887006401917,0.5072588646771582,0.00909090909090909,0.3090909090909091,0.037815502677214854
1513,108,98.18181818181819,110,0,110,0,0,0.0,4.276209635596272,4.227848361308615,11.212078952511026,3.100067699230269,1.5713924367656475,2.161955622295004,8.2,1.064675958454609,0.41166225506382914,0.0,0.0,0.0,0.0,0.0,0,0,0,0,0,0.0,0.24545454545454545,0.2971526748589168,0.4019603130891951,0.9075710600281961,0.5061878372657068,0.0,0.29090909090909095,0.037883885922742166
1514,108,98.18181818181819,110,0,109,1,0,0.0,4.287110740540979,4.239043255998379,11.305710084090306,3.103167683272833,1.5569536403845574,2.1709405126232526,8.2,1.064675958454609,0.41089991093168643,0.1883405374101501,0.009672316318167371,0.0,0.1883405374101501,0.030062502903703603,0,0,0,1,0,0.0,0.24545454545454545,0.29674818721205326,0.3967746667280667,0.9023233423738527,0.5074828359050223,0.0,0.29090909090909095,0.03795489383987426
1515,109,99.0909090909091,110,0,110,0,0,0.0,4.300275140513405,4.251459068336689,12.180623614655824,3.106340413065789,1.5264977838029568,2.1643450516460625,8.2,1.064675958454609,0.41289392399197555,0.0,0.0,0.0,0.0,0.0,0,0,0,0,0,0.0,0.24545454545454545,0.3045912470548116,0.37784904469255653,0.9097178943373005,0.5112823299294728,0.0,0.29090909090909095,0.038037605485402554
1516,109,99.0909090909091,110,0,110,0,0,0.0,4.302827388928891,4.254030437460206,11.93382234458475,3.109501264966502,1.494076159972923,2.1451576609819143,8.2,1.064675958454609,0.4121462876453681,0.0,0.0,0.0,0.0,0.0,0,0,0,0,0,0.0,0.24545454545454545,0.30241999937223496,0.3750266055653426,0.9004626021830162,0.5190853558110826,0.0,0.29090909090909095,0.0380671931426146
1517,110,100.0,110,0,110,0,0,0.0,4.298671477307677,4.249736819929368,12.124844014951274,3.1125918935460666,1.496601640348556,2.1065861083910473,8.2,1.064675958454609,0.41371570358598775,0.0,0.0,0.0,0.0,0.0,0,0,0,0,0,0.0,0.24545454545454545,0.3054917468643488,0.37253030867424536,0.8992793602369893,0.5200555451125357,0.0,0.32727272727272727,0.038062866174234405
1518,110,100.0,110,0,110,0,0,0.0,4.265395046147834,4.218636213725138,10.598210389447194,3.1153847204044274,1.4976746614125984,2.0892257531151084,8.2,1.064675958454609,0.406895561283491,0.0,0.0,0.0,0.0,0.0,0,0,0,0,0,0.0,0.24545454545454545,0.28895205705665133,0.3988586034165132,0.8915404562691043,0.5105570044563335,0.0,0.32727272727272727,0.03791135129649631
1519,109,99.0909090909091,110,1,109,0,0,0.00909090909090909,4.256947593589827,4.206398100599972,10.751949056298521,3.118085218072614,1.480626526084314,2.076916847734387,8.2,1.064675958454609,0.40687373818314243,0.9980901055184197,0.03968999997977389,1.0,0.0019098944815802987,0.040313299215840814,0,1,0,0,0,1.0,0.2727272727272727,0.2901660575138413,0.38398375638725785,0.898311676030882,0.5171930155766393,0.00909090909090909,0.3090909090909091,0.03788348980842218
1520,109,99.0909090909091,110,0,109,1,0,0.0,4.234657809825552,4.18422128762869,10.738005278339731,3.120526432870006,1.4464298725072804,2.042998625296511,8.2,1.064675958454609,0.4063797077460114,0.26473985151232426,0.010848656229698035,0.0,0.26473985151232426,0.027859029644386357,0,0,0,1,0,0.0,0.24545454545454545,0.29005251936086923,0.3792506064491734,0.9198407541621221,0.5192414889692444,0.0,0.3090909090909091,0.037785036403121836
1521,109,99.0909090909091,110,0,109,1,0,0.0,4.221539563996993,4.172580879524213,10.45344841395135,3.122842510539112,1.4483259362743581,2.0030363188091567,8.2,1.064675958454609,0.4051052993451092,0.24298226977307194,0.010636467957440434,0.0,0.24298226977307194,0.028219735881085617,0,0,0,1,0,0.0,0.2545454545454545,0.28678828911786697,0.3811818224199467,0.9098602269251745,0.5188426839932987,0.0,0.3454545454545455,0.037731774535040105
1522,108,98.18181818181819,110,1,109,0,0,0.00909090909090909,4.202521052705644,4.1515274232450405,10.11047753778814,3.1249863265149602,1.4938224432993985,2.0670863007391995,8.2,1.064675958454609,0.40031290522980045,0.23910136428448464,0.010813985335196835,0.0,0.23910136428448464,0.025110853258139887,0,1,0,0,0,0.0,0.23636363636363636,0.2802690786297098,0.38024614343711005,0.8824910587439587,0.5090240514089417,0.00909090909090909,0.3454545454545454,0.03764809432522753
1523,107,97.27272727272727,110,1,108,1,0,0.00909090909090909,4.24695600914683,4.206935072137771,10.815025320762338,3.127441859241643,1.5017178705140166,2.0623534664200065,8.2,1.064675958454609,0.40412425871327917,0.42364595486446704,0.012725134459886763,0.5,0.08514962230535844,0.02625767552067615,0,1,0,1,0,0.5,0.23636363636363636,0.2879355515529129,0.37901116758466435,0.8903909417592413,0.5081574449701923,0.00909090909090909,0.34545454545454546,0.03788334084072996
1524,108,98.18181818181819,110,0,107,3,0,0.0,4.222018297430977,4.1828542594027,10.042131289313078,3.1297718125932947,1.4905082654294666,2.021600558156959,8.2,1.064675958454609,0.4006373852048133,0.010211857431174637,0.00880984288257271,0.0,0.010211857431174637,0.003030541187887851,0,0,0,3,0,1.0,0.22727272727272727,0.27945047817877966,0.3930243922600617,0.8941769308396791,0.5045412012878571,0.0,0.34545454545454546,0.03777105550873981
1525,108,98.18181818181819,110,0,108,2,0,0.0,4.2339475478809785,4.193317374145296,11.008976594986912,3.132166078105505,1.5082385504317746,2.0847160307813923,8.2,1.064675958454609,0.40329256419013415,0.0016483722578951652,0.011790794515858093,0.0,0.0016483722578951652,-0.031411353598938874,0,0,0,2,0,1.0,0.21818181818181817,0.2886602626592053,0.37925108836596155,0.8706635158136895,0.5059866991327998,0.0,0.38181818181818183,0.037843447345634856
1526,108,98.18181818181819,110,0,108,2,0,0.0,4.264263512155859,4.22175115744156,12.059572040675754,3.1347770345722927,1.5107457322279407,2.1005527298858353,8.2,1.064675958454609,0.4034927728057909,0.2570534225535324,0.01738475958255508,0.0,0.2570534225535324,-0.017000808861627248,0,0,0,2,0,0.5,0.21818181818181817,0.2951022125544015,0.3478002341715076,0.8920579302833236,0.5134567876708243,0.0,0.38181818181818183,0.03800892627990306
1527,109,99.0909090909091,110,0,107,3,0,0.0,4.23937026532085,4.197482851148062,11.907611988292633,3.1371534897551885,1.5101620573743315,2.088092447585405,8.2,1.064675958454609,0.4004396163322621,0.2035915529294812,0.019843854839087002,0.3333333333333333,0.15947319501792853,-0.028198943040067093,0,0,0,3,0,0.6666666666666666,0.21818181818181817,0.29185283834190784,0.3366204249843788,0.880749635391683,0.513337090350144,0.0,0.38181818181818183,0.03789711081922588
1528,108,98.18181818181819,110,2,106,2,0,0.01818181818181818,4.297285474776616,4.243696481968672,12.674409053564997,3.1399862681141553,1.5342937123657723,2.1727455076287416,8.2,1.064675958454609,0.4010868330551185,0.3774249811127923,0.019736034808114318,0.25,0.12742498329604923,0.0161844454586354,0,2,0,2,0,0.75,0.21818181818181817,0.2951234467363077,0.3225148007752534,0.8803651945743306,0.5150221910416487,0.01818181818181818,0.4,0.038201766821576826
1529,108,98.18181818181819,110,0,109,1,0,0.0,4.282546644873454,4.228773009430447,12.265072821903704,3.1425737728739858,1.5256625625912543,2.1412809681366025,8.2,1.064675958454609,0.4003703461546071,0.05630969324549376,0.00901585371505436,0.0,0.05630969324549376,0.01108794436661964,0,0,0,1,0,0.0,0.22727272727272727,0.2921256932132091,0.3247738852455034,0.8973670709545615,0.5164820639475984,0.0,0.4,0.03814184694261191
1530,108,98.18181818181819,110,0,109,1,0,0.0,4.301710654735439,4.246674937772331,12.854727437369359,3.14528620711444,1.5158697777790162,2.1249259106701874,8.2,1.064675958454609,0.4023700367720078,0.029083682571759084,0.007839523566463195,0.0,0.029083682571759084,0.01580176046079984,0,0,0,1,0,1.0,0.21818181818181817,0.2969784063856473,0.3177683879099451,0.8989063621110833,0.5181716882823483,0.0,0.4,0.03825210630954534
1531,108,98.18181818181819,110,0,108,2,0,0.0,4.299366510684457,4.24298842078257,13.189071641087097,3.1479383631515723,1.4798766796617904,2.1140305740998957,8.2,1.064675958454609,0.4045976699165508,0.18064599628862618,0.011423685654179554,0.0,0.18064599628862618,0.023100064609481552,0,0,0,2,0,0.5,0.22727272727272727,0.30274468265410337,0.31896311322326676,0.9089980348233763,0.5195915850387236,0.0,0.36363636363636365,0.03825450402314445
1532,107,97.27272727272727,110,1,107,2,0,0.00909090909090909,4.317606083039066,4.264414410944403,14.03423306017109,3.1507039452339964,1.4885921194993634,2.134159891058838,8.2,1.064675958454609,0.4056676653420024,0.09204688003953153,0.012309247575790133,0.0,0.09204688003953153,-0.01030731406087404,0,1,0,2,0,0.6666666666666666,0.20909090909090908,0.3077320472922294,0.30456930935908555,0.9139997940332151,0.5178440931122056,0.00909090909090909,0.38181818181818183,0.038360424128688946
1533,109,99.0909090909091,110,0,108,2,0,0.0,4.295866979502219,4.243579723609662,13.082771143328348,3.1533034562831097,1.5053514191674775,2.1115956606899378,8.2,1.064675958454609,0.4041397359290795,0.0003725350427651166,0.011287691171440503,0.0,0.0003725350427651166,-0.0425020617883102,0,0,0,2,0,1.0,0.20909090909090908,0.3011849764581157,0.32202312214314094,0.897609871322758,0.515275458550683,0.0,0.38181818181818183,0.038265566795593356
1534,109,99.0909090909091,110,0,109,1,0,0.0,4.323737133158749,4.270337637020918,14.723548884412866,3.1561031990199058,1.4629532758522636,2.0582056221683653,8.2,1.064675958454609,0.4066812443957739,0.20800976809597527,0.001820871227721147,0.0,0.20800976809597527,0.013150286607413353,0,0,0,1,0,0.0,0.2,0.31316931782147805,0.28917427390673794,0.9083067330958267,0.5244381546721574,0.0,0.4181818181818182,0.038419821657784625
1535,108,98.18181818181819,110,1,109,0,0,0.00909090909090909,4.342094318007793,4.293337898222087,16.534181757161587,3.1590222949647515,1.423828093216807,2.021653412899478,8.2,1.064675958454609,0.4123667483862419,0.21824331371222686,0.001615312996130803,0.0,0.21824331371222686,0.001983431311581463,0,1,0,0,0,0.0,0.2636363636363636,0.32708972119088014,0.26697969093564666,0.8837955232017863,0.5303258116547489,0.00909090909090909,0.38181818181818183,0.03852714703839434
1536,108,98.18181818181819,110,0,110,0,0,0.0,4.326511467566747,4.27831781342072,15.253843111091077,3.1618291210166585,1.4656001809260886,2.0618171900570683,8.2,1.064675958454609,0.40982023550548585,0.0,0.0,0.0,0.0,0.0,0,0,0,0,0,0.0,0.2545454545454545,0.31744519295517803,0.2850953068914055,0.8844924002966512,0.5232128808800722,0.0,0.38181818181818183,0.03846417458727426
1537,109,99.0909090909091,110,0,109,1,0,0.0,4.3531791277811545,4.304753401427461,16.689170830862114,3.1648312261463816,1.4351146161876824,2.02425422651878,8.2,1.064675958454609,0.41358103827435655,0.03971357289440697,0.017233856414864232,0.0,0.03971357289440697,0.0011903116906550881,0,0,0,1,0,1.0,0.2636363636363636,0.32791093629985973,0.2636540121879203,0.9062879782835856,0.5304429832743983,0.0,0.38181818181818183,0.038613494234128146
1538,109,99.0909090909091,110,0,109,1,0,0.0,4.358414767598989,4.309126192440594,17.5438511530136,3.1678386134282452,1.4372817027601787,2.075511343849018,8.2,1.064675958454609,0.41198422248766353,0.3287698878335986,0.027237915993405967,0.0,0.3287698878335986,0.014376432856974208,0,0,0,1,0,0.0,0.2545454545454545,0.3306233951885599,0.2488686320388205,0.9132026296767872,0.5272398089608507,0.0,0.38181818181818183,0.038655681897901126
1539,109,99.0909090909091,110,0,109,1,0,0.0,4.398115144367954,4.347403859807333,19.827841832888858,3.17114000827827,1.3906649630283732,2.0517732855908037,8.2,1.064675958454609,0.4173430878612474,0.16696099444817664,0.019748055305017123,0.0,0.16696099444817664,0.01806880110276765,0,0,0,1,0,0.0,0.2727272727272727,0.3469477196071514,0.2243115177368885,0.9026062307057022,0.5365964123825072,0.0,0.4181818181818182,0.03887175836037689
1540,109,99.0909090909091,110,1,109,0,0,0.00909090909090909,4.431028252151869,4.376349369365096,21.61552648017622,3.1746783759332384,1.3892088249473376,2.0469163503090946,8.2,1.064675958454609,0.423183504142977,0.45690987489998036,0.017787605693864575,0.0,0.45690987489998036,0.042471538448037416,0,1,0,0,0,0.0,0.2636363636363636,0.3611634618011956,0.2151490510883943,0.9003519656601138,0.5439523241317377,0.00909090909090909,0.41818181818181815,0.03905515997416856
1541,108,98.18181818181819,110,1,109,0,0,0.00909090909090909,4.403771596235043,4.347941917335888,21.39355597191924,3.177928812500011,1.4143182453217897,2.0698051085126257,8.2,1.064675958454609,0.4192442990682044,0.3086028205726289,0.021043621201654546,0.0,0.3086028205726289,0.023921029996024856,0,1,0,0,0,0.0,0.23636363636363636,0.35700385171965726,0.20818185172786297,0.8867099894892034,0.5408475572954657,0.00909090909090909,0.38181818181818183,0.038936180002920054
1542,108,98.18181818181819,110,0,107,3,0,0.0,4.425924717479253,4.369696362231167,23.54716726994819,3.1813126537574337,1.3724768902750706,2.053738079489756,8.2,1.064675958454609,0.42590791005229733,0.2787202352969039,0.014169702511898192,0.0,0.2787202352969039,0.01841653590638866,0,0,0,3,0,0.0,0.2545454545454545,0.3738910893035837,0.19550833422223263,0.8867099894892034,0.5527702613528426,0.0,0.38181818181818183,0.03906495908131112
1543,107,97.27272727272727,110,1,108,1,0,0.00909090909090909,4.404879137833767,4.356107825470606,21.525332921381697,3.1844925010231755,1.4253121262040271,2.1094112639007148,8.2,1.064675958454609,0.4205370781407227,0.25021934670101176,0.014083601321128347,0.0,0.25021934670101176,0.010904062982357243,0,1,0,1,0,0.0,0.2545454545454545,0.360270790558484,0.21627980401291377,0.901028144629062,0.5393662238117608,0.00909090909090909,0.36363636363636365,0.038976658717760654
1544,107,97.27272727272727,110,0,109,1,0,0.0,4.367532828093798,4.319671985025671,19.920138348462437,3.1873803822529254,1.4824259689169137,2.1346662907431817,8.2,1.064675958454609,0.4139267197663983,0.11313099807251677,0.017215068858810467,0.0,0.11313099807251677,0.02841827536456587,0,0,0,1,0,0.0,0.22727272727272727,0.3471465855570032,0.2223541758745889,0.9018022045123172,0.5322901632932314,0.0,0.36363636363636365,0.038805300457641745
1545,108,98.18181818181819,110,0,108,2,0,0.0,4.414144946724898,4.366050996219922,18.390444219427668,3.1906325458510776,1.4669521066842532,2.097892600236988,8.2,1.064675958454609,0.41346599304753284,0.3355921030695523,0.01751322600470085,0.5,0.2361741410592489,0.01851842039592755,0,0,0,2,0,0.0,0.21818181818181817,0.33588261006444076,0.24659807206670264,0.9159909403694808,0.5277387479152109,0.0,0.32727272727272727,0.03905567355277682
1546,107,97.27272727272727,110,2,108,0,0,0.01818181818181818,4.40305830402631,4.347828104705532,17.077748739837,3.1937608308211836,1.5353665642557404,2.1755482202260668,8.2,1.064675958454609,0.40933485748778486,0.4758814612372044,0.022763242829999426,0.5,0.07539867340765745,0.02226014276755428,0,2,0,0,0,0.0,0.22727272727272727,0.3254590855023056,0.2564046565116295,0.9017257766706428,0.5182201301327631,0.01818181818181818,0.34545454545454546,0.03901689338827821
1547,107,97.27272727272727,110,0,108,2,0,0.0,4.4080290265923585,4.353113403429804,16.789196262111897,3.196834868565356,1.4803775950042188,2.080983238608211,8.2,1.064675958454609,0.4123604650379602,0.17367654657835713,0.0074481221474827514,0.0,0.17367654657835713,0.0016241847560390377,0,0,0,2,0,0.0,0.22727272727272727,0.3264786483521361,0.26566396139557646,0.918315185802886,0.5244673722878952,0.0,0.3090909090909091,0.03905811127151647
1548,108,98.18181818181819,110,0,108,2,0,0.0,4.416977178242761,4.3628176589296475,16.02693586163968,3.1999588328689157,1.4657967465228225,2.0906717020121817,8.2,1.064675958454609,0.40862956654441285,0.2156785390582755,0.008738425049056052,0.0,0.2156785390582755,-0.00011743194707913851,0,0,0,2,0,0.5,0.21818181818181817,0.31832713382197925,0.2758215877635622,0.9241476044548165,0.5187318684691619,0.0,0.3090909090909091,0.039119482078213835
1549,108,98.18181818181819,110,0,109,1,0,0.0,4.394130484495638,4.341558363810496,15.020933691470763,3.202868462992328,1.4691490893765224,2.095690663076611,8.2,1.064675958454609,0.4055931225661715,0.41443440888351835,0.011221576463222903,0.0,0.41443440888351835,0.00142022113490603,0,0,0,1,0,0.0,0.21818181818181817,0.30969202062178686,0.2820566034449521,0.9102757264123714,0.5167354947539378,0.0,0.2727272727272727,0.03902073767568018
1550,107,97.27272727272727,110,1,108,1,0,0.00909090909090909,4.358351259005375,4.318263333473626,14.52056564778248,3.2054547458190137,1.5080339051221976,2.1276501142431856,8.2,1.064675958454609,0.4038727312354744,0.2830281420483127,0.017034278101030045,0.0,0.2830281420483127,0.020542017242175803,0,1,0,1,0,0.0,0.24545454545454545,0.3059889198382158,0.283879070257862,0.9009827618410766,0.5131329955670906,0.00909090909090909,0.3090909090909091,0.03885560931396555
1551,109,99.0909090909091,110,0,110,0,0,0.0,4.351457908841612,4.312052583418862,14.472843883775582,3.2080545495184016,1.5020765673266347,2.1614749322322817,8.2,1.064675958454609,0.40474424304386636,0.0,0.0,0.0,0.0,0.0,0,0,0,0,0,0.0,0.23636363636363636,0.3065875046890593,0.2763421263417488,0.9036703743734364,0.5172130240973746,0.0,0.3090909090909091,0.038834982305623926
1552,109,99.0909090909091,110,0,110,0,0,0.0,4.379090877144133,4.338466952202436,14.464454670869163,3.210851655680048,1.5254575900575176,2.200539001933961,8.2,1.064675958454609,0.403596385323683,0.0,0.0,0.0,0.0,0.0,0,0,0,0,0,0.0,0.23636363636363636,0.30462319185021436,0.2790093577239442,0.9124898470678313,0.5131089896712766,0.0,0.3090909090909091,0.038988037205554285
1553,109,99.0909090909091,110,0,110,0,0,0.0,4.380788809840643,4.33991108566387,15.252534633875094,3.2136312819982775,1.5127044111099477,2.1775687807412867,8.2,1.064675958454609,0.40700413330933394,0.0,0.0,0.0,0.0,0.0,0,0,0,0,0,0.0,0.2545454545454545,0.3121245152241551,0.26742247717400325,0.9213185305826039,0.5179686576469815,0.0,0.34545454545454546,0.03901132387560936
1554,109,99.0909090909091,110,0,110,0,0,0.0,4.396190868040181,4.354868613951248,16.150438045332926,3.216508713669484,1.4907132947364279,2.1485931193942314,8.2,1.064675958454609,0.40933667890598624,0.0,0.0,0.0,0.0,0.0,0,0,0,0,0,0.0,0.24545454545454545,0.31884626172149355,0.2547125790088591,0.9115871742513962,0.523644454306087,0.0,0.34545454545454546,0.039103651828219205
1555,109,99.0909090909091,110,1,109,0,0,0.00909090909090909,4.441480452587192,4.392569270741282,17.508639904853666,3.2197238608067584,1.4225471539437393,2.104489367502167,8.2,1.064675958454609,0.4157645044189988,0.06497798608952783,0.009319004702569626,0.0,0.06497798608952783,-0.003962216239989713,0,1,0,0,0,0.0,0.2636363636363636,0.33123683381084457,0.24925732024790498,0.9070266293217246,0.5366237116030285,0.00909090909090909,0.3636363636363637,0.03934721520025401
1556,108,98.18181818181819,110,1,109,0,0,0.00909090909090909,4.435791930315238,4.39787366803706,16.578942968637946,3.222821027080641,1.4574360600434524,2.1359588104223795,8.2,1.064675958454609,0.41240220950527084,0.35065530100152337,0.013508865681514888,0.0,0.35065530100152337,0.009650955977340558,0,1,0,0,0,0.0,0.24545454545454545,0.3217530417595888,0.2563215611513214,0.9196872536862906,0.5261015913384217,0.00909090909090909,0.34545454545454546,0.03933525998124994
1557,108,98.18181818181819,110,0,110,0,0,0.0,4.442371755660021,4.403971421002713,17.070439191185528,3.226018846370596,1.4388743545270901,2.121209936860299,8.2,1.064675958454609,0.4112892985249208,0.0,0.0,0.0,0.0,0.0,0,0,0,0,0,0.0,0.2727272727272727,0.3230594688927318,0.2479191234273156,0.9242578986904328,0.5265337135537568,0.0,0.34545454545454546,0.03938518231456134
1558,107,97.27272727272727,110,1,109,0,0,0.00909090909090909,4.46018381786258,4.41075636208955,16.98592418644185,3.2293314229330785,1.4571399450848157,2.1376209842045832,8.2,1.064675958454609,0.40871639330365017,0.6026038670692514,0.03382300125725398,1.0,0.3973961329307486,-0.0037450898787008136,0,1,0,0,0,0.0,0.2636363636363636,0.3202584210892622,0.2514595058542424,0.924319262597252,0.5227492313988323,0.00909090909090909,0.34545454545454546,0.03949187672870721
1559,107,97.27272727272727,110,0,110,0,0,0.0,4.431882135534208,4.3842095716116924,15.585854778535246,3.232291607876063,1.4545098578835554,2.117499674727912,8.2,1.064675958454609,0.40700985306327553,0.0,0.0,0.0,0.0,0.0,0,0,0,0,0,0.0,0.2909090909090909,0.3119772942770849,0.27275646188127106,0.9119479147195619,0.5210014189325824,0.0,0.3090909090909091,0.03936612650577222
1560,108,98.18181818181819,110,0,110,0,0,0.0,4.438078424469438,4.389783214177801,16.597194720715855,3.2352677494275617,1.4385182881503362,2.1193180941469367,8.2,1.064675958454609,0.40827378990889196,0.0,0.0,0.0,0.0,0.0,0,0,0,0,0,0.0,0.2636363636363636,0.31814261528626164,0.2606441459374289,0.9118936189671412,0.522979602677305,0.0,0.3090909090909091,0.03941295108224257
1561,109,99.0909090909091,110,0,109,1,0,0.0,4.440495096588973,4.392626924165494,15.426781432242091,3.2382364257527256,1.4881881477882908,2.149061957082642,8.2,1.064675958454609,0.4041103823578296,0.003006197930115532,0.01851660896396457,0.0,0.003006197930115532,-0.03806873236639774,0,0,0,1,0,1.0,0.2545454545454545,0.3075305546673546,0.27098797445535855,0.9217793047155539,0.5202102543599659,0.0,0.3090909090909091,0.03944083783439942
1562,109,99.0909090909091,110,0,110,0,0,0.0,4.43058590488512,4.384018953018783,13.221648933799278,3.2411001776953245,1.4916137622988521,2.128714719439085,8.2,1.064675958454609,0.40081027161832994,0.0,0.0,0.0,0.0,0.0,0,0,0,0,0,0.0,0.2545454545454545,0.29187394010862683,0.3054768174826793,0.9081781622682921,0.5161961160371676,0.0,0.34545454545454546,0.03940653671510147
1563,110,100.0,110,0,109,1,0,0.0,4.385368875834755,4.339483623754957,13.156128907168748,3.243554114404528,1.493823738354548,2.1315792715942035,8.2,1.064675958454609,0.40234230434626483,0.010768260031318932,0.016937496548751076,0.0,0.010768260031318932,-0.02647880315076656,0,0,0,1,0,1.0,0.2727272727272727,0.2947078960976204,0.3016054761274904,0.9081781622682921,0.5192418655206376,0.0,0.34545454545454546,0.03919351480693893
1564,110,100.0,110,0,109,1,0,0.0,4.416898751605437,4.371616837721706,13.299065804300787,3.246255616322579,1.5130468075538441,2.1219112493348806,8.2,1.064675958454609,0.40166335327849767,0.0003920261935058385,0.012147729401781845,0.0,0.0003920261935058385,-0.06272749859413218,0,0,0,1,0,1.0,0.2545454545454545,0.2935176663558773,0.3028774421382803,0.9007246629463737,0.5160843041133246,0.0,0.38181818181818183,0.03936554530651168
1565,110,100.0,110,0,109,1,0,0.0,4.442047774269164,4.39690996569315,13.8222725630235,3.2491437878813136,1.5076282572974338,2.1683702821584068,8.2,1.064675958454609,0.4039444939883703,0.02492070652228247,0.022858396749723495,0.0,0.02492070652228247,0.0057635952868504425,0,0,0,1,0,1.0,0.24545454545454545,0.29858451330324465,0.29751934574593125,0.9142034094267284,0.518278524289861,0.0,0.34545454545454546,0.039506665253942704
1566,110,100.0,110,0,109,1,0,0.0,4.4564367395417115,4.4111478178046175,12.927270064156197,3.2521224793625687,1.5037877888571207,2.1505935972078394,8.2,1.064675958454609,0.40180114830618807,0.16891718421630084,0.01442270568291467,0.0,0.16891718421630084,0.01427857369916996,0,0,0,1,0,0.0,0.23636363636363636,0.2906820900369768,0.3132601480879903,0.9142034094267284,0.5168379962372504,0.0,0.34545454545454546,0.03959446678634417
1567,109,99.0909090909091,110,1,108,1,0,0.00909090909090909,4.44964146905959,4.412453179682791,12.459907053398629,3.2550171847714275,1.5227273067499676,2.159126315262746,8.2,1.064675958454609,0.40070288195936143,0.5063691029632909,0.024326435419380253,0.5,0.019733335908573443,0.014337520136790682,0,1,0,1,0,1.0,0.22727272727272727,0.28709350667523553,0.3250165768571233,0.9058044447532806,0.5151218025594507,0.00909090909090909,0.3090909090909091,0.039575900050211665
1568,108,98.18181818181819,110,1,107,2,0,0.00909090909090909,4.4476180322427625,4.402033433282915,12.124378840458437,3.2579286992481347,1.5436223378026086,2.17515584719229,8.2,1.064675958454609,0.3977475662073895,0.09037109286922251,0.00962762422417373,0.0,0.09037109286922251,-0.02264803170406815,0,1,0,2,0,0.3333333333333333,0.23636363636363636,0.2829206535070403,0.32118771653468514,0.9157847604570133,0.5111804789212626,0.00909090909090909,0.32727272727272727,0.03958128196345774
1569,108,98.18181818181819,110,0,110,0,0,0.0,4.45117575665416,4.40537038754687,11.616573785979119,3.260764651161319,1.5025843559903747,2.103906019866889,8.2,1.064675958454609,0.3983932103292065,0.0,0.0,0.0,0.0,0.0,0,0,0,0,0,0.0,0.21818181818181817,0.2796312432801068,0.33682009671259555,0.9136217377436183,0.5108423800399224,0.0,0.32727272727272727,0.039614167434621234
1570,108,98.18181818181819,110,0,108,2,0,0.0,4.430292042752459,4.3835592508773535,11.330687526300034,3.263384635033582,1.5264249810902004,2.1208554778247595,8.2,1.064675958454609,0.3957977407719653,0.12201632012984855,0.006329617357001813,0.0,0.12201632012984855,-0.0064631455523894155,0,0,0,2,0,0.0,0.21818181818181817,0.2767356326752152,0.34483422134956215,0.895258408740202,0.5041242064905377,0.0,0.32727272727272727,0.03952369603431441
1571,108,98.18181818181819,110,0,107,3,0,0.0,4.389722572225278,4.343882345249446,10.624183416898964,3.2656387801872175,1.5682714796805182,2.150543845709798,8.2,1.064675958454609,0.39239251411371545,0.1081270116197209,0.006902118190521746,0.0,0.1081270116197209,0.0031531074075690593,0,0,0,3,0,0.0,0.21818181818181817,0.27033888784465177,0.35116714754163386,0.8905553441502455,0.49832142696319937,0.0,0.32727272727272727,0.03933284835243822
1572,109,99.0909090909091,110,0,106,4,0,0.0,4.382663775757029,4.336963903234031,10.107361782669914,3.2678099988082643,1.583851190981367,2.168309546751683,8.2,1.064675958454609,0.39013731190031553,0.07532819531686438,0.011448114262834872,0.0,0.07532819531686438,-0.012851915524839996,0,0,0,4,0,0.5,0.21818181818181817,0.26494968609224295,0.35632281156121653,0.8852605593409142,0.4980551717247213,0.0,0.32727272727272727,0.039309112591428864
1573,110,100.0,110,0,108,2,0,0.0,4.358005147390478,4.312871256235374,10.559700182913588,3.2697528940903666,1.564537041566026,2.1509778628228386,8.2,1.064675958454609,0.3916563578756431,0.0907153365005893,0.009834021719163605,0.0,0.0907153365005893,0.005659197211138389,0,0,0,2,0,0.5,0.22727272727272727,0.26971057355562406,0.325092556254306,0.9138824262925769,0.5047351189078801,0.0,0.2909090909090909,0.03919616221907936
1574,110,100.0,110,0,105,5,0,0.0,4.410536915371827,4.365592041230438,10.65267387681653,3.272124148251863,1.524792981768836,2.12816802178028,8.2,1.064675958454609,0.3899615216146528,0.13715759925021845,0.010151209921192736,0.0,0.13715759925021845,-0.002585959066344978,0,0,0,5,0,0.4,0.22727272727272727,0.26714265670144605,0.33030207955758073,0.9050898982588812,0.5034160396247441,0.0,0.2909090909090909,0.039471444145471754
1575,110,100.0,110,0,107,3,0,0.0,4.444693188408865,4.399967246147901,10.349621567902055,3.274762943874329,1.5211157715581576,2.1206332668048047,8.2,1.064675958454609,0.38836162456731893,0.05472269468717095,0.00506845305310556,0.0,0.05472269468717095,-0.0045433834366120545,0,0,0,3,0,0.6666666666666666,0.21818181818181817,0.2624570629400143,0.3393351140650354,0.9187199413920575,0.500748238978822,0.0,0.2909090909090909,0.039656272821949515
1576,109,99.0909090909091,110,1,106,3,0,0.00909090909090909,4.436138694643187,4.387570094969556,10.514457549677687,3.2772904350580028,1.5520153385265874,2.1353471372045774,8.2,1.064675958454609,0.39311533035834456,0.20610084939065826,0.009619176733421058,0.25,0.09814752063386961,0.014834679601260725,0,1,0,3,0,0.5,0.23636363636363636,0.26782728977945724,0.3364590539941686,0.9328594912804118,0.4959757669468789,0.00909090909090909,0.2545454545454545,0.039626955148613446
1577,107,97.27272727272727,110,2,106,2,0,0.01818181818181818,4.4941394017219345,4.449515265824124,10.686513711180401,3.2802645387819154,1.533406252230284,2.127679205785967,8.2,1.064675958454609,0.3952552178875406,0.3572008116516895,0.014323461186607798,0.5,0.1926222787111762,0.021015358536116496,0,2,0,2,0,0.25,0.24545454545454545,0.26822629078767385,0.33798709439382396,0.9255747930618049,0.49951829443835144,0.01818181818181818,0.2727272727272727,0.03993279096767118
1578,106,96.36363636363636,110,1,108,1,0,0.00909090909090909,4.485049904736648,4.440205847652482,10.52990999296428,3.28315596667339,1.532456992248324,2.1227951902533264,8.2,1.064675958454609,0.3991039915781338,0.06065915974494885,0.003689526278863498,0.0,0.06065915974494885,-0.013371376805859425,0,1,0,1,0,0.5,0.24545454545454545,0.2711178139800549,0.3605861683619274,0.8754770371989032,0.495738527143301,0.00909090909090909,0.3090909090909091,0.03990273565155304
1579,106,96.36363636363636,110,0,110,0,0,0.0,4.437462880426487,4.394374570751448,9.551316634504298,3.285629674081037,1.5564726796383457,2.1273092703754437,8.2,1.064675958454609,0.39396464864512537,0.0,0.0,0.0,0.0,0.0,0,0,0,0,0,0.0,0.23636363636363636,0.26106534436906303,0.3854869286107986,0.9086248992596218,0.48973998261459667,0.0,0.2727272727272727,0.039677969014028105
1580,106,96.36363636363636,110,0,110,0,0,0.0,4.458312890439934,4.414542462328197,9.41700592559484,3.2882488226749884,1.5445329359251665,2.1164083050664964,8.2,1.064675958454609,0.3933736617676862,0.0,0.0,0.0,0.0,0.0,0,0,0,0,0,0.0,0.23636363636363636,0.25843136446259435,0.3931726352482918,0.8876167692071235,0.48680753730838416,0.0,0.2727272727272727,0.039796161786793335
1581,107,97.27272727272727,110,0,110,0,0,0.0,4.4279715688956856,4.384856208917718,8.897943020145712,3.290587235901122,1.5509498632685639,2.123845476755684,8.2,1.064675958454609,0.39135953082123986,0.0,0.0,0.0,0.0,0.0,0,0,0,0,0,0.0,0.2545454545454545,0.25355395763707966,0.4107687920771044,0.9019784541268644,0.48247859367390084,0.0,0.2727272727272727,0.03965690344078608
1582,109,99.0909090909091,110,0,110,0,0,0.0,4.419807209428985,4.376810144772334,8.75291279978281,3.2928322209953813,1.5714790252257702,2.1301950135492187,8.2,1.064675958454609,0.3882428915986549,0.0,0.0,0.0,0.0,0.0,0,0,0,0,0,0.0,0.22727272727272727,0.25024810121928365,0.4067212741733357,0.8906467881580611,0.4774542874915487,0.0,0.2727272727272727,0.03962803255173731
1583,110,100.0,110,0,110,0,0,0.0,4.413474631295058,4.371173565525539,8.842261026849929,3.295005295229776,1.5994682407159233,2.1524391334455983,8.2,1.064675958454609,0.38687323827643727,0.0,0.0,0.0,0.0,0.0,0,0,0,0,0,0.0,0.22727272727272727,0.24982493700568717,0.39971581223679464,0.9142644684791257,0.47358746761711856,0.0,0.2727272727272727,0.03960793776053416
1584,110,100.0,110,0,110,0,0,0.0,4.449557706445773,4.407281978947138,9.348629781652079,3.29746278334258,1.5389909313027996,2.0944227428926827,8.2,1.064675958454609,0.3909656081347317,0.0,0.0,0.0,0.0,0.0,0,0,0,0,0,0.0,0.22727272727272727,0.25565912118410433,0.38482054198225496,0.9086248992596218,0.47947098759973905,0.0,0.2727272727272727,0.03980143527884719
1585,110,100.0,110,0,109,1,0,0.0,4.47724978371154,4.4351088862785835,9.475559995507702,3.300131120284137,1.5330749891658941,2.081273805158934,8.2,1.064675958454609,0.3910523394435026,0.021788851912280076,0.01640327313530296,0.0,0.021788851912280076,0.0038497344510530773,0,0,0,1,0,1.0,0.20909090909090908,0.25569875376756435,0.38096153325432786,0.890819764220216,0.4808878568665841,0.0,0.3090909090909091,0.03995410023612968
1586,110,100.0,110,0,109,1,0,0.0,4.4953768544781925,4.451348676597777,10.1756171477355,3.302909368998372,1.497061554874997,2.0811471039293115,8.2,1.064675958454609,0.39666129607633294,0.005877688503862928,0.01794155568287916,0.0,0.005877688503862928,-0.005996817019173761,0,0,0,1,0,1.0,0.23636363636363636,0.2650600183804012,0.36886501574447317,0.8982426291256251,0.48696682495278015,0.0,0.3090909090909091,0.04005952526302621
1587,110,100.0,110,0,110,0,0,0.0,4.501395119033838,4.4578712691722275,9.915418085636281,3.3057135939464874,1.5078700172532091,2.069526744832309,8.2,1.064675958454609,0.39377482785671725,0.0,0.0,0.0,0.0,0.0,0,0,0,0,0,0.0,0.22727272727272727,0.2602106141210142,0.3686701742183698,0.9023463727355163,0.48827977156009345,0.0,0.3090909090909091,0.04010454454022623
1588,109,99.0909090909091,110,1,107,2,0,0.00909090909090909,4.501308490001118,4.452497823832011,10.092011410118443,3.308484264934489,1.5305931506582107,2.119524760651592,8.2,1.064675958454609,0.3919462704963155,0.26137570840065166,0.02485687705349582,0.3333333333333333,0.07385302929695055,-0.02218389102194977,0,1,0,2,0,0.6666666666666666,0.20909090909090908,0.26018766744616734,0.3624518285371129,0.9075373416280966,0.4841009033454719,0.00909090909090909,0.3090909090909091,0.04011886072901119
1589,109,99.0909090909091,110,0,109,1,0,0.0,4.437220836967347,4.38855367858175,9.340220824755393,3.3106387291282657,1.6250504996312625,2.2111048586422064,8.2,1.064675958454609,0.3877975359483121,0.00076054897460014,0.02048823630167646,0.0,0.00076054897460014,-0.03012190952783067,0,0,0,1,0,1.0,0.21818181818181817,0.2529131388844893,0.3674065832714632,0.9321426404412121,0.475779268822409,0.0,0.2727272727272727,0.039809891494994656
1590,109,99.0909090909091,110,0,110,0,0,0.0,4.48656296335223,4.436024420687465,10.32667116735959,3.313174582922538,1.5666171988171542,2.172016464319018,8.2,1.064675958454609,0.3941859009589197,0.0,0.0,0.0,0.0,0.0,0,0,0,0,0,0.0,0.2,0.26362486729524337,0.3407606196438213,0.9186552635358635,0.48485512253972135,0.0,0.2727272727272727,0.04007010143976367
1591,109,99.0909090909091,110,0,110,0,0,0.0,4.452238082749829,4.402842070135503,10.31261470973537,3.315400810484099,1.5829339387460915,2.181187441117519,8.2,1.064675958454609,0.39073204656694127,0.0,0.0,0.0,0.0,0.0,0,0,0,0,0,0.0,0.20909090909090908,0.2614292916582241,0.3318421788047773,0.9161229019289027,0.48168595152370675,0.0,0.2727272727272727,0.039910328091565875
1592,108,98.18181818181819,110,1,108,1,0,0.00909090909090909,4.460843445894094,4.4033285941175535,10.535087746501436,3.317671359964251,1.6418213630110576,2.218963487593039,8.2,1.064675958454609,0.3893742702788947,0.24214240953496155,0.025911912277768366,0.0,0.24214240953496155,-0.008077564719283004,0,1,0,1,0,0.5,0.20909090909090908,0.26202291517067805,0.3242749150359459,0.930945966156185,0.47625646434771174,0.00909090909090909,0.2727272727272727,0.039965441904507196
1593,109,99.0909090909091,110,0,109,1,0,0.0,4.4629751374724504,4.404117872314538,10.70830723994445,3.319860577949006,1.667127897378175,2.2480055802044983,8.2,1.064675958454609,0.38927986152180716,0.008309984085962629,0.02154310554683264,0.0,0.008309984085962629,-0.0681835513778144,0,0,0,1,0,1.0,0.20909090909090908,0.2637040130907373,0.32778423096100634,0.9324142069247626,0.47387052596697254,0.0,0.2727272727272727,0.0399877544011799
1594,109,99.0909090909091,110,0,109,1,0,0.0,4.487498947697416,4.427023362445057,11.182956660454893,3.322221583253468,1.644562615928559,2.2189162223275374,8.2,1.064675958454609,0.39145305892670956,0.00161322710287525,0.020616032235080937,0.0,0.00161322710287525,-0.08136349683701294,0,0,0,1,0,1.0,0.22727272727272727,0.2680898591611532,0.32713600134601606,0.930058681405244,0.4744202677436265,0.0,0.2727272727272727,0.04012294198023195
1595,109,99.0909090909091,110,0,110,0,0,0.0,4.539987206411354,4.477241791501207,11.636976943365992,3.324985182334775,1.6217729343588607,2.210091571511663,8.2,1.064675958454609,0.3946634038621162,0.0,0.0,0.0,0.0,0.0,0,0,0,0,0,0.0,0.22727272727272727,0.27242034176538266,0.32863625291960846,0.9379115121692443,0.47427721644371357,0.0,0.23636363636363636,0.04040009496130502
1596,109,99.0909090909091,110,0,110,0,0,0.0,4.573877251295882,4.508729115226116,12.661537731688112,3.327987548413603,1.5579848763788373,2.1714988850638908,8.2,1.064675958454609,0.4022864497674914,0.0,0.0,0.0,0.0,0.0,0,0,0,0,0,0.0,0.23636363636363636,0.2849891930402235,0.3218260393545861,0.9379115121692443,0.48383003457749235,0.0,0.23636363636363636,0.0405855279206407
1597,110,100.0,110,0,110,0,0,0.0,4.592127675886585,4.526053171640946,13.272879543014652,3.331105505073547,1.493198826033513,2.1327380399025504,8.2,1.064675958454609,0.40612979050837383,0.0,0.0,0.0,0.0,0.0,0,0,0,0,0,0.0,0.23636363636363636,0.29169999472029134,0.3126650188735648,0.9361633357159523,0.49091410085155107,0.0,0.21818181818181817,0.040693378111070946
1598,110,100.0,110,0,110,0,0,0.0,4.60341203017068,4.536601983194466,14.316256518918987,3.334280114126948,1.4386708535969162,2.0568638290428067,8.2,1.064675958454609,0.4102285498089966,0.0,0.0,0.0,0.0,0.0,0,0,0,0,0,0.0,0.24545454545454545,0.30087871972533303,0.29756340450474866,0.9361633357159523,0.4980573460515357,0.0,0.21818181818181817,0.040766699532174655
1599,109,99.0909090909091,110,1,109,0,0,0.00909090909090909,4.603121969078736,4.537248506801684,14.653156244004979,3.3374159818496936,1.470464559736096,2.0922479180601443,8.2,1.064675958454609,0.41093579194568797,0.9490271557041174,0.04390693146822578,1.0,0.05097284429588256,0.022999354659925864,0,1,0,0,0,0.0,0.23636363636363636,0.3038676732019411,0.29299333495489266,0.9408873980011937,0.5071243836756715,0.00909090909090909,0.21818181818181817,0.04078194264158144
1600,108,98.18181818181819,110,1,104,0,5,0.00909090909090909,4.582130404021688,4.517983565319924,14.26495029245689,3.340350039618558,1.5592624318323736,2.180243868288755,8.2,1.064675958454609,0.4086735360285567,0.9974495935803639,0.04827554405101964,1.0,0.0025504064196362197,0.07788827323533883,0,6,0,0,0,1.0,0.22727272727272727,0.2999580300301056,0.310813115156112,0.9313507286244262,0.49272765683856035,0.00909090909090909,0.23636363636363636,0.04069260392013234
1601,107,97.27272727272727,110,1,108,0,1,0.00909090909090909,4.569836590248698,4.497668427474706,14.571956502096949,3.3431565061241337,1.5929138694220344,2.2048459529290003,8.2,1.064675958454609,0.4060627460116073,0.744540124534879,0.023635335304280837,0.5,0.2495462350756708,-0.033228148061441476,0,2,0,0,0,0.5,0.22727272727272727,0.2993974435338622,0.2996614107649347,0.9262052604591134,0.48997268757700285,0.00909090909090909,0.23636363636363636,0.040646074738350864
1602,107,97.27272727272727,110,0,110,0,0,0.0,4.565046909955601,4.491959077289085,14.494160056292833,3.345822569237532,1.5870483506866735,2.212605695704817,8.2,1.064675958454609,0.4067248450137837,0.0,0.0,0.0,0.0,0.0,0,0,0,0,0,0.0,0.24545454545454545,0.29985865365452663,0.3016119233374641,0.93813302492519,0.4890794634944078,0.0,0.23636363636363636,0.040636318803388166
1603,107,97.27272727272727,110,0,110,0,0,0.0,4.538545441821565,4.464437397114838,15.848464494382103,3.3482258340481823,1.5908378891797348,2.2200098146009166,8.2,1.064675958454609,0.40885948030003916,0.0,0.0,0.0,0.0,0.0,0,0,0,0,0,0.0,0.22727272727272727,0.3105381905274716,0.27455624205952767,0.933321858715196,0.4921426913847411,0.0,0.2727272727272727,0.040516604954046485
1604,108,98.18181818181819,110,0,110,0,0,0.0,4.558488110838338,4.483797947341617,15.586599751564938,3.3507684135751274,1.634468298941426,2.2452415754930186,8.2,1.064675958454609,0.4064776341541776,0.0,0.0,0.0,0.0,0.0,0,0,0,0,0,0.0,0.22727272727272727,0.306027633593996,0.282502704151367,0.9293741716013704,0.48839139815526644,0.0,0.2727272727272727,0.040629853415604336
1605,109,99.0909090909091,110,0,110,0,0,0.0,4.582730967897447,4.507772503098979,16.018736127105925,3.3534881239341594,1.5952606756065029,2.2096584719630554,8.2,1.064675958454609,0.40701863530741456,0.0,0.0,0.0,0.0,0.0,0,0,0,0,0,0.0,0.20909090909090908,0.3079390799093863,0.26961531597306615,0.9293741716013704,0.4899338337959032,0.0,0.2727272727272727,0.040765545752065986
1606,110,100.0,110,0,110,0,0,0.0,4.600400422087428,4.5251640411656915,16.49105572214738,3.3563270090105415,1.5513878556067628,2.177325436793387,8.2,1.064675958454609,0.40999431327504365,0.0,0.0,0.0,0.0,0.0,0,0,0,0,0,0.0,0.20909090909090908,0.3126940043048332,0.26675469238061045,0.9293726478738078,0.4970535344314825,0.0,0.23636363636363636,0.04086900548646409
1607,110,100.0,110,0,110,0,0,0.0,4.60844040877129,4.533681365264003,16.1132957738132,3.3592082146816096,1.5170520849501297,2.163104175626781,8.2,1.064675958454609,0.4107817875738202,0.0,0.0,0.0,0.0,0.0,0,0,0,0,0,0.0,0.21818181818181817,0.31114300314656884,0.2724796820245578,0.9019790767768472,0.4985139290884452,0.0,0.23636363636363636,0.040924543171930144
1608,109,99.0909090909091,110,1,109,0,0,0.00909090909090909,4.619491664047564,4.5646863954358645,17.266152458338787,3.3621423905009515,1.5427867850317385,2.1840797473751663,8.2,1.064675958454609,0.41481471569438266,0.6913639684806561,0.027353976157720256,1.0,0.30863603151934393,0.027060871855396407,0,1,0,0,0,0.0,0.22727272727272727,0.3199781950023285,0.2743412851691352,0.9032795811219536,0.4983806030038603,0.00909090909090909,0.23636363636363636,0.04099541918057517
1609,108,98.18181818181819,110,1,104,0,5,0.00909090909090909,4.667525056199002,4.590569475062778,18.034611069044416,3.365625463983449,1.5802772566163115,2.2455924133850926,8.2,1.064675958454609,0.4171619334297636,0.9729570096464729,0.04847391516553772,1.0,0.027042990353527047,0.07274275312730809,0,6,0,0,0,0.8333333333333334,0.19090909090909092,0.3256118753735364,0.2745450700041638,0.900713403195674,0.4897655198101196,0.00909090909090909,0.2545454545454545,0.0412541278643241
1610,108,98.18181818181819,110,0,110,0,0,0.0,4.632775216488519,4.557293317514432,17.311765288410804,3.3686087838630594,1.6152751654117332,2.2718485646791065,8.2,1.064675958454609,0.41371622858647505,0.0,0.0,0.0,0.0,0.0,0,0,0,0,0,0.0,0.23636363636363636,0.3201009430612692,0.2767988729834541,0.9052945461155502,0.4852968445596494,0.0,0.21818181818181817,0.04109626001053269
1611,108,98.18181818181819,110,0,110,0,0,0.0,4.650389483437302,4.574006109514157,16.280096283440372,3.3717026907158734,1.6079990572692096,2.2333466473970693,8.2,1.064675958454609,0.4132640859982617,0.0,0.0,0.0,0.0,0.0,0,0,0,0,0,0.0,0.20909090909090908,0.31422783529488335,0.2946409518641631,0.8995827020931407,0.4819125271107807,0.0,0.2545454545454545,0.041200801386496046
1612,108,98.18181818181819,110,0,110,0,0,0.0,4.653477259148824,4.577858679103017,15.466161084932125,3.374796471392003,1.5948360870012277,2.218427087636612,8.2,1.064675958454609,0.4135007813092617,0.0,0.0,0.0,0.0,0.0,0,0,0,0,0,0.0,0.22727272727272727,0.3101590721262613,0.3058272789451159,0.9052945461155502,0.4847033644759117,0.0,0.21818181818181817,0.04123270963458669
1613,108,98.18181818181819,110,1,109,0,0,0.00909090909090909,4.636476622857031,4.556176482718847,14.9848931692973,3.377720711760723,1.6127856874336508,2.2087593843363713,8.2,1.064675958454609,0.41405806981219273,0.10344766182634102,0.02241674749129701,0.0,0.10344766182634102,-0.012895232295941472,0,1,0,0,0,0.0,0.23636363636363636,0.3083660170259758,0.3077473027124511,0.9130885450352799,0.4860885583726585,0.00909090909090909,0.23636363636363636,0.04116327329521431
1614,109,99.0909090909091,110,0,110,0,0,0.0,4.609123531436715,4.53124995165539,13.610062375137767,3.380353434481073,1.640036976769096,2.229129638708692,8.2,1.064675958454609,0.40936263343511037,0.0,0.0,0.0,0.0,0.0,0,0,0,0,0,0.0,0.23636363636363636,0.2971955966450173,0.3265193517410014,0.9317999460121764,0.4804661248438561,0.0,0.23636363636363636,0.041040522821040905
1615,109,99.0909090909091,110,0,110,0,0,0.0,4.58199616874782,4.506069210522502,12.79284364067655,3.3827436525979655,1.6816377518497176,2.2555504351093543,8.2,1.064675958454609,0.40501264835479045,0.0,0.0,0.0,0.0,0.0,0,0,0,0,0,0.0,0.21818181818181817,0.28870500817789213,0.3362901403523942,0.9148360365385625,0.4770323826270634,0.0,0.23636363636363636,0.04091761004641902
1616,109,99.0909090909091,110,0,110,0,0,0.0,4.569194077118314,4.494611806196174,12.911336279034982,3.3850108352537522,1.683215065292686,2.2778451583473083,8.2,1.064675958454609,0.4038081060964791,0.0,0.0,0.0,0.0,0.0,0,0,0,0,0,0.0,0.23636363636363636,0.2887445441599463,0.33255774042293557,0.9251660857046008,0.4755636625049208,0.0,0.23636363636363636,0.0408656686626067
1617,109,99.0909090909091,110,0,108,2,0,0.0,4.637061432994559,4.559945595351046,14.86998481204098,3.3878103542775717,1.6068443048690801,2.252456729230548,8.2,1.064675958454609,0.41061281044838016,0.23402514891588527,0.017617751777878363,0.0,0.23402514891588527,0.008659343581019496,0,0,0,2,0,0.5,0.24545454545454545,0.3050694088332259,0.31098170294081784,0.9294957562646972,0.48889862757333996,0.0,0.27272727272727276,0.04121990834498741
1618,109,99.0909090909091,110,1,108,1,0,0.00909090909090909,4.665397774476685,4.599534886233958,14.878710718320077,3.3908090950487817,1.5947138311078213,2.249563338961669,8.2,1.064675958454609,0.4126090631803532,0.08467816029364368,0.01003282621592189,0.0,0.08467816029364368,-0.0019305887433646585,0,1,0,1,0,0.5,0.24545454545454545,0.3053890178910299,0.3200794041988678,0.9348278393979992,0.4882463925592467,0.00909090909090909,0.23636363636363636,0.04137755348842176
1619,109,99.0909090909091,110,0,109,1,0,0.0,4.66339599312984,4.597985986940664,15.172152289949244,3.39387088691756,1.6272108526030056,2.2707162390412154,8.2,1.064675958454609,0.40975620621948705,0.041177292756019335,0.017544476395230664,0.0,0.041177292756019335,-0.03794502399318889,0,0,0,1,0,1.0,0.23636363636363636,0.30430416661388376,0.31220686577425005,0.9221768544666378,0.48489010107214514,0.0,0.23636363636363636,0.04138384366264994
1620,109,99.0909090909091,110,0,109,1,0,0.0,4.63449365160368,4.569602100165881,15.04884208687466,3.3966583234895613,1.6416554071092306,2.2523047799926545,8.2,1.064675958454609,0.4094007796996828,0.3596755086118705,0.02843185551162562,0.0,0.3596755086118705,-0.04434245673336035,0,0,0,1,0,0.0,0.22727272727272727,0.30352424258751504,0.3058353823684875,0.9131795341703404,0.48503070180006613,0.0,0.23636363636363636,0.041254170538538776
1621,109,99.0909090909091,110,0,109,1,0,0.0,4.572179906961778,4.508170600737228,14.283256696296458,3.398892845770255,1.6856928191523828,2.271244705638865,8.2,1.064675958454609,0.40758378430727893,0.006384101081878594,0.018435819713489815,0.0,0.006384101081878594,-0.017498278411043122,0,0,0,1,0,1.0,0.22727272727272727,0.3001267538691706,0.30816566999223016,0.9112733290266428,0.48069350739901884,0.0,0.23636363636363636,0.04095449702608369
1622,109,99.0909090909091,110,0,109,1,0,0.0,4.566541804185514,4.503163294701719,13.974175311312042,3.401060928362619,1.681357454378759,2.282253679083795,8.2,1.064675958454609,0.405445256819861,0.09245679614264896,0.006608531742766504,0.0,0.09245679614264896,0.04862716012283841,0,0,0,1,0,0.0,0.21818181818181817,0.2966678791719184,0.31694349202328426,0.9235757043322563,0.47807822718836657,0.0,0.23636363636363636,0.04093784803926254
1623,110,100.0,110,0,110,0,0,0.0,4.562584964628136,4.499518940110096,14.046886313699238,3.4031748874471193,1.7262871567593545,2.331081868295216,8.2,1.064675958454609,0.4037704095719892,0.0,0.0,0.0,0.0,0.0,0,0,0,0,0,0.0,0.20909090909090908,0.29544063918772157,0.3197915288997082,0.9218282128289736,0.4718778741004374,0.0,0.23636363636363636,0.04092931724854777
1624,110,100.0,110,0,110,0,0,0.0,4.6100389796979115,4.546155279038198,14.839401426609584,3.4056635604282532,1.7181843299364825,2.3231514034079486,8.2,1.064675958454609,0.40548428397853487,0.0,0.0,0.0,0.0,0.0,0,0,0,0,0,0.0,0.22727272727272727,0.300247755443241,0.3157448123769238,0.9368002854834652,0.47471959845082884,0.0,0.23636363636363636,0.04117983547535399
1625,110,100.0,110,0,109,1,0,0.0,4.61879615446593,4.55493865487083,14.77630460451673,3.4082005486991362,1.7348539970492096,2.349423720174442,8.2,1.064675958454609,0.4048482802058533,0.24212147051167404,0.019911107637448612,0.0,0.24212147051167404,0.020197839320893918,0,0,0,1,0,0.0,0.22727272727272727,0.29986998889217303,0.31683222179761567,0.9390707920228359,0.4746085799013546,0.0,0.23636363636363636,0.04123712670128854
1626,109,99.0909090909091,110,1,109,0,0,0.00909090909090909,4.652176923346669,4.577098810072269,15.409563525377159,3.4109979355122113,1.7602571625835062,2.3921050761945777,8.2,1.064675958454609,0.40576341791804493,0.5612191086678402,0.01609916450542913,1.0,0.4387808913321598,0.036346401993464506,0,1,0,0,0,0.0,0.22727272727272727,0.30334402335318267,0.2953128059443405,0.9343254576105935,0.4819025208317232,0.00909090909090909,0.2545454545454545,0.04141892209812413
1627,108,98.18181818181819,110,1,109,0,0,0.00909090909090909,4.658592634895778,4.580680876682657,15.316859665478706,3.413725319413749,1.7562516895094296,2.3730017308299685,8.2,1.064675958454609,0.40450346678121774,0.7906913140169602,0.04062193640905043,1.0,0.20930868598303976,0.02985331536466118,0,1,0,0,0,0.0,0.23636363636363636,0.3016456232267414,0.29381795409329137,0.9280116283702713,0.4827472227040586,0.00909090909090909,0.2727272727272727,0.04146551955621689
1628,108,98.18181818181819,110,0,110,0,0,0.0,4.677702480771606,4.597689213562632,16.0411079744823,3.416540600011283,1.7741516945070859,2.401226458062065,8.2,1.064675958454609,0.40853835009093986,0.0,0.0,0.0,0.0,0.0,0,0,0,0,0,0.0,0.20909090909090908,0.30958490029676966,0.29013951820003225,0.9403606714279231,0.48554054963708654,0.0,0.2727272727272727,0.04157605559343852
1629,108,98.18181818181819,110,0,110,0,0,0.0,4.6527328386299835,4.574508929627011,15.447109435715763,3.4191284710650005,1.8209372676071003,2.4540805112529553,8.2,1.064675958454609,0.40356150126360446,0.0,0.0,0.0,0.0,0.0,0,0,0,0,0,0.0,0.21818181818181817,0.3024508650059923,0.29441402673782646,0.9239472379828024,0.4824883061405956,0.0,0.2727272727272727,0.041464983603202776
1630,108,98.18181818181819,110,0,109,1,0,0.0,4.653679548012716,4.5750846882413745,15.738365378614832,3.42169369364861,1.8534981520560192,2.4643739760203474,8.2,1.064675958454609,0.4047643775352068,0.01415303510058438,0.024396088585234246,0.0,0.01415303510058438,0.00042110647475634977,0,0,0,1,0,1.0,0.21818181818181817,0.3047628596086203,0.2812501849937607,0.9209459947331378,0.4834809415568536,0.0,0.3090909090909091,0.04148337280418071
1631,109,99.0909090909091,110,0,109,1,0,0.0,4.650499894300521,4.572669675155246,14.365643332307032,3.424211035273114,1.8528030803373314,2.4609591391220667,8.2,1.064675958454609,0.40065799372447053,0.010915277849435849,0.02384045108518327,0.0,0.010915277849435849,0.0012910231579250642,0,0,0,1,0,1.0,0.20909090909090908,0.29354900776373616,0.30438054942020276,0.9279277927899818,0.482200066956526,0.0,0.23636363636363636,0.041480875301153866
1632,110,100.0,110,0,109,1,0,0.0,4.644913799821033,4.567660867867904,13.34495681140505,3.426658913312954,1.8856955005451472,2.470977320623052,8.2,1.064675958454609,0.39591490052982015,0.02346571862152743,0.025275530731512688,0.0,0.02346571862152743,0.009200591341986364,0,0,0,1,0,1.0,0.22727272727272727,0.283270641752577,0.31563799055254776,0.9333290242460979,0.4779257950807111,0.0,0.2727272727272727,0.04146597581324766
1633,110,100.0,110,0,110,0,0,0.0,4.674859344462604,4.596555945010647,13.644383069249812,3.4293268405354236,1.8742930368042057,2.4553150692027796,8.2,1.064675958454609,0.39969347487165074,0.0,0.0,0.0,0.0,0.0,0,0,0,0,0,0.0,0.24545454545454545,0.28726078934774185,0.315529331367232,0.9306352508461357,0.4816570171683977,0.0,0.2363636363636364,0.041629905926318864
1634,110,100.0,110,0,110,0,0,0.0,4.711168610769992,4.63200109652143,13.905121722798427,3.4322682637834268,1.8813146797472575,2.447712750707008,8.2,1.064675958454609,0.3986957649960383,0.0,0.0,0.0,0.0,0.0,0,0,0,0,0,0.0,0.22727272727272727,0.2862489836640219,0.31498247013192393,0.9184021737628273,0.479257792257524,0.0,0.2727272727272727,0.041827110570934745
1635,110,100.0,110,0,108,2,0,0.0,4.707888057176802,4.627212496447741,13.882190717030662,3.435137583946286,1.9027966671117245,2.4479568371816343,8.2,1.064675958454609,0.3978913871105565,0.0034779401664033387,0.013720677546130074,0.0,0.0034779401664033387,0.01128849999207282,0,0,0,2,0,1.0,0.2,0.2865032814329688,0.32138444773575736,0.915416150460843,0.47270880662945874,0.0,0.2727272727272727,0.04182598228394132
1636,110,100.0,110,0,109,1,0,0.0,4.7308835496182535,4.650408223892745,13.85791696354492,3.4381739226139976,1.8434573009005966,2.3956068272838293,8.2,1.064675958454609,0.3983394325631968,0.06256606944644717,0.010533358623224168,0.0,0.06256606944644717,0.04438396088395824,0,0,0,1,0,0.0,0.16363636363636364,0.28538223140237134,0.33495478596803935,0.9263646206332503,0.4710058380005192,0.0,0.2727272727272727,0.041957123330054774
1637,110,100.0,110,0,108,2,0,0.0,4.772704303715897,4.691418573965957,14.424495950293723,3.4415272359840623,1.7581292317366846,2.3237290822422274,8.2,1.064675958454609,0.4014325739702247,0.0935242077964832,0.013859711373437111,0.0,0.0935242077964832,0.03514446812570837,0,0,0,2,0,0.5,0.19090909090909092,0.2900290072601523,0.32481050234899744,0.9251127010107638,0.47549975655166876,0.0,0.2727272727272727,0.04218407806117435
1638,110,100.0,110,0,109,1,0,0.0,4.759489607247152,4.680817994144543,13.456177962903256,3.4447545579730123,1.7999454485866329,2.353165202740968,8.2,1.064675958454609,0.3968383877240469,0.6765384645529672,0.03165084325718802,1.0,0.3234615354470328,0.03280014846281243,0,0,0,1,0,0.0,0.20909090909090908,0.2799303967765384,0.3369381649463331,0.928015155039235,0.4705796238674372,0.0,0.2727272727272727,0.04213518483948976
1639,110,100.0,110,0,108,2,0,0.0,4.762302745805383,4.681757539624557,14.619058960548227,3.4479555219325184,1.7844461958256108,2.349201227913391,8.2,1.064675958454609,0.39919419420016977,0.183646506765016,0.01616458227609073,0.0,0.183646506765016,0.012720873088369666,0,0,0,2,0,0.5,0.2,0.28850781241873896,0.3155288045209995,0.9249764210216807,0.47081114211366143,0.0,0.23636363636363636,0.042166290479138745
1640,109,99.0909090909091,110,1,107,2,0,0.00909090909090909,4.739652712845789,4.676051200036882,13.770548570155473,3.4509424282471657,1.829083242981678,2.398014418722415,8.2,1.064675958454609,0.3936786650023094,0.3992404966400684,0.026614827850459835,0.3333333333333333,0.24189037876911904,0.01199060076675614,0,1,1,1,0,0.3333333333333333,0.2,0.27844791747749054,0.3213620343276944,0.9259220515465774,0.4659352079812288,0.00909090909090909,0.21818181818181817,0.042068940751057576
1641,108,98.18181818181819,110,1,108,1,0,0.00909090909090909,4.774091106744488,4.7083491576960945,13.71053593834459,3.454311214825584,1.8482489587658306,2.4154546585415413,8.2,1.064675958454609,0.39442782629783957,0.530009708671385,0.03549400453285103,0.5,0.03001501756128822,-0.0016131071743946679,0,1,0,1,0,0.5,0.19090909090909092,0.2776837147253178,0.3286739866214449,0.9223952598239143,0.46699931860923327,0.00909090909090909,0.21818181818181817,0.042259066050947106
1642,108,98.18181818181819,110,0,110,0,0,0.0,4.74595162315353,4.6798704258927195,12.804608589298015,3.457394358040181,1.8802697673081974,2.4328102124655095,8.2,1.064675958454609,0.3917226120670356,0.0,0.0,0.0,0.0,0.0,0,0,0,0,0,0.0,0.17272727272727273,0.2708772259619469,0.3503006856014297,0.9182518049767956,0.4559272953378482,0.0,0.21818181818181817,0.04213478137527759
1643,108,98.18181818181819,110,0,110,0,0,0.0,4.766165977705396,4.697626629151993,14.198096543432367,3.460595912591996,1.8611990066231445,2.4488115965770136,8.2,1.064675958454609,0.3960813799000551,0.0,0.0,0.0,0.0,0.0,0,0,0,0,0,0.0,0.18181818181818182,0.2823575606124164,0.3283292021118512,0.924986051535176,0.4582152714987275,0.0,0.21818181818181817,0.0422528962388419
1644,108,98.18181818181819,110,0,110,0,0,0.0,4.760660344806959,4.693179178208621,13.71525775661918,3.463725500209434,1.8536387855624017,2.4076305468984396,8.2,1.064675958454609,0.39497148477154576,0.0,0.0,0.0,0.0,0.0,0,0,0,0,0,0.0,0.17272727272727273,0.2783899333597901,0.3322485849964223,0.9185526924809658,0.4620798389994703,0.0,0.21818181818181817,0.04224202805783054
1645,108,98.18181818181819,110,1,109,0,0,0.00909090909090909,4.786942125356838,4.704986536483379,13.60611811134744,3.467038343412994,1.8978291835549181,2.4351295428831925,8.2,1.064675958454609,0.39598334255651957,0.9959468037342584,0.05936984883199281,1.0,0.004053196265741632,-0.008878260016700334,0,1,0,0,0,1.0,0.16363636363636364,0.27826633537704054,0.3373424566641173,0.9219284979980955,0.4589395849115457,0.00909090909090909,0.21818181818181817,0.042391072483144734
1646,108,98.18181818181819,110,1,108,1,0,0.00909090909090909,4.83687652295222,4.766011593637888,16.13461949220057,3.470608607735444,1.8338101443269328,2.4073418702636094,8.2,1.064675958454609,0.40013054563289785,0.33272425553911217,0.02194517666551947,0.0,0.33272425553911217,0.03722821538786947,0,1,0,1,0,0.0,0.17272727272727273,0.2935471246995522,0.2955873163068221,0.9393514538127441,0.4725881682829292,0.00909090909090909,0.23636363636363636,0.04265975034406885
1647,107,97.27272727272727,110,1,109,0,0,0.00909090909090909,4.8274002763247195,4.7668568087112595,15.174807606895536,3.474182759803367,1.8951252882498801,2.443097037466686,8.2,1.064675958454609,0.3971929925107758,0.15764574994306454,0.01530530205679702,0.0,0.15764574994306454,0.02691919831583145,0,1,0,0,0,0.0,0.17272727272727273,0.2856183716821103,0.31179078511758035,0.9298212168332334,0.46378494770843626,0.00909090909090909,0.21818181818181817,0.04263139567982424
1648,107,97.27272727272727,110,0,109,1,0,0.0,4.862675359971742,4.800174414509068,16.56670027342336,3.4780790135711,1.8444616113983046,2.4070285404891143,8.2,1.064675958454609,0.40390866690558025,0.00021004158443008492,0.01920266686840246,0.0,0.00021004158443008492,-0.0859731311628964,0,0,0,1,0,1.0,0.17272727272727273,0.2982079495529093,0.2899766580798011,0.9372408319001388,0.4763868584084767,0.0,0.21818181818181817,0.04282851233663207
1649,106,96.36363636363636,110,1,109,0,0,0.00909090909090909,4.906254312953999,4.855051876573535,19.54366367697556,3.4822817074093506,1.808046269554489,2.404490471320141,8.2,1.064675958454609,0.41164322556900124,0.9999999999379712,0.04840215646262047,1.0,6.202882651962227e-11,0.05255159005011212,0,1,0,0,0,1.0,0.20909090909090908,0.3172949208545346,0.2608107407485553,0.93830861722289,0.4794414380406203,0.00909090909090909,0.14545454545454545,0.043068779636995014
1650,106,96.36363636363636,110,1,107,2,0,0.00909090909090909,4.835168968229291,4.7789464766968655,18.74416221661277,3.4859666161826066,1.851832323238011,2.440340277241334,8.2,1.064675958454609,0.4061837597899354,0.16323271247983065,0.025040941445918688,0.0,0.16323271247983065,0.0074099336650826535,0,1,0,2,0,0.3333333333333333,0.2,0.31080604547030827,0.27919616083443993,0.9368765069049865,0.4787524991319981,0.00909090909090909,0.12727272727272726,0.042732969082271394
1651,106,96.36363636363636,110,1,109,0,0,0.00909090909090909,4.843131079871442,4.777952711580151,19.50736176412979,3.48960831509163,1.873481289546135,2.459064352727881,8.2,1.064675958454609,0.4092877709935818,0.9922603832634942,0.05180517035412181,1.0,0.0077396167365058055,0.08335589855220693,0,1,0,0,0,1.0,0.19090909090909092,0.31761128454626875,0.2774192129490084,0.9398484731141943,0.4793650179938696,0.00909090909090909,0.1818181818181818,0.042792165786863984
1652,107,97.27272727272727,110,0,109,1,0,0.0,4.908599836717203,4.8427401281791065,20.161655227252762,3.4937028862167416,1.7923175339937893,2.3317224163689456,8.2,1.064675958454609,0.41197827675524534,0.6496140991590478,0.0420582523263445,1.0,0.3503859008409522,0.0251029660858606,0,0,0,1,0,0.0,0.2,0.3208822755400322,0.2693340920690702,0.9420846217869784,0.48741503244567774,0.0,0.21818181818181817,0.04314130652827823
1653,107,97.27272727272727,110,0,110,0,0,0.0,4.911697010277025,4.846352322003247,19.080057604250715,3.497784629954858,1.826097669945524,2.419077954398404,8.2,1.064675958454609,0.41004880100728824,0.0,0.0,0.0,0.0,0.0,0,0,0,0,0,0.0,0.18181818181818182,0.3140328662772301,0.2809529850058371,0.9435066142715222,0.4795575266453369,0.0,0.21818181818181817,0.04317852106821007
1654,108,98.18181818181819,110,0,110,0,0,0.0,4.975079953709585,4.9081503266270525,20.709266617648304,3.502349275147136,1.8359741279503587,2.41388000982263,8.2,1.064675958454609,0.4096920690107315,0.0,0.0,0.0,0.0,0.0,0,0,0,0,0,0.0,0.17272727272727273,0.3179052654533787,0.2607309664060838,0.9400521192613767,0.4800332283379251,0.0,0.1818181818181818,0.04351973512534833
1655,109,99.0909090909091,110,0,110,0,0,0.0,4.954647417539472,4.889048948180172,19.534014927314555,3.506702627432217,1.8347804575809157,2.4361723887900646,8.2,1.064675958454609,0.40903943278335353,0.0,0.0,0.0,0.0,0.0,0,0,0,0,0,0.0,0.18181818181818182,0.3128077002168511,0.27251964503775417,0.9242672344885128,0.4802015410704283,0.0,0.21818181818181817,0.04344074699208082
1656,110,100.0,110,0,110,0,0,0.0,4.933236304929095,4.866489731569737,19.201056860029745,3.510817484577598,1.864323885673536,2.4689989365971177,8.2,1.064675958454609,0.4114468174092354,0.0,0.0,0.0,0.0,0.0,0,0,0,0,0,0.0,0.17272727272727273,0.314474628841619,0.28165069493096967,0.922753111195917,0.4794743737908836,0.0,0.2545454545454545,0.043355596376404744
1657,110,100.0,110,0,110,0,0,0.0,4.929099024514113,4.8623232549843385,19.414892561472612,3.5148530442486123,1.8115363422160689,2.4385708849397765,8.2,1.064675958454609,0.4120661456837713,0.0,0.0,0.0,0.0,0.0,0,0,0,0,0,0.0,0.16363636363636364,0.315205820540459,0.28141571149730776,0.9361417163767298,0.4782892140396024,0.0,0.2545454545454545,0.04335639279113303
1658,110,100.0,110,0,110,0,0,0.0,4.935400415844152,4.8678857459703755,21.11551507102774,3.518893016289396,1.7869529458576643,2.4241340198139065,8.2,1.064675958454609,0.4163967631460821,0.0,0.0,0.0,0.0,0.0,0,0,0,0,0,0.0,0.17272727272727273,0.3263353556757409,0.2584482193686463,0.9470998272568503,0.4887145225156601,0.0,0.2545454545454545,0.04340940605330647
1659,110,100.0,110,0,110,0,0,0.0,4.909887056813993,4.842558087025101,20.556170649270385,3.5226742497226287,1.7813300330211483,2.420609582913663,8.2,1.064675958454609,0.4134710489644551,0.0,0.0,0.0,0.0,0.0,0,0,0,0,0,0.0,0.18181818181818182,0.322355323119394,0.26341155156679585,0.9284013511553363,0.4902926575741454,0.0,0.2909090909090909,0.04330196819980402
1660,110,100.0,110,0,110,0,0,0.0,4.903123063331431,4.835043072641649,20.686903762994227,3.526351216831433,1.7681163251307987,2.404122018004544,8.2,1.064675958454609,0.41303532658111086,0.0,0.0,0.0,0.0,0.0,0,0,0,0,0,0.0,0.21818181818181817,0.3230456614362152,0.2623601749283398,0.9258801216692993,0.48662455132126925,0.0,0.2909090909090909,0.043287722124795064
1661,110,100.0,110,0,110,0,0,0.0,4.892297654901984,4.82399798475657,21.54002020506407,3.5298949606391883,1.7401552360805126,2.3732415696159883,8.2,1.064675958454609,0.413985691592599,0.0,0.0,0.0,0.0,0.0,0,0,0,0,0,0.0,0.21818181818181817,0.3282805835276712,0.2532691343985067,0.9258801216692993,0.49079166140435226,0.0,0.2909090909090909,0.04325245977682303
1662,110,100.0,110,0,110,0,0,0.0,4.908864643933631,4.841025653261278,21.39520332227933,3.533546006652876,1.6796773637129452,2.320863793061556,8.2,1.064675958454609,0.41727869933440354,0.0,0.0,0.0,0.0,0.0,0,0,0,0,0,0.0,0.23636363636363636,0.331091116441247,0.25066188510066695,0.9284269425994789,0.49852729046698746,0.0,0.2909090909090909,0.043354730626551194
1663,110,100.0,110,0,110,0,0,0.0,4.882887528980346,4.815692254590013,21.036429989338597,3.5369424059733348,1.664032943174988,2.327654891061585,8.2,1.064675958454609,0.4188542555414674,0.0,0.0,0.0,0.0,0.0,0,0,0,0,0,0.0,0.24545454545454545,0.3323379824993338,0.24842567510574862,0.939504229664007,0.5011939519020815,0.0,0.2545454545454545,0.043242925375293784
1664,110,100.0,110,0,110,0,0,0.0,4.931447913567148,4.862824231065732,21.422799983303076,3.5407040869046003,1.6221062673389175,2.2984811257114415,8.2,1.064675958454609,0.42392401728595175,0.0,0.0,0.0,0.0,0.0,0,0,0,0,0,0.0,0.2545454545454545,0.3375892088533636,0.260251495553782,0.9402017307673488,0.5069740998277584,0.0,0.2545454545454545,0.04350575215448227
1665,110,100.0,110,0,109,1,0,0.0,4.927432588600581,4.8592566380255295,24.383745137705475,3.5443953314790413,1.583483079700773,2.332229434788146,8.2,1.064675958454609,0.42694916993766197,0.0530556596694558,0.01387116550325133,0.0,0.0530556596694558,0.015321357865425878,0,0,0,1,0,0.0,0.22727272727272727,0.3534997590289653,0.2294115294919036,0.9379166717448727,0.5115880162654636,0.0,0.2909090909090909,0.04350532542642536
1666,109,99.0909090909091,110,1,108,1,0,0.00909090909090909,4.888394975113442,4.813193464982328,22.840101983025495,3.5477363412123584,1.6207383075203978,2.3594312785856424,8.2,1.064675958454609,0.4241234901107449,0.660534456546274,0.03437635218453353,0.5,0.24331140708149446,0.030001630317545214,0,1,0,1,0,0.0,0.22727272727272727,0.34514011242750714,0.2302901770264804,0.9329569347249598,0.507690016585517,0.00909090909090909,0.30909090909090914,0.04332792282268979
1667,108,98.18181818181819,110,1,109,0,0,0.00909090909090909,4.882417899475539,4.802480762774334,22.258649585064394,3.5509173705225643,1.6492063235422139,2.3672713338871367,8.2,1.064675958454609,0.42203764245483977,0.3654881374181447,0.033281534866931445,0.0,0.3654881374181447,0.015202555729203038,0,1,0,0,0,0.0,0.22727272727272727,0.34064827403343767,0.235772417459468,0.9353730871252244,0.5030435061683649,0.00909090909090909,0.3090909090909091,0.04331497127164885
1668,108,98.18181818181819,110,0,110,0,0,0.0,4.901103813760666,4.821903950385288,22.30656757643006,3.5541817286536412,1.6417651427710278,2.3760281660302836,8.2,1.064675958454609,0.42300140104661255,0.0,0.0,0.0,0.0,0.0,0,0,0,0,0,0.0,0.22727272727272727,0.34145725119510106,0.22969973393766138,0.9366818468805295,0.5068543524589141,0.0,0.2727272727272727,0.043425778261184204
1669,108,98.18181818181819,110,0,110,0,0,0.0,4.860609508252245,4.782893001934798,20.43634098597073,3.5570790597970467,1.6628240701394705,2.3930824413394727,8.2,1.064675958454609,0.4206776128669598,0.0,0.0,0.0,0.0,0.0,0,0,0,0,0,0.0,0.2636363636363636,0.33209906571187237,0.23987869278933327,0.9412098147251221,0.5078029236104438,0.0,0.2727272727272727,0.043238730327702424
1670,108,98.18181818181819,110,0,110,0,0,0.0,4.886482249404152,4.808591052645985,20.794280518058333,3.560164424526501,1.6097949504697833,2.358635007319485,8.2,1.064675958454609,0.4213046834393539,0.0,0.0,0.0,0.0,0.0,0,0,0,0,0,0.0,0.23636363636363636,0.3341522974024032,0.23590877421658082,0.9388625727981831,0.513061500810801,0.0,0.2727272727272727,0.043384518601714536
1671,109,99.0909090909091,110,0,110,0,0,0.0,4.874384769467663,4.797162737757655,19.99001205121548,3.5631196005025925,1.6097308880341743,2.3427525949862864,8.2,1.064675958454609,0.42062961038604274,0.0,0.0,0.0,0.0,0.0,0,0,0,0,0,0.0,0.24545454545454545,0.3311384705077252,0.24471294656365888,0.9340765905444335,0.515261984729942,0.0,0.3090909090909091,0.04333976272610582
1672,110,100.0,110,0,110,0,0,0.0,4.841572939304414,4.76465145069499,18.701064012113697,3.565766401544824,1.6076195082064482,2.27582789162972,8.2,1.064675958454609,0.4179829066771299,0.0,0.0,0.0,0.0,0.0,0,0,0,0,0,0.0,0.24545454545454545,0.3235575104425223,0.2505024202208832,0.9347456225825994,0.5161623271863913,0.0,0.3090909090909091,0.04318979350247196
1673,110,100.0,110,0,109,1,0,0.0,4.803746258055439,4.728646469825415,17.903651724979092,3.5680783536325595,1.6627449033348367,2.362907484662348,8.2,1.064675958454609,0.4125576483691349,0.6305218232366838,0.030369642249016435,1.0,0.3694781767633162,0.05245692599484819,0,0,1,0,0,0.0,0.2545454545454545,0.31616090562717974,0.2553210130109799,0.9511813696764839,0.5122890267851316,0.0,0.2727272727272727,0.04301296749525164
1674,110,100.0,110,0,110,0,0,0.0,4.81832555833903,4.742938161182088,17.5835440525904,3.57048741908379,1.6395335315463146,2.3208683792575107,8.2,1.064675958454609,0.4140918082647931,0.0,0.0,0.0,0.0,0.0,0,0,0,0,0,0.0,0.2545454545454545,0.3154891283020694,0.2614500480757125,0.9410977825037261,0.5134752742079371,0.0,0.2727272727272727,0.04309868836701094
1675,110,100.0,110,0,110,0,0,0.0,4.762463686999225,4.688651899689043,16.198961713469913,3.5724084575744506,1.7081521942924867,2.343543121172157,8.2,1.064675958454609,0.40855810984912044,0.0,0.0,0.0,0.0,0.0,0,0,0,0,0,0.0,0.24545454545454545,0.30476717716481705,0.2703982827898583,0.9519705396592668,0.5069238326287763,0.0,0.2727272727272727,0.04282960542779327
1676,110,100.0,110,0,109,1,0,0.0,4.744894866015801,4.671168411345451,15.790667966975263,3.5741601292324727,1.7279223369072638,2.3573424683576527,8.2,1.064675958454609,0.40806094214071353,0.020471537969613762,0.01033928572642243,0.0,0.020471537969613762,0.01258144796628935,0,0,0,1,0,1.0,0.23636363636363636,0.3019395317460555,0.2784061802605006,0.9414972742321766,0.5029434435781747,0.0,0.23636363636363636,0.04275108613638316
1677,110,100.0,110,0,109,1,0,0.0,4.759299329283801,4.685078667444662,16.848617245817437,3.5760116305854392,1.6851871116825674,2.326629394792199,8.2,1.064675958454609,0.41058667251932834,0.012965706905008666,0.01011292770699422,0.0,0.012965706905008666,0.016389994106353667,0,0,0,1,0,1.0,0.24545454545454545,0.30932745579928633,0.26811252160023463,0.947119486304987,0.5080525230152128,0.0,0.2727272727272727,0.042832964697610915
1678,110,100.0,110,0,109,1,0,0.0,4.723344126791597,4.651308736010588,16.16867747635053,3.577555787175699,1.718319221196382,2.378654210879971,8.2,1.064675958454609,0.4070508402559907,0.005733533284338148,0.012072713829132782,0.0,0.005733533284338148,0.02689524107539709,0,0,0,1,0,1.0,0.24545454545454545,0.30350885579058995,0.27019276023446476,0.9365127755366996,0.5016406585208915,0.0,0.2727272727272727,0.04266140881713859
1679,109,99.0909090909091,110,1,108,1,0,0.00909090909090909,4.732871289878858,4.651644956815488,16.806692708977977,3.5791523572734394,1.708218705770632,2.3397698570929104,8.2,1.064675958454609,0.41053464951482477,0.49403592019650455,0.024557145567778056,0.5,0.011033614221933358,0.023589309778645595,0,1,0,1,0,1.0,0.2727272727272727,0.30974998592914726,0.2567777328998428,0.953697866510258,0.5088939349558074,0.00909090909090909,0.2727272727272727,0.04271754378157015
1680,109,99.0909090909091,110,0,109,1,0,0.0,4.790084270442151,4.707554411294989,18.141007503594803,3.581142142647669,1.6387218138599375,2.2907807598399805,8.2,1.064675958454609,0.4147641272964364,0.38360550321980513,0.017044227428041712,0.0,0.38360550321980513,0.04171940953163533,0,0,0,1,0,0.0,0.2636363636363636,0.3179174985399307,0.24146737575665547,0.9366872130254301,0.5149893196794314,0.0,0.2727272727272727,0.04301420106763875
1681,108,98.18181818181819,110,1,108,1,0,0.00909090909090909,4.7744369686414805,4.679230566354186,17.491422343633083,3.5829910328813135,1.6529660163965958,2.2614317851195356,8.2,1.064675958454609,0.4136281709746661,0.4025948355173542,0.026939640779695916,0.5,0.09808522924159269,0.024161381479903765,0,1,0,1,0,0.5,0.2818181818181818,0.3138649727459778,0.23559174718307735,0.9439037229512763,0.5113147414332201,0.00909090909090909,0.2545454545454545,0.04294580690354331
1682,108,98.18181818181819,110,0,108,2,0,0.0,4.817681700196467,4.719011185063504,18.305006598898064,3.585037530811966,1.602839917548936,2.186227328133549,8.2,1.064675958454609,0.4191522622126016,0.006152033905367563,0.014762723795040532,0.0,0.006152033905367563,0.002732757685482534,0,0,0,2,0,1.0,0.2727272727272727,0.32219636272573265,0.2372029071726434,0.9472616290262093,0.5156994781541863,0.0,0.2545454545454545,0.04317292484704721
1683,107,97.27272727272727,110,1,107,2,0,0.00909090909090909,4.789774600419096,4.7052051893806475,18.33298928482192,3.5868331338600177,1.622304836509455,2.2762402118082448,8.2,1.064675958454609,0.4193676808516278,0.465031017714369,0.02241592492409732,0.3333333333333333,0.14128229184708607,0.040322551614190814,1,0,0,2,0,0.6666666666666666,0.2818181818181818,0.3231395895698206,0.2396592445180749,0.9397466517028741,0.5114217413774892,0.00909090909090909,0.23636363636363636,0.0430429480251413
1684,108,98.18181818181819,110,0,107,3,0,0.0,4.781957704874005,4.696763273986685,20.396957958933868,3.588649231336856,1.5640465374820758,2.268846363706395,8.2,1.064675958454609,0.4242308611430272,0.009780763000719889,0.016833018607699923,0.0,0.009780763000719889,-0.029025399814224546,0,0,0,3,0,1.0,0.2909090909090909,0.3390446231763419,0.2168834955060106,0.9354195304110613,0.5215083838767102,0.0,0.2727272727272727,0.04301353132402484
1685,108,98.18181818181819,110,0,110,0,0,0.0,4.7648992937523005,4.6811684909546285,18.138277834199933,3.5903131661359033,1.6103655683605451,2.2886041076272874,8.2,1.064675958454609,0.41859787784775326,0.0,0.0,0.0,0.0,0.0,0,0,0,0,0,0.0,0.3090909090909091,0.32279359883187986,0.238863165125023,0.9285336741259781,0.5170844721181684,0.0,0.3090909090909091,0.04293709702530123
1686,109,99.0909090909091,110,0,109,1,0,0.0,4.781761988820121,4.697625003726949,18.063252629555706,3.592099552249251,1.6733171626363068,2.330521451151948,8.2,1.064675958454609,0.4150781048153911,0.0004831345730440001,0.015516317823629656,0.0,0.0004831345730440001,-0.07100404403631777,0,0,0,1,0,1.0,0.2818181818181818,0.31833075322219134,0.24056880374128353,0.9290065106592273,0.51014189736975,0.0,0.27272727272727276,0.04303092011237732
1687,109,99.0909090909091,110,0,109,1,0,0.0,4.795355975455045,4.711818186161908,17.994483762528112,3.593987808260024,1.6622608791024345,2.3406291436518027,8.2,1.064675958454609,0.4157302431457657,0.01932599722482474,0.016168141119082276,0.0,0.01932599722482474,0.027742155705722693,0,0,0,1,0,1.0,0.2727272727272727,0.3177840373492646,0.24146381950376644,0.9285881287460199,0.5061588646235524,0.0,0.27272727272727276,0.04310894194944233
1688,110,100.0,110,0,109,1,0,0.0,4.824775783448771,4.741434652695328,18.831074617251215,3.596108215982156,1.5958919693810123,2.2712966562207897,8.2,1.064675958454609,0.41673695866328786,0.0019060510479951601,0.00017040501692392758,0.0,0.0019060510479951601,0.06761030039369743,0,0,0,1,0,1.0,0.2727272727272727,0.32181613908978574,0.23878268564000318,0.9285881287460199,0.5115564098559718,0.0,0.27272727272727276,0.043267328725030335
1689,110,100.0,110,0,108,2,0,0.0,4.823834528275636,4.74003392903785,19.023049681697884,3.5981941176986285,1.596355581965295,2.2749193568937573,8.2,1.064675958454609,0.41594494914374547,0.020799402252397646,0.013436023626217031,0.0,0.020799402252397646,0.00015334779186182423,0,0,0,2,0,1.0,0.2636363636363636,0.3218598382287839,0.23819984747339223,0.9450705374725724,0.5085767523068082,0.0,0.2727272727272727,0.0432737264962108
1690,110,100.0,110,0,106,4,0,0.0,4.846079312817639,4.760970098077419,19.26068359071157,3.600436133207718,1.5775385012706329,2.249048426697702,8.2,1.064675958454609,0.41847860075064003,0.013885132878273497,0.014768685856093576,0.0,0.013885132878273497,-0.02467429102617341,0,0,0,4,0,1.0,0.2727272727272727,0.3253261999084853,0.24633906299432792,0.9457160671894663,0.507730026358401,0.0,0.2727272727272727,0.04339688551897586
1691,110,100.0,110,0,109,1,0,0.0,4.849652096551693,4.7659561343967125,18.727350616843122,3.6026967466206736,1.5705554284380203,2.2524851606166676,8.2,1.064675958454609,0.4172439535787331,0.06081237848376711,0.0131011013749232,0.0,0.06081237848376711,0.02102179420722705,0,0,0,1,0,0.0,0.2727272727272727,0.32120687877706355,0.24666048083616565,0.9407675302330423,0.5087200168228138,0.0,0.27272727272727276,0.043426783541406805
1692,109,99.0909090909091,110,1,108,1,0,0.00909090909090909,4.900704341868976,4.833307669433111,18.28421712137787,3.605376737942462,1.5795583836327298,2.2420941539520913,8.2,1.064675958454609,0.41454542400978833,0.4424854103780269,0.02368948325948029,0.5,0.06216413335649083,0.009209886105592924,0,1,0,1,0,0.5,0.2636363636363636,0.3134150269033288,0.2558030083947887,0.9447719068486,0.5060522817109276,0.00909090909090909,0.27272727272727276,0.0436963113796391
1693,107,97.27272727272727,110,2,107,1,0,0.01818181818181818,4.916651230085622,4.854454464817694,18.333258334572285,3.6082980171287615,1.5927518274656867,2.2736385835057975,8.2,1.064675958454609,0.4136962117213612,0.44704467425980376,0.02528353983303268,0.3333333333333333,0.11371134096544105,0.015128102929040507,0,2,0,1,0,0.6666666666666666,0.2909090909090909,0.31239513137497055,0.26128626063921845,0.9531952803439061,0.501875546302003,0.01818181818181818,0.2181818181818182,0.04379159689931026
1694,107,97.27272727272727,110,0,109,1,0,0.0,4.889878265622494,4.826638804295424,17.360916892537524,3.6109917859916165,1.6274517143871148,2.2689213360357163,8.2,1.064675958454609,0.4139276497881661,0.008735265440874614,0.015753728559764577,0.0,0.008735265440874614,-0.0480694309633789,0,0,0,1,0,1.0,0.2727272727272727,0.30879222852118854,0.27983783389074485,0.965428678156274,0.49994450055320155,0.0,0.2181818181818182,0.0436720720317242
1695,107,97.27272727272727,110,0,109,1,0,0.0,4.831645277898792,4.76790401681191,17.043447278926358,3.613156606815743,1.718603628885818,2.3569709285356977,8.2,1.064675958454609,0.41050555346289186,0.01092800779561848,0.0161984201936268,0.0,0.01092800779561848,-0.04085926990661504,0,0,0,1,0,1.0,0.2727272727272727,0.3058421308265013,0.2756778600177974,0.9618884545177205,0.496737979318041,0.0,0.2181818181818182,0.04339243125653473
1696,107,97.27272727272727,110,0,108,2,0,0.0,4.865913482952811,4.801566372722158,18.572903486036974,3.6155850953213533,1.6843464586120735,2.338889676274628,8.2,1.064675958454609,0.41196700966151556,0.010959809849992917,0.01588913689841276,0.0,0.010959809849992917,-0.02120233225713175,0,0,0,2,0,1.0,0.3,0.3127274540750421,0.2520156044697573,0.954510546909233,0.5031117405212873,0.0,0.2181818181818182,0.04357670004844136
1697,108,98.18181818181819,110,0,109,1,0,0.0,4.919072333720823,4.853019815478881,19.48437291036699,3.6184259782415515,1.6573293076141737,2.2881776792279367,8.2,1.064675958454609,0.41249302808601485,0.00012714418842583878,0.007485376972879388,0.0,0.00012714418842583878,-0.03713057443888834,0,0,0,1,0,1.0,0.3,0.3156496874294659,0.2452184015992546,0.954510546909233,0.503941692052248,0.0,0.2181818181818182,0.04385761740101102
1698,110,100.0,110,0,108,2,0,0.0,4.920580377581765,4.854256651167013,19.443112777122614,3.6212471495980654,1.6475826467087489,2.2555920101201496,8.2,1.064675958454609,0.41540172744711445,0.055824786083932626,0.011459064069681085,0.0,0.055824786083932626,-0.007218967597325432,0,0,0,2,0,0.5,0.2818181818181818,0.3178083492371076,0.25047493058458004,0.9371883952492602,0.5066417820203591,0.0,0.2545454545454545,0.043880175786905534
1699,109,99.0909090909091,110,1,108,1,0,0.00909090909090909,4.976664748940285,4.907573830360293,19.622484617575875,3.6245049377832035,1.627505810598617,2.225427619644318,8.2,1.064675958454609,0.41712787086989156,0.2658787293753426,0.01206011703713614,0.0,0.2658787293753426,0.016863164916419954,0,1,0,1,0,0.0,0.2636363636363636,0.3194128350940512,0.2651047290555929,0.9415699763348956,0.503410275421015,0.00909090909090909,0.2545454545454546,0.0441779400874904
1700,108,98.18181818181819,110,1,108,0,1,0.00909090909090909,5.002802042967406,4.945298892833706,21.628012835761265,3.6279426053685455,1.637957962096334,2.245779761484438,8.2,1.064675958454609,0.4160362638461501,0.6214953188094884,0.0300185370888307,0.5,0.12150249076714972,0.01764391372557994,0,2,0,0,0,0.5,0.2545454545454545,0.3243581339267867,0.2348751418042173,0.9600584546591214,0.49958087898628145,0.00909090909090909,0.2363636363636364,0.044326926567782365
1701,107,97.27272727272727,110,1,108,0,1,0.00909090909090909,4.983582168419489,4.9151971145130275,19.954209639679394,3.631286773966997,1.7080651969404959,2.3026195984215594,8.2,1.064675958454609,0.4097373879065964,0.9999993386603682,0.0537114391771751,1.0,6.613396318355669e-07,0.10947357221173792,0,2,0,0,0,1.0,0.23636363636363636,0.3118349787621013,0.25317901817221755,0.9554259337079758,0.4997239745198889,0.00909090909090909,0.2727272727272727,0.04424862947458173
1702,107,97.27272727272727,110,0,109,1,0,0.0,4.9124989420212595,4.846532742859402,17.32383225056684,3.633905231847512,1.7942982476389095,2.3687654928707755,8.2,1.064675958454609,0.4047339443379945,0.02291906411260721,0.007508626765718696,0.0,0.02291906411260721,-0.027115784335683735,0,0,0,1,0,1.0,0.24545454545454545,0.2977084586256281,0.28465678054512716,0.9566410181973082,0.4908051624368528,0.0,0.2727272727272727,0.04390715238835864
1703,107,97.27272727272727,110,0,109,1,0,0.0,4.905693030567991,4.840066653493879,16.585235273296203,3.6364407373173493,1.8323766452105856,2.3785164161266663,8.2,1.064675958454609,0.4010464145429078,0.002078232022422134,0.008819600185693284,0.0,0.002078232022422134,-0.041555912176052034,0,0,0,1,0,1.0,0.24545454545454545,0.29010985402463596,0.28206273112595226,0.9564472805174731,0.48925928638437405,0.0,0.2727272727272727,0.04388662028967363
1704,108,98.18181818181819,110,0,108,2,0,0.0,4.996790333140716,4.928135165936182,19.60071139699819,3.639699363293178,1.7889007625134972,2.3530517038536427,8.2,1.064675958454609,0.4080878845935261,0.022956530993565257,0.029232798606549773,0.0,0.022956530993565257,-0.10531736829193172,0,0,0,2,0,1.0,0.22727272727272727,0.3081165720761416,0.264697354285115,0.9520586915582256,0.4934913612801873,0.0,0.2727272727272727,0.04435945370620756
1705,109,99.0909090909091,110,0,109,1,0,0.0,5.035491862831836,4.9664457378214735,19.3076943929707,3.643249602220393,1.7816808883172752,2.385665186531569,8.2,1.064675958454609,0.40887365286232336,0.009202492459275343,0.019959763535876942,0.0,0.009202492459275343,0.004941753111453728,0,0,0,1,0,1.0,0.22727272727272727,0.306734042613917,0.27515824274530265,0.9633331359746733,0.49711924507672234,0.0,0.23636363636363636,0.04457186062482603
1706,110,100.0,110,0,108,2,0,0.0,5.02070348285994,4.951361878663423,17.17483757850089,3.6466335672296326,1.8215550229941395,2.4110988063922854,8.2,1.064675958454609,0.40791351331079273,0.012509888952373314,0.0242283395769078,0.0,0.012509888952373314,-0.022206831619896228,0,0,0,2,0,1.0,0.2545454545454545,0.29743301068759637,0.31295392589857945,0.9483583357248799,0.4913168802744299,0.0,0.2727272727272727,0.04451593285591449
1707,110,100.0,110,0,107,3,0,0.0,5.072296818320027,5.001647647868043,18.24842134120062,3.650409808373171,1.815719265170413,2.3736070640977203,8.2,1.064675958454609,0.4074472227629542,0.004922521326497567,0.012934528563186077,0.0,0.004922521326497567,-0.038178587329907566,0,0,0,3,0,1.0,0.2545454545454545,0.29997336413709175,0.30144324567310227,0.9484936650789622,0.4941210348690414,0.0,0.2,0.04479400189900919
1708,110,100.0,110,0,108,2,0,0.0,5.056430634556803,4.9864821399134565,18.40473730919233,3.6540166739713866,1.7781921125356086,2.3355348841241397,8.2,1.064675958454609,0.40775726097626674,0.11044268616007828,0.02013974356614457,0.0,0.11044268616007828,0.001563967098217045,0,0,0,2,0,0.5,0.2545454545454545,0.3010020742356122,0.29906729980921853,0.9411317093597755,0.4965294995051525,0.0,0.2,0.04473387169563206
1709,110,100.0,110,0,109,1,0,0.0,5.031743161743929,4.962493644751287,18.551116544294803,3.657380818346095,1.7903619947137093,2.348746215509047,8.2,1.064675958454609,0.40644604598357503,0.03085746881293555,0.019385361786690303,0.0,0.03085746881293555,0.000874077457121647,0,0,0,1,0,1.0,0.24545454545454545,0.3011390213393431,0.2914849862462982,0.9381684525437716,0.49400462469571577,0.0,0.2363636363636364,0.0446283429497503
1710,110,100.0,110,0,108,2,0,0.0,5.011748113857123,4.944937306945035,18.72211605785977,3.6605596109981913,1.7622081354327115,2.3270307735429285,8.2,1.064675958454609,0.4049570429182776,0.02055365748307287,0.014575721340976533,0.0,0.02055365748307287,-0.025816233941523214,0,0,0,2,0,1.0,0.24545454545454545,0.30114311378368397,0.27438920196561156,0.9322371975307111,0.4978924940993183,0.0,0.2363636363636364,0.04454528963088426
1711,109,99.0909090909091,110,1,105,4,0,0.00909090909090909,5.058192265059266,4.974241494995676,20.031484170129794,3.6640750797354795,1.7208223028999903,2.318257075160663,8.2,1.064675958454609,0.4120001794404291,0.2418385287154999,0.015627993697973047,0.2,0.041874554125746186,0.020949911148118883,0,1,0,4,0,0.8,0.22727272727272727,0.3127448446110834,0.2675303394592621,0.9492016834831277,0.5022532953616324,0.00909090909090909,0.2181818181818182,0.044796224562131434
1712,109,99.0909090909091,110,0,108,2,0,0.0,5.019393434805508,4.934739899702667,20.379678723462895,3.6670957447213297,1.7373417775405284,2.330475674915618,8.2,1.064675958454609,0.41278123917894205,0.016155075178252612,0.008113431844222536,0.0,0.016155075178252612,0.011527366831334485,0,0,0,2,0,1.0,0.22727272727272727,0.3160794880484028,0.2677236818399483,0.961902552550841,0.5044328023732793,0.0,0.18181818181818182,0.044618310557807545
1713,109,99.0909090909091,110,0,108,2,0,0.0,5.061418822213506,4.976515103307078,22.09586125228354,3.6704400658527883,1.6966068040759583,2.2955101762861223,8.2,1.064675958454609,0.4157452492839855,0.006136236992215516,0.009383319091973413,0.0,0.006136236992215516,-0.028771467574000287,0,0,0,2,0,1.0,0.21818181818181817,0.32449490315683355,0.24705551768038655,0.9686354290139836,0.5106258278858132,0.0,0.21818181818181814,0.04484624058637761
1714,109,99.0909090909091,110,0,108,2,0,0.0,5.025499463448223,4.941364059608813,22.151391788471653,3.673449385032065,1.7407714309607851,2.3289581444767777,8.2,1.064675958454609,0.4124173365153143,0.005874286758620799,0.009767679470032837,0.0,0.005874286758620799,-0.033826597332452746,0,0,0,2,0,1.0,0.21818181818181817,0.32263221628133637,0.24109771354861634,0.9593884547180537,0.509740296150294,0.0,0.21818181818181814,0.04468266354145865
1715,109,99.0909090909091,110,0,107,3,0,0.0,5.094982751310831,5.009356140435101,23.656897549037428,3.6770057809840964,1.693393583402932,2.3033831936902303,8.2,1.064675958454609,0.4140947252516476,0.08971665245059941,0.009431479916670689,0.0,0.08971665245059941,0.0006154571551428104,0,0,0,3,0,0.6666666666666666,0.21818181818181817,0.3283832735685052,0.22689068547340244,0.9588842829616971,0.5158170889537524,0.0,0.14545454545454545,0.04504901202711606
1716,110,100.0,110,0,108,2,0,0.0,5.125745479491109,5.038066140937165,23.587021331502946,3.6807688476218514,1.6497374149470987,2.2638977084724905,8.2,1.064675958454609,0.4167494504577862,0.016780281880179826,0.009374735589754154,0.0,0.016780281880179826,-0.00456057314164382,0,0,0,2,0,1.0,0.21818181818181817,0.3303481888090515,0.2261688495570966,0.9579511833278099,0.5194009599063434,0.0,0.21818181818181817,0.045222857900913856
1717,110,100.0,110,0,108,2,0,0.0,5.177592243314089,5.088412763127253,23.389558994502814,3.684920672499697,1.6149938453058985,2.174427240896341,8.2,1.064675958454609,0.4181287676918346,0.12020640003458702,0.010489725049572525,0.0,0.12020640003458702,-0.012666777679048946,0,0,0,2,0,0.5,0.22727272727272727,0.32909305197797156,0.23420469757873388,0.9628575420391495,0.5208866314982894,0.0,0.1818181818181818,0.04550419346068453
1718,110,100.0,110,0,108,2,0,0.0,5.223195199412659,5.130279423559767,26.072478249456356,3.6893848893108165,1.528976771443057,2.122794397032074,8.2,1.064675958454609,0.42448904678584154,0.06851745307971996,0.008949698226685497,0.0,0.06851745307971996,-0.016884606231285015,0,0,0,2,0,0.5,0.23636363636363636,0.3436569142609913,0.2121754721948442,0.9555219528674673,0.5323205834518443,0.0,0.1818181818181818,0.04575597296273802
1719,109,99.0909090909091,110,1,109,0,0,0.00909090909090909,5.208952334128749,5.124084337150843,24.976322853539322,3.693685495974833,1.494956437427741,2.069890593150275,8.2,1.064675958454609,0.42540460738215535,0.6717929240084684,0.024314230695304917,1.0,0.32820707599153165,0.00482660468127305,0,1,0,0,0,0.0,0.24545454545454545,0.3408636819488228,0.22470691188814657,0.9658244097697973,0.5369028168383975,0.00909090909090909,0.1818181818181818,0.04570765239892821
1720,109,99.0909090909091,110,0,109,1,0,0.0,5.237422905632035,5.1521636334674445,24.121650489192795,3.6982427925548795,1.4419408743950688,2.0252056064568635,8.2,1.064675958454609,0.42540870895864646,0.018126307992487448,0.0019396645198866743,0.0,0.018126307992487448,-0.004757560560900098,0,0,0,1,0,1.0,0.23636363636363636,0.3367657551502678,0.23128517016158717,0.9695936244248947,0.5387422183591084,0.0,0.1818181818181818,0.045874265476966256
1721,109,99.0909090909091,110,0,109,1,0,0.0,5.261874154122529,5.177690081480691,23.32610265757181,3.7029689878579184,1.4001711431812132,1.9927643707662477,8.2,1.064675958454609,0.42493716940823223,0.020914481888204033,0.0012577453835600056,0.0,0.020914481888204033,-0.017802123766246902,0,0,0,1,0,1.0,0.23636363636363636,0.3323127405988593,0.24152770641523313,0.9678164965957243,0.5438685437239889,0.0,0.14545454545454545,0.046021681051989255
1722,108,98.18181818181819,110,1,109,0,0,0.00909090909090909,5.336114028931652,5.245473412324891,25.612772106451445,3.708258563906142,1.392063717123712,2.026990251379743,8.2,1.064675958454609,0.4289293791873139,0.8777714534435828,0.0055587778482576004,1.0,0.12222854655641724,0.10496321301704312,0,1,0,0,0,0.0,0.22727272727272727,0.34241975106727346,0.23271434923504056,0.9676274352177883,0.5406069828831388,0.00909090909090909,0.16363636363636364,0.04642103884827968
1723,108,98.18181818181819,110,0,109,1,0,0.0,5.308964990270938,5.218989895490824,24.534981209341904,3.7132298910520722,1.4447611725529153,2.0687353183076724,8.2,1.064675958454609,0.425899918346786,0.003414301671785684,0.002734759637709091,0.0,0.003414301671785684,0.023429630500788834,0,0,0,1,0,1.0,0.21818181818181817,0.3361100583193242,0.2370925235507345,0.9674778178581087,0.5328193569783573,0.0,0.2,0.04631175791744553
1724,109,99.0909090909091,110,0,109,1,0,0.0,5.264893684579703,5.1752478880582755,25.142412702556303,3.717775721163559,1.4730944090624563,2.0682242017454255,8.2,1.064675958454609,0.4243030648622408,0.7606659989369562,0.03354330683330438,1.0,0.2393340010630438,0.03940453776493036,0,0,0,1,0,0.0,0.22727272727272727,0.3381522411712332,0.2200256894396708,0.963251740309203,0.5326885487256461,0.0,0.23636363636363633,0.046115600569143954
1725,108,98.18181818181819,110,1,109,0,0,0.00909090909090909,5.272356632240829,5.173969457463238,26.32879715024835,3.72234415961506,1.4584009275379972,2.0445394322501236,8.2,1.064675958454609,0.4269459572446952,0.9983672338202079,0.023384461091203332,1.0,0.0016327661797921333,0.1302830509233237,0,1,0,0,0,1.0,0.23636363636363636,0.34503467609862454,0.21240531478241312,0.9515447716947678,0.5360417118770029,0.00909090909090909,0.2909090909090909,0.046177234840384544
1726,108,98.18181818181819,110,0,110,0,0,0.0,5.283941287709676,5.186081128983508,28.975061267958065,3.7268852234296905,1.462586691233126,2.053396301408768,8.2,1.064675958454609,0.42873895154666286,0.0,0.0,0.0,0.0,0.0,0,0,0,0,0,0.0,0.23636363636363636,0.35540261846517945,0.19699927265797973,0.9542961844798004,0.5368469066111813,0.0,0.2909090909090909,0.046259331925075
1727,108,98.18181818181819,110,1,108,1,0,0.00909090909090909,5.312333621471708,5.205843228021677,28.528139500029493,3.7316324392003137,1.4881756424281067,2.0618036259809447,8.2,1.064675958454609,0.42732605387518774,0.6404025368011059,0.027083008332720006,0.5,0.1451120020961434,0.06354322921813332,0,1,0,1,0,0.5,0.2545454545454545,0.3515979326760035,0.1913992683106786,0.9424994337635533,0.5442848071011297,0.00909090909090909,0.2909090909090909,0.04642656482638806
1728,108,98.18181818181819,110,0,109,1,0,0.0,5.283136907576906,5.177629549106097,28.14113202940476,3.7360026273839932,1.457619455751164,2.0590442421683717,8.2,1.064675958454609,0.42740006692065036,0.12572748605491488,0.015737085513210153,0.0,0.12572748605491488,-0.011831575711531261,0,0,0,1,0,0.0,0.2636363636363636,0.35156239390443067,0.1816918604159074,0.9553969146461336,0.5463407440523478,0.0,0.2909090909090909,0.04630384542837948
1729,107,97.27272727272727,110,1,109,0,0,0.00909090909090909,5.251635442889665,5.14557097531854,28.16216107122785,3.7400633482915935,1.48092705697994,2.0843038355643713,8.2,1.064675958454609,0.4255783731268916,0.3090891821870229,0.023580723284198635,0.0,0.3090891821870229,-0.0018508037532309896,0,1,0,0,0,0.0,0.2727272727272727,0.35070624557822366,0.1771081852027973,0.9597509523459578,0.5422862992240727,0.00909090909090909,0.2727272727272727,0.04616795486456486
1730,108,98.18181818181819,110,0,110,0,0,0.0,5.254471497909927,5.147446772963151,27.470770089766564,3.7440866956041496,1.482845464664147,2.085089649275822,8.2,1.064675958454609,0.4268113528731221,0.0,0.0,0.0,0.0,0.0,0,0,0,0,0,0.0,0.2636363636363636,0.34946494203223066,0.18886120751180288,0.9468224296075671,0.5417482341456161,0.0,0.3090909090909091,0.04620355294544713
1731,108,98.18181818181819,110,0,110,0,0,0.0,5.3087001790628126,5.199028026191203,27.9237889586827,3.748506545866894,1.4835654958198623,2.094197992468393,8.2,1.064675958454609,0.4270710753471352,0.0,0.0,0.0,0.0,0.0,0,0,0,0,0,0.0,0.2818181818181818,0.3493970625673625,0.19505251585359087,0.9495968050658223,0.5401004649868915,0.0,0.3090909090909091,0.04649822489278512
1732,109,99.0909090909091,110,0,110,0,0,0.0,5.280283571250996,5.172290232858573,26.79975174474773,3.7526516023605456,1.537122751398967,2.1210899670551755,8.2,1.064675958454609,0.4247573969782148,0.0,0.0,0.0,0.0,0.0,0,0,0,0,0,0.0,0.2545454545454545,0.344414672971651,0.20137160493411502,0.9526461387761775,0.5383751073313743,0.0,0.3090909090909091,0.04637820756370217
1733,109,99.0909090909091,110,0,110,0,0,0.0,5.220478253783238,5.115447031292422,24.407645604844664,3.756268370713371,1.6086430168294767,2.1794051251376128,8.2,1.064675958454609,0.41901461826511444,0.0,0.0,0.0,0.0,0.0,0,0,0,0,0,0.0,0.2727272727272727,0.33147438751087593,0.21137816424662273,0.9460159053227513,0.5320641839123451,0.0,0.3090909090909091,0.046098434407926145
1734,110,100.0,110,0,109,1,0,0.0,5.270613169925761,5.163481488941872,26.4306717909473,3.7602557612609657,1.5511623871840148,2.145867750495807,8.2,1.064675958454609,0.4230994915565378,0.01392971480040681,0.010957822187184791,0.0,0.01392971480040681,0.03881208070013975,0,0,0,1,0,1.0,0.2545454545454545,0.3417415934736086,0.19356502351214872,0.9403060118889383,0.5394211488593429,0.0,0.3090909090909091,0.04637033538290372
1735,110,100.0,110,0,109,1,0,0.0,5.299032235032112,5.190094820096713,27.557994751353366,3.7644273756108704,1.487432444582963,2.112728670876983,8.2,1.064675958454609,0.423762284613848,0.014314821580462172,0.002002414063365694,0.0,0.014314821580462172,0.0778306224755928,0,0,0,1,0,1.0,0.24545454545454545,0.3454824458401496,0.18419745765072887,0.9279010505429263,0.5447199195251794,0.0,0.27272727272727276,0.04653463779596692
1736,110,100.0,110,0,110,0,0,0.0,5.370667065792702,5.258687424410431,33.10021769387912,3.7691388069596363,1.4264582382832405,2.0728898260535904,8.2,1.064675958454609,0.4296089901880151,0.0,0.0,0.0,0.0,0.0,0,0,0,0,0,0.0,0.24545454545454545,0.3675501654748914,0.1615083282873613,0.9504493838061285,0.5551681781589125,0.0,0.27272727272727276,0.04691789268820458
1737,110,100.0,110,0,109,1,0,0.0,5.371579304138094,5.259740679051334,33.88640868145956,3.7738090478306874,1.370103167470321,2.037498164622242,8.2,1.064675958454609,0.4317692183797832,0.5063456311090209,0.020851254729206473,1.0,0.49365436889097913,0.03282566494534733,0,0,0,1,0,0.0,0.2727272727272727,0.371697512474243,0.15045742099743015,0.9575447157628256,0.5621016975966758,0.0,0.2363636363636364,0.04694731534580954
1738,109,99.0909090909091,110,1,109,0,0,0.00909090909090909,5.308883511823128,5.214223985704739,31.575640135596785,3.7779227220941016,1.419761111660355,2.068846200853767,8.2,1.064675958454609,0.4283888371004103,0.10893458988254082,0.014381524503506889,0.0,0.10893458988254082,0.012877398431883291,0,1,0,0,0,0.0,0.3,0.3626067682259285,0.15608334677494598,0.9594598392254745,0.5560707783006459,0.00909090909090909,0.23636363636363636,0.046655735034680554
1739,108,98.18181818181819,110,1,108,1,0,0.00909090909090909,5.315691041914506,5.211739911252986,31.638566877747277,3.782178599835808,1.4502564066175412,2.0858030187656476,8.2,1.064675958454609,0.4289201442759849,0.1626673196899452,0.019088860854177443,0.0,0.1626673196899452,-0.035447475771891,0,1,0,1,0,0.5,0.2818181818181818,0.36323928088295593,0.16538285269482633,0.9604182505959633,0.5498008701533038,0.00909090909090909,0.23636363636363636,0.046712428338706036
1740,108,98.18181818181819,110,0,110,0,0,0.0,5.342069952379799,5.238292606319146,33.04001240000622,3.786527327187929,1.4137678634746875,2.0271441723404884,8.2,1.064675958454609,0.4286679025959421,0.0,0.0,0.0,0.0,0.0,0,0,0,0,0,0.0,0.3,0.3662720719909192,0.1593524097498409,0.9518568877781421,0.5511705406544936,0.0,0.2727272727272727,0.04686747281834089
1741,107,97.27272727272727,110,1,109,0,0,0.00909090909090909,5.2714055767849,5.158154468144744,29.92311614853003,3.7902535649217746,1.459074375684805,2.088414515362154,8.2,1.064675958454609,0.42754778033982666,0.9999999977396539,0.03744934148535596,1.0,2.2603461324877117e-09,0.08010077210849342,0,1,0,0,0,1.0,0.2818181818181818,0.3583886707385007,0.16126720547067858,0.9616366680610402,0.5538663216752888,0.00909090909090909,0.2545454545454545,0.046533987119019946
1742,107,97.27272727272727,110,0,110,0,0,0.0,5.324026584864377,5.209214074236276,29.851334373795826,3.794268646349846,1.4778909132830378,2.1057182343971648,8.2,1.064675958454609,0.4277939810938982,0.0,0.0,0.0,0.0,0.0,0,0,0,0,0,0.0,0.3,0.3563592477402307,0.16651337375296696,0.9616366680610402,0.5517714883283997,0.0,0.2545454545454545,0.04681846596275586
1743,108,98.18181818181819,110,0,110,0,0,0.0,5.324075632624498,5.210053467439242,29.088752255618804,3.798248129625343,1.485016501302806,2.105193486776761,8.2,1.064675958454609,0.4248797982850987,0.0,0.0,0.0,0.0,0.0,0,0,0,0,0,0.0,0.2818181818181818,0.35053450486501886,0.16594918654941362,0.9630134438283631,0.5491153909567709,0.0,0.2545454545454545,0.04683989550240893
1744,109,99.0909090909091,110,0,108,2,0,0.0,5.333711115551473,5.220175559778152,30.98741033319442,3.802271458286034,1.475178566779925,2.0717111850877052,8.2,1.064675958454609,0.4269338104110485,0.22290871929991915,0.012904665202243152,0.0,0.22290871929991915,0.05584923753923665,0,0,0,2,0,0.0,0.3,0.3579790146638004,0.1618090737773331,0.9635408006717285,0.5478032822415303,0.0,0.2545454545454545,0.046909490623533806
1745,108,98.18181818181819,110,1,109,0,0,0.00909090909090909,5.311009055448344,5.222502479767061,32.82782106332432,3.806055491458258,1.444229109249361,2.096234814983056,8.2,1.064675958454609,0.427629373991971,0.6123685260918683,0.015593141707088535,1.0,0.3876314739081317,0.08743532449137448,0,1,0,0,0,0.0,0.2727272727272727,0.36521272348768796,0.15234815431470047,0.9570910231204268,0.5406170398697182,0.00909090909090909,0.2727272727272727,0.04681612416874047
1746,108,98.18181818181819,110,1,107,0,2,0.00909090909090909,5.348897343871265,5.244501020009759,36.312280492650274,3.810323112597756,1.4447311841518347,2.020502088960742,8.2,1.064675958454609,0.4333769908041585,0.9999999999378509,0.0408017235611041,1.0,6.214902666575502e-11,0.08663522356509519,0,3,0,0,0,1.0,0.2818181818181818,0.3813329595608507,0.15989061432625226,0.9529156714251372,0.5462502642632133,0.00909090909090909,0.23636363636363636,0.047028283778990154
1747,108,98.18181818181819,110,0,108,2,0,0.0,5.250821506988536,5.150162574062233,30.344488275797424,3.8136215526763815,1.5364626423519574,2.051252801736044,8.2,1.064675958454609,0.4259688563744892,0.13168523991718512,0.04583856242405964,0.0,0.13168523991718512,-0.12731705585312847,0,0,0,2,0,0.0,0.2818181818181818,0.35691658090698763,0.18198894747533723,0.9429845852450536,0.5342221680473722,0.0,0.2727272727272727,0.04655546344383708
1748,107,97.27272727272727,110,1,107,2,0,0.00909090909090909,5.315030871291745,5.196736515483445,35.94617158780948,3.8174055156396793,1.553562603440623,2.0913444197645767,8.2,1.064675958454609,0.4298361455497075,0.2382443824449065,0.046885804575095245,0.3333333333333333,0.16397246003829705,-0.09305695441825639,0,1,0,2,0,0.3333333333333333,0.2636363636363636,0.3781235558001133,0.1648246380250683,0.9467512918300077,0.5372267916541447,0.00909090909090909,0.29090909090909095,0.046896653737326655
1749,107,97.27272727272727,110,0,110,0,0,0.0,5.28722328296869,5.174037276487848,30.736136797910657,3.8208319016493406,1.5751220592758872,2.142383335165321,8.2,1.064675958454609,0.423556673134875,0.0,0.0,0.0,0.0,0.0,0,0,0,0,0,0.0,0.2636363636363636,0.3554437361182093,0.1750839890650774,0.9541094138591749,0.5348137617520397,0.0,0.29090909090909095,0.04677585574975574
1750,108,98.18181818181819,110,0,110,0,0,0.0,5.303014846846589,5.190069325959401,32.809799187816004,3.824358359252009,1.5672871754076976,2.1691243494984853,8.2,1.064675958454609,0.42587687233805327,0.0,0.0,0.0,0.0,0.0,0,0,0,0,0,0.0,0.2636363636363636,0.36453430606154463,0.17278112681014968,0.9400576357550327,0.5356757568281774,0.0,0.29090909090909095,0.04687358624228559
1751,109,99.0909090909091,110,0,110,0,0,0.0,5.286560254478988,5.175975972411515,32.91848045149062,3.827727232670827,1.549057845557956,2.190472223285464,8.2,1.064675958454609,0.42488689836816773,0.0,0.0,0.0,0.0,0.0,0,0,0,0,0,0.0,0.2545454545454545,0.36464768228165,0.16637336167457067,0.9467512918300077,0.539796165761064,0.0,0.29090909090909095,0.046809247073128044
1752,109,99.0909090909091,110,0,110,0,0,0.0,5.263949274960268,5.156161349503263,28.14848590002304,3.830891469283192,1.6487929482969519,2.2257066905656115,8.2,1.064675958454609,0.4168673234371676,0.0,0.0,0.0,0.0,0.0,0,0,0,0,0,0.0,0.2545454545454545,0.3398918355113719,0.18786525693354766,0.9541094138591749,0.5305093223274718,0.0,0.29090909090909095,0.04671303660877468
1753,110,100.0,110,0,109,1,0,0.0,5.241386138176426,5.134455672344829,26.622016748836373,3.8338371409280168,1.7003405240339302,2.2751940790858916,8.2,1.064675958454609,0.4169609273719648,0.31311514238981125,0.0160783846669032,0.0,0.31311514238981125,0.04346253631908903,0,0,0,1,0,0.0,0.2636363636363636,0.335372693171314,0.20105750755053067,0.9601148805648624,0.5287778764002788,0.0,0.2545454545454545,0.0466159018537642
1754,109,99.0909090909091,110,1,109,0,0,0.00909090909090909,5.305422976487741,5.200174880043027,29.14380506227236,3.8372816993120917,1.6326946210418898,2.174942766731911,8.2,1.064675958454609,0.4201494095649465,0.2850034567102452,0.01475972586272805,0.0,0.2850034567102452,0.04650993136606729,0,1,0,0,0,0.0,0.2545454545454545,0.34508195303132844,0.1907552697964284,0.9700825808116342,0.5380012027428329,0.00909090909090909,0.19999999999999998,0.04695442273781587
1755,109,99.0909090909091,110,0,110,0,0,0.0,5.35637585061585,5.250431371232183,29.378097215516913,3.841147148021071,1.6319879678416906,2.198003022049144,8.2,1.064675958454609,0.41882810382691704,0.0,0.0,0.0,0.0,0.0,0,0,0,0,0,0.0,0.2545454545454545,0.34285789254019833,0.19256153841770682,0.9642509962841674,0.5382408721528946,0.0,0.23636363636363636,0.047229764360001855
1756,109,99.0909090909091,110,0,110,0,0,0.0,5.36746106389191,5.259337474772111,32.835640750436184,3.8450472991415396,1.5963964971635978,2.1839820867159556,8.2,1.064675958454609,0.42523696569903424,0.0,0.0,0.0,0.0,0.0,0,0,0,0,0,0.0,0.2727272727272727,0.3609389574712468,0.18172744521001247,0.9583811167886054,0.5455012788745051,0.0,0.2363636363636364,0.047305952412043675
1757,109,99.0909090909091,110,0,110,0,0,0.0,5.318657363190803,5.214624120332244,29.911958464240744,3.8485250844227337,1.6508573055158655,2.197894065759166,8.2,1.064675958454609,0.41948081328200715,0.0,0.0,0.0,0.0,0.0,0,0,0,0,0,0.0,0.3,0.34676113879249265,0.1828266630315799,0.9618208499303329,0.5419435046244694,0.0,0.23636363636363636,0.047080447480425905
1758,109,99.0909090909091,110,0,110,0,0,0.0,5.338868088156673,5.234467092963746,30.947717880104832,3.8521348532473922,1.601633643164837,2.1746368400178477,8.2,1.064675958454609,0.42009711956529516,0.0,0.0,0.0,0.0,0.0,0,0,0,0,0,0.0,0.2727272727272727,0.34998949034149446,0.1726463303925111,0.9604081562120188,0.5467395517165007,0.0,0.23636363636363636,0.047200717275671225
1759,109,99.0909090909091,110,1,109,0,0,0.00909090909090909,5.400303039530906,5.291233299774898,33.77284494577532,3.8562083945866683,1.5652363452062354,2.1740492864661904,8.2,1.064675958454609,0.4258488148321091,0.3480455982184247,0.005352636434903213,0.0,0.3480455982184247,0.09930992006923534,0,1,0,0,0,0.0,0.2818181818181818,0.36322848381005346,0.1674939576752712,0.9491190877833979,0.5528881956534439,0.00909090909090909,0.2363636363636364,0.04752957704019088
1760,108,98.18181818181819,110,1,109,0,0,0.00909090909090909,5.334497305372536,5.237717496227927,30.35383863306961,3.859688747004873,1.6490288110338944,2.246576131303115,8.2,1.064675958454609,0.4211233025006553,0.4704259609790118,0.021359098965780705,0.0,0.4704259609790118,0.025810300669173225,0,1,0,0,0,0.0,0.2909090909090909,0.34955541467371104,0.1797904676978125,0.955267297573692,0.5493198275361949,0.00909090909090909,0.27272727272727276,0.047219075607132094
1761,108,98.18181818181819,110,0,110,0,0,0.0,5.342237377815225,5.243378040142221,35.09566344262989,3.863255557167761,1.6357950277285211,2.2311320411944293,8.2,1.064675958454609,0.4255176436349217,0.0,0.0,0.0,0.0,0.0,0,0,0,0,0,0.0,0.2909090909090909,0.3692470624368373,0.15588549699464527,0.9610003891591574,0.5557308521282258,0.0,0.2363636363636364,0.04727676345448953
1762,108,98.18181818181819,110,0,110,0,0,0.0,5.353879105594849,5.255231901341846,34.78470402803925,3.866885356528633,1.624581268673452,2.217520025029579,8.2,1.064675958454609,0.42264024122580346,0.0,0.0,0.0,0.0,0.0,0,0,0,0,0,0.0,0.2818181818181818,0.3655356244033562,0.15417809829030632,0.963913308062355,0.558082602602017,0.0,0.2363636363636364,0.047354294893955325
1763,108,98.18181818181819,110,0,110,0,0,0.0,5.328217799713762,5.232738118223377,30.72084331758067,3.870284921567562,1.634033791433129,2.224208394887682,8.2,1.064675958454609,0.41801368492402147,0.0,0.0,0.0,0.0,0.0,0,0,0,0,0,0.0,0.3,0.34787341654395476,0.15938761473821647,0.9610003891591574,0.5607302439523213,0.0,0.2363636363636364,0.04724408554038064
1764,109,99.0909090909091,110,0,110,0,0,0.0,5.344978309684941,5.250038018559193,30.159762042149517,3.8737956425585995,1.6556430203818764,2.231266160957799,8.2,1.064675958454609,0.41813532699489464,0.0,0.0,0.0,0.0,0.0,0,0,0,0,0,0.0,0.2818181818181818,0.34567265066276376,0.17014485915134797,0.9592436183463123,0.5576733558986816,0.0,0.2363636363636364,0.047346576991416534
1765,109,99.0909090909091,110,1,109,0,0,0.00909090909090909,5.373286731455476,5.271830106994613,31.300233042919,3.8774912307649805,1.643126202506949,2.213345340122954,8.2,1.064675958454609,0.4240410502185237,0.9979557402143512,0.040934210790411915,1.0,0.0020442597856488165,0.04512042793231963,0,1,0,0,0,1.0,0.3090909090909091,0.35423262371364206,0.17293193992186526,0.9559207266130871,0.563438768340425,0.00909090909090909,0.2545454545454546,0.04750779211984762
1766,109,99.0909090909091,110,0,110,0,0,0.0,5.3663478975201695,5.264183170307283,31.214079246909733,3.8810457079384606,1.6420424169903922,2.21467743400187,8.2,1.064675958454609,0.42518640019579457,0.0,0.0,0.0,0.0,0.0,0,0,0,0,0,0.0,0.3090909090909091,0.3553480157715087,0.1769784225041211,0.96377041559332,0.5644369489898933,0.0,0.2545454545454546,0.04749201978212848
1767,109,99.0909090909091,110,0,110,0,0,0.0,5.312645761279496,5.213903231917891,26.42102363923127,3.8841340867152594,1.7645462303066883,2.300393625573439,8.2,1.064675958454609,0.4149975092167719,0.0,0.0,0.0,0.0,0.0,0,0,0,0,0,0.0,0.2909090909090909,0.33025835693653277,0.19884405075595585,0.9494506694809022,0.5463711949292448,0.0,0.29090909090909095,0.04723994971409641
1768,108,98.18181818181819,110,1,109,0,0,0.00909090909090909,5.2891618635428586,5.191403551258555,25.276018180787126,3.8870073394050433,1.7900346822536966,2.3179956856471158,8.2,1.064675958454609,0.4090347870572517,0.9725523710205992,0.026737005961041765,1.0,0.027447628979400784,0.12111817397480074,0,1,0,0,0,1.0,0.2818181818181818,0.32068366063553755,0.20345831872362963,0.9644500920902414,0.538857209109779,0.00909090909090909,0.2363636363636364,0.04713782564072011
1769,108,98.18181818181819,110,0,110,0,0,0.0,5.326369932572668,5.228622225786678,25.176811347101026,3.890157613796124,1.8155938006375107,2.351660948270454,8.2,1.064675958454609,0.40807631700990554,0.0,0.0,0.0,0.0,0.0,0,0,0,0,0,0.0,0.2909090909090909,0.31816573601616255,0.20439964224489895,0.9657653586555681,0.5387868796062457,0.0,0.2363636363636364,0.04734063609290276
1770,109,99.0909090909091,110,0,110,0,0,0.0,5.416818476252022,5.3153669560036025,27.50275418109232,3.8940131882034135,1.8118867625868633,2.365833125842077,8.2,1.064675958454609,0.41214953011668753,0.0,0.0,0.0,0.0,0.0,0,0,0,0,0,0.0,0.2909090909090909,0.3280692939487972,0.20406046772826872,0.9483457875876137,0.5412765318662168,0.0,0.2363636363636364,0.0478134034981869
1771,109,99.0909090909091,110,0,110,0,0,0.0,5.475256805450559,5.373755228246303,29.664822709296278,3.8983250299546293,1.733965683046778,2.311992075882658,8.2,1.064675958454609,0.41397304098811905,0.0,0.0,0.0,0.0,0.0,0,0,0,0,0,0.0,0.2818181818181818,0.33511667239771875,0.20211769306367947,0.9545456435406826,0.5430510947527626,0.0,0.2363636363636364,0.04812854871542548
1772,109,99.0909090909091,110,0,110,0,0,0.0,5.473380725546001,5.371575126818988,31.44712091269083,3.902572395750739,1.693153308867372,2.285681794768245,8.2,1.064675958454609,0.4165468764075795,0.0,0.0,0.0,0.0,0.0,0,0,0,0,0,0.0,0.2727272727272727,0.34342815291021334,0.19236697429022107,0.9527171237194362,0.549197734038503,0.0,0.2,0.04814177865715209
1773,110,100.0,110,0,110,0,0,0.0,5.515375109354568,5.413778588507972,30.593127962685966,3.907134004952541,1.727258374302067,2.2964019897389134,8.2,1.064675958454609,0.4147152890614565,0.0,0.0,0.0,0.0,0.0,0,0,0,0,0,0.0,0.2909090909090909,0.3380033857760584,0.20497420489481896,0.9541359431444935,0.5470044254958836,0.0,0.2363636363636364,0.04837603375444005
1774,110,100.0,110,0,110,0,0,0.0,5.549548595811734,5.4461446531613085,30.725764525318276,3.9119227227651026,1.6932623732877568,2.2686518414284986,8.2,1.064675958454609,0.4152992183247044,0.0,0.0,0.0,0.0,0.0,0,0,0,0,0,0.0,0.2818181818181818,0.33797618151382997,0.20311629654217037,0.9428133012910946,0.5519416602863918,0.0,0.2363636363636364,0.04857239335036016
1775,110,100.0,110,0,110,0,0,0.0,5.570710435905058,5.466915866020206,31.073065248019176,3.916837373138066,1.7086168618696296,2.2629809869194166,8.2,1.064675958454609,0.41355642470653287,0.0,0.0,0.0,0.0,0.0,0,0,0,0,0,0.0,0.2727272727272727,0.33618512258514033,0.2034958842042817,0.941160352146622,0.5439894127044329,0.0,0.27272727272727276,0.04870436510130831
1776,109,99.0909090909091,110,1,109,0,0,0.00909090909090909,5.552171019366754,5.447243637301517,29.5059472083074,3.92155406555095,1.755384789910841,2.308711633209944,8.2,1.064675958454609,0.40845774121745904,0.5544404734609887,0.013815623001301375,1.0,0.4455595265390113,0.08817055012062547,0,1,0,0,0,0.0,0.2636363636363636,0.32657579615464866,0.21787765301603007,0.9444441255219316,0.534940330069461,0.00909090909090909,0.2181818181818182,0.048636776763693906
1777,108,98.18181818181819,110,1,108,1,0,0.00909090909090909,5.586624891874927,5.481145991602019,30.875294211529287,3.9264890020947387,1.7060528831701274,2.239056099014278,8.2,1.064675958454609,0.41095233594780045,0.2547306335410378,0.011602335324890151,0.0,0.2547306335410378,0.0684506367402446,0,1,0,1,0,0.0,0.2636363636363636,0.33266998315255203,0.21584318118009513,0.9566309692838072,0.5406929254881082,0.00909090909090909,0.21818181818181817,0.04883531666770812
1778,108,98.18181818181819,110,0,109,1,0,0.0,5.586273261900394,5.479282845662629,32.732610435928585,3.9313539034008693,1.72753565180651,2.2760061955084843,8.2,1.064675958454609,0.41355403258045076,0.08127617225717342,0.01767409361811977,0.0,0.08127617225717342,0.024029262206696655,0,0,0,1,0,0.0,0.2636363636363636,0.3406385926412948,0.20629636454674968,0.950996102081049,0.5431983291839598,0.0,0.21818181818181817,0.04885945623513992
1779,107,97.27272727272727,110,1,108,1,0,0.00909090909090909,5.521768467535545,5.401631568515626,31.23004229222031,3.935634630527436,1.7806881999839794,2.3225539611573134,8.2,1.064675958454609,0.4099555988556609,0.4997524153815365,0.03170778229684927,0.5,0.00043705013687844567,-0.024471945655512473,0,1,0,1,0,1.0,0.2636363636363636,0.3348766009274596,0.2111901375715167,0.9522403487933278,0.5296580872971637,0.00909090909090909,0.2,0.04855972019959748
1780,107,97.27272727272727,110,0,109,1,0,0.0,5.491423051082701,5.371303991867714,31.788260282750414,3.9394824606091388,1.841583405743159,2.35936390654163,8.2,1.064675958454609,0.4088792175706817,0.0001538484725034739,0.02150971567831655,0.0,0.0001538484725034739,-0.09056673402106963,0,0,0,1,0,1.0,0.2636363636363636,0.33689360319759487,0.2088383137773933,0.9422246716457409,0.522040916566389,0.0,0.16363636363636364,0.048428476578234285
1781,108,98.18181818181819,110,0,110,0,0,0.0,5.482150856455534,5.362081594892365,29.670380874162877,3.943210772854328,1.8757507469550854,2.3856758457880467,8.2,1.064675958454609,0.40737182894519286,0.0,0.0,0.0,0.0,0.0,0,0,0,0,0,0.0,0.2545454545454545,0.32887002062810594,0.22561280794162128,0.9499552897708516,0.5161618730409996,0.0,0.2,0.048401962827163775
1782,109,99.0909090909091,110,0,110,0,0,0.0,5.507528648457729,5.3868468702467105,29.447523253579963,3.9471103266015812,1.8571320503216704,2.37765426455422,8.2,1.064675958454609,0.40844701904403435,0.0,0.0,0.0,0.0,0.0,0,0,0,0,0,0.0,0.2636363636363636,0.3283587348680728,0.2171750796837286,0.9454157460200122,0.5213649971108579,0.0,0.2,0.04854961059279177
1783,109,99.0909090909091,110,0,110,0,0,0.0,5.531008988048199,5.409726785101543,31.07906383711745,3.95116324029982,1.8603443654881426,2.3769209870598678,8.2,1.064675958454609,0.4077346332053544,0.0,0.0,0.0,0.0,0.0,0,0,0,0,0,0.0,0.22727272727272727,0.33172938972574306,0.21381491317622048,0.9542213877995877,0.5154425967787564,0.0,0.2,0.04868858748962514
1784,110,100.0,110,0,109,1,0,0.0,5.492968210965118,5.373440372578722,30.198821201489928,3.9548639374320427,1.9464603379341603,2.408785446586005,8.2,1.064675958454609,0.40413215563579064,0.27372538254071344,0.014181106948564233,0.0,0.27372538254071344,0.024929732826748152,0,0,0,1,0,0.0,0.22727272727272727,0.32674993890260146,0.22156052805735166,0.9509688142144427,0.5103080683928483,0.0,0.2,0.048518083820540736
1785,110,100.0,110,0,110,0,0,0.0,5.54840673225413,5.4258847712133536,35.36800260826152,3.958971924454659,1.8959098669220193,2.3989463240758884,8.2,1.064675958454609,0.41363606803417685,0.0,0.0,0.0,0.0,0.0,0,0,0,0,0,0.0,0.23636363636363636,0.3502230550236514,0.20617567084289784,0.942218089774374,0.521734471848008,0.0,0.2363636363636364,0.048817144802088916
1786,110,100.0,110,0,108,2,0,0.0,5.474668928504286,5.356285045418366,32.78024318972824,3.9624433654889173,1.9589963051503252,2.4477969848452847,8.2,1.064675958454609,0.4086581847017894,0.1319350809266928,0.014277115269007313,0.0,0.1319350809266928,-0.0192471405314788,0,0,0,2,0,0.5,0.23636363636363636,0.33980342903957816,0.20313578403837784,0.9492017784002451,0.5190907599733825,0.0,0.2363636363636364,0.048466935582391533
1787,110,100.0,110,0,108,2,0,0.0,5.474667195589959,5.356275034357969,33.934292894098036,3.9658777616567895,1.945265468506829,2.439308001416427,8.2,1.064675958454609,0.40998719652660887,0.12184073399634635,0.012721203927010902,0.0,0.12184073399634635,-0.009694390913245865,0,0,0,2,0,0.5,0.23636363636363636,0.3449691081763138,0.20208078005202793,0.9551335517363223,0.5208098073460444,0.0,0.2363636363636364,0.048485209512978605
1788,110,100.0,110,0,109,1,0,0.0,5.602835388709657,5.476522719411028,43.11838310572903,3.9702997911890314,1.8335495378780151,2.3360156416209117,8.2,1.064675958454609,0.4237085059355252,0.0019556121837441664,0.013635606383678368,0.0,0.0019556121837441664,-0.04903999594875241,0,0,0,1,0,1.0,0.24545454545454545,0.38071703138869445,0.1817585723722808,0.9538914195755572,0.536038272925913,0.0,0.2363636363636364,0.049149590621229866
1789,110,100.0,110,0,108,2,0,0.0,5.647655538239108,5.521897649258571,42.3386182569273,3.975061217211369,1.8049003130152603,2.368584558999809,8.2,1.064675958454609,0.4224932439899849,0.1938755221381524,0.0087562329471009,0.0,0.1938755221381524,0.03405621242055451,0,0,1,1,0,0.5,0.24545454545454545,0.37492884861174786,0.17743424187992546,0.9536094959968953,0.5333104771154522,0.0,0.2363636363636364,0.049399038247946836
1790,110,100.0,110,0,110,0,0,0.0,5.693891776249296,5.563726068649426,50.37500408906641,3.9801282191756124,1.7073319162767728,2.318578300092413,8.2,1.064675958454609,0.42972069856150896,0.0,0.0,0.0,0.0,0.0,0,0,0,0,0,0.0,0.22727272727272727,0.4020808238589097,0.15855688407625046,0.9502919198005,0.5431406690871929,0.0,0.2363636363636364,0.049657193013861636
1791,109,99.0909090909091,110,1,109,0,0,0.00909090909090909,5.716756454244448,5.593117980161918,48.76538914991668,3.9853332048356322,1.6866143606198227,2.292601378922846,8.2,1.064675958454609,0.4331461947372901,0.2804570944853691,0.00950843055337856,0.0,0.2804570944853691,0.0419490071576093,0,1,0,0,0,0.0,0.24545454545454545,0.40001209088924183,0.16893292083869227,0.9433290755242981,0.5435110940015105,0.00909090909090909,0.2363636363636364,0.049799224519319014
1792,109,99.0909090909091,110,0,110,0,0,0.0,5.803559897749018,5.676495809793722,55.26933412290007,3.991251349275085,1.6511715966450382,2.2539691639615618,8.2,1.064675958454609,0.43835617531600723,0.0,0.0,0.0,0.0,0.0,0,0,0,0,0,0.0,0.24545454545454545,0.4181872835818617,0.15170655502880656,0.9423776924986077,0.5491210133608946,0.0,0.27272727272727276,0.050264746267358607
1793,109,99.0909090909091,110,0,110,0,0,0.0,5.890288314402483,5.759480987212901,62.49313150037947,3.9978133032399534,1.5437573171084087,2.1482535750646683,8.2,1.064675958454609,0.4450304649242296,0.0,0.0,0.0,0.0,0.0,0,0,0,0,0,0.0,0.24545454545454545,0.43827967546260277,0.1413626646604462,0.9398127245821726,0.5586988115604479,0.0,0.27272727272727276,0.050733320123760334
1794,109,99.0909090909091,110,0,109,1,0,0.0,5.8716821836124575,5.741862833629217,63.5222420333778,4.004155332662131,1.5512176631277406,2.155659154353066,8.2,1.064675958454609,0.44548246050325657,0.03672777308236026,0.01603714913004975,0.0,0.03672777308236026,0.03864615815757233,0,0,0,1,0,1.0,0.23636363636363636,0.44210555492813003,0.1397241015048311,0.9451489828368449,0.5584787701608342,0.0,0.2363636363636364,0.050674050501078226
1795,109,99.0909090909091,110,0,110,0,0,0.0,5.833506792384876,5.706647021691635,61.54683337150617,4.0101298925951525,1.596569280358295,2.1819702909977385,8.2,1.064675958454609,0.44236956589530774,0.0,0.0,0.0,0.0,0.0,0,0,0,0,0,0.0,0.24545454545454545,0.4361189238147683,0.14417216621982257,0.9516272049027502,0.5525961966959622,0.0,0.23636363636363636,0.05051497839655549
1796,110,100.0,110,0,109,1,0,0.0,5.833184279469159,5.703535848027626,66.89827926133322,4.016014343690522,1.5896615748673153,2.190743156078014,8.2,1.064675958454609,0.4463337769368585,0.07041761882445702,0.014540457886976284,0.0,0.07041761882445702,0.04491223054106519,0,0,0,1,0,0.0,0.2636363636363636,0.4527769279805139,0.13253818967223965,0.9592633800961978,0.5557860594044737,0.0,0.23636363636363636,0.05054469100002662
1797,109,99.0909090909091,110,1,109,0,0,0.00909090909090909,5.7845513074668515,5.659974657738152,62.40866316563239,4.021441314423029,1.6308289487258045,2.19351341144942,8.2,1.064675958454609,0.44412808866150466,0.6060873979539905,0.01519035122638841,1.0,0.39391260204600953,0.08388816399784549,0,1,0,0,0,0.0,0.2545454545454545,0.44248510248637674,0.13142777306638317,0.9491575416866215,0.5588002596959459,0.00909090909090909,0.27272727272727276,0.05033041596634577
1798,109,99.0909090909091,110,0,110,0,0,0.0,5.723937398719707,5.600665080998541,60.56594553802469,4.02632914326977,1.6827230856271052,2.2275246031775846,8.2,1.064675958454609,0.44182161407897547,0.0,0.0,0.0,0.0,0.0,0,0,0,0,0,0.0,0.24545454545454545,0.43846221051518863,0.13315721910184344,0.9593742311256037,0.5507026169798962,0.0,0.2363636363636364,0.05005336619192087
1799,109,99.0909090909091,110,0,110,0,0,0.0,5.767662830191691,5.64188127021445,61.679300952283306,4.031515987663946,1.6827261012675512,2.2377271368416682,8.2,1.064675958454609,0.43952498299315024,0.0,0.0,0.0,0.0,0.0,0,0,0,0,0,0.0,0.23636363636363636,0.436944784045578,0.134743166628872,0.9391562408099461,0.5444687825688498,0.0,0.27272727272727276,0.050299604891914415
1800,109,99.0909090909091,110,0,108,2,0,0.0,5.831123877922898,5.70319925609027,64.70597943546574,4.037169879255919,1.6243451277196723,2.2150145566209782,8.2,1.064675958454609,0.44105501526072954,0.05507810560877273,0.006894627837056511,0.0,0.05507810560877273,0.03327320147034568,0,0,0,2,0,0.5,0.22727272727272727,0.44254015668788693,0.13524049904988408,0.9374527672536214,0.5471934802084535,0.0,0.3090909090909091,0.05064700794281886
1801,109,99.0909090909091,110,0,110,0,0,0.0,5.794381308958351,5.666936676897155,61.18017365654282,4.042454712053326,1.7377752040248704,2.2861815453726084,8.2,1.064675958454609,0.4386670864660065,0.0,0.0,0.0,0.0,0.0,0,0,0,0,0,0.0,0.2545454545454545,0.4337269076747048,0.14365201216638526,0.9425571670746719,0.5411478212182889,0.0,0.27272727272727276,0.05049142827011538
1802,110,100.0,110,0,110,0,0,0.0,5.792460277624698,5.663493148560924,61.97596805492982,4.04765394857184,1.7514712231835132,2.345465831236326,8.2,1.064675958454609,0.4411553364663847,0.0,0.0,0.0,0.0,0.0,0,0,0,0,0,0.0,0.23636363636363636,0.4390380661794496,0.15273970143022705,0.9405554661116958,0.5435186442059087,0.0,0.27272727272727276,0.05050950062406502
1803,110,100.0,110,0,110,0,0,0.0,5.765414422624077,5.634674905975455,67.6009304278782,4.052552373348753,1.7386356176626958,2.362872641950916,8.2,1.064675958454609,0.4440569709209028,0.0,0.0,0.0,0.0,0.0,0,0,0,0,0,0.0,0.24545454545454545,0.4568796454154594,0.14449785902831003,0.9266351733717827,0.5435995327458363,0.0,0.3090909090909091,0.050400347524533304
1804,109,99.0909090909091,110,1,108,1,0,0.00909090909090909,5.867680854294017,5.725913214753881,75.40161034759569,4.058234028112957,1.6451624910646874,2.275845951303458,8.2,1.064675958454609,0.4475160912354783,0.23749081616940504,0.01564819730693816,0.0,0.23749081616940504,0.006372924414661751,0,1,0,1,0,0.0,0.23636363636363636,0.4731924408710364,0.13210593502780385,0.9152431583916393,0.5490928393703147,0.00909090909090909,0.3090909090909091,0.05094192528904144
1805,109,99.0909090909091,110,0,110,0,0,0.0,5.7975960296315625,5.659488180636373,61.31111701464648,4.063231154102467,1.784082227040019,2.3937024342303626,8.2,1.064675958454609,0.43857026372549734,0.0,0.0,0.0,0.0,0.0,0,0,0,0,0,0.0,0.22727272727272727,0.4359763207152573,0.15353562719453592,0.9282365040486895,0.5397470522801731,0.0,0.3090909090909091,0.05061810276524117
1806,109,99.0909090909091,110,0,109,1,0,0.0,5.857570942090341,5.7143985576509735,66.91878825206649,4.068642770959169,1.7336115021877831,2.365937793976585,8.2,1.064675958454609,0.44601822440849626,0.22815026834917063,0.014247911192822711,0.0,0.22815026834917063,0.04777919188724744,0,0,0,1,0,0.0,0.22727272727272727,0.4540485102099366,0.15063331009941935,0.9295837853494647,0.5444031078314859,0.0,0.27272727272727276,0.05094678541935355
1807,108,98.18181818181819,110,1,109,0,0,0.00909090909090909,5.94613859513474,5.820644826323597,73.5455405657968,4.074722224209307,1.640357618921016,2.3030445355533793,8.2,1.064675958454609,0.4524732074749749,0.6740140926332316,0.026775251301072767,1.0,0.32598590736676836,0.04788986463020284,0,1,0,0,0,0.0,0.21818181818181817,0.4695924638776452,0.14586785779351982,0.9329765083013893,0.5538232539741533,0.00909090909090909,0.27272727272727276,0.0514219869231554
1808,108,98.18181818181819,110,1,108,1,0,0.00909090909090909,5.925677392983176,5.787859471489438,73.19061154283193,4.080752851722725,1.657656390693345,2.291134333256382,8.2,1.064675958454609,0.45153265973614864,0.5487660334316093,0.05725600647717422,0.5,0.05343082125378172,-0.07726526856583327,0,1,0,1,0,0.5,0.2,0.4701783252345188,0.13799670007553924,0.9380919554229089,0.5532890987766949,0.00909090909090909,0.27272727272727276,0.05135178423303724
1809,108,98.18181818181819,110,0,110,0,0,0.0,5.893875227916661,5.75651359002369,71.01698416375967,4.086336630177005,1.653129031954221,2.2769407564136217,8.2,1.064675958454609,0.4509654546248689,0.0,0.0,0.0,0.0,0.0,0,0,0,0,0,0.0,0.2,0.46648433415568225,0.13857823091653654,0.9384504233181634,0.5546655690449038,0.0,0.27272727272727276,0.051222497981092706
1810,108,98.18181818181819,110,0,109,1,0,0.0,5.903966244287077,5.764661549625412,74.74247858378224,4.0919303589780975,1.669252305190623,2.2958535587155353,8.2,1.064675958454609,0.45280381332908526,0.012537550219791785,0.013469931710910696,0.0,0.012537550219791785,0.013140333746738175,0,0,0,1,0,1.0,0.2,0.4758778998006017,0.13109068270382387,0.9552133178900187,0.5553429057243384,0.0,0.2363636363636364,0.05130273060580798
1811,107,97.27272727272727,110,1,109,0,0,0.00909090909090909,5.936302098395806,5.817618347613278,76.595234504071,4.097741026756298,1.7065031488550122,2.3170854122880633,8.2,1.064675958454609,0.45121342653762464,0.7123157089861201,0.019386145097634346,1.0,0.28768429101387993,0.048126194031431924,0,1,0,0,0,0.0,0.20909090909090908,0.4743434843032375,0.12583222669414015,0.9549866574598125,0.5519830455390997,0.00909090909090909,0.2545454545454546,0.0514953422677817
1812,107,97.27272727272727,110,1,107,2,0,0.00909090909090909,5.902122704957876,5.774997532028376,72.91062121935717,4.103384462924518,1.6949890965698309,2.2949594401888747,8.2,1.064675958454609,0.45032823265914423,0.23328657237127037,0.018725736978122916,0.0,0.23328657237127037,0.02644523018066251,0,1,0,2,0,0.0,0.20909090909090908,0.4677090819245298,0.12916979648953197,0.9606058587175438,0.5481114058177003,0.00909090909090909,0.2363636363636364,0.05135448745464895
1813,108,98.18181818181819,110,0,109,1,0,0.0,5.845227225392036,5.720035755537364,69.79764104804909,4.1084165914681705,1.6858097091953506,2.290227155625362,8.2,1.064675958454609,0.44807509430024073,0.0023931383230257194,0.012984613191127098,0.0,0.0023931383230257194,-0.008796119041415862,0,0,0,1,0,1.0,0.20909090909090908,0.46090736572860996,0.12807611279773157,0.9550640171563358,0.5471704207765656,0.0,0.2363636363636364,0.05109679798822114
1814,107,97.27272727272727,110,1,109,0,0,0.00909090909090909,5.919224203780265,5.8045954788090075,76.50876697654115,4.114005606741131,1.6549565030150595,2.278082527313375,8.2,1.064675958454609,0.4518038293316875,0.8466817596771548,0.04469422554555426,1.0,0.15331824032284525,0.005556966160021215,0,1,0,0,0,0.0,0.20909090909090908,0.4756288143150735,0.12566102192731401,0.930964438907512,0.5527520735653947,0.00909090909090909,0.29090909090909095,0.05149653533112507
1815,107,97.27272727272727,110,0,110,0,0,0.0,5.89133900389144,5.7789352362692625,70.5847505031944,4.119426325408861,1.7335872367596195,2.3277499733974003,8.2,1.064675958454609,0.4452111629126614,0.0,0.0,0.0,0.0,0.0,0,0,0,0,0,0.0,0.20909090909090908,0.456887045822001,0.13330082726956768,0.941295656116815,0.5465200576459647,0.0,0.29090909090909095,0.05138596587589633
1816,108,98.18181818181819,110,0,110,0,0,0.0,5.949513818986424,5.8337727311610985,80.76131195805723,4.125256404287625,1.6372544518488448,2.2828735290994477,8.2,1.064675958454609,0.45019030835487506,0.0,0.0,0.0,0.0,0.0,0,0,0,0,0,0.0,0.20909090909090908,0.4810478612706843,0.12353119018955756,0.9386803393166284,0.5483649649525455,0.0,0.27272727272727276,0.051707875675461826
1817,109,99.0909090909091,110,0,109,1,0,0.0,6.05478788837705,5.935744298169099,82.6958727381698,4.131892945124923,1.5602992492903884,2.2427789040701254,8.2,1.064675958454609,0.45599647679801647,0.030130212177354926,0.014926710457978552,0.0,0.030130212177354926,0.029483918956657806,0,0,0,1,0,1.0,0.21818181818181817,0.48548478290902664,0.1313045152789259,0.9438507505410055,0.5528566926157144,0.0,0.29090909090909095,0.05226957484979883
1818,108,98.18181818181819,110,1,109,0,0,0.00909090909090909,6.084768304510761,5.9760900606276275,83.17129947843125,4.138712491717502,1.5815115882869941,2.2537351750360584,8.2,1.064675958454609,0.4566437764913993,0.32076759083649997,0.018225040108853736,0.0,0.32076759083649997,0.050198134643896664,0,1,0,0,0,0.0,0.21818181818181817,0.4851057944426809,0.13220499872513125,0.9439090750930991,0.5539261812204814,0.00909090909090909,0.29090909090909095,0.05245577996699078
1819,109,99.0909090909091,110,0,110,0,0,0.0,6.093257701491855,5.985900480043653,76.1518781012162,4.145632969475063,1.6356035110999885,2.293995325504764,8.2,1.064675958454609,0.4540706896171651,0.0,0.0,0.0,0.0,0.0,0,0,0,0,0,0.0,0.21818181818181817,0.4680933379446021,0.14842535811053084,0.9438507505410055,0.5544455973540848,0.0,0.29090909090909095,0.05253506728334373
1820,108,98.18181818181819,110,1,109,0,0,0.00909090909090909,6.129827224705242,6.0380681548484745,73.97646136983872,4.152806753094211,1.5775125217549846,2.2714012859579915,8.2,1.064675958454609,0.45658279715120864,0.4751664294238138,0.03075372772774173,0.0,0.4751664294238138,0.028972881699214525,0,1,0,0,0,0.0,0.2,0.46563129273513726,0.15353379243371706,0.9411337158021262,0.5605086964236254,0.00909090909090909,0.27272727272727276,0.052756103674162974
1821,108,98.18181818181819,110,0,110,0,0,0.0,6.140550134957691,6.050234761081011,73.06220470440601,4.160125133937972,1.4955110243283054,2.2160732750106504,8.2,1.064675958454609,0.45893789827503007,0.0,0.0,0.0,0.0,0.0,0,0,0,0,0,0.0,0.22727272727272727,0.4659551767316318,0.15229818513221,0.9352110079034772,0.5672223858492996,0.0,0.2363636363636364,0.05284867674612105
1822,108,98.18181818181819,110,0,110,0,0,0.0,6.236786645677675,6.143769604035396,77.75692002773076,4.168162272128912,1.4458515300525474,2.187190915549491,8.2,1.064675958454609,0.4620341232688898,0.0,0.0,0.0,0.0,0.0,0,0,0,0,0,0.0,0.22727272727272727,0.4742711103861995,0.1480465234206068,0.9487474771613119,0.5693581282221498,0.0,0.27272727272727276,0.05337264403875433
1823,108,98.18181818181819,110,1,108,1,0,0.00909090909090909,6.293482679088396,6.202854157007327,91.88850860425258,4.1765637210981845,1.316942869155955,2.123785386762044,8.2,1.064675958454609,0.47061693492824097,0.4183309433433442,0.00566235430240158,0.5,0.2993928698498396,0.03684983575495865,0,1,0,1,0,0.0,0.21818181818181817,0.5078618029996452,0.13653486867119677,0.9354233037545934,0.5722991056099869,0.00909090909090909,0.3090909090909091,0.05370084830947677
1824,107,97.27272727272727,110,1,108,1,0,0.00909090909090909,6.367913406165086,6.292487399286322,104.3834510490968,4.185523166839623,1.2581214867860404,2.0641444644586455,8.2,1.064675958454609,0.47474970190477084,0.10628396379907741,0.010544449634631269,0.0,0.10628396379907741,0.04580241887600145,0,1,0,1,0,0.5,0.20909090909090908,0.5295035143899381,0.12621335261331484,0.9483039283790801,0.569489601270304,0.00909090909090909,0.27272727272727276,0.054120696477270164
1825,107,97.27272727272727,110,1,107,1,1,0.00909090909090909,6.409784755363055,6.344724152471493,108.41508720875758,4.194894671716934,1.275315201806128,2.0732979935025653,8.2,1.064675958454609,0.4762547171781806,0.44975051621023737,0.022345724521450627,0.3333333333333333,0.14908354936745302,0.03945404689106794,0,2,0,1,0,0.3333333333333333,0.20909090909090908,0.5345397062349165,0.13017653413619418,0.9355646859349076,0.5684309290262457,0.00909090909090909,0.29090909090909095,0.05437994130294707
1826,107,97.27272727272727,110,0,109,1,0,0.0,6.361598784078086,6.298717664058001,98.54648170607773,4.203881382792797,1.3389285592632088,2.080020934091593,8.2,1.064675958454609,0.47207294280868983,0.04931936198511491,0.03841389423071029,0.0,0.04931936198511491,-0.13929963191639239,0,0,0,1,0,1.0,0.22727272727272727,0.5151771162843652,0.14079628361370009,0.9333984004735334,0.5635435891154466,0.0,0.29090909090909095,0.05418685112266247
1827,107,97.27272727272727,110,0,110,0,0,0.0,6.309218877002832,6.248044664070699,96.73307579406273,4.212340811917747,1.3588611492754417,2.073986208734668,8.2,1.064675958454609,0.4717454935957144,0.0,0.0,0.0,0.0,0.0,0,0,0,0,0,0.0,0.23636363636363636,0.5133558989285151,0.1354034282533677,0.9472884664079962,0.5649264408313678,0.0,0.2545454545454546,0.05396998434134412
1828,108,98.18181818181819,110,0,109,1,0,0.0,6.344184184547271,6.280762930273558,103.99281614117065,4.220988850346007,1.2868396987120172,2.0099820842268312,8.2,1.064675958454609,0.47857684538896494,0.07265202128233134,0.037066915586681966,0.0,0.07265202128233134,-0.1417917919762135,0,0,0,1,0,0.0,0.24545454545454545,0.5325519384298908,0.14024180018837587,0.9462650713741139,0.5738513524997045,0.0,0.2545454545454546,0.05419084767207813
1829,109,99.0909090909091,110,0,109,1,0,0.0,6.337508531537013,6.273403243772389,99.07056653497327,4.229482129738009,1.367449837437879,2.026392917431736,8.2,1.064675958454609,0.47576687420834296,0.05722998396662273,0.037614608738681,0.0,0.05722998396662273,-0.12455499709327222,0,0,0,1,0,0.0,0.24545454545454545,0.5211317233159982,0.14488065784209558,0.9661505266636292,0.5686352274593517,0.0,0.2181818181818182,0.054202682358912346
1830,110,100.0,110,0,110,0,0,0.0,6.360206076527663,6.296010880722498,99.87527423750291,4.238077541686545,1.3846619636937287,2.055670599606828,8.2,1.064675958454609,0.47792744991306857,0.0,0.0,0.0,0.0,0.0,0,0,0,0,0,0.0,0.24545454545454545,0.5242027902417981,0.14712238916833856,0.9479808812306989,0.5723409546172503,0.0,0.2545454545454546,0.054361926726138696
1831,110,100.0,110,0,110,0,0,0.0,6.403150672636767,6.337458221520867,103.55171129018548,4.246934464248855,1.4552178331649588,2.094062330992253,8.2,1.064675958454609,0.47735145087852904,0.0,0.0,0.0,0.0,0.0,0,0,0,0,0,0.0,0.24545454545454545,0.5272664566321904,0.14550957774969078,0.9377066055254274,0.5676758827687093,0.0,0.29090909090909095,0.05462379846927415
1832,110,100.0,110,0,109,1,0,0.0,6.445837387504697,6.380703818325929,105.58019980225373,4.256065429663804,1.4292868540411074,2.0695568082767206,8.2,1.064675958454609,0.4771810338032014,0.029322942694386823,0.04066147766763087,0.0,0.029322942694386823,-0.12504743894263415,0,0,0,1,0,1.0,0.22727272727272727,0.5279618914672481,0.14459542686278293,0.9496736301784793,0.5686587806694124,0.0,0.2545454545454546,0.05488583964038767
1833,110,100.0,110,0,109,1,0,0.0,6.411764550208471,6.345166143497061,110.58259652322926,4.264796491021127,1.4231143430475657,2.075996817532663,8.2,1.064675958454609,0.47955535720274955,0.030211975018519858,0.041289642897087045,0.0,0.030211975018519858,-0.1268920423127322,0,0,0,1,0,1.0,0.2545454545454545,0.5407275801145395,0.1432918601934714,0.9496736301784793,0.5703210441942188,0.0,0.2545454545454546,0.05476195420950122
1834,110,100.0,110,0,110,0,0,0.0,6.375435306576494,6.309654261874554,107.00626929918072,4.273132125694438,1.508020815053301,2.168596550221877,8.2,1.064675958454609,0.47438486501151056,0.0,0.0,0.0,0.0,0.0,0,0,0,0,0,0.0,0.24545454545454545,0.5305522486503248,0.14483312134463197,0.9414314625013182,0.5677220187237613,0.0,0.29090909090909095,0.05462468174051701
1835,108,98.18181818181819,110,2,107,1,0,0.01818181818181818,6.243394400800723,6.183326565108847,85.69368831864597,4.28028269087853,1.7153114543738923,2.3332813792342377,8.2,1.064675958454609,0.4654270044019022,0.5732328178511801,0.04239850443575344,0.6666666666666666,0.15294454818415984,-0.03197502929931358,0,2,0,1,0,0.3333333333333333,0.2545454545454545,0.49171973880992875,0.1746512196893719,0.9462030189072704,0.5478153020227365,0.01818181818181818,0.27272727272727276,0.05400254238584248
1836,108,98.18181818181819,110,0,110,0,0,0.0,6.138915548007106,6.081840157135618,68.13849174134111,4.286513062102582,1.8757904534161813,2.4578020437903136,8.2,1.064675958454609,0.45443454667862504,0.0,0.0,0.0,0.0,0.0,0,0,0,0,0,0.0,0.24545454545454545,0.4501314639224399,0.20542373073575748,0.9441655803074476,0.5367087191115799,0.0,0.27272727272727276,0.053513314754146876
1837,108,98.18181818181819,110,0,110,0,0,0.0,6.273048879561578,6.211701949044586,82.82512619102927,4.293783185884227,1.7493820893155771,2.3855190801545887,8.2,1.064675958454609,0.46210035566898133,0.0,0.0,0.0,0.0,0.0,0,0,0,0,0,0.0,0.23636363636363636,0.4825671756765995,0.1853463597718365,0.9489116394984187,0.5447745591420938,0.0,0.27272727272727276,0.05422268304194576
1838,108,98.18181818181819,110,0,110,0,0,0.0,6.269671080537581,6.209851698302129,83.2774577935416,4.300960147065957,1.733250041737556,2.3957597397087773,8.2,1.064675958454609,0.4628123649146014,0.0,0.0,0.0,0.0,0.0,0,0,0,0,0,0.0,0.2545454545454545,0.483329233874487,0.18299418902249442,0.9444836977653682,0.5447136607064792,0.0,0.27272727272727276,0.05424399973695052
1839,108,98.18181818181819,110,0,110,0,0,0.0,6.1699737938476815,6.113087605609936,70.25074980723393,4.30723651764239,1.836630367763016,2.4438801252412636,8.2,1.064675958454609,0.45530434505465855,0.0,0.0,0.0,0.0,0.0,0,0,0,0,0,0.0,0.2545454545454545,0.45487648622350624,0.20620322276736036,0.9525660437180322,0.5412413880756669,0.0,0.27272727272727276,0.05377892480779643
1840,110,100.0,110,0,110,0,0,0.0,6.119235333478489,6.063997169982602,64.88398754023028,4.313027941957412,1.8960708455175916,2.4598195680411594,8.2,1.064675958454609,0.45344871958189614,0.0,0.0,0.0,0.0,0.0,0,0,0,0,0,0.0,0.23636363636363636,0.444240786935458,0.21657461318020454,0.9494902141307057,0.5380079885296649,0.0,0.27272727272727276,0.05355606245711753
1841,109,99.0909090909091,110,1,108,1,0,0.00909090909090909,6.067233703001623,6.022788437030559,58.23082094881883,4.318329915446937,1.9792942750048,2.5107869157113467,8.2,1.064675958454609,0.4492387265850124,0.5104173532444233,0.038806050613546736,0.5,0.010417403014002359,-0.022343160598491507,0,1,0,1,0,1.0,0.2545454545454545,0.4287822294473408,0.23507365043481224,0.952984750769244,0.5305179878489854,0.00909090909090909,0.27272727272727276,0.05332427872326651
1842,108,98.18181818181819,110,1,109,0,0,0.00909090909090909,6.021128602239747,5.978176896609286,60.29365643964498,4.3232820123371765,1.9364643484994855,2.4944810471796997,8.2,1.064675958454609,0.45037059492232334,0.9506815608081944,0.06522626378119795,1.0,0.04931843919180556,-0.06167596860809521,0,1,0,0,0,1.0,0.2636363636363636,0.43589825135285826,0.21670962676625727,0.9475233335104767,0.5382009390648121,0.00909090909090909,0.2545454545454546,0.05312011511197201
1843,107,97.27272727272727,110,1,109,0,0,0.00909090909090909,6.03987563004577,5.99785986016051,61.95487723607412,4.328324467770839,1.9617565289835872,2.4895127237298316,8.2,1.064675958454609,0.4502387522650997,0.7045006550551413,0.02385235274374691,1.0,0.29549934494485874,0.10224830593632905,0,1,0,0,0,0.0,0.2636363636363636,0.43883109633887857,0.21777779198275204,0.9441578295515314,0.5387335235009029,0.00909090909090909,0.2545454545454546,0.053240693156361124
1844,107,97.27272727272727,110,0,110,0,0,0.0,6.013668725239824,5.975398803193046,54.256544048906356,4.333136745342079,1.9779354271383855,2.4687890568938298,8.2,1.064675958454609,0.449887946226722,0.0,0.0,0.0,0.0,0.0,0,0,0,0,0,0.0,0.2636363636363636,0.4221181726815006,0.24178504667602166,0.9497833441939204,0.5410000326109365,0.0,0.2545454545454546,0.05313527621350894
1845,107,97.27272727272727,110,0,110,0,0,0.0,5.924044825800748,5.88583285157675,47.720509304264226,4.337134918027909,2.1015410467352216,2.5738523759520597,8.2,1.064675958454609,0.4438557746125329,0.0,0.0,0.0,0.0,0.0,0,0,0,0,0,0.0,0.2727272727272727,0.4044480062454868,0.2606745524866029,0.9498230114570357,0.5317123072794754,0.0,0.2545454545454546,0.05270844050799532
1846,108,98.18181818181819,110,0,109,1,0,0.0,5.893714809455018,5.857811741978604,44.08621561086432,4.340851855916626,2.101652623191046,2.62316831720336,8.2,1.064675958454609,0.44449629998439044,0.04499651842976447,0.01905511960395751,0.0,0.04499651842976447,0.02854255756802737,0,0,0,1,0,1.0,0.2909090909090909,0.39719872665951655,0.27565548314961014,0.9567693741399986,0.5345782376153405,0.0,0.2545454545454546,0.05257657709831261
1847,109,99.0909090909091,110,0,110,0,0,0.0,5.909215478974419,5.869900942080365,48.7111352520448,4.344632189106895,2.065617991958538,2.5897034324400727,8.2,1.064675958454609,0.445813942100048,0.0,0.0,0.0,0.0,0.0,0,0,0,0,0,0.0,0.2545454545454545,0.40894710990936495,0.2553799024622129,0.9542105243870228,0.5356206487773958,0.0,0.2545454545454546,0.05267420459522275
1848,110,100.0,110,0,110,0,0,0.0,5.9183635982491785,5.8787836200744215,49.82639107918211,4.348447931388195,2.063099942928027,2.5800205232221534,8.2,1.064675958454609,0.4437347073021669,0.0,0.0,0.0,0.0,0.0,0,0,0,0,0,0.0,0.2818181818181818,0.4089130774315623,0.2508966362847819,0.9542105243870228,0.5360654011672336,0.0,0.2545454545454546,0.05274025783694934
1849,110,100.0,110,0,109,1,0,0.0,5.854979661520019,5.816802990640066,47.74344216346564,4.351695134090399,2.062418358208603,2.5694899460011844,8.2,1.064675958454609,0.43980622526321733,0.49041590196790286,0.003161589889838475,0.0,0.49041590196790286,0.10061227790584923,0,0,0,1,0,0.0,0.3181818181818182,0.4008050691930228,0.23913977706023057,0.9458604723374605,0.5405274530679367,0.0,0.2545454545454546,0.05244062424654987
1850,110,100.0,110,0,110,0,0,0.0,5.867565503241714,5.8260830416801825,50.08512553246147,4.354986806583996,2.058608208424121,2.5775954278502358,8.2,1.064675958454609,0.44180552544439955,0.0,0.0,0.0,0.0,0.0,0,0,0,0,0,0.0,0.3181818181818182,0.40945355708913145,0.23971209704829174,0.9485915549045768,0.5400997515081061,0.0,0.2545454545454546,0.05252107627799354
1851,110,100.0,110,0,109,1,0,0.0,5.875573667553496,5.835222399316887,45.83637257290058,4.358321277066732,2.066872461959889,2.579572669213281,8.2,1.064675958454609,0.4406433588511782,0.16559275091406772,0.01900596334375402,0.0,0.16559275091406772,0.029094433357208294,0,0,0,1,0,0.0,0.3181818181818182,0.3980008300546417,0.2646375162444938,0.9485915549045768,0.5380888203563309,0.0,0.2545454545454546,0.05257886775233818
1852,110,100.0,110,0,110,0,0,0.0,5.876730669992058,5.8380934299001215,43.0732975222401,4.361644699981802,2.0267586543404774,2.533003517076572,8.2,1.064675958454609,0.43934824349792434,0.0,0.0,0.0,0.0,0.0,0,0,0,0,0,0.0,0.2636363636363636,0.38851162956920204,0.27154293460111467,0.9445537855842183,0.541997665456489,0.0,0.2545454545454546,0.05260234460691825
1853,110,100.0,110,0,109,1,0,0.0,5.8367909396939925,5.800161789749441,39.16798179781717,4.364609659969433,2.1514709249110964,2.5727951529383946,8.2,1.064675958454609,0.43423854106669024,0.06821547597129426,0.019268913247507766,0.0,0.06821547597129426,0.01999325432131882,0,0,0,1,0,0.0,0.2818181818181818,0.3746601973596265,0.2869009431375638,0.9498230114570357,0.5313679722863671,0.0,0.2545454545454546,0.05241842956351097
1854,109,99.0909090909091,110,1,108,1,0,0.00909090909090909,5.904123256366045,5.881974697937381,41.8006478009715,4.368109477189198,2.1196788463964955,2.5503470459714297,8.2,1.064675958454609,0.4411408149283955,0.5227768023995725,0.030533510109073715,0.5,0.022782429550073542,0.05775933150623924,0,1,0,1,0,1.0,0.2818181818181818,0.3873284340026472,0.28990692961983916,0.9501804574996243,0.5405706482377965,0.00909090909090909,0.2545454545454546,0.05277372200313558
1855,108,98.18181818181819,110,1,108,1,0,0.00909090909090909,5.941913332550232,5.90483136655528,43.92866415292043,4.37203063919269,2.03641724364187,2.5390909665720978,8.2,1.064675958454609,0.4433437271379841,0.39655455443046966,0.030049988092452573,0.5,0.14452653845076743,-0.02489463004021142,0,1,0,1,0,0.5,0.2818181818181818,0.39472316626550563,0.27681775639375517,0.9494437974109277,0.548636176203633,0.00909090909090909,0.2545454545454546,0.052983546218628136
1856,108,98.18181818181819,110,0,108,2,0,0.0,5.989257377609365,5.949709453927052,44.94762055301824,4.376158781004025,2.020910470166701,2.529095595743359,8.2,1.064675958454609,0.4444318798721234,0.09644186892003995,0.01786674731125077,0.0,0.09644186892003995,0.02070864371528358,0,0,0,2,0,0.0,0.2727272727272727,0.39768169567313005,0.28067777498413393,0.9425985079119116,0.5466884587270582,0.0,0.2545454545454546,0.053242242110621896
1857,108,98.18181818181819,110,0,107,3,0,0.0,6.081151944623987,6.038889490402076,48.59459429003116,4.381002554208438,1.9530160490560624,2.4801500165533015,8.2,1.064675958454609,0.4523675384551089,0.13788476145696785,0.009309902123976017,0.0,0.13788476145696785,0.05066541787080323,0,0,0,3,0,0.3333333333333333,0.2727272727272727,0.41349565972112967,0.28299643543935826,0.942252437811185,0.5579261618319004,0.0,0.2545454545454546,0.05372750019008973
1858,108,98.18181818181819,110,0,110,0,0,0.0,6.06932701162475,6.028685215032983,44.73333337436318,4.385707842950789,2.0293843118612505,2.5298300501687416,8.2,1.064675958454609,0.4476079664958763,0.0,0.0,0.0,0.0,0.0,0,0,0,0,0,0.0,0.2545454545454545,0.39908773366457606,0.3028121092587565,0.9384474684930458,0.5479902992493706,0.0,0.2545454545454546,0.053693423564101395
1859,108,98.18181818181819,110,1,108,1,0,0.00909090909090909,6.055471066888592,6.009106074499228,44.40968886612301,4.39025235315091,2.047983915692551,2.5304029300456174,8.2,1.064675958454609,0.44761537454588085,0.5000843136468743,0.027701020285775778,0.5,0.00011149037465398997,0.020527038881738013,0,1,0,1,0,1.0,0.2727272727272727,0.39940996625792013,0.30134743171491407,0.93804693482148,0.550326547177399,0.00909090909090909,0.2545454545454546,0.0536483359941857
1860,108,98.18181818181819,110,1,107,2,0,0.00909090909090909,6.125827858034044,6.089402546115816,49.5937249614749,4.39526630327069,1.9620697553436672,2.5132778769023205,8.2,1.064675958454609,0.4535450585173415,0.5317234599945543,0.032145465962555145,0.6666666666666666,0.1350612276092941,0.018333669446562634,0,1,0,2,0,0.3333333333333333,0.2636363636363636,0.41686434334924655,0.28883884724377584,0.9466307420387723,0.558376214537115,0.00909090909090909,0.18181818181818182,0.05402681111066006
1861,106,96.36363636363636,110,2,104,2,2,0.01818181818181818,6.115569510552915,6.0474205394323715,49.03318180441086,4.400251178681822,2.0489734597277756,2.623389481851783,8.2,1.064675958454609,0.4534170341035839,0.7810490510983854,0.0374800654356798,0.8333333333333334,0.0609507209711016,0.07041779937014374,0,4,0,2,0,0.8333333333333334,0.2909090909090909,0.4160678617722239,0.2968220616920859,0.9184144581028876,0.5515191313645176,0.01818181818181818,0.2181818181818182,0.05400205575828504
1862,105,95.45454545454545,110,1,108,1,0,0.00909090909090909,6.151817273478152,6.080914845101206,53.987800604106994,4.405177552890987,2.1082898434717894,2.6675531339972243,8.2,1.064675958454609,0.4561886659925096,0.860138585667017,0.031602866887907366,1.0,0.13986141433298305,0.04897982421389935,0,1,0,1,0,0.0,0.2636363636363636,0.42988637885781567,0.2901670207538113,0.9379475407057336,0.5460580538771631,0.00909090909090909,0.2545454545454546,0.05420951953382547
1863,104,94.54545454545455,110,1,108,1,0,0.00909090909090909,6.158853283125547,6.072105277748435,53.495657620128945,4.410113421471509,2.1231441361563204,2.6783856301659212,8.2,1.064675958454609,0.45769463184290804,0.5059871435926928,0.021409381114228083,0.5,0.1020099137475019,0.04167725553086454,0,1,0,1,0,0.0,0.2636363636363636,0.4308228156656529,0.29463462709942445,0.9369179135846825,0.5424446013821823,0.00909090909090909,0.2545454545454546,0.054270975085121305
1864,105,95.45454545454545,110,0,110,0,0,0.0,6.1850023056305785,6.096720998760827,54.76303326313709,4.4150882623148116,2.1008587548978683,2.64354820879683,8.2,1.064675958454609,0.4604890059024256,0.0,0.0,0.0,0.0,0.0,0,0,0,0,0,0.0,0.23636363636363636,0.4368797214002308,0.2992087099021016,0.9377271517163197,0.5473373022452119,0.0,0.2363636363636364,0.05442820316486147
1865,105,95.45454545454545,110,1,108,1,0,0.00909090909090909,6.180649854939687,6.082576813923758,57.474426588986354,4.4199485814523545,2.0836755351085317,2.662078818244491,8.2,1.064675958454609,0.4647889403714469,0.6275158171485155,0.02860308469745308,0.5,0.12966015755408736,0.060129234677411714,1,0,0,1,0,0.5,0.2545454545454545,0.4496857679173551,0.29727439971197034,0.9102485259280216,0.5501117556595542,0.00909090909090909,0.2,0.05443231423608781
1866,107,97.27272727272727,110,0,110,0,0,0.0,6.222972768991597,6.123941666872589,58.36530021402071,4.425050559239158,2.068474201436228,2.661516138211167,8.2,1.064675958454609,0.464583859480042,0.0,0.0,0.0,0.0,0.0,0,0,0,0,0,0.0,0.2545454545454545,0.44925814101756617,0.2931056544633354,0.9297771124142586,0.5486586700668216,0.0,0.2,0.054671088571798254
1867,108,98.18181818181819,110,0,109,1,0,0.0,6.189713748828416,6.092969070844881,53.334406865703045,4.429834411268167,2.0819200652766052,2.671570179093067,8.2,1.064675958454609,0.4614912371557196,0.300488275715718,0.018496563929856887,0.0,0.300488275715718,0.028193581907799414,0,0,0,1,0,0.0,0.24545454545454545,0.4354588131817706,0.30639749001260297,0.9329941088748492,0.5436526596502637,0.0,0.2,0.05453025973220281
1868,109,99.0909090909091,110,0,108,2,0,0.0,6.2365543952637505,6.139583965261038,57.78987372558902,4.434964368833859,2.046540929094378,2.646250493882035,8.2,1.064675958454609,0.46442024860007325,0.34584035157697146,0.01476552843174239,0.5,0.26807636537713053,0.04332747809732029,0,0,0,2,0,0.0,0.2545454545454545,0.4468673450799151,0.29034822895058765,0.9285073345401839,0.5521300893349997,0.0,0.2,0.0547917716768199
1869,108,98.18181818181819,110,1,109,0,0,0.00909090909090909,6.240590554273606,6.149792812078528,54.64000299010551,4.4401004915959605,2.065336382872732,2.6691171382776,8.2,1.064675958454609,0.4622398006393664,0.6207684726160088,0.016822148915654284,1.0,0.37923152738399124,0.07014036385694056,0,1,0,0,0,0.0,0.2727272727272727,0.4363249116330043,0.3017559659689176,0.9343978009495306,0.5486682508868788,0.00909090909090909,0.2,0.05483929400399158
1870,109,99.0909090909091,110,0,108,2,0,0.0,6.21702038936473,6.125835424687085,52.843612608127955,4.445004046747624,2.1108468527326854,2.6904806255663676,8.2,1.064675958454609,0.4602495495043042,0.28143614365713066,0.018129587853472358,0.5,0.2676809224122252,0.017038961944006892,0,0,0,2,0,0.5,0.2545454545454545,0.4299498482594862,0.3055970797072863,0.9411013543772043,0.5440460649140445,0.0,0.2,0.05474754666585186
1871,109,99.0909090909091,110,0,110,0,0,0.0,6.30450691473112,6.211680868141212,56.94148493548347,4.450586575564787,2.1003382537246575,2.692577424098812,8.2,1.064675958454609,0.4642374614680189,0.0,0.0,0.0,0.0,0.0,0,0,0,0,0,0.0,0.24545454545454545,0.4412706822799602,0.3010817866527783,0.93505349332098,0.5468201929202018,0.0,0.2,0.055214697213778884
1872,109,99.0909090909091,110,0,108,2,0,0.0,6.259081165527277,6.167643969963602,53.025976868032195,4.455734588325562,2.1696389581744477,2.7202440506756944,8.2,1.064675958454609,0.46068240941384775,0.10675981204175083,0.01698925626958381,0.0,0.10675981204175083,0.017837280988551862,0,0,0,2,0,0.5,0.23636363636363636,0.4298102774798093,0.3079083016429239,0.9168782107228847,0.5415794951077654,0.0,0.2181818181818182,0.05501497329486074
1873,109,99.0909090909091,110,0,109,1,0,0.0,6.28459629707527,6.194969356919716,50.39328235252564,4.461060532892518,2.1183505523840322,2.6422809697946517,8.2,1.064675958454609,0.4597555480152431,0.15159810677098712,0.01528759775735326,0.0,0.15159810677098712,0.009567512782073129,0,0,0,1,0,0.0,0.24545454545454545,0.42058836172746905,0.3148945638675672,0.9264457687798264,0.5429577548955861,0.0,0.2181818181818182,0.05517090097828321
1874,110,100.0,110,0,108,2,0,0.0,6.256657037538685,6.168530463987137,47.690332030429275,4.46610458257872,2.1086820202243315,2.6733462206075647,8.2,1.064675958454609,0.45645728508067607,0.2907635942516741,0.01810005669573851,0.0,0.2907635942516741,0.0044113706926227625,0,0,0,2,0,0.0,0.2545454545454545,0.41145383105061045,0.32446550247053424,0.9336974704572452,0.5413092254462787,0.0,0.2363636363636364,0.055058056072771026
1875,110,100.0,110,0,109,1,0,0.0,6.3759567736337,6.282391728189128,58.571715716989125,4.47206473228534,1.9772335021389622,2.596348395987613,8.2,1.064675958454609,0.4665504813567236,0.2706334941528744,0.017093432662187415,0.0,0.2706334941528744,0.00873935032077977,0,0,0,1,0,0.0,0.23636363636363636,0.44415883546621543,0.299391143266366,0.9467856200457014,0.5523248503188056,0.0,0.2,0.05568628289375324
1876,110,100.0,110,0,109,1,0,0.0,6.510412236679252,6.413089758670186,66.79434294554365,4.479074634117912,1.9166532722177356,2.5821776961494,8.2,1.064675958454609,0.4723194315641275,0.22166619559881526,0.01614030566489524,0.0,0.22166619559881526,0.011700985509519812,0,0,0,1,0,0.0,0.22727272727272727,0.4636826924985664,0.2892520766872921,0.9456604797414464,0.5574940586954622,0.0,0.2,0.05639587657874233
1877,110,100.0,110,0,108,2,0,0.0,6.604621602796751,6.504159521458351,75.04796623469235,4.486785581506822,1.8370945731963169,2.5423118405704526,8.2,1.064675958454609,0.4771964032702469,0.2534095532462318,0.017825975950677926,0.0,0.2534095532462318,0.008796197233592373,0,0,0,2,0,0.0,0.23636363636363636,0.4821120264004716,0.2705083272111029,0.9412909792277577,0.5658140474663077,0.0,0.2363636363636364,0.056907971710839236
1878,110,100.0,110,0,108,2,0,0.0,6.698462924060397,6.59200920242543,77.47652487254958,4.495162683838983,1.8088935013496048,2.5195495692406067,8.2,1.064675958454609,0.48368855130420374,0.21581753408468476,0.016832773445302453,0.0,0.21581753408468476,0.0014692347373920223,0,0,0,2,0,0.0,0.24545454545454545,0.4910961776601594,0.28230041982139803,0.9446252266174373,0.5633602988787626,0.0,0.2363636363636364,0.0574217728144303
1879,110,100.0,110,0,107,3,0,0.0,6.633447309740573,6.52816580784575,76.64524224832118,4.5029068169580775,1.8885355815306186,2.562117291872548,8.2,1.064675958454609,0.47732540760477193,0.25789018047381,0.01819158316918294,0.0,0.25789018047381,0.014334331400762087,0,0,0,3,0,0.0,0.2,0.4815952462414705,0.2729601144336269,0.9412210167888017,0.5525180157077372,0.0,0.2,0.05713791970458604
1880,109,99.0909090909091,110,1,107,2,0,0.00909090909090909,6.714954941331764,6.619758173794171,77.27955907551205,4.511255402957919,1.8409728324927728,2.540351129466115,8.2,1.064675958454609,0.4797307655342611,0.3013048622675937,0.01759905886298353,0.0,0.3013048622675937,0.01952255785368077,0,1,0,2,0,0.0,0.23636363636363636,0.48187057316740617,0.2767857760337444,0.946852935887629,0.5551614517240417,0.00909090909090909,0.2363636363636364,0.0575899005565476
1881,109,99.0909090909091,110,0,108,2,0,0.0,6.734872716231089,6.639992023424547,71.76968438500919,4.519780670231505,1.8794386073628258,2.5540278701248353,8.2,1.064675958454609,0.47679837874307607,0.15056435917076744,0.014456980204527365,0.0,0.15056435917076744,0.005141515123838869,0,0,0,2,0,0.5,0.21818181818181817,0.4677356122135163,0.3000800690391031,0.9497297124415509,0.5487287977567479,0.0,0.2363636363636364,0.05773487266657215
1882,108,98.18181818181819,110,1,108,1,0,0.00909090909090909,6.7388862380654215,6.667940258391142,74.06054186830961,4.5282478150872985,1.90187503272335,2.618782828458362,8.2,1.064675958454609,0.47719703853105955,0.2661291970044744,0.017448958307494496,0.0,0.2661291970044744,0.0063093060410388535,0,1,0,1,0,0.0,0.22727272727272727,0.4716217593317166,0.29888306110951335,0.945514719528101,0.5456763614449497,0.00909090909090909,0.2363636363636364,0.0578000141035674
1883,107,97.27272727272727,110,1,108,0,1,0.00909090909090909,6.804773164671321,6.7488683270154715,80.0271958443717,4.53736072999787,1.85114756893678,2.5876956120559202,8.2,1.064675958454609,0.48161812153905226,0.9318151146336795,0.03912415177135031,1.0,0.06818488536632056,0.09545754424645025,0,2,0,0,0,0.5,0.20909090909090908,0.48421796780861825,0.29259362388834514,0.9422005986128624,0.548613562827646,0.00909090909090909,0.2181818181818182,0.058177960243680535
1884,106,96.36363636363636,110,1,105,1,3,0.00909090909090909,6.91192363998876,6.844806901439606,88.64647040375554,4.547445937521553,1.8317175221314932,2.61727584270539,8.2,1.064675958454609,0.487079716007927,0.9059106823526845,0.034141130541120515,1.0,0.09408931764731557,0.18221666426808963,0,4,0,1,0,0.8,0.20909090909090908,0.5002782687183286,0.2711895703403385,0.9549317233185264,0.5556221462354484,0.00909090909090909,0.2,0.058767400010200185
1885,105,95.45454545454545,110,2,107,0,1,0.01818181818181818,6.890653542020757,6.819041742955547,89.00685502579131,4.557147679663983,1.8781470552022876,2.672076086848054,8.2,1.064675958454609,0.4868455747439746,0.9815701042345214,0.06298568451353696,1.0,0.018429895765478637,-0.044599973248963774,0,3,0,0,0,0.6666666666666666,0.2,0.5012068948544167,0.2683625191135662,0.9532833635637322,0.5551259536608436,0.01818181818181818,0.18181818181818182,0.058712695578431034
1886,103,93.63636363636364,110,2,108,0,0,0.01818181818181818,6.966272947992453,6.905894567905602,98.43565832071253,4.567332030192969,1.8224949587213026,2.6400875419670378,8.2,1.064675958454609,0.49381467880279706,0.6993533710350883,0.041556110133377816,0.5,0.24477860733679707,0.0428807758072427,0,2,0,0,0,0.5,0.23636363636363636,0.5229390578579802,0.25643417668641744,0.9522980505740448,0.5669545141294491,0.01818181818181818,0.18181818181818182,0.05914500777409294
1887,103,93.63636363636364,110,1,107,0,2,0.00909090909090909,6.9167030138443035,6.8490405476743454,90.55250169246546,4.577118100712709,1.912488002161946,2.711894881924469,8.2,1.064675958454609,0.48962999823113296,0.9999996327872659,0.014425822418259912,1.0,3.672127341092235e-07,0.26249033931953974,0,3,0,0,0,1.0,0.21818181818181817,0.5075229352677274,0.27452474352969414,0.9272217011353583,0.5573175287353316,0.00909090909090909,0.2,0.058949253073402735
1888,102,92.72727272727273,110,2,108,0,0,0.01818181818181818,6.81269425924009,6.725321175519944,80.46948226084766,4.5858344329078875,2.080292752304071,2.802323077304732,8.2,1.064675958454609,0.48373734876818375,0.8521194093946151,0.03988270001769063,1.0,0.14788059060538494,0.008708222046022729,0,2,0,0,0,0.5,0.21818181818181817,0.48834453017089297,0.2975886320615162,0.9278509923246712,0.530429734193373,0.01818181818181818,0.2,0.058475609647052215
1889,101,91.81818181818181,110,2,108,0,0,0.01818181818181818,6.886425353090312,6.802690733317988,82.60042711594296,4.594919053814451,2.088606288951993,2.809851891380373,8.2,1.064675958454609,0.48605000712288193,0.9631134060370206,0.041359967990611764,1.0,0.03688659396297944,0.07191903236930541,0,2,0,0,0,0.5,0.20909090909090908,0.49196298931676213,0.2981719082856196,0.9304549511891885,0.5336711863905724,0.01818181818181818,0.18181818181818182,0.058892626003657786
1890,103,93.63636363636364,110,0,109,1,0,0.0,6.903980847502967,6.820597124030645,81.31026814985307,4.604091861580119,2.1042444969299896,2.8302240448687908,8.2,1.064675958454609,0.4874831951015466,0.0009247490670156787,0.056791941020390924,0.0,0.0009247490670156787,-0.1959302088159811,0,0,0,1,0,1.0,0.21818181818181817,0.49231641377073987,0.30538845645654683,0.9214933230579972,0.535288652573848,0.0,0.2,0.059029233815219226
1891,105,95.45454545454545,110,0,107,3,0,0.0,6.91277762023456,6.830929243089514,76.24145183741444,4.613255011536885,2.118033318260047,2.8419308605291214,8.2,1.064675958454609,0.48637548886598436,0.10462560628056172,0.018157425729324102,0.0,0.10462560628056172,0.002194140400144262,0,0,0,3,0,0.6666666666666666,0.20909090909090908,0.48315913784040115,0.3233407021197417,0.9241622576752987,0.534215220758425,0.0,0.2181818181818182,0.05912199660619061
1892,106,96.36363636363636,110,0,108,2,0,0.0,6.759956805428142,6.6805947977821445,65.29693094990522,4.621040143881855,2.2298795811318946,2.859363110798957,8.2,1.064675958454609,0.47777977580559416,0.011182380644973164,0.043290011038499596,0.0,0.011182380644973164,-0.08356717128692881,0,0,0,2,0,1.0,0.22727272727272727,0.45953176677121615,0.35360083709362544,0.9484022955831404,0.5262378924345309,0.0,0.2363636363636364,0.05839933574836391
1893,108,98.18181818181819,110,0,110,0,0,0.0,6.822913270120965,6.74323702452867,64.10342325969776,4.6292759391768215,2.2211094205724042,2.861811608607478,8.2,1.064675958454609,0.4746571485508122,0.0,0.0,0.0,0.0,0.0,0,0,0,0,0,0.0,0.19090909090909092,0.45102903314581416,0.3592743221182582,0.9318676449075025,0.5254716196171751,0.0,0.2181818181818182,0.05875796033807454
1894,109,99.0909090909091,110,1,108,1,0,0.00909090909090909,6.906546704252348,6.849873987160069,65.67121129715687,4.638133759884599,2.1900998520829513,2.8261879758137134,8.2,1.064675958454609,0.47822828724977273,0.5024508144321806,0.03476676926120472,0.5,0.0024508144470696716,-0.0007647310830771054,0,1,0,1,0,1.0,0.2,0.45539980375084366,0.35870463059670415,0.9267558248604939,0.5347117752736499,0.00909090909090909,0.27272727272727276,0.05922328105249081
1895,109,99.0909090909091,110,0,108,2,0,0.0,6.974225523700968,6.916511161990638,68.65759759868465,4.647663410026574,2.2044127456366835,2.8122791245227203,8.2,1.064675958454609,0.4810330713787103,0.3514225273677119,0.01884723205555365,0.5,0.17941925577270817,0.001992268200848246,0,0,1,1,0,0.5,0.20909090909090908,0.46227467603986927,0.3595961032972117,0.9183098787563528,0.5356615159450755,0.0,0.27272727272727276,0.059612405096727134
1896,108,98.18181818181819,110,1,108,1,0,0.00909090909090909,6.942235798345929,6.874446489884097,64.99394733542032,4.6568304617876555,2.211602332650944,2.897103373981916,8.2,1.064675958454609,0.48029359035855235,0.5171335773245538,0.03677136024209761,0.5,0.017133597138806016,0.023431940286745112,0,1,0,1,0,1.0,0.20909090909090908,0.45712170333596075,0.3620592986100606,0.9279056128051766,0.537317153898985,0.00909090909090909,0.29090909090909095,0.0595012561680516
1897,108,98.18181818181819,110,0,109,1,0,0.0,6.866547928854877,6.801331313655615,58.44300183843093,4.665180018916082,2.3301207716238896,2.9805362541935656,8.2,1.064675958454609,0.4754388738093174,0.002148070551396145,0.01861504646234299,0.0,0.002148070551396145,-0.03257825258020097,0,0,0,1,0,1.0,0.20909090909090908,0.44138595501930356,0.3794858166809313,0.9116265644168989,0.5256771368277385,0.0,0.2545454545454546,0.05916726468428824
1898,108,98.18181818181819,110,0,110,0,0,0.0,6.980162790690834,6.9128517042783475,64.75421405367834,4.67439054494731,2.286986675639737,2.939703686408024,8.2,1.064675958454609,0.4809535020941482,0.0,0.0,0.0,0.0,0.0,0,0,0,0,0,0.0,0.20909090909090908,0.45731683099622866,0.3636408284220792,0.9272154474248145,0.5310511601636225,0.0,0.2545454545454546,0.05978437012161887
1899,108,98.18181818181819,110,1,109,0,0,0.00909090909090909,6.971356327897682,6.921921858785143,61.79134605421093,4.683453052272996,2.3298775714823874,3.0095253715798096,8.2,1.064675958454609,0.4771001142540805,0.9999999999198426,0.048124133741821715,1.0,8.015743624412153e-11,0.05010754784470661,0,1,0,0,0,1.0,0.19090909090909092,0.4463344105784936,0.3660659636070287,0.9324011789950363,0.5270032309548084,0.00909090909090909,0.2363636363636364,0.05978858097601799
1900,108,98.18181818181819,110,0,108,2,0,0.0,6.937627389031119,6.888059737691858,60.462398711531726,4.692257866424893,2.3451144921121547,2.9974877867967766,8.2,1.064675958454609,0.47160639424179074,0.013816840060015358,0.017161025381345202,0.0,0.013816840060015358,-0.020900527769076693,0,0,0,2,0,1.0,0.18181818181818182,0.4364919260785899,0.3624217093591422,0.9346035401479029,0.5233745926519633,0.0,0.27272727272727276,0.059666807651416104
1901,109,99.0909090909091,110,0,110,0,0,0.0,6.842419904715349,6.7959216769112665,55.15686909413035,4.700184160411956,2.445590190776172,3.0032260592283833,8.2,1.064675958454609,0.46605545777176194,0.0,0.0,0.0,0.0,0.0,0,0,0,0,0,0.0,0.19090909090909092,0.4209764353876291,0.3631516430797502,0.9265891150771627,0.5198462230767354,0.0,0.2181818181818182,0.0592329649030756
1902,109,99.0909090909091,110,0,109,1,0,0.0,6.79148912994393,6.748784077325545,52.81252174031639,4.707624574900397,2.4164318876317923,3.0535955033742455,8.2,1.064675958454609,0.4632255034377375,0.13273316670852917,0.021099411938838804,0.0,0.13273316670852917,-0.05898677458390633,0,0,0,1,0,0.0,0.18181818181818182,0.41502202278759914,0.3618222044322025,0.9413833924729818,0.5179616358878457,0.0,0.2181818181818182,0.05901791918135241
1903,107,97.27272727272727,110,2,108,0,0,0.01818181818181818,6.773225284661156,6.73707127002072,51.81864408671703,4.714837518235875,2.43093136451818,3.083519030262779,8.2,1.064675958454609,0.46425753850232443,0.512873596375628,0.036173826469462766,0.5,0.02547425538265926,0.005831581662800067,0,2,0,0,0,1.0,0.2,0.4147895373156298,0.3658964999530229,0.9470724491527983,0.51722614108357,0.01818181818181818,0.2181818181818182,0.05896499719173344
1904,108,98.18181818181819,110,0,110,0,0,0.0,6.804586449510638,6.767698260150579,52.88623662083353,4.72228302175228,2.4473957180735297,3.073625122383403,8.2,1.064675958454609,0.46439731783877947,0.0,0.0,0.0,0.0,0.0,0,0,0,0,0,0.0,0.2,0.41655007895445717,0.36710193632483656,0.9314241458108165,0.5154615050714175,0.0,0.18181818181818182,0.05916143825894338
1905,107,97.27272727272727,110,1,109,0,0,0.00909090909090909,6.844775107699634,6.833354508285886,56.990672162536946,4.729992931215959,2.379138416863131,3.0330967103988358,8.2,1.064675958454609,0.4685220754136086,0.9716985767726294,0.054608868951224285,1.0,0.028301423227370615,0.02651227043728932,0,1,0,0,0,1.0,0.19090909090909092,0.4293559140248025,0.358779787552493,0.9155896395109893,0.519399140097174,0.00909090909090909,0.2181818181818182,0.05940342432612755
1906,107,97.27272727272727,110,0,109,1,0,0.0,6.85149226146282,6.8379464829532575,56.67123920538621,4.737875411445497,2.371222290381762,3.0508612559378103,8.2,1.064675958454609,0.4681423512184344,0.06203876114163363,0.01605786674977087,0.0,0.06203876114163363,0.009713146362662073,0,0,0,1,0,0.0,0.21818181818181817,0.42702948352311454,0.362344021124483,0.9342933325266232,0.5216665731837704,0.0,0.2181818181818182,0.059478971530910404
1907,105,95.45454545454545,110,2,108,0,0,0.01818181818181818,6.831243657338884,6.795706671091405,53.57083500980605,4.745496291852857,2.3773867171914307,3.0322187283946462,8.2,1.064675958454609,0.46394223762459363,0.9999993447019282,0.06612358195981488,1.0,6.552980718055323e-07,0.046433488357665365,0,2,0,0,0,1.0,0.19090909090909092,0.41579784330289565,0.36780968941215936,0.9227617750167632,0.506799821846291,0.01818181818181818,0.2181818181818182,0.059418297351050586
1908,107,97.27272727272727,110,0,110,0,0,0.0,6.831053759317363,6.793902977369678,55.89496583235243,4.752838575036774,2.3198717027852913,2.9864290687257644,8.2,1.064675958454609,0.4665598153027324,0.0,0.0,0.0,0.0,0.0,0,0,0,0,0,0.0,0.20909090909090908,0.4241410379420565,0.3648009951438846,0.9194004657317376,0.5118202975783617,0.0,0.2181818181818182,0.059456433622873395
1909,107,97.27272727272727,110,0,110,0,0,0.0,6.902984875047669,6.866185200026151,57.06404827111875,4.760718343854318,2.272782185697961,2.9579610187413024,8.2,1.064675958454609,0.46837589354757814,0.0,0.0,0.0,0.0,0.0,0,0,0,0,0,0.0,0.20909090909090908,0.4264351670035163,0.3727952147106569,0.9311491414860884,0.508762446977359,0.0,0.2,0.059858036203616016
1910,108,98.18181818181819,110,0,110,0,0,0.0,6.8899267359019785,6.854238770988229,55.03497884404197,4.768412466061393,2.275941956945688,2.9487771769151374,8.2,1.064675958454609,0.46809161030443747,0.0,0.0,0.0,0.0,0.0,0,0,0,0,0,0.0,0.20909090909090908,0.422861773945275,0.38240195225091617,0.9142263637983532,0.5056480335888754,0.0,0.2,0.05983370424256399
1911,108,98.18181818181819,110,0,110,0,0,0.0,6.8925591214561805,6.856145060722532,55.699782853139666,4.776040907445914,2.3134863435614994,2.9523213762992135,8.2,1.064675958454609,0.4672785784914164,0.0,0.0,0.0,0.0,0.0,0,0,0,0,0,0.0,0.21818181818181817,0.42326319008028795,0.37813999324755765,0.9103212054201935,0.505357163258875,0.0,0.2,0.0598874752610479
1912,110,100.0,110,0,110,0,0,0.0,6.9083288312580615,6.867687641632384,57.41991199930112,4.783686443516153,2.313870350157751,2.9488428782985965,8.2,1.064675958454609,0.47019248391014035,0.0,0.0,0.0,0.0,0.0,0,0,0,0,0,0.0,0.23636363636363636,0.42962939277797163,0.37816365551189485,0.9071416761892297,0.5070076465679426,0.0,0.2,0.06000702390227471
1913,109,99.0909090909091,110,1,109,0,0,0.00909090909090909,6.97852674368102,6.941868378107806,63.87790602045796,4.791828562488815,2.308589560602351,2.8978836705237407,8.2,1.064675958454609,0.47488416687698387,0.9999867797071001,0.06036588576561304,1.0,1.3220292899851493e-05,0.06072756749069219,0,1,0,0,0,1.0,0.22727272727272727,0.4448023881536597,0.3554945071551615,0.9408698199077837,0.5170333481503286,0.00909090909090909,0.18181818181818182,0.060401357055994864
1914,108,98.18181818181819,110,1,108,0,1,0.00909090909090909,6.9839925733398145,6.925669165292575,62.687542202749064,4.799974739289408,2.53862300325033,3.086058538622626,8.2,1.064675958454609,0.47252388863530026,0.9999999999417892,0.026529325787527234,1.0,5.821076953793636e-11,0.3383259885050062,0,2,0,0,0,1.0,0.24545454545454545,0.4407326094197547,0.36692288734306255,0.9289129754292923,0.5022137285051723,0.00909090909090909,0.2,0.06047205139725338
1915,108,98.18181818181819,110,0,109,1,0,0.0,6.949015846576924,6.887260016530245,63.834085143249034,4.807532163502104,2.62566274932271,3.136073239698398,8.2,1.064675958454609,0.47075607256842034,0.12248345496964036,0.003738080363101827,0.0,0.12248345496964036,0.07777553631037148,0,0,0,1,0,0.0,0.2545454545454545,0.4413253839998046,0.36413457800442733,0.9426865165910637,0.500888054575972,0.0,0.2,0.06033739880277444
1916,108,98.18181818181819,110,0,109,1,0,0.0,6.940296346831122,6.879685870070212,62.02762076507524,4.814944613542994,2.6053678870543338,3.1047875882950087,8.2,1.064675958454609,0.4710283228703267,0.5620750810199086,0.008765516778200578,1.0,0.43792491898009145,0.08731235684494099,0,0,0,1,0,0.0,0.2727272727272727,0.438236270023724,0.3685213638041735,0.9461327793164838,0.5050390873631195,0.0,0.2,0.060333260590804336
1917,108,98.18181818181819,110,0,107,3,0,0.0,6.986564078607373,6.925010305391637,62.42490171229464,4.8226641917033035,2.503693613047211,3.0124417028828256,8.2,1.064675958454609,0.47331665588631844,0.07975378397965295,0.006127252948412886,0.0,0.07975378397965295,0.0443781813414156,0,0,0,3,0,0.3333333333333333,0.2545454545454545,0.441745220513819,0.3784021344417499,0.9323601318326145,0.5096416995433071,0.0,0.2,0.06060569349606905
1918,109,99.0909090909091,110,0,110,0,0,0.0,7.065061754325914,6.998304757780857,68.02364447964067,4.830925860101621,2.475267371760664,3.0392106869932456,8.2,1.064675958454609,0.47988195124727917,0.0,0.0,0.0,0.0,0.0,0,0,0,0,0,0.0,0.23636363636363636,0.4586409961334281,0.3747503839788961,0.9316228492049566,0.5162560055005596,0.0,0.2,0.06104216187326382
1919,110,100.0,110,0,108,2,0,0.0,6.970636762654213,6.907281913340161,60.896034046055455,4.838324289829564,2.5582553730361135,3.0435592385783314,8.2,1.064675958454609,0.47299049606515653,0.041665793250142885,0.00256613949015395,0.0,0.041665793250142885,0.06798199984418946,0,0,0,2,0,1.0,0.23636363636363636,0.4397443389989144,0.388536640640258,0.9337232236125865,0.5105509269886519,0.0,0.2363636363636364,0.0606094215662136
1920,110,100.0,110,0,110,0,0,0.0,7.007442963425823,6.941810094308853,62.68467564412331,4.845938040848225,2.5800904423139603,3.051993375066585,8.2,1.064675958454609,0.4742580193467769,0.0,0.0,0.0,0.0,0.0,0,0,0,0,0,0.0,0.23636363636363636,0.4444869229562235,0.39243860453881235,0.9437246123116356,0.5101551145752127,0.0,0.2363636363636364,0.060833983458387794
1921,109,99.0909090909091,110,1,109,0,0,0.00909090909090909,7.003114648833117,6.9248130126091025,60.02073626845442,4.853439349998369,2.583684849343816,3.0394937518182457,8.2,1.064675958454609,0.4734594329074242,0.9809302083284814,0.025268106550648373,1.0,0.019069791671518566,0.06726492070647794,0,1,0,0,0,1.0,0.2727272727272727,0.4383595284904188,0.40341475768813,0.9416055357121891,0.5131944439802333,0.00909090909090909,0.27272727272727276,0.06085227420296972
1922,107,97.27272727272727,110,2,108,0,0,0.01818181818181818,7.006830241682013,6.977403532695874,60.58532225989922,4.860778642602352,2.6017475105114727,3.0568269715704544,8.2,1.064675958454609,0.4728138735957972,0.8667503870275659,0.04585083052475995,1.0,0.1332496129724341,0.018109224953244296,0,2,0,0,0,0.5,0.24545454545454545,0.43779548404825,0.4071671881090247,0.9315033892021551,0.5058194851950756,0.01818181818181818,0.27272727272727276,0.06090992200915182
1923,106,96.36363636363636,110,1,107,1,1,0.00909090909090909,7.052961568699416,7.01373022852289,64.27649299000034,4.868829892013316,2.5968177410673556,3.036437536428147,8.2,1.064675958454609,0.47477935617133915,0.66863800939044,0.04279836035323983,0.6666666666666666,0.002885393510286728,0.05851938621285805,0,2,0,1,0,1.0,0.2545454545454545,0.44469465567946526,0.39284984596070105,0.9417708721141255,0.5081330812224707,0.00909090909090909,0.2363636363636364,0.06118343850265572
1924,104,94.54545454545455,110,2,106,1,1,0.01818181818181818,6.950056570127138,6.9339919223769435,58.38845548270692,4.87587643825182,2.61376951300557,3.0447607693273153,8.2,1.064675958454609,0.4673068953581987,0.593404741825175,0.03989048351573097,0.5,0.3011479873847076,-0.01533758949432229,0,3,0,1,0,0.25,0.2636363636363636,0.42604891778156895,0.3939989380256535,0.9310663494973986,0.5001576264844737,0.01818181818181818,0.2545454545454546,0.0607064249516457
1925,103,93.63636363636364,110,1,108,1,0,0.00909090909090909,6.923378057643767,6.930153056950921,60.43291426972312,4.8827932012843345,2.641529147580868,3.0782461704436512,8.2,1.064675958454609,0.4684598952134005,0.6339671428379754,0.03076069837964071,0.5,0.1345559935023703,0.03228235862316464,0,1,0,1,0,0.5,0.2727272727272727,0.4323319019089906,0.3893582507527686,0.9308050646383379,0.49874962230937686,0.00909090909090909,0.2363636363636364,0.060609852945784075
1926,104,94.54545454545455,110,0,110,0,0,0.0,6.847389482109615,6.851963096069778,59.35259371216236,4.889168238982034,2.7070783778478495,3.126504511866395,8.2,1.064675958454609,0.4645737479941181,0.0,0.0,0.0,0.0,0.0,0,0,0,0,0,0.0,0.23636363636363636,0.42778298525052944,0.3857818280024594,0.9330346164912233,0.49303809852249897,0.0,0.2363636363636364,0.06026384681496823
1927,105,95.45454545454545,110,1,109,0,0,0.00909090909090909,6.825724831493723,6.81748265202578,54.04589218384756,4.895281979521191,2.7156869061147364,3.1003232105895675,8.2,1.064675958454609,0.45740575821018736,0.99960311495463,0.045408192256223806,1.0,0.00039688504537005453,0.044938870464378056,0,1,0,0,0,1.0,0.2545454545454545,0.4092633141948041,0.3971385591008246,0.9269966112272574,0.4969658595543117,0.00909090909090909,0.2545454545454546,0.060188069324730115
1928,106,96.36363636363636,110,0,108,2,0,0.0,6.807560103014956,6.797534860867596,56.07213506485384,4.901060464731652,2.7128934368492152,3.0987431061325363,8.2,1.064675958454609,0.4587207028153113,0.17441490279485408,0.02308771992770935,0.0,0.17441490279485408,0.011176653333887288,0,0,0,2,0,0.5,0.2636363636363636,0.41471142906267977,0.3922058679546899,0.9169324387307431,0.49964573985426564,0.0,0.2545454545454546,0.0601280067537356
1929,108,98.18181818181819,110,0,108,2,0,0.0,6.881752914994538,6.870041028514041,58.84615219788712,4.907394992387576,2.6472761101204734,3.0723274554620446,8.2,1.064675958454609,0.46235626837277266,0.35965138322727597,0.02596039979382011,0.0,0.35965138322727597,0.009472322901081465,0,0,0,2,0,0.0,0.23636363636363636,0.4231336780573058,0.3989447546611259,0.9177829280143206,0.4998098054282103,0.0,0.2545454545454546,0.06053269191015065
1930,109,99.0909090909091,110,0,109,1,0,0.0,6.836278512451286,6.826837365164975,54.94734922097285,4.913294094636986,2.6743372979561273,3.0911886370786243,8.2,1.064675958454609,0.4600450507959184,0.004567351200264261,0.014839261077488966,0.0,0.004567351200264261,-0.04786991028671683,0,0,0,1,0,1.0,0.24545454545454545,0.41440644012768585,0.40327972230976167,0.9282579323571581,0.502040351726307,0.0,0.27272727272727276,0.06033672305914145
1931,108,98.18181818181819,110,1,109,0,0,0.00909090909090909,6.870246613420723,6.845392145504245,54.42677698273545,4.91939593530743,2.6978073028580987,3.113015695167279,8.2,1.064675958454609,0.46277806973220237,0.5581955694453435,0.038454725864076694,1.0,0.44180443055465646,-0.007477812740420919,0,1,0,0,0,0.0,0.24545454545454545,0.4163884435665457,0.42001781206247996,0.925004287240296,0.49629753293034107,0.00909090909090909,0.2545454545454546,0.06053904597930935
1932,108,98.18181818181819,110,1,109,0,0,0.00909090909090909,6.899572922064683,6.851535243444958,53.60919779650651,4.925577527539186,2.755415574063746,3.1631154741691514,8.2,1.064675958454609,0.4600322839850144,0.9999996218591543,0.06654521860569859,1.0,3.7814084574705475e-07,0.22257425645421014,0,1,0,0,0,1.0,0.2545454545454545,0.41014574442628915,0.4216691525010242,0.9166607458974014,0.48925090559741796,0.00909090909090909,0.2363636363636364,0.06071858448569975
1933,108,98.18181818181819,110,0,110,0,0,0.0,6.918230466835768,6.870686767975452,53.4793861714231,4.93165652794792,2.7825158228375098,3.2249122638296535,8.2,1.064675958454609,0.45963857470270564,0.0,0.0,0.0,0.0,0.0,0,0,0,0,0,0.0,0.23636363636363636,0.40862320239325217,0.4230054401584294,0.9135705018999456,0.4874994028350358,0.0,0.2,0.060844233037488246
1934,107,97.27272727272727,110,1,109,0,0,0.00909090909090909,6.893351167682379,6.856849436716696,53.3762396166099,4.937440110312884,2.800051369154118,3.1932784204665583,8.2,1.064675958454609,0.45741141369573857,0.7393568809629527,0.028299864922825053,1.0,0.2606431190370473,0.029303059022641742,0,1,0,0,0,0.0,0.2545454545454545,0.40635109642745315,0.42541476817723917,0.9166607458974014,0.485688895775288,0.00909090909090909,0.2363636363636364,0.060750624747209894
1935,105,95.45454545454545,110,2,108,0,0,0.01818181818181818,6.945410879583855,6.926004342225606,59.18200398112502,4.94371791004828,2.7075796288349605,3.1645519852923902,8.2,1.064675958454609,0.4613682907962857,0.9880725867091822,0.0552608638928329,1.0,0.011927413290817757,0.042413226553551064,0,2,0,0,0,1.0,0.2636363636363636,0.4191991510808907,0.4049699000597828,0.9094942979905412,0.49007246791345815,0.01818181818181818,0.2545454545454546,0.061044342418968625
1936,106,96.36363636363636,110,0,110,0,0,0.0,6.8896361927760505,6.87067420972227,58.08810903830265,4.949603667201904,2.7701271528687554,3.1878989756059983,8.2,1.064675958454609,0.45801556407776745,0.0,0.0,0.0,0.0,0.0,0,0,0,0,0,0.0,0.2727272727272727,0.4142444156394106,0.39758734088686976,0.9139454439531821,0.48979199004729224,0.0,0.2181818181818182,0.06079680110562343
1937,107,97.27272727272727,110,0,110,0,0,0.0,6.901098035436052,6.882443442355145,57.59824818191113,4.955527003466412,2.696882865691825,3.1080381702788795,8.2,1.064675958454609,0.4615373384506245,0.0,0.0,0.0,0.0,0.0,0,0,0,0,0,0.0,0.23636363636363636,0.41784920784517476,0.4106179649697127,0.9251350748985275,0.4922110040486748,0.0,0.2181818181818182,0.060885642487496755
1938,107,97.27272727272727,110,1,109,0,0,0.00909090909090909,6.87912217021671,6.848408035979728,57.07912911725688,4.961213851934554,2.7009522334408405,3.1108763316054917,8.2,1.064675958454609,0.46039282290070704,0.9993115758157287,0.060816423674927345,1.0,0.0006884241842712857,0.03593408124306974,0,1,0,0,0,1.0,0.2545454545454545,0.41654818485999345,0.3989940253086694,0.9195716427995974,0.499263756220382,0.00909090909090909,0.2363636363636364,0.060806036415617076
1939,108,98.18181818181819,110,0,109,1,0,0.0,6.909060143924837,6.877000471644058,55.3181195612724,4.9669672173530115,2.68149510801931,3.1315935312822485,8.2,1.064675958454609,0.46015588407569075,0.035848447062405656,0.014955090061043577,0.0,0.035848447062405656,-0.0014944449891536316,0,0,0,1,0,1.0,0.21818181818181817,0.41275180947713713,0.4161948907859466,0.914295407407315,0.49561163086441784,0.0,0.27272727272727276,0.06098635363336389
1940,107,97.27272727272727,110,2,106,2,0,0.01818181818181818,6.820700465171455,6.80389440005209,50.16869768940869,4.971890508074225,2.744203095317273,3.042758268651746,8.2,1.064675958454609,0.45827024501445557,0.4537403983049941,0.03684557676479729,0.25,0.20391230251439446,-0.005794688074387155,0,2,0,2,0,0.5,0.22727272727272727,0.404217605582301,0.44576567420477414,0.8822801706060474,0.49395993906723645,0.01818181818181818,0.2545454545454546,0.06057076378593376
1941,106,96.36363636363636,110,1,108,0,1,0.00909090909090909,6.810804572137093,6.793297462421244,47.79102361724158,4.976809976070395,2.7432715625315036,3.024915059156541,8.2,1.064675958454609,0.4585970112524922,0.5991624529393215,0.042926170346436116,0.5,0.09916245946681956,0.015656187239710517,0,2,0,0,0,0.5,0.22727272727272727,0.39967164354616874,0.46254192612951717,0.8924936489913706,0.49514098772359566,0.00909090909090909,0.27272727272727276,0.060547472517281514
1942,106,96.36363636363636,110,1,107,1,1,0.00909090909090909,6.857204755717323,6.8541241315678505,44.94001437096533,4.982077823861796,2.785937226569595,3.0234841122346676,8.2,1.064675958454609,0.4580971129873894,0.7480001972422076,0.044710830119538504,0.6666666666666666,0.08462543897362455,-0.007003422284687903,0,2,0,1,0,0.6666666666666666,0.24545454545454545,0.3918980937880498,0.49231001637174054,0.8872253142265004,0.4867991587063601,0.00909090909090909,0.2363636363636364,0.06080751618966417
1943,104,94.54545454545455,110,3,107,0,0,0.02727272727272727,6.748001255502912,6.743829558280281,39.29150928012721,4.986497310693733,2.9489258748613483,3.1716641242520365,8.2,1.064675958454609,0.4507802959993803,0.9815566423477394,0.0553939829124948,1.0,0.01844335765226046,0.07230269290880036,0,3,0,0,0,0.6666666666666666,0.24545454545454545,0.3730592379474133,0.5141293766504507,0.8862251857554196,0.47507798325711226,0.02727272727272727,0.2545454545454546,0.06028502529548546
1944,104,94.54545454545455,110,0,110,0,0,0.0,6.785219657362785,6.7809538187299045,39.99032397721032,4.991163420707333,2.943627488825008,3.1706053866026123,8.2,1.064675958454609,0.4499057986248842,0.0,0.0,0.0,0.0,0.0,0,0,0,0,0,0.0,0.21818181818181817,0.3733840630098904,0.514564508171373,0.8859472792886975,0.47038660262484894,0.0,0.2545454545454546,0.060495956780539754
1945,106,96.36363636363636,110,0,110,0,0,0.0,6.804468902845557,6.8013182107077235,38.32050423197544,4.995953303597801,2.9889889661091296,3.1805339813089994,8.2,1.064675958454609,0.4483725154171052,0.0,0.0,0.0,0.0,0.0,0,0,0,0,0,0.0,0.20909090909090908,0.36638077164843547,0.5284307873970541,0.8866162917617177,0.467964995605378,0.0,0.2181818181818182,0.06061770137374009
1946,106,96.36363636363636,110,0,109,1,0,0.0,6.7294784147983435,6.726326624778528,35.42606162967733,5.000053455847695,3.01565158210552,3.184033740510178,8.2,1.064675958454609,0.44713286195447943,0.26955978376133727,0.033655566961478076,0.0,0.26955978376133727,-0.007661579858442735,0,0,0,1,0,0.0,0.20909090909090908,0.3597424584474294,0.5488432608295611,0.8895526659619637,0.46342463187093574,0.0,0.2363636363636364,0.06026457560113635
1947,107,97.27272727272727,110,0,109,1,0,0.0,6.683070155110731,6.681586224095295,34.58753318720735,5.003728882530493,2.9558816859653083,3.1344054930533276,8.2,1.064675958454609,0.4464123310881125,0.32497358311451774,0.033312170844044,0.0,0.32497358311451774,-0.008900790260751634,0,0,0,1,0,0.0,0.21818181818181817,0.3576957037758321,0.5413708603312265,0.8957872511636382,0.46783639478617,0.0,0.2181818181818182,0.06005209999482947
1948,108,98.18181818181819,110,2,108,0,0,0.01818181818181818,6.756796915963403,6.737907671891631,33.84723802658914,5.008000592330042,3.062597477638942,3.2031199529033203,8.2,1.064675958454609,0.4431174508402853,0.6565193020286513,0.05609910811996546,0.5,0.15651930208685888,0.026477703101515537,0,2,0,0,0,0.5,0.2,0.3503728544257864,0.5438180456679739,0.8946935557929492,0.46188875241362326,0.01818181818181818,0.27272727272727276,0.0604434737327182
1949,108,98.18181818181819,110,0,109,1,0,0.0,6.781515092720232,6.763708673845108,32.713660042183136,5.01229087814451,3.0570009965123703,3.216346965047397,8.2,1.064675958454609,0.44260816676421255,0.3009186067297949,0.027251432692418594,0.0,0.3009186067297949,-0.0009990456913722134,0,0,0,1,0,0.0,0.18181818181818182,0.34572808031278773,0.5568221297101325,0.9026932222193044,0.4647852753112415,0.0,0.2363636363636364,0.06058990343731016
1950,108,98.18181818181819,110,0,110,0,0,0.0,6.758554717626755,6.743384649148017,31.654965009655783,5.01636237831357,3.0760865174751038,3.2515156220449093,8.2,1.064675958454609,0.4401696005674207,0.0,0.0,0.0,0.0,0.0,0,0,0,0,0,0.0,0.20909090909090908,0.3402867727087073,0.5517763089718825,0.896038328441329,0.46475138918019854,0.0,0.2363636363636364,0.060496775703566985
1951,108,98.18181818181819,110,0,110,0,0,0.0,6.7473367544891145,6.7313400369466185,32.98274308354446,5.020287941326864,3.062609940160051,3.2385128647673405,8.2,1.064675958454609,0.44156491065678694,0.0,0.0,0.0,0.0,0.0,0,0,0,0,0,0.0,0.2,0.3454374653624569,0.5299427380072822,0.9099455094019914,0.46630087052559427,0.0,0.27272727272727276,0.06046158315069705
1952,108,98.18181818181819,110,0,110,0,0,0.0,6.73181475689877,6.716279532253523,31.392956580559726,5.02404343335637,3.0137921975944084,3.207795867856003,8.2,1.064675958454609,0.43933614215528527,0.0,0.0,0.0,0.0,0.0,0,0,0,0,0,0.0,0.19090909090909092,0.33874291209858537,0.5327307191640042,0.9099455094019914,0.46522374104075753,0.0,0.27272727272727276,0.060403965073125246
1953,108,98.18181818181819,110,2,108,0,0,0.01818181818181818,6.733438333503096,6.718250144924482,32.95947039196311,5.027778526661394,3.0351553275317884,3.2093510316112823,8.2,1.064675958454609,0.43915067925397877,0.6328120594752906,0.051938631692850595,0.5,0.13281205953349823,0.010608696649806237,0,2,0,0,0,0.5,0.20909090909090908,0.343155013235199,0.5089217834674831,0.9123407452638969,0.45355975508580454,0.01818181818181818,0.2545454545454546,0.06043196627636909
1954,108,98.18181818181819,110,0,110,0,0,0.0,6.735897103196669,6.7196928748820275,31.774181174154798,5.031483341060371,3.063678539908869,3.2234970276486794,8.2,1.064675958454609,0.4384067399402245,0.0,0.0,0.0,0.0,0.0,0,0,0,0,0,0.0,0.19090909090909092,0.3390725559289411,0.5271519234759943,0.912300998954548,0.45190503984127317,0.0,0.2545454545454546,0.06046398225894259
1955,108,98.18181818181819,110,0,110,0,0,0.0,6.732344159425704,6.715038223966643,32.671930172929216,5.035109065631742,3.0288484301937353,3.17638093493218,8.2,1.064675958454609,0.44095459491098454,0.0,0.0,0.0,0.0,0.0,0,0,0,0,0,0.0,0.2,0.34438191671258933,0.5194541780601987,0.9107695039854473,0.4556511378040345,0.0,0.2545454545454546,0.060465518649003354
1956,108,98.18181818181819,110,0,110,0,0,0.0,6.780424584281347,6.764422303178068,33.46867719393498,5.039116812320215,2.9174139751554624,3.090460710761082,8.2,1.064675958454609,0.4424386849270332,0.0,0.0,0.0,0.0,0.0,0,0,0,0,0,0.0,0.21818181818181817,0.34667614631045485,0.5112060320350514,0.9107297576760984,0.4595218082033979,0.0,0.2545454545454546,0.06072725553101553
1957,106,96.36363636363636,110,2,108,0,0,0.01818181818181818,6.768990073383894,6.730176854871333,32.7425725332696,5.042971557525208,2.947978447037832,3.1312110433919207,8.2,1.064675958454609,0.4411441198545156,0.9999998240775436,0.04307171122166353,1.0,1.7592245632469528e-07,0.06650171975196817,0,2,0,0,0,1.0,0.20909090909090908,0.3437490535751268,0.5195759827027808,0.9159691996095115,0.45895638785275095,0.01818181818181818,0.2181818181818182,0.06069060324925689
1958,107,97.27272727272727,110,1,109,0,0,0.00909090909090909,6.687316467339647,6.671715012524387,32.54202059446948,5.045918390566667,2.988747912917448,3.1817004396059416,8.2,1.064675958454609,0.44402856552222647,0.34864393316282927,0.022006672367822472,0.0,0.34864393316282927,-0.019386678246736677,0,1,0,0,0,0.0,0.20909090909090908,0.34886260825576604,0.5239531267297871,0.9081407420844874,0.45903020430310093,0.00909090909090909,0.2363636363636364,0.06029792233049976
1959,107,97.27272727272727,110,0,110,0,0,0.0,6.656565402128179,6.6415988323390565,30.97937858093002,5.048764915398997,3.0216391625948456,3.1961103843185734,8.2,1.064675958454609,0.4403566732496378,0.0,0.0,0.0,0.0,0.0,0,0,0,0,0,0.0,0.19090909090909092,0.34111300815996365,0.532790315883864,0.9120679162338882,0.45380589992332443,0.0,0.2363636363636364,0.06015932013721305
1960,106,96.36363636363636,110,1,109,0,0,0.00909090909090909,6.686733436997871,6.667435290721419,32.82796158418361,5.051840977671369,2.98074199512831,3.1756318942428807,8.2,1.064675958454609,0.44254980022252255,0.9999999999417923,0.07906726796964236,1.0,5.820766091346741e-11,-0.059403501157774485,0,1,0,0,0,1.0,0.23636363636363636,0.3473996298320488,0.5141023775179633,0.8922184501705105,0.4603566670170681,0.00909090909090909,0.27272727272727276,0.06032653535930203
1961,106,96.36363636363636,110,0,110,0,0,0.0,6.707873388024051,6.686783288190811,32.059513696559094,5.055009300573407,3.010151302956699,3.2008420663106065,8.2,1.064675958454609,0.44097204701319215,0.0,0.0,0.0,0.0,0.0,0,0,0,0,0,0.0,0.21818181818181817,0.34296735752995655,0.5290693654529746,0.9056971049940925,0.45846514026560636,0.0,0.27272727272727276,0.06044910130054504
1962,108,98.18181818181819,110,0,110,0,0,0.0,6.708144787879404,6.686982900799563,31.189526470781402,5.058145591285184,3.05722144502524,3.2089224346463836,8.2,1.064675958454609,0.44015562546456755,0.0,0.0,0.0,0.0,0.0,0,0,0,0,0,0.0,0.22727272727272727,0.3397378642858284,0.5438510523124114,0.913920872531984,0.45681529667261694,0.0,0.2363636363636364,0.060467153966419565
1963,108,98.18181818181819,110,1,109,0,0,0.00909090909090909,6.7106391545929345,6.6858616281476975,34.1657239637353,5.061250022787562,3.0111401684084615,3.185069927113347,8.2,1.064675958454609,0.44221836340723963,0.9999999999417923,0.0657725006758006,1.0,5.820766091346741e-11,0.040685535254326055,0,1,0,0,0,1.0,0.22727272727272727,0.3487613067943301,0.5090132814930546,0.92505425224481,0.4595426780055014,0.00909090909090909,0.27272727272727276,0.060496151867913475
1964,108,98.18181818181819,110,0,110,0,0,0.0,6.6966235908671585,6.673101769966254,33.42320152313257,5.064201638780096,2.9899141849722533,3.151493601375605,8.2,1.064675958454609,0.4416894153954949,0.0,0.0,0.0,0.0,0.0,0,0,0,0,0,0.0,0.22727272727272727,0.34613217628744886,0.5099300551041553,0.9166134472093532,0.46148206549340864,0.0,0.2363636363636364,0.06044178662221379
1965,109,99.0909090909091,110,0,110,0,0,0.0,6.710053363391111,6.686674684808965,35.25383188296932,5.067237435675726,2.9177074996592833,3.1299121516375945,8.2,1.064675958454609,0.44447263087547095,0.0,0.0,0.0,0.0,0.0,0,0,0,0,0,0.0,0.22727272727272727,0.3532240058902016,0.5020747131386208,0.9298744376548036,0.462076334219846,0.0,0.2363636363636364,0.0605250961846812
1966,109,99.0909090909091,110,0,110,0,0,0.0,6.746272272750057,6.721925344946005,36.983963458879195,5.070541155414601,2.9213523460185225,3.141181329848674,8.2,1.064675958454609,0.4458297028235294,0.0,0.0,0.0,0.0,0.0,0,0,0,0,0,0.0,0.20909090909090908,0.35861888730550745,0.49770185735952605,0.9181457237701062,0.46168696195966225,0.0,0.30909090909090914,0.06072377768637319
1967,109,99.0909090909091,110,0,110,0,0,0.0,6.782081086920099,6.757497698371237,38.929776507848885,5.074112685479499,2.816023415393184,3.0697053183555694,8.2,1.064675958454609,0.4502045709612914,0.0,0.0,0.0,0.0,0.0,0,0,0,0,0,0.0,0.20909090909090908,0.3672125342168057,0.4810717215191264,0.9047289100379378,0.4702145112377525,0.0,0.27272727272727276,0.06092183436819838
1968,110,100.0,110,0,110,0,0,0.0,6.7452069109121595,6.7221633653099735,40.79202437399916,5.077345233403103,2.8356942830012555,3.0779121802825795,8.2,1.064675958454609,0.44913330136355656,0.0,0.0,0.0,0.0,0.0,0,0,0,0,0,0.0,0.2636363636363636,0.3709158090835199,0.44571690170117045,0.9013286090118146,0.4747562557367937,0.0,0.27272727272727276,0.06075467156845274
1969,110,100.0,110,0,110,0,0,0.0,6.7528289350654855,6.72818450014974,39.69206505135534,5.080594649626169,2.881581733263475,3.1340018364716213,8.2,1.064675958454609,0.4468900567759906,0.0,0.0,0.0,0.0,0.0,0,0,0,0,0,0.0,0.24545454545454545,0.36509517406047953,0.45512248631305763,0.8949743510106525,0.47223499992412205,0.0,0.27272727272727276,0.06081007956587793
1970,110,100.0,110,0,110,0,0,0.0,6.729714705466976,6.706869065957224,40.04522324448625,5.08362791785329,2.8132257075551665,3.0980129239033114,8.2,1.064675958454609,0.446591137744339,0.0,0.0,0.0,0.0,0.0,0,0,0,0,0,0.0,0.2636363636363636,0.3657726547037095,0.43933821109833715,0.9046419811299422,0.47754857936646633,0.0,0.27272727272727276,0.06071065565667018
1971,110,100.0,110,0,110,0,0,0.0,6.779559902444095,6.755917957318847,38.94186571835081,5.087046661006213,2.834396831919074,3.1029635128968582,8.2,1.064675958454609,0.44619780864157965,0.0,0.0,0.0,0.0,0.0,0,0,0,0,0,0.0,0.24545454545454545,0.36191576250058677,0.4567255466515971,0.8803345790340286,0.4732368589557256,0.0,0.27272727272727276,0.060978080909771026
1972,110,100.0,110,0,110,0,0,0.0,6.832129117516016,6.807813907218845,37.38583708051031,5.090871024584302,2.819458855952788,3.082941324747647,8.2,1.064675958454609,0.4468572939293036,0.0,0.0,0.0,0.0,0.0,0,0,0,0,0,0.0,0.23636363636363636,0.35782840552149126,0.4759094019416672,0.91072285215379,0.47510932691911234,0.0,0.30909090909090914,0.06126128552492052
1973,110,100.0,110,0,110,0,0,0.0,6.836303821783924,6.8133911819635395,35.978684611876,5.094702175005487,2.847977886454342,3.074242630038561,8.2,1.064675958454609,0.44151324257804636,0.0,0.0,0.0,0.0,0.0,0,0,0,0,0,0.0,0.2,0.3478626421186801,0.466460020160408,0.9079785958452748,0.4732237847914753,0.0,0.30909090909090914,0.06130255371499336
1974,110,100.0,110,0,110,0,0,0.0,6.853131659849127,6.830228766568783,37.46731591780601,5.098635948661426,2.890179363495006,3.1188677874208572,8.2,1.064675958454609,0.4411954518373382,0.0,0.0,0.0,0.0,0.0,0,0,0,0,0,0.0,0.19090909090909092,0.3499495432275001,0.452128814082948,0.9164735528692495,0.47107157912727166,0.0,0.27272727272727276,0.06140763387650677
1975,110,100.0,110,0,110,0,0,0.0,6.967888705839761,6.946193583235922,36.25075048776306,5.103515559993649,2.8329936593874114,3.0645364740094894,8.2,1.064675958454609,0.442358863400222,0.0,0.0,0.0,0.0,0.0,0,0,0,0,0,0.0,0.19090909090909092,0.3462111249672066,0.48115798014040817,0.8767632694052939,0.47041085904185304,0.0,0.27272727272727276,0.062007395130820056
1976,110,100.0,110,0,109,1,0,0.0,6.953275099730798,6.931779106151889,31.609280918617237,5.1082204452995095,2.9272475291464755,3.0738426894052933,8.2,1.064675958454609,0.4372127360674085,0.0002794959418165448,0.02529803810604569,0.0,0.0002794959418165448,-0.09787363794658921,0,0,0,1,0,1.0,0.2,0.3304076522085137,0.5265602989211106,0.9008157791039262,0.46560482726855384,0.0,0.27272727272727276,0.061959372991637424
1977,110,100.0,110,0,110,0,0,0.0,6.982492567313281,6.956673222836794,32.755301747401674,5.113087272162976,2.8583551752925835,3.038545986638932,8.2,1.064675958454609,0.440692431349369,0.0,0.0,0.0,0.0,0.0,0,0,0,0,0,0.0,0.19090909090909092,0.3366800717547128,0.5272069433548762,0.9157927681906171,0.4706196311519397,0.0,0.27272727272727276,0.0621313682973273
1978,110,100.0,110,0,110,0,0,0.0,6.953894050526103,6.929116093317986,32.65729020135575,5.117667567784626,2.849548713472122,3.0280665588939204,8.2,1.064675958454609,0.4389696214335135,0.0,0.0,0.0,0.0,0.0,0,0,0,0,0,0.0,0.2,0.3347354394991512,0.521828272307008,0.8718778156803246,0.47021493047322976,0.0,0.30909090909090914,0.06201275836654634
1979,110,100.0,110,0,110,0,0,0.0,6.958406354751547,6.931298936566319,34.76713949916039,5.122217690265788,2.8915744741717617,3.1094946361075566,8.2,1.064675958454609,0.4410247206955582,0.0,0.0,0.0,0.0,0.0,0,0,0,0,0,0.0,0.20909090909090908,0.34147214650180446,0.5048261569474383,0.8717617593047156,0.47138145793703945,0.0,0.27272727272727276,0.06205954191774214
1980,109,99.0909090909091,110,1,109,0,0,0.00909090909090909,6.9012274934393885,6.869840344343432,31.74849701487451,5.126237368495546,2.944551975697573,3.1082599003948848,8.2,1.064675958454609,0.4347544577915896,0.8473504644926875,0.04493537373352183,1.0,0.15264953550731253,0.04199792944381597,0,1,0,0,0,0.0,0.21818181818181817,0.3287849750873793,0.5176803743692993,0.8911420125856873,0.46717544979929165,0.00909090909090909,0.2363636363636364,0.06179504588504108
1981,108,98.18181818181819,110,1,109,0,0,0.00909090909090909,6.943148009684381,6.920229441798677,31.462365648227056,5.130534108555994,2.97653146873837,3.1201795850521883,8.2,1.064675958454609,0.43513087082267576,0.9999999999417919,0.06612230523569429,1.0,5.820810500267726e-11,0.018119195952397416,0,1,0,0,0,1.0,0.23636363636363636,0.3277901848080612,0.5314767717228684,0.8437694942846699,0.45523759221910626,0.00909090909090909,0.2545454545454546,0.062027521645476494
1982,108,98.18181818181819,110,0,110,0,0,0.0,6.974171318253433,6.950158186566217,32.414294714186106,5.135107875991433,2.94228566600126,3.082859348495102,8.2,1.064675958454609,0.4374593814922616,0.0,0.0,0.0,0.0,0.0,0,0,0,0,0,0.0,0.24545454545454545,0.332273541480501,0.5275518591161373,0.8459619786406913,0.4504866233876087,0.0,0.2545454545454546,0.06220698608946212
1983,108,98.18181818181819,110,0,110,0,0,0.0,6.992512559010047,6.966482484721815,33.6261682773157,5.1397719883268715,2.8844773828109433,3.049340280678889,8.2,1.064675958454609,0.43720338858637686,0.0,0.0,0.0,0.0,0.0,0,0,0,0,0,0.0,0.23636363636363636,0.33451707927061775,0.5110639258502339,0.8494160224593414,0.45168395454921917,0.0,0.29090909090909095,0.06232352113460056
1984,108,98.18181818181819,110,0,110,0,0,0.0,7.033063830085313,7.004741734738312,34.29660127019635,5.144712312609046,2.905071731620304,3.0680537416915987,8.2,1.064675958454609,0.4382892121061799,0.0,0.0,0.0,0.0,0.0,0,0,0,0,0,0.0,0.20909090909090908,0.336942066835003,0.5146792623680889,0.8460953255489536,0.4527247628659236,0.0,0.29090909090909095,0.0625525767124279
1985,108,98.18181818181819,110,1,108,1,0,0.00909090909090909,7.0519117254655175,7.007555642939021,34.68334439691087,5.149750243926934,2.9315411469836663,3.101480639804565,8.2,1.064675958454609,0.44028655946560225,0.647059678511912,0.03175205309824253,0.5,0.17667997862379464,0.03831375098785594,0,1,0,1,0,0.5,0.2,0.339949425043841,0.5215031784525707,0.8440632128790461,0.45903000705049535,0.00909090909090909,0.34545454545454546,0.06267363501110142
1986,109,99.0909090909091,110,0,110,0,0,0.0,7.127993022883817,7.083536772528882,35.90243375182153,5.155255461579712,2.9497465539138337,3.1112958335868632,8.2,1.064675958454609,0.44030321067964806,0.0,0.0,0.0,0.0,0.0,0,0,0,0,0,0.0,0.2,0.3412307716736405,0.5228518942359152,0.845218570956058,0.45646139237922734,0.0,0.34545454545454546,0.06308334786259777
1987,107,97.27272727272727,110,2,107,1,0,0.01818181818181818,7.151388654040098,7.106830571728242,36.036468422289474,5.1609040516824045,2.9747810332250033,3.1327769330003847,8.2,1.064675958454609,0.44353566527253574,0.7369765106987812,0.03787682263198415,0.6666666666666666,0.1555770915175302,0.041735541537548805,0,2,0,1,0,0.3333333333333333,0.22727272727272727,0.3455286465746288,0.5353096349995592,0.8459424185600082,0.465129794068095,0.01818181818181818,0.3636363636363637,0.06323039560878668
1988,107,97.27272727272727,110,0,110,0,0,0.0,7.221456294843634,7.175660409247204,40.474814796209,5.167075171995312,2.888589360642514,3.073807853252191,8.2,1.064675958454609,0.4507223468328587,0.0,0.0,0.0,0.0,0.0,0,0,0,0,0,0.0,0.21818181818181817,0.36256295242191083,0.5152924010561287,0.852189600396003,0.472071687549747,0.0,0.3636363636363637,0.06361358502997379
1989,106,96.36363636363636,110,1,109,0,0,0.00909090909090909,7.2681665432896185,7.208749630451637,42.31176158737534,5.173556045207537,2.8146507907715193,3.027878744214244,8.2,1.064675958454609,0.45542098610782844,0.6020556060206275,0.03531221893778709,1.0,0.39794439397937253,0.06736688727107598,0,1,0,0,0,0.0,0.23636363636363636,0.3712391977060928,0.5064922611245865,0.8282897820440207,0.4783384863179528,0.00909090909090909,0.3272727272727273,0.06388163642169795
1990,106,96.36363636363636,110,1,109,0,0,0.00909090909090909,7.257516387204048,7.198024642073105,40.48637628721917,5.179787405598177,2.7757436746111503,2.9885391096671037,8.2,1.064675958454609,0.4560629512156362,0.9855795611726085,0.05030256609338148,1.0,0.014420438827391524,0.028771667909069265,0,1,0,0,0,1.0,0.22727272727272727,0.3681352597486106,0.524623338071847,0.8218512857380476,0.4768157223648771,0.00909090909090909,0.38181818181818183,0.063861557539252
1991,105,95.45454545454545,110,1,107,2,0,0.00909090909090909,7.205083957811034,7.13533284053386,38.03552037370007,5.185523896641524,2.78928495555876,2.916771562767991,8.2,1.064675958454609,0.4519552457124487,0.6559677492671527,0.04358443110142322,0.6666666666666666,0.06094124741956199,0.019862256196202965,0,1,0,2,0,0.3333333333333333,0.21818181818181817,0.35954412186786205,0.5279164152664526,0.8265152224905925,0.4788870769167677,0.00909090909090909,0.3636363636363637,0.06362993291278564
1992,106,96.36363636363636,110,2,108,0,0,0.01818181818181818,7.219544818685185,7.15886359592967,36.912649065183544,5.191229927395655,2.8074264169128607,2.9010052007590623,8.2,1.064675958454609,0.4499064908927526,0.5181357931605922,0.04367469681701771,0.5,0.17667511518498621,0.0007114046125555884,0,2,0,0,0,0.0,0.2,0.35376763696775665,0.5289637910257572,0.8295649864690247,0.4756185239138839,0.01818181818181818,0.3090909090909091,0.06373261258596702
1993,106,96.36363636363636,110,0,110,0,0,0.0,7.254911893851779,7.192957220657266,39.019920631688066,5.197225499394783,2.761317274434157,2.8764106528952804,8.2,1.064675958454609,0.45225456231370487,0.0,0.0,0.0,0.0,0.0,0,0,0,0,0,0.0,0.21818181818181817,0.3601473871805912,0.5131415060706581,0.8470212292973993,0.4804874013805254,0.0,0.3090909090909091,0.06394136466862327
1994,106,96.36363636363636,110,0,109,1,0,0.0,7.230714957160165,7.167920899514301,38.400333387972054,5.202943993426593,2.8323701793647675,2.9517456359071876,8.2,1.064675958454609,0.44832304169448256,0.4492693698243246,0.021386384432298334,0.0,0.4492693698243246,-0.04374837146770427,0,0,0,1,0,0.0,0.20909090909090908,0.3549970995712108,0.519524955840228,0.841591017178396,0.4744151231658682,0.0,0.2727272727272727,0.06385082170073637
1995,107,97.27272727272727,110,0,109,1,0,0.0,7.241674638750269,7.179409319074823,38.38301797580759,5.2086994555801125,2.7942727597154553,2.92763823668516,8.2,1.064675958454609,0.4478096984905269,0.38682961187021175,0.02135231786084265,0.0,0.38682961187021175,-0.02666502033381657,0,0,0,1,0,0.0,0.21818181818181817,0.3540032363086417,0.5152211068434269,0.8657648307870406,0.4793404185399305,0.0,0.27272727272727276,0.06393625861961014
1996,108,98.18181818181819,110,0,108,2,0,0.0,7.27823150463203,7.2161868176724875,39.92221324468433,5.214706889660339,2.7757530884464274,2.9078571065690246,8.2,1.064675958454609,0.45138374198969267,0.4274862306065757,0.01904247982210251,0.5,0.18763235829898522,0.010455713780003983,0,0,0,2,0,0.0,0.20909090909090908,0.36051059733225854,0.5043379178384438,0.8471738455545513,0.4853385475822853,0.0,0.2727272727272727,0.06415102280220503
1997,109,99.0909090909091,110,1,109,0,0,0.00909090909090909,7.29688598643859,7.235898738927581,40.30081750426294,5.220833084437359,2.753403052292242,2.9612721957555523,8.2,1.064675958454609,0.4493428759659175,0.9791183938522834,0.03373875236717924,1.0,0.020881606147716614,0.007899150477918448,0,1,0,0,0,1.0,0.20909090909090908,0.35856245256505215,0.5000565825637207,0.8431335905745889,0.487520070771253,0.00909090909090909,0.29090909090909095,0.06427690727271734
1998,108,98.18181818181819,110,1,109,0,0,0.00909090909090909,7.330140553749984,7.281030160449121,40.835031640326214,5.227156758665905,2.7388814583147827,2.945270642031636,8.2,1.064675958454609,0.4536787877149824,0.5107130373974926,0.01494264641790019,1.0,0.48928696260250737,0.05671563503374544,0,1,0,0,0,0.0,0.20909090909090908,0.36389474489386514,0.5152891587646862,0.8322740136349156,0.4806141163427935,0.00909090909090909,0.29090909090909095,0.06447684342887547
1999,107,97.27272727272727,110,1,109,0,0,0.00909090909090909,7.354709014379221,7.285799599673936,42.62188152954725,5.233720128523548,2.725571056672616,2.9661136659174234,8.2,1.064675958454609,0.4581079288636831,0.9926416759081317,0.07685906345927108,1.0,0.007358324091868318,-0.036428785467622404,0,1,0,0,0,1.0,0.20909090909090908,0.3729607426156353,0.5162871311849211,0.8354614719472548,0.4748796090231272,0.00909090909090909,0.29090909090909095,0.06463462504249104
2000,107,97.27272727272727,110,0,110,0,0,0.0,7.396019244875555,7.325438942053142,44.1287003287844,5.240391718396207,2.642823517195446,2.917183325435974,8.2,1.064675958454609,0.45930027286063746,0.0,0.0,0.0,0.0,0.0,0,0,0,0,0,0.0,0.18181818181818182,0.37730716790911006,0.5096059071537636,0.8331061390117613,0.4761710387397193,0.0,0.29090909090909095,0.06487669160168316
