,satisfied_count,pct_satisfied,move_attempts,successful_moves,failed_searches,voluntary_stays,destination_conflicts,movement_success_rate,city_mean_income,mean_neighbor_income,mean_neighbor_income_variance,mean_rent,mean_utility,mean_value,mean_vision,rent_income_timescale_ratio,gini_coefficient,mean_qre_move_probability,mean_qre_accept_probability,mean_ne_move_probability,mean_qre_ne_move_gap,mean_delta_neighborhood_utility,move_accept_outcomes,move_reject_outcomes,stay_accept_outcomes,stay_reject_outcomes,qre_nonconvergence_count,ne_following_rate,homeless_fraction,theil_index,moran_i,spatial_entropy,neighborhood_heterogeneity,income_mobility_indicator,segregation_index,gentrification_indicator
0,0,0.0,0,0,0,0,0,0.0,0.6011237935167679,0.6019569041753955,0.04957326391793402,0.48156552334031644,0.2759927699997209,0.8483962792974382,8.349056603773585,3.567999827489257,0.21963721843874384,0.0,0.0,0.0,0.0,0.0,0,0,0,0,0,0.0,0.25471698113207547,0.07645657520485077,0.02878753889343886,0.9504577319702641,0.3585094923533535,0.0,0.20754716981132076,0.011596747488598954
1,0,0.0,106,1,91,14,0,0.009433962264150943,0.6086911746614162,0.6102703541818183,0.053397219492875264,0.4817848648965052,0.2739324007021479,0.8335343430284924,8.349056603773585,3.567999827489257,0.22463375450247103,0.0993828990245256,0.00011272013502624322,0.0,0.0993828990245256,-0.00016229120887476152,0,1,0,14,0,0.4666666666666667,0.27358490566037735,0.07995239968108576,0.012645434520726206,0.9471177798764653,0.3658141908158166,0.009433962264150943,0.16981132075471694,0.01163849744749541
2,0,0.0,106,2,90,13,1,0.018867924528301886,0.6098407652495949,0.610846016744329,0.052299420559955366,0.482050679860239,0.27639425371989035,0.8562198624298979,8.349056603773585,3.567999827489257,0.22276177480586412,0.09074961085682955,0.00011614865247513062,0.0,0.09074961085682955,-0.00136381683657558,0,3,0,13,0,0.4375,0.2358490566037736,0.07903223696808813,0.032947700031730136,0.9608165358484557,0.3636896814082381,0.018867924528301886,0.15094339622641506,0.011648987539160034
3,0,0.0,106,1,92,13,0,0.009433962264150943,0.6204369704122136,0.6214439001034294,0.05745275386249536,0.48258176010227083,0.26923372267549484,0.8412660525636619,8.349056603773585,3.567999827489257,0.22867956190056393,0.08502347732806206,0.0001162453906964601,0.0,0.08502347732806206,-0.0022697041170222326,0,1,0,13,0,0.5,0.2358490566037736,0.08260868546287937,0.025501164508986353,0.954877977209113,0.37402300972757047,0.009433962264150943,0.11320754716981131,0.01171144303603289
4,0,0.0,106,2,94,10,0,0.018867924528301886,0.6170608405041098,0.6168767223676898,0.05798292932765171,0.48300962093435723,0.27589362161082354,0.8611904110488586,8.349056603773585,3.567999827489257,0.2322092665556117,0.08025906280822943,9.87500010932793e-05,0.0,0.08025906280822943,-0.0014371915047838649,0,2,0,10,0,0.5833333333333334,0.22641509433962265,0.08521510930836299,0.05351581443832121,0.9560943054764193,0.3763467300252084,0.018867924528301886,0.18867924528301885,0.01170219542336774
5,101,95.28301886792453,106,0,95,11,0,0.0,0.6219742770141491,0.6217602697921764,0.0576014204038911,0.4835233627755281,0.2781281399566172,0.8639562575481706,8.349056603773585,3.567999827489257,0.23045650881801816,0.09017549234964496,0.00011632196853538002,0.0,0.09017549234964496,0.0010989278804287648,0,0,0,11,0,0.45454545454545453,0.22641509433962265,0.08343774250085215,0.07401790303883173,0.9400089672377556,0.3721428149127454,0.0,0.16981132075471694,0.011735927759921293
6,100,94.33962264150944,106,1,92,12,1,0.009433962264150943,0.625418384906493,0.6249841418150115,0.0584784989046119,0.48411766537018946,0.28089536897035966,0.8632035082749488,8.349056603773585,3.567999827489257,0.2304393540205374,0.08232138960999251,0.00010561041482563768,0.0,0.08232138960999251,0.0004631692356168766,0,2,0,12,0,0.5,0.22641509433962265,0.08316115547918754,0.06515467852826401,0.957118692372019,0.37269023924352623,0.009433962264150943,0.13207547169811318,0.011763750657159155
7,102,96.22641509433963,106,0,96,10,0,0.0,0.6255356331977302,0.6251799498207631,0.059177018444583084,0.4846894835298179,0.2786075863542531,0.8548033585161134,8.349056603773585,3.567999827489257,0.2301138748610303,0.07916850887532308,0.00012191553489973605,0.0,0.07916850887532308,-0.0008834876399048064,0,0,0,10,0,0.6,0.2358490566037736,0.08322104503820496,0.043116741986699514,0.9653312359761173,0.37492025961273334,0.0,0.16981132075471694,0.011774538134089888
8,103,97.16981132075472,106,0,94,12,0,0.0,0.6324455155909182,0.6321665102010767,0.06394772778025001,0.4854403235883508,0.2679567888815668,0.8413920627085677,8.349056603773585,3.567999827489257,0.23556283445923976,0.06837701157569054,0.00010514819045641647,0.0,0.06837701157569054,-0.0009312085729028599,0,0,0,12,0,0.6666666666666666,0.2358490566037736,0.08756977758693392,0.03757914194662837,0.9647652582825645,0.385696537672961,0.0,0.13207547169811318,0.011822482532052415
9,103,97.16981132075472,106,2,92,12,0,0.018867924528301886,0.6319596737649867,0.6306898222914324,0.06480747375420336,0.4861528124020148,0.2670176638810404,0.8442782028204936,8.349056603773585,3.567999827489257,0.238167872200435,0.06252644749667464,0.00010181048227364615,0.0,0.06252644749667464,-0.0016497753224442124,0,2,0,12,0,0.6428571428571429,0.2641509433962264,0.0894687615982982,0.04437567120962276,0.9588963031099343,0.3857915076094256,0.018867924528301886,0.18867924528301885,0.011832764122743963
10,102,96.22641509433963,106,1,98,6,1,0.009433962264150943,0.6326605449926824,0.6305448431117292,0.0622875153116217,0.4868305435842353,0.2749526245479066,0.8529319736281089,8.349056603773585,3.567999827489257,0.23240480887293113,0.04361043698443862,7.929619209180012e-05,0.0,0.04361043698443862,-0.0014153344148605772,0,2,0,6,0,0.625,0.2358490566037736,0.08522097792613385,0.0349460444263602,0.954005666379148,0.372947016491527,0.009433962264150943,0.16981132075471697,0.011848359202588676
11,103,97.16981132075472,106,0,100,6,0,0.0,0.634229620514533,0.6322334154486078,0.0646795344009542,0.48750690036701344,0.2736043456369034,0.8597536058771582,8.349056603773585,3.567999827489257,0.23409229495564765,0.016562618009858993,7.828327214637295e-05,0.0,0.016562618009858993,-0.000967889299426474,0,0,0,6,0,0.8333333333333334,0.2169811320754717,0.08679159116652786,0.01892189020945752,0.9685743219136266,0.3794067220182916,0.0,0.16981132075471697,0.011868270784619297
12,103,97.16981132075472,106,0,98,8,0,0.0,0.6357369087896348,0.6336968041622651,0.0662775608101472,0.48820089570637193,0.2734304304479765,0.8570113398345034,8.349056603773585,3.567999827489257,0.23557362395035852,0.025703680986271335,8.063599626985942e-05,0.0,0.025703680986271335,-0.0001446436976299502,0,0,0,8,0,0.875,0.20754716981132076,0.08786456080859906,0.02551755238499757,0.9649124019295937,0.38152080019475104,0.0,0.13207547169811318,0.011888188102250353
13,103,97.16981132075472,106,0,99,7,0,0.0,0.6364608055889365,0.6345015112902026,0.06952029933806277,0.4888930988523685,0.2714309450759594,0.8539979782154401,8.349056603773585,3.567999827489257,0.23890863971032572,0.024380459316673757,6.566458251159781e-05,0.0,0.024380459316673757,0.0020309045036281037,0,0,0,7,0,0.7142857142857143,0.20754716981132076,0.09030925341628643,0.006523312822385548,0.9505488757309173,0.388232712213518,0.0,0.13207547169811318,0.011904156489774376
14,105,99.05660377358491,106,0,100,6,0,0.0,0.632603614386983,0.6305130007838595,0.06764787609395834,0.4894467561529214,0.273480068528587,0.8440567693107778,8.349056603773585,3.567999827489257,0.23956655782160197,0.027463549115887637,6.976511481156731e-05,0.0,0.027463549115887637,0.0025849704110138907,0,0,0,6,0,0.8333333333333334,0.22641509433962265,0.09034601751247817,0.022907086066684196,0.9505488757309173,0.3845054091470034,0.0,0.13207547169811318,0.011894747779528914
15,106,100.0,106,0,99,7,0,0.0,0.6308067227783892,0.6285974386304558,0.06634511978533093,0.48992598115848257,0.27402491514181515,0.855549541673801,8.349056603773585,3.567999827489257,0.2380667812321673,0.024570131669997167,8.344715879351472e-05,0.0,0.024570131669997167,0.001816570063437816,0,0,0,7,0,0.8571428571428571,0.22641509433962265,0.08950631407102408,0.03137277323623142,0.949427519924948,0.3811571952909899,0.0,0.13207547169811318,0.011894312695171801
16,106,100.0,106,0,99,7,0,0.0,0.6299105174662911,0.6277522697790655,0.0691614485284525,0.49036398291814454,0.26938091823927357,0.8418291544730719,8.349056603773585,3.567999827489257,0.2440726776182398,0.02121950605843566,7.496996118117477e-05,0.0,0.02121950605843566,-0.00013197105400860769,0,0,0,7,0,0.8571428571428571,0.2358490566037736,0.09355394356752893,0.02527953955307885,0.9550327189590169,0.39189434279740526,0.0,0.16981132075471694,0.01189764561962588
17,106,100.0,106,0,101,5,0,0.0,0.6278055349087447,0.6257821965367616,0.06626779342128848,0.4907301230078678,0.27042963337137815,0.8462429246830504,8.349056603773585,3.567999827489257,0.23937555072991046,0.023688517705232018,7.710395018127587e-05,0.0,0.023688517705232018,-0.0028430413124311826,0,0,0,5,0,0.8,0.20754716981132076,0.08994338276286418,0.019611961986051814,0.9634033331051444,0.3859908875585586,0.0,0.16981132075471697,0.011893652645722995
18,105,99.05660377358491,106,1,98,7,0,0.009433962264150943,0.6277689512246644,0.6246088564349893,0.06486973558070204,0.491081944942777,0.2759190382146701,0.8561134309175045,8.349056603773585,3.567999827489257,0.23998825560325665,0.02537947789992018,8.004920162554244e-05,0.0,0.02537947789992018,-0.0028431520679430312,0,1,0,7,0,0.875,0.20754716981132076,0.09022462969011083,0.05809494741673111,0.9534135867376913,0.3767299028314949,0.009433962264150943,0.18867924528301885,0.011899746230317908
19,105,99.05660377358491,106,0,102,4,0,0.0,0.6255851754028834,0.6225334088932261,0.06398075643977301,0.49132973475868646,0.2773813645481674,0.8628663605150272,8.349056603773585,3.567999827489257,0.23870106048126627,0.005609586739994811,6.781627718474657e-05,0.0,0.005609586739994811,0.0003420346461143614,0,0,0,4,0,1.0,0.2169811320754717,0.08936577589406985,0.05238583099693045,0.9514498945621992,0.3761274210844103,0.0,0.22641509433962262,0.011893247921311096
20,105,99.05660377358491,106,0,102,4,0,0.0,0.6250963623031692,0.6220614484674389,0.06313810562072511,0.4915552117966495,0.2819388404293252,0.8722216758189543,8.349056603773585,3.567999827489257,0.23662705461901012,0.017421893401887472,7.081803690789399e-05,0.0,0.017421893401887472,-0.0026849657015376865,0,0,0,4,0,0.75,0.2169811320754717,0.08786933348907368,0.0560230965714174,0.9440483709939999,0.37309261522637494,0.0,0.22641509433962262,0.0118948263659753
21,105,99.05660377358491,106,0,100,6,0,0.0,0.6280395400097921,0.6248894275554875,0.0644540367749772,0.49185336564547333,0.28247811608508006,0.8749882026955531,8.349056603773585,3.567999827489257,0.2385980242126664,0.012933462226099007,6.749325305495878e-05,0.0,0.012933462226099007,6.668128646967104e-05,0,0,0,6,0,0.8333333333333334,0.25471698113207547,0.08890856003961377,0.060933649382777386,0.9432688629275423,0.375112904172686,0.0,0.22641509433962262,0.011914861318914257
22,105,99.05660377358491,106,0,100,6,0,0.0,0.6239863452350516,0.6207829629575565,0.06162052512870526,0.4920236664456693,0.2883518002560837,0.8851328595011485,8.349056603773585,3.567999827489257,0.2351439601216352,0.013969538559358492,7.838460013250889e-05,0.0,0.013969538559358492,-9.984932200932106e-05,0,0,0,6,0,0.8333333333333334,0.24528301886792453,0.08635084299801431,0.06551918749614545,0.9481620241502638,0.3686006422093328,0.0,0.22641509433962262,0.011897633511169157
23,106,100.0,106,0,101,5,0,0.0,0.6250696898392157,0.6217879869166547,0.06357202746178865,0.49221657831610965,0.28648777267509645,0.8735291935221254,8.349056603773585,3.567999827489257,0.2364648108046532,0.016693692222594442,8.235835695014537e-05,0.0,0.016693692222594442,-0.0013981554297613108,0,0,0,5,0,0.8,0.22641509433962265,0.08794005117317716,0.06014226272699513,0.9458608171614391,0.3724780361073911,0.0,0.22641509433962262,0.011906491781792237
24,106,100.0,106,0,101,5,0,0.0,0.6254205746893151,0.6223289996297211,0.06004426322423508,0.4924180497574806,0.2930107808895869,0.8885241251190537,8.349056603773585,3.567999827489257,0.23024534802815544,0.01671930886225541,8.22515389901904e-05,0.0,0.01671930886225541,-0.0011482865499454875,0,0,0,5,0,0.8,0.19811320754716982,0.08314189819686932,0.05782896474495509,0.940619899334113,0.36391293403945696,0.0,0.22641509433962262,0.011911840456383011
25,106,100.0,106,0,103,3,0,0.0,0.6229768679049362,0.6198555658233849,0.05880689806363156,0.49254173100701654,0.29124214966974266,0.8879839837369131,8.349056603773585,3.567999827489257,0.22970031374259192,0.005377453805253504,7.813875235570259e-05,0.0,0.005377453805253504,0.0005371048239427764,0,0,0,3,0,1.0,0.20754716981132076,0.08303312606284188,0.06276698148844116,0.9490425029280956,0.363733903766015,0.0,0.22641509433962262,0.011901828395846156
26,106,100.0,106,0,103,3,0,0.0,0.6277155022481942,0.6246699989944695,0.060174091925017596,0.4927984224835733,0.28883809052965076,0.8741899321583777,8.349056603773585,3.567999827489257,0.22997787974329076,0.004693084148471009,0.00010437460305285201,0.0,0.004693084148471009,-0.007657913178877244,0,0,0,3,0,1.0,0.2169811320754717,0.08347794184987403,0.061237775054596474,0.9537242286423087,0.3642175421901922,0.0,0.22641509433962262,0.01193010094328281
27,106,100.0,106,0,102,4,0,0.0,0.6272081162345723,0.6240730312628885,0.061016666315014206,0.49302891536258314,0.2866235708231163,0.8702934481352396,8.349056603773585,3.567999827489257,0.23207830760845782,0.010465373258997386,7.598854636852584e-05,0.0,0.010465373258997386,-0.004475252394052498,0,0,0,4,0,1.0,0.22641509433962265,0.08467776922984166,0.07142974227218678,0.9406716504573611,0.3647011926041234,0.0,0.18867924528301885,0.011931676005977422
28,106,100.0,106,0,102,4,0,0.0,0.6252532880076381,0.6221929976973172,0.061426171131929566,0.4931975205805665,0.28876208803123415,0.8553912382267854,8.349056603773585,3.567999827489257,0.2307702706224979,0.011586366345363577,8.029331348650023e-05,0.0,0.011586366345363577,-0.005954686987897091,0,0,0,4,0,1.0,0.2169811320754717,0.08426565768193832,0.057870169676927444,0.9448806757704616,0.36455014267009217,0.0,0.18867924528301885,0.011924909781786144
29,106,100.0,106,0,101,5,0,0.0,0.6237630983115986,0.6207187134140839,0.06301315320031296,0.49331802799611696,0.2876929940029922,0.8606360255385151,8.349056603773585,3.567999827489257,0.23285571600368016,0.05047025301879189,9.247094561669714e-05,0.0,0.05047025301879189,-0.0047369793017404405,0,0,0,5,0,0.6,0.2169811320754717,0.08607704007097934,0.04276276839664191,0.9453096431797647,0.3702097625198282,0.0,0.18867924528301885,0.011919608685495423
30,106,100.0,106,0,102,4,0,0.0,0.6257575982621462,0.6226680198640258,0.06638427178975978,0.49348987670790545,0.28897453139113743,0.8527991938935767,8.349056603773585,3.567999827489257,0.23672386106407073,0.06281225765368775,9.228456340037513e-05,0.0,0.06281225765368775,-0.005777999216087418,0,0,0,4,0,0.5,0.2358490566037736,0.08954691323398113,0.055230270198172754,0.9580830266259432,0.37532604896086574,0.0,0.18867924528301885,0.011932646966118237
31,106,100.0,106,0,100,6,0,0.0,0.6236774423183028,0.6206701912566375,0.06723898674725837,0.4935985678409417,0.29047524390028934,0.8643554157850701,8.349056603773585,3.567999827489257,0.2359655734649715,0.04815248880437183,0.00010043693929625544,0.0,0.04815248880437183,-0.006728205518539823,0,0,0,6,0,0.6666666666666666,0.2169811320754717,0.08982353950611796,0.047205872938601574,0.950723148743897,0.37642723088335245,0.0,0.18867924528301885,0.011924185236118635
32,106,100.0,106,0,100,6,0,0.0,0.6202230207242525,0.6172304496744737,0.06512596886921736,0.4936051968955646,0.289559903672873,0.8646556769018711,8.349056603773585,3.567999827489257,0.23330380943302553,0.047829472178573675,9.380177445701846e-05,0.0,0.047829472178573675,-0.006770564275256861,0,0,0,6,0,0.6666666666666666,0.20754716981132076,0.08771716761080428,0.045816923195904656,0.9434361924280641,0.37314689054804095,0.0,0.18867924528301885,0.011907031390477139
33,105,99.05660377358491,106,1,97,8,0,0.009433962264150943,0.6189074471495906,0.6152394019033445,0.06382775659756668,0.4935768648701316,0.29133627766578446,0.8663599339059813,8.349056603773585,3.567999827489257,0.23287537622790677,0.05308258412045264,9.628864408179514e-05,0.0,0.05308258412045264,-0.006077757096201946,0,1,0,8,0,0.6666666666666666,0.16981132075471697,0.08710773590590962,0.056220929664836085,0.9502440152294338,0.373250782832122,0.009433962264150943,0.22641509433962262,0.011899948079294544
34,104,98.11320754716981,106,1,98,7,0,0.009433962264150943,0.6202321862956541,0.6172683005009648,0.06702878609538862,0.4935687632196027,0.2871082370948444,0.8579364097282441,8.349056603773585,3.567999827489257,0.23574313039307437,0.03382946096931623,0.00010974255250577463,0.0,0.03382946096931623,-0.009015738425224091,0,1,0,7,0,0.875,0.18867924528301888,0.08933244168565714,0.04488117416906987,0.9472563889922291,0.3771106421676491,0.009433962264150943,0.22641509433962262,0.011906427241586411
35,104,98.11320754716981,106,0,101,5,0,0.0,0.6222644253384557,0.6191701882983189,0.06874496416915954,0.49363182359966556,0.28277832920281787,0.8536069723703624,8.349056603773585,3.567999827489257,0.23991902041462532,0.007610595838437964,8.831171300962286e-05,0.0,0.007610595838437964,-0.004990125243200844,0,0,0,5,0,1.0,0.2169811320754717,0.09186172052155328,0.05114782989977649,0.9575709704644411,0.3797007418275159,0.0,0.18867924528301883,0.01191771343392635
36,103,97.16981132075472,106,1,101,4,0,0.009433962264150943,0.6217781124082136,0.6181704668180188,0.06873429094598522,0.4936797639576319,0.28586702249641693,0.8532034207012553,8.349056603773585,3.567999827489257,0.24073821403051499,0.020893681897477395,7.922002636726647e-05,0.0,0.020893681897477395,-0.0034649371442608155,0,1,0,4,0,0.8,0.2169811320754717,0.09236331440016714,0.069131920504349,0.9398875283401348,0.3752252524655251,0.009433962264150943,0.2452830188679245,0.011916137125219908
37,103,97.16981132075472,106,0,103,3,0,0.0,0.6217211762986767,0.6180678048538572,0.06839485869635355,0.49370739740003605,0.2878116821976419,0.8567378993681841,8.349056603773585,3.567999827489257,0.23949620134605754,0.03186232942990726,7.431901501290805e-05,0.0,0.03186232942990726,-0.0052178968635632665,0,0,0,3,0,0.6666666666666666,0.2169811320754717,0.0919563558700643,0.07423219222472685,0.9397222663301199,0.373567341705071,0.0,0.2075471698113207,0.011916345425260877
38,104,98.11320754716981,106,0,101,5,0,0.0,0.6181894193587377,0.6146371799831161,0.06702145987772443,0.4936361211296869,0.2885527704524268,0.8487262074353469,8.349056603773585,3.567999827489257,0.23948813915386769,0.05500712336581054,0.00010194074165696885,0.0,0.05500712336581054,-0.008887663688278424,0,0,0,5,0,0.6,0.20754716981132076,0.09143325506545347,0.07263636037499159,0.9161683701853154,0.3741135926756595,0.0,0.20754716981132074,0.011897415071959634
39,105,99.05660377358491,106,0,103,3,0,0.0,0.6183641234807299,0.6149020280790972,0.06805495134079932,0.49357494782022715,0.28668807926090806,0.8519991981242636,8.349056603773585,3.567999827489257,0.24032086405974118,0.008497174779455937,9.27046286025463e-05,0.0,0.008497174779455937,-0.008235380267085488,0,0,0,3,0,1.0,0.19811320754716982,0.09229316166454543,0.07790039567301157,0.9367920377540987,0.37513374733775606,0.0,0.2452830188679245,0.011897197260781598
40,105,99.05660377358491,106,0,103,3,0,0.0,0.6211969488914353,0.617676970983276,0.06695964607701167,0.4935951651407706,0.28229828579394,0.840103431938711,8.349056603773585,3.567999827489257,0.23978568726490757,0.010597540080841364,7.108516847433041e-05,0.0,0.010597540080841364,-0.007411214662656577,0,0,0,3,0,1.0,0.19811320754716982,0.09121270097429338,0.08257604995731295,0.9348162358761474,0.37263590537016483,0.0,0.20754716981132074,0.01191172206481618
41,105,99.05660377358491,106,1,101,4,0,0.009433962264150943,0.6211879316087459,0.6176785432054184,0.06923934230062248,0.4936127956859332,0.28158545523445605,0.8533362979316401,8.349056603773585,3.567999827489257,0.24272539932088355,0.09095887246042464,8.58633767786552e-05,0.0,0.09095887246042464,-0.007526134834418957,0,1,0,4,0,0.4,0.18867924528301888,0.09348790736886178,0.09160815829669491,0.9318061476031341,0.3752320717685988,0.009433962264150943,0.2075471698113207,0.011911991507313226
42,105,99.05660377358491,106,0,103,3,0,0.0,0.6215191182778286,0.6179376074312475,0.06908495996216683,0.49363910220110474,0.28500788949219097,0.8626586348790501,8.349056603773585,3.567999827489257,0.24204977997158528,0.05716054276236696,9.240676979442723e-05,0.0,0.05716054276236696,-0.009264356244128144,0,0,0,3,0,0.6666666666666666,0.19811320754716982,0.09284995886598091,0.09703486380398486,0.9353341281458358,0.3748118141518207,0.0,0.2452830188679245,0.01191411674886661
43,105,99.05660377358491,106,0,104,2,0,0.0,0.6199896789151517,0.6163876250987427,0.06874111766663606,0.49362022740630046,0.2885263546335138,0.8650441978021667,8.349056603773585,3.567999827489257,0.24015166902030938,0.015859803449970015,8.188393013540145e-05,0.0,0.015859803449970015,-0.0014480695146555783,0,0,0,2,0,1.0,0.1792452830188679,0.09192364024758903,0.10098986291684729,0.9171073509989762,0.37251921281012246,0.0,0.24528301886792447,0.0119061328257302
44,105,99.05660377358491,106,0,104,2,0,0.0,0.6188405251165862,0.6152597363386617,0.0689027773482196,0.49356983160893103,0.28657916384627014,0.8683058212424066,8.349056603773585,3.567999827489257,0.24086204764106234,0.01264184699614229,0.00010367990515635691,0.0,0.01264184699614229,-0.009248792809389506,0,0,0,2,0,1.0,0.19811320754716982,0.09243033289197956,0.101863268084912,0.9069728571866971,0.37322596132745905,0.0,0.2075471698113207,0.01189948799575577
45,105,99.05660377358491,106,0,104,2,0,0.0,0.6220476161287708,0.6183953920204532,0.06734041411229819,0.4936107380849784,0.2879013979881184,0.8689252292320238,8.349056603773585,3.567999827489257,0.2392661517126291,0.01549321031006607,7.470596507151452e-05,0.0,0.01549321031006607,-0.003985009907657613,0,0,0,2,0,1.0,0.2169811320754717,0.09034451955043148,0.09980377395430635,0.9074873879995249,0.36902478039015296,0.0,0.2075471698113207,0.011916253222314092
46,106,100.0,106,0,102,4,0,0.0,0.6204503243143309,0.6168076924279408,0.06787605448045357,0.49360486572305345,0.28839369584280583,0.8740848082073303,8.349056603773585,3.567999827489257,0.24099972803309488,0.008463671122001186,8.601919108783068e-05,0.0,0.008463671122001186,-0.002255595946501661,0,0,0,4,0,1.0,0.2169811320754717,0.09163564912127183,0.0933440197685382,0.9365397477652941,0.37338206938880464,0.0,0.2075471698113207,0.011908162000310217
47,106,100.0,106,0,104,2,0,0.0,0.6239988509208011,0.620420351032339,0.07162422807687509,0.49370232260921,0.2887335663781333,0.8718254959873353,8.349056603773585,3.567999827489257,0.244676054814708,0.000621296826022652,7.147391455417902e-05,0.0,0.000621296826022652,-0.006564506243556825,0,0,0,2,0,1.0,0.22641509433962265,0.09476372132029803,0.08327819438676397,0.9213038372020923,0.3796925115938735,0.0,0.20754716981132074,0.01192764326410754
48,106,100.0,106,0,104,2,0,0.0,0.6284010530198835,0.6247161383176619,0.07336763575804622,0.4939189211801804,0.2868628277317682,0.867149116305033,8.349056603773585,3.567999827489257,0.24536244588246636,0.000382498300090315,6.665188032705914e-05,0.0,0.000382498300090315,-0.008634477023685513,0,0,0,2,0,1.0,0.20754716981132076,0.09549151540424619,0.09026220529349303,0.9246530166791931,0.38079625896737684,0.0,0.20754716981132074,0.011953518392922236
49,106,100.0,106,0,104,2,0,0.0,0.6306219807353436,0.6266791148138574,0.07611002646348253,0.4941838227129104,0.2858425752572779,0.8613994120721697,8.349056603773585,3.567999827489257,0.24628732580357826,0.01302723979810278,0.00011290275647790077,0.0,0.01302723979810278,-0.011767506403178862,0,0,0,2,0,1.0,0.20754716981132076,0.09757453660567846,0.09739573786987044,0.92697728017649,0.3810871060582348,0.0,0.2452830188679245,0.011969348874614948
50,106,100.0,106,0,104,2,0,0.0,0.6378786531239106,0.6338687950305284,0.08050092739726526,0.4946444947815919,0.2794983001133722,0.8540523980521503,8.349056603773585,3.567999827489257,0.2500528688371384,0.013404081000134252,6.884342532745493e-05,0.0,0.013404081000134252,-0.00584804228617615,0,0,0,2,0,1.0,0.19811320754716982,0.10070794063398085,0.10076153247876946,0.9137573609886824,0.38735622441383777,0.0,0.16981132075471694,0.012013850625865706
51,105,99.05660377358491,106,1,102,3,0,0.009433962264150943,0.6361786735522378,0.633318670316565,0.07940481740302009,0.4950370488528737,0.2809921716707786,0.856555464716012,8.349056603773585,3.567999827489257,0.2511892176580268,0.08263703113888528,0.00010964834622412723,0.0,0.08263703113888528,-0.0032839097692696703,0,1,0,3,0,0.75,0.19811320754716982,0.1006959465697341,0.12367909032608569,0.9438998660961728,0.3841025330642421,0.009433962264150943,0.22641509433962262,0.01201235389230041
52,105,99.05660377358491,106,0,103,3,0,0.0,0.6355946843166692,0.6327234755907797,0.08106164320104128,0.49543458581784566,0.28048358833327014,0.849536150890518,8.349056603773585,3.567999827489257,0.2511471498540101,0.010337946790355192,9.458711928982198e-05,0.0,0.010337946790355192,-0.006359570405582308,0,0,0,3,0,1.0,0.20754716981132076,0.10140031711378696,0.12332324364302796,0.9387000601166721,0.3841036389516061,0.0,0.22641509433962262,0.01201652600523477
53,105,99.05660377358491,106,0,102,4,0,0.0,0.628885594796207,0.6261307739848777,0.07461689060841524,0.4956297565990529,0.28911161782388156,0.8637963811588296,8.349056603773585,3.567999827489257,0.24232129042909123,0.028938347053506966,0.00011936829214666625,0.0,0.028938347053506966,-0.010202942248051725,0,0,0,4,0,0.75,0.1792452830188679,0.0953381296995692,0.11391716308819685,0.9321450806518178,0.3728645437914298,0.0,0.22641509433962262,0.011986462404200851
54,105,99.05660377358491,106,0,102,4,0,0.0,0.6271758524972503,0.6245527133035632,0.0714666125156482,0.4957729195252137,0.29394519626106375,0.8769469534122378,8.349056603773585,3.567999827489257,0.2374356149300747,0.057005626691451636,0.00015218083970930193,0.0,0.057005626691451636,-0.008064343909691074,0,0,0,4,0,0.75,0.18867924528301888,0.09185274773044601,0.11505332636222017,0.9394660749879805,0.3666957492257477,0.0,0.22641509433962262,0.01198046771918529
55,104,98.11320754716981,106,2,100,4,0,0.018867924528301886,0.6284027411840435,0.6248559591134195,0.07029575114031653,0.4959481403784186,0.29239666888634686,0.8691231197693036,8.349056603773585,3.567999827489257,0.23841699544203943,0.10031906188877548,0.0001494170788408069,0.0,0.10031906188877548,-0.006045705960146923,0,2,0,4,0,0.5,0.19811320754716982,0.09176843402480044,0.1137206196217372,0.9183815040407577,0.3693131842969115,0.018867924528301886,0.22641509433962262,0.011989728102489295
56,104,98.11320754716981,106,0,105,1,0,0.0,0.6319295541725453,0.6283117022432624,0.07446164243522695,0.496187239946988,0.28403812831368647,0.8450853559879309,8.349056603773585,3.567999827489257,0.24447744861985554,0.0010312509255901094,0.00010146235429231556,0.0,0.0010312509255901094,-0.012799315228462171,0,0,0,1,0,1.0,0.19811320754716982,0.09607680380989136,0.11812136871186327,0.9092126390550449,0.37791871762415524,0.0,0.1509433962264151,0.012011627703528845
57,104,98.11320754716981,106,0,105,1,0,0.0,0.6321734184720862,0.6286906872455696,0.07482447137784824,0.4964286261907461,0.28251497106897816,0.8461874778984416,8.349056603773585,3.567999827489257,0.24622718475637995,0.0005646260799461612,0.00011614877207001588,0.0,0.0005646260799461612,-0.01241008268167143,0,0,0,1,0,1.0,0.19811320754716982,0.09696521520906946,0.1108168131189048,0.9184042771567547,0.38015495560816476,0.0,0.18867924528301885,0.012017153355406986
58,104,98.11320754716981,106,0,105,1,0,0.0,0.6367444869866133,0.6331403751673463,0.07717302791549357,0.4967884116596416,0.28287669939494514,0.8390888411775675,8.349056603773585,3.567999827489257,0.24681469418136803,0.0004882090067866837,7.71042735922503e-05,0.0,0.0004882090067866837,-0.009209265377079667,0,0,0,1,0,1.0,0.18867924528301888,0.09825928661921467,0.12521723116292402,0.9481633955034485,0.3804005565289421,0.0,0.18867924528301885,0.012046427270434383
59,104,98.11320754716981,106,0,105,1,0,0.0,0.6379474807282904,0.6344522796310126,0.07893778361523171,0.49717280698282784,0.2827099845479471,0.8474504292244595,8.349056603773585,3.567999827489257,0.2483181004563313,0.0007389848735643609,9.551527167628234e-05,0.0,0.0007389848735643609,-0.011517364426023191,0,0,0,1,0,1.0,0.1792452830188679,0.09937651514550311,0.12427002661572367,0.9003954815248767,0.38444662257941853,0.0,0.22641509433962262,0.012059299851376848
60,106,100.0,106,0,105,1,0,0.0,0.6358554485276595,0.632310623369336,0.08204291024635274,0.4974823556481685,0.283086497538305,0.8518708412909977,8.349056603773585,3.567999827489257,0.2504134286913864,0.00041151868654596476,4.9909172883038336e-05,0.0,0.00041151868654596476,-0.009699232863588564,0,0,0,1,0,1.0,0.20754716981132076,0.10183057020567851,0.11972959972449342,0.8993871914087039,0.38680848210292373,0.0,0.22641509433962262,0.01205436203829637
61,106,100.0,106,0,104,2,0,0.0,0.6440643780308483,0.6404181826847714,0.08690164769598638,0.49801228177957424,0.27946921107777367,0.8341889361106213,8.349056603773585,3.567999827489257,0.25279036834972635,0.03478081648525132,9.228460181971123e-05,0.0,0.03478081648525132,-0.014319932138740332,0,0,0,2,0,0.5,0.19811320754716982,0.10443483940820536,0.11588167151342496,0.9244325781438372,0.38893499501458534,0.0,0.26415094339622636,0.012104860567539504
62,106,100.0,106,0,103,3,0,0.0,0.6468859273883633,0.6431347355416459,0.08790185424755659,0.4986008414285233,0.27968091945143286,0.8256198187535498,8.349056603773585,3.567999827489257,0.2530500874424668,0.025147608934748492,0.00010051051297571029,0.0,0.025147608934748492,-0.013250251351358378,0,0,0,3,0,0.6666666666666666,0.2169811320754717,0.10494145922636547,0.11642030049541965,0.9300033767466557,0.3871910953936967,0.0,0.22641509433962262,0.012129468217956664
63,106,100.0,106,0,104,2,0,0.0,0.6437780209584166,0.6402089777967115,0.08448663219353764,0.49908488844517945,0.2854212642317687,0.8494889737385043,8.349056603773585,3.567999827489257,0.24710005243376854,0.0030788836413863786,9.837474592257572e-05,0.0,0.0030788836413863786,-0.011122740472389592,0,0,0,2,0,1.0,0.18867924528301888,0.10101252337588336,0.10839142264413044,0.934472030246751,0.38092429832977415,0.0,0.18867924528301885,0.01212256408416656
64,106,100.0,106,0,104,2,0,0.0,0.6407385660859489,0.6372150451920968,0.08193877780859724,0.4994662058569822,0.29015468920785725,0.8597877777860019,8.349056603773585,3.567999827489257,0.24303164397037214,0.0029008931320914726,9.269665757926577e-05,0.0,0.0029008931320914726,-0.008457167148742756,0,0,0,2,0,1.0,0.16981132075471697,0.09840859360449893,0.10194105327235653,0.9437711870306449,0.37508052195192854,0.0,0.18867924528301883,0.012114169512101876
65,106,100.0,106,0,104,2,0,0.0,0.6395080424111566,0.6361835603499331,0.08107965633184099,0.49980447516227855,0.29415809873032167,0.8704168827312981,8.349056603773585,3.567999827489257,0.24034310653410174,0.0029634895434117845,7.706364296498636e-05,0.0,0.0029634895434117845,-0.004443482098249213,0,0,0,2,0,1.0,0.1792452830188679,0.09692021484680571,0.09883073098025504,0.931616454975315,0.37066826752324644,0.0,0.18867924528301883,0.012114051617842627
66,106,100.0,106,0,102,4,0,0.0,0.6408831925625136,0.6375386160784171,0.08611287815957919,0.500169353728189,0.29227297597943785,0.8724539496084984,8.349056603773585,3.567999827489257,0.24389099291661998,0.04858863942039454,0.00011360197968350999,0.0,0.04858863942039454,-0.007350781415860333,0,0,0,4,0,0.75,0.16981132075471697,0.10104788006157359,0.10494999194059629,0.9568853059256276,0.37762725031584116,0.0,0.2264150943396226,0.012127436801900527
67,106,100.0,106,0,104,2,0,0.0,0.6435808230744201,0.6402805564517167,0.08805985479635524,0.5005994793697288,0.28463979760028824,0.8571691858696349,8.349056603773585,3.567999827489257,0.24648968904418322,0.002831512412025885,8.435630054874975e-05,0.0,0.002831512412025885,-0.006832359538574334,0,0,0,2,0,1.0,0.1792452830188679,0.10268711427782205,0.08783313413822273,0.9436197233454959,0.38335959220023785,0.0,0.2264150943396226,0.012148598395534123
68,106,100.0,106,0,104,2,0,0.0,0.6421371987363997,0.6387142586223419,0.08925734320148203,0.5009695497260404,0.28465212461510986,0.8604714580482098,8.349056603773585,3.567999827489257,0.24725227920793746,0.0023040112077311976,9.384349825409577e-05,0.0,0.0023040112077311976,-0.012286880681923795,0,0,0,2,0,1.0,0.1792452830188679,0.10381760806473748,0.08275097103271933,0.9416964820601909,0.38493075621337014,0.0,0.18867924528301883,0.012147982328681414
69,106,100.0,106,0,104,2,0,0.0,0.6411192599431065,0.6376585641065566,0.09025226731790922,0.5012962822298754,0.27994908868277174,0.858424126916438,8.349056603773585,3.567999827489257,0.24782935695524055,0.003435879992179547,8.055840173199635e-05,0.0,0.003435879992179547,-0.009261292892151302,0,0,0,2,0,1.0,0.19811320754716982,0.10440381936007026,0.07871911011423906,0.9500710667242044,0.38734172214775503,0.0,0.15094339622641506,0.012148721542301542
70,106,100.0,106,0,104,2,0,0.0,0.6478270262961198,0.6442040900099282,0.1025793406936532,0.5017981924008897,0.2732135698979294,0.8499448388541687,8.349056603773585,3.567999827489257,0.25163346027442945,0.03861882865183648,9.255830840968314e-05,0.0,0.03861882865183648,-0.004960606336590123,0,0,0,2,0,0.5,0.18867924528301888,0.11149642609808118,0.061686497384322615,0.9620033375949497,0.3970860492383827,0.0,0.18867924528301883,0.012191214451084578
71,106,100.0,106,0,103,3,0,0.0,0.6542314651184175,0.6505124698345742,0.10297098192276403,0.5024622608028767,0.2746421087774837,0.8400557290181045,8.349056603773585,3.567999827489257,0.24962425267503163,0.002771658302363605,7.298955072618581e-05,0.0,0.002771658302363605,-0.007886973838700498,0,0,0,3,0,1.0,0.19811320754716982,0.11014784721879219,0.07325034901723053,0.9635783971421155,0.3927953291999951,0.0,0.15094339622641506,0.012235083624914718
72,106,100.0,106,0,102,4,0,0.0,0.6547575713497056,0.6511336160953186,0.09691564999767438,0.503120365243436,0.27919619359672804,0.840907212439704,8.349056603773585,3.567999827489257,0.24880490453861048,0.020530677950414713,9.426480455773785e-05,0.0,0.020530677950414713,-0.008851521119340386,0,0,0,4,0,0.75,0.19811320754716982,0.10651155069614274,0.08086300141186825,0.9628560484025099,0.3923115203655654,0.0,0.2264150943396226,0.012249454738723086
73,106,100.0,106,0,101,5,0,0.0,0.652866095422341,0.6491283409526155,0.09694313663933621,0.5036977499477854,0.28342568704765625,0.8405302072462172,8.349056603773585,3.567999827489257,0.2476975329690081,0.04034811118365349,9.737987220662227e-05,0.0,0.04034811118365349,-0.00729986500914166,0,0,0,5,0,0.8,0.18867924528301888,0.1062877882314495,0.07371828699473668,0.9549293386018178,0.3906299603403595,0.0,0.18867924528301883,0.01225029790171383
74,106,100.0,106,0,102,4,0,0.0,0.6540389732859399,0.6504424190933951,0.09419345836405642,0.5042920426115165,0.2854338014467753,0.8468488522711906,8.349056603773585,3.567999827489257,0.24554303459682303,0.05087280931086871,0.00010352301678293662,0.0,0.05087280931086871,-0.006172023351315517,0,0,0,4,0,0.75,0.18867924528301888,0.10366224514138286,0.08296059950443457,0.9642140089087259,0.3873113025926405,0.0,0.18867924528301883,0.01226676447164018
75,106,100.0,106,0,103,3,0,0.0,0.656169712312047,0.6524909409346346,0.09341382932212547,0.5049236039186402,0.28105819889235684,0.8357941467777871,8.349056603773585,3.567999827489257,0.24730309118166427,0.06611740383124605,0.00010808642494693399,0.0,0.06611740383124605,-0.008476041923569247,0,0,0,3,0,0.6666666666666666,0.1792452830188679,0.1036503844351849,0.08300874313810502,0.9555973642922184,0.38779197551947525,0.0,0.18867924528301883,0.012288685219945047
76,106,100.0,106,0,103,3,0,0.0,0.6553127536399612,0.6515179267135912,0.09523097870674786,0.5055048574028326,0.2836979289210768,0.8455404963175739,8.349056603773585,3.567999827489257,0.2484859207604626,0.0033133777770433825,8.607690807443252e-05,0.0,0.0033133777770433825,-0.004216496055872894,0,0,0,3,0,1.0,0.20754716981132076,0.10551462116057392,0.09226123106221569,0.9527601823815055,0.38782800536530876,0.0,0.18867924528301885,0.012294769988241246
77,106,100.0,106,0,104,2,0,0.0,0.6547875013043668,0.6507669216279194,0.09928754123464083,0.5060439350755828,0.2802385083934391,0.841559848242763,8.349056603773585,3.567999827489257,0.25165256947992165,0.004462251372402633,8.766260348475235e-05,0.0,0.004462251372402633,-0.010874046595581999,0,0,0,2,0,1.0,0.16981132075471697,0.10915093155097466,0.10731085627565501,0.9569741400595411,0.3908981241634257,0.0,0.18867924528301883,0.012301760871780155
78,106,100.0,106,0,103,3,0,0.0,0.6580530033273565,0.6541468778521482,0.09746615846930598,0.506660255923699,0.27681865084086055,0.8287792189420566,8.349056603773585,3.567999827489257,0.2528520258478635,0.0054014983243086305,6.745592948588141e-05,0.0,0.0054014983243086305,-0.0019453170996845681,0,0,0,3,0,1.0,0.18867924528301888,0.10802595930273436,0.11010527007665717,0.9486904037889555,0.3920079725436322,0.0,0.18867924528301883,0.012329083545293888
79,106,100.0,106,0,105,1,0,0.0,0.6645927201142763,0.6609211263530115,0.09854968939024557,0.5074479505848771,0.27140796463255185,0.8035986320140399,8.349056603773585,3.567999827489257,0.2530524582752356,0.007801552309452271,6.681401911663143e-05,0.0,0.007801552309452271,0.0008456767340855598,0,0,0,1,0,1.0,0.18867924528301888,0.10740163979762914,0.1074985448434898,0.9535794655522032,0.3928765859790518,0.0,0.18867924528301883,0.012375834601304474
80,106,100.0,106,0,103,3,0,0.0,0.6716434266969251,0.667814624356652,0.10398405935272696,0.5084043082994057,0.2653455616299258,0.7888356350698669,8.349056603773585,3.567999827489257,0.2558540248385628,0.005165528730486788,6.638117122572742e-05,0.0,0.005165528730486788,0.0047476872768003235,0,0,0,3,0,1.0,0.16037735849056603,0.1103959616433565,0.12397900938239974,0.9334165258282185,0.3965154495790439,0.0,0.18867924528301883,0.01242814955502
81,106,100.0,106,0,104,2,0,0.0,0.6754602285728458,0.6713727903825063,0.10515553287895894,0.509428107458461,0.2604683035820441,0.7835970236654783,8.349056603773585,3.567999827489257,0.25655607220343213,0.003981160108584415,7.086698798247922e-05,0.0,0.003981160108584415,0.0030004807432098685,0,0,0,2,0,1.0,0.14150943396226415,0.11106290309707487,0.14893175724645066,0.9475647404824453,0.39445094635238276,0.0,0.22641509433962262,0.012465498140514068
82,106,100.0,106,0,103,3,0,0.0,0.6697464888869517,0.6658161997670673,0.09998157578333433,0.5102567701504289,0.26913074615823823,0.7918546775490228,8.349056603773585,3.567999827489257,0.2539657185512758,0.0068228106564989,5.93343191904578e-05,0.0,0.0068228106564989,0.009398409963113854,0,0,0,3,0,1.0,0.16981132075471697,0.10845737130665331,0.14704542300696585,0.9519310897563497,0.39074744611962275,0.0,0.18867924528301885,0.012451712783794538
83,106,100.0,106,0,102,4,0,0.0,0.67579628001353,0.6721086657230106,0.10210301865736039,0.5112354782985392,0.27024517679776316,0.8011518191010363,8.349056603773585,3.567999827489257,0.2517794842935024,0.005420875468658869,6.178616429923698e-05,0.0,0.005420875468658869,0.004254277332669865,0,0,0,4,0,1.0,0.16981132075471697,0.10743948409835313,0.13780925651482456,0.9480166844716056,0.3898039942801115,0.0,0.22641509433962262,0.01249942189194553
84,106,100.0,106,0,103,3,0,0.0,0.6775205368863122,0.6733870422553195,0.1043559622025651,0.5122157561195874,0.2701401191088913,0.7969909568220478,8.349056603773585,3.567999827489257,0.25471553739806563,0.0038614423839125646,5.235830823854034e-05,0.0,0.0038614423839125646,0.004784695778771386,0,0,0,3,0,1.0,0.16981132075471697,0.10989386838377661,0.14703617472811803,0.9280065860803532,0.3899633481360702,0.0,0.26415094339622636,0.012525531331791396
85,106,100.0,106,0,103,3,0,0.0,0.6758151816170469,0.6715218541481659,0.10578600899740838,0.5131078177029151,0.2794722585793777,0.8166360925459846,8.349056603773585,3.567999827489257,0.2548409287678104,0.0033512569899107666,6.7869317041577e-05,0.0,0.0033512569899107666,0.004146582864417224,0,0,0,3,0,1.0,0.16981132075471697,0.11099319108593361,0.1593977366404592,0.9510174418304762,0.3880827789393556,0.0,0.18867924528301885,0.012532918933322186
86,106,100.0,106,0,103,3,0,0.0,0.6792305959653674,0.6750044883875133,0.10816931704617225,0.5140674588374101,0.2718889025049067,0.8022746723782679,8.349056603773585,3.567999827489257,0.2562166642554715,0.07074241213689864,8.552359757756736e-05,0.0,0.07074241213689864,0.0016925130664419048,0,0,0,3,0,0.6666666666666666,0.16981132075471697,0.11206542323516507,0.1477290067536835,0.9482769294093745,0.394440058831327,0.0,0.18867924528301885,0.012567116002075438
87,106,100.0,106,0,103,3,0,0.0,0.6832868777210924,0.6792854170257107,0.1135337948538278,0.5151150547990225,0.27246300710496985,0.7939930009877331,8.349056603773585,3.567999827489257,0.25851619102371304,0.07071056388959876,0.00010856702914681485,0.0,0.07071056388959876,-0.0038192412426823106,0,0,0,3,0,0.6666666666666666,0.16981132075471697,0.11447417368267002,0.13985753326983233,0.9412413252082787,0.4014305784668804,0.0,0.26415094339622636,0.012606086521905622
88,106,100.0,106,0,101,5,0,0.0,0.6843264945316139,0.6800625985931702,0.11371774962682729,0.5161474564081209,0.26757244294699484,0.7842655950161894,8.349056603773585,3.567999827489257,0.26252921715041144,0.11655391668641528,0.00010793902173911756,0.0,0.11655391668641528,0.0022324837312012015,0,0,0,5,0,0.4,0.1792452830188679,0.11603933577311772,0.13896192447236372,0.9343802479117005,0.40540287467634273,0.0,0.26415094339622636,0.01262970264977404
89,105,99.05660377358491,106,1,102,3,0,0.009433962264150943,0.6806508344629577,0.6764178549278174,0.10819615213953353,0.5170417397551466,0.2682877485679326,0.7861243445760018,8.349056603773585,3.567999827489257,0.2603921478848086,0.05251380293675729,9.24259042425135e-05,0.0,0.05251380293675729,-0.0036331015007426276,0,1,0,3,0,0.75,0.1792452830188679,0.11294635284706006,0.12355090591044601,0.9381342725133153,0.4083975946603179,0.009433962264150943,0.26415094339622636,0.01262727836357033
90,105,99.05660377358491,106,0,104,2,0,0.0,0.6854408288681417,0.6812650593277693,0.11511583261635139,0.518039720285883,0.2649081772615886,0.7839969243464567,8.349056603773585,3.567999827489257,0.26390471194493914,0.010352051069627463,7.22266390269148e-05,0.0,0.010352051069627463,-0.001397632492564943,0,0,0,2,0,1.0,0.1792452830188679,0.11686364583949538,0.11201833320428874,0.9353981543273592,0.4181650353981188,0.0,0.26415094339622636,0.012669032307403776
91,105,99.05660377358491,106,0,104,2,0,0.0,0.6870637261500345,0.6826993895527802,0.11667794826819593,0.5190430343929675,0.26592756890679,0.7874167870797656,8.349056603773585,3.567999827489257,0.2625889437447062,0.027943582692814096,7.313888152491714e-05,0.0,0.027943582692814096,0.004557380945412998,0,0,0,2,0,0.5,0.16981132075471697,0.11693121040112632,0.11299057264829654,0.9391392861137182,0.41328238905005327,0.0,0.3018867924528301,0.012695045916618216
92,105,99.05660377358491,106,0,105,1,0,0.0,0.6852638205965191,0.6810215935935413,0.11008104793023592,0.5199626592488972,0.2689881459435517,0.799409588864505,8.349056603773585,3.567999827489257,0.25915604374619505,0.052283670651609535,7.756164604684216e-05,0.0,0.052283670651609535,0.004441554314518897,0,0,0,1,0,0.0,0.16037735849056603,0.11258646836162269,0.11447934063995907,0.9447687209961106,0.40791224727031855,0.0,0.26415094339622636,0.012702452495487198
93,105,99.05660377358491,106,0,104,2,0,0.0,0.6874065126834108,0.6832514481032443,0.10941670752926962,0.5209131208556013,0.2694591783516931,0.800146375324792,8.349056603773585,3.567999827489257,0.25724629732141735,0.03085304432275885,9.209779073582337e-05,0.0,0.03085304432275885,0.002077067835432961,0,0,0,2,0,0.5,0.16037735849056603,0.1110655911484993,0.1111880328206135,0.9321256149896636,0.4059739242256057,0.0,0.18867924528301883,0.012730122190165434
94,105,99.05660377358491,106,1,102,3,0,0.009433962264150943,0.6917979874443486,0.687574708761473,0.10840957701683034,0.5219570979816675,0.2747329225319021,0.8109482478217347,8.349056603773585,3.567999827489257,0.25629204856965715,0.0901438746444632,0.00012328555326447132,0.0,0.0901438746444632,-0.0021553544852050827,0,1,0,3,0,0.5,0.16037735849056603,0.10939685651955149,0.11703356265445633,0.9370278649463941,0.40201342768373355,0.009433962264150943,0.26415094339622636,0.012770704114998657
95,105,99.05660377358491,106,0,103,3,0,0.0,0.6866238010298874,0.6825197939393526,0.10582348914566793,0.5228155136823824,0.2801869832652798,0.8160624140530942,8.349056603773585,3.567999827489257,0.2552117088033443,0.028291967621488067,7.615843901469115e-05,0.0,0.028291967621488067,0.001414734991767715,0,0,0,3,0,0.6666666666666666,0.16037735849056603,0.10867230591315413,0.11299368691587751,0.9556595151575864,0.40045947872728016,0.0,0.22641509433962262,0.012760147318286676
96,105,99.05660377358491,106,0,105,1,0,0.0,0.6898188368293299,0.6858603993110759,0.10585433833556505,0.5237386553474971,0.27543942410735195,0.8109676612300091,8.349056603773585,3.567999827489257,0.2556141139254944,0.05231307032081056,7.804343744640497e-05,0.0,0.05231307032081056,0.00529627472356789,0,0,0,1,0,0.0,0.16981132075471697,0.10819007204213883,0.10167816590421487,0.9557505875524986,0.40405236117892723,0.0,0.22641509433962262,0.012792591343793274
97,105,99.05660377358491,106,0,104,2,0,0.0,0.685485372095892,0.6817101142109039,0.10238462296396776,0.5245103935874214,0.2831168016331508,0.8174169465908179,8.349056603773585,3.567999827489257,0.2535825478414364,0.009057762502871896,7.311891556758315e-05,0.0,0.009057762502871896,-0.002157681607916115,0,0,0,2,0,1.0,0.16981132075471697,0.10598829527827054,0.09243792336984824,0.9526296885761015,0.40316491039120483,0.0,0.22641509433962262,0.012784691829660667
98,105,99.05660377358491,106,0,103,3,0,0.0,0.6868087981692597,0.6829104269045909,0.10716027413885942,0.5252888579321485,0.2813991176417028,0.8072141114275755,8.349056603773585,3.567999827489257,0.2580725051059216,0.008051256042952763,7.986702069560533e-05,0.0,0.008051256042952763,-0.011203839609662295,0,0,0,3,0,1.0,0.1792452830188679,0.10989043128944147,0.09677527050243763,0.948314068155569,0.409194679402479,0.0,0.26415094339622636,0.012805196763265973
99,106,100.0,106,0,99,7,0,0.0,0.6889013214757002,0.684740140140955,0.10980148414620872,0.5260917740024923,0.2761243407946259,0.8059768231809334,8.349056603773585,3.567999827489257,0.26184424360491865,0.009610409293053599,7.170347650802553e-05,0.0,0.009610409293053599,-0.0026906089791365407,0,0,0,7,0,1.0,0.18867924528301888,0.11288711966922987,0.11221142322910897,0.955494245549901,0.41184871712075055,0.0,0.22641509433962262,0.01282998340180055
100,106,100.0,106,0,101,5,0,0.0,0.6867268155913049,0.6825290275662047,0.11037618685117075,0.5268029280345492,0.2747419254663896,0.8075367799557437,8.349056603773585,3.567999827489257,0.262117664491923,0.011084254769560285,6.955052973348595e-05,0.0,0.011084254769560285,-0.002131253757370438,0,0,0,5,0,1.0,0.1792452830188679,0.11346296203440147,0.11580723021092494,0.9499617925389878,0.41124783470635173,0.0,0.2264150943396226,0.01283179785969706
101,106,100.0,106,0,100,6,0,0.0,0.6809049970729776,0.6768058572864619,0.10926866751965289,0.5273253459274028,0.27097329483189225,0.780345386641326,8.349056603773585,3.567999827489257,0.2652930484966014,0.026721387753668335,7.239834844900208e-05,0.0,0.026721387753668335,-0.004513940887038252,0,0,0,6,0,0.8333333333333334,0.18867924528301888,0.11472054417432985,0.11172476335505248,0.9512416429965127,0.4156919544462281,0.0,0.22641509433962262,0.012812008701863317
102,106,100.0,106,0,99,7,0,0.0,0.6867153546255055,0.6826857686826259,0.11322084039797653,0.5279969601335177,0.2657731795388865,0.7806487670599662,8.349056603773585,3.567999827489257,0.26775685931102866,0.04284796882504793,7.97984039482982e-05,0.0,0.04284796882504793,0.0004617390981201714,0,0,0,7,0,0.5714285714285714,0.18867924528301888,0.11675777842139941,0.09782120141963348,0.9524956695536356,0.4203495325078445,0.0,0.2264150943396226,0.012853042086483744
103,106,100.0,106,0,101,5,0,0.0,0.6939419073464889,0.6896566424481243,0.1148052574893725,0.5288435877570591,0.2641272920514108,0.782279524640173,8.349056603773585,3.567999827489257,0.2684026766128027,0.007016334748835078,6.78559581735069e-05,0.0,0.007016334748835078,0.0027864907845487953,0,0,0,5,0,1.0,0.1792452830188679,0.11695583821481834,0.10040647015219922,0.9549640873939607,0.41670648708579,0.0,0.18867924528301883,0.012904278686162379
104,106,100.0,106,0,100,6,0,0.0,0.6882977658094769,0.6842506316804654,0.11646832215163824,0.5295056985445618,0.2625247608247359,0.774319698258157,8.349056603773585,3.567999827489257,0.2717258810843952,0.014772408414388224,7.50426318998306e-05,0.0,0.014772408414388224,0.002841181529612491,0,0,0,6,0,1.0,0.20754716981132076,0.12004049221079202,0.08365417120003442,0.9619153081256224,0.42484165282203756,0.0,0.15094339622641506,0.01288787003435526
105,106,100.0,106,0,103,3,0,0.0,0.6913159558223426,0.6873057312405502,0.12030360955930451,0.5302313899779353,0.25880209147468125,0.7611091986515743,8.349056603773585,3.567999827489257,0.2733063551048389,0.026118257948533424,7.908226171620025e-05,0.0,0.026118257948533424,7.956020142937023e-06,0,0,0,3,0,0.6666666666666666,0.2358490566037736,0.12182162115544388,0.07275859447429846,0.9423873026964396,0.4291943826602884,0.0,0.15094339622641506,0.012915907318965025
106,105,99.05660377358491,106,1,102,3,0,0.009433962264150943,0.6922228851535881,0.6891454265430427,0.11777131162564579,0.5309604884326076,0.2644323206726506,0.7810227185292479,8.349056603773585,3.567999827489257,0.2703148340129382,0.021308187639601944,7.684640001408749e-05,0.0,0.021308187639601944,0.004861549438866845,0,1,0,3,0,0.75,0.2169811320754717,0.11913905415680032,0.07172467566096924,0.940358646689126,0.42133246036002775,0.009433962264150943,0.16981132075471694,0.012933449081423718
107,105,99.05660377358491,106,0,95,11,0,0.0,0.6924728563236754,0.689345723963758,0.11772251781066632,0.5316925025147612,0.2612195009598274,0.757832303662677,8.349056603773585,3.567999827489257,0.27103300590713886,0.03489483254793108,8.589867921599345e-05,0.0,0.03489483254793108,-0.0017150246965246933,0,0,0,11,0,0.7272727272727273,0.20754716981132076,0.11958277824531413,0.07010177147932586,0.9589317216999702,0.42504242757271976,0.0,0.16981132075471694,0.012947758067868374
108,104,98.11320754716981,106,1,94,11,0,0.009433962264150943,0.6960454232663322,0.6927000604848956,0.11732875187164431,0.5325004784655492,0.26189009324142365,0.7545695963957468,8.349056603773585,3.567999827489257,0.2718520220896439,0.0638499809667922,0.00010919390883883553,0.0,0.0638499809667922,-0.002734163512607718,0,1,0,11,0,0.5833333333333334,0.19811320754716982,0.11916582032702601,0.07259886718627338,0.9374970713542963,0.4204208164260826,0.009433962264150943,0.18867924528301883,0.012980035192846791
109,104,98.11320754716981,106,0,93,13,0,0.0,0.6902210084492604,0.6868536417745834,0.11269269664297725,0.5331064117154157,0.27030266682846843,0.7924120233923604,8.349056603773585,3.567999827489257,0.2669122878008934,0.05200395794316495,0.00010714440848239677,0.0,0.05200395794316495,0.0003329404973303153,0,0,0,13,0,0.7692307692307693,0.19811320754716982,0.11594808295184976,0.07486501468942225,0.9569221399582947,0.4128975606611861,0.0,0.18867924528301883,0.012961722967416402
110,104,98.11320754716981,106,0,94,12,0,0.0,0.6934173301276013,0.6900063780959904,0.11277889160445077,0.5337807169691793,0.27106134625852796,0.7848204131828156,8.349056603773585,3.567999827489257,0.26531417599760587,0.028451539948834297,9.491325635285903e-05,0.0,0.028451539948834297,-0.0011753225835569915,0,0,0,12,0,0.8333333333333334,0.19811320754716982,0.1147621426870475,0.07586242397930484,0.9494484394129168,0.41126385579116004,0.0,0.15094339622641506,0.012989734180953625
111,105,99.05660377358491,106,0,94,12,0,0.0,0.6940820506895831,0.6904488469677204,0.11612601083292315,0.5344435928435158,0.267980735400674,0.7688979773024682,8.349056603773585,3.567999827489257,0.2697967349332586,0.04113396243453193,0.00010004259171161813,0.0,0.04113396243453193,-0.0006786871594715906,0,0,0,12,0,0.75,0.20754716981132076,0.11814805032690899,0.09080425399034292,0.95938582468833,0.41497059716304235,0.0,0.16981132075471694,0.013004883488789932
112,104,98.11320754716981,106,1,93,12,0,0.009433962264150943,0.6986440274727225,0.6942696575302002,0.12475985015126344,0.5352095107253231,0.2544033653871917,0.7440641518466318,8.349056603773585,3.567999827489257,0.2760294044919547,0.05033817804540004,9.063306786535895e-05,0.0,0.05033817804540004,0.00021592071529311085,0,1,0,12,0,0.6923076923076923,0.20754716981132076,0.12402516502881611,0.09059668328305925,0.9361049966399957,0.42459913420839057,0.009433962264150943,0.16981132075471694,0.013041357347056423
113,104,98.11320754716981,106,1,93,12,0,0.009433962264150943,0.7006579240442437,0.6952137310778065,0.12331934629378034,0.5359877184123536,0.2555002354727765,0.7403858916306086,8.349056603773585,3.567999827489257,0.27654089504161683,0.056703849344409626,9.316305769886973e-05,0.0,0.056703849344409626,0.0003352287708400685,0,1,0,12,0,0.6923076923076923,0.2169811320754717,0.12376446861710215,0.09788323070809034,0.95168647921562,0.42347093795071084,0.009433962264150943,0.18867924528301883,0.013065310054379409
114,104,98.11320754716981,106,0,100,6,0,0.0,0.7038367176141747,0.6986345150646747,0.11922672225730459,0.5368055001778677,0.2603750908516606,0.7410475185484172,8.349056603773585,3.567999827489257,0.27316946709600387,0.06947243570002834,0.00010810902172227687,0.0,0.06947243570002834,-0.0013385987496973561,0,0,0,6,0,0.5,0.2358490566037736,0.11961396223487734,0.08878111119798059,0.9523473048012671,0.41814956798387376,0.0,0.2264150943396226,0.013095793248220454
115,103,97.16981132075472,106,1,102,3,0,0.009433962264150943,0.703768224297962,0.6973360935815605,0.12003576904088982,0.5375887253563878,0.2623881814181387,0.7601482444787221,8.349056603773585,3.567999827489257,0.2751505543691726,0.029018987418031255,6.94492052279346e-05,0.0,0.029018987418031255,-0.0012999935003280214,0,1,0,3,0,0.75,0.2169811320754717,0.12120721129504138,0.09210820423231554,0.9189389513493879,0.41674358709745,0.009433962264150943,0.2452830188679245,0.013109423518148616
116,103,97.16981132075472,106,0,103,3,0,0.0,0.6936628858304121,0.6873344556537706,0.10957358915856841,0.5380268343166708,0.2752344790356937,0.7870807148838617,8.349056603773585,3.567999827489257,0.2683053224170009,0.00412265641604588,7.579070853435204e-05,0.0,0.00412265641604588,0.0005878724064875829,0,0,0,3,0,1.0,0.2169811320754717,0.11485749989686403,0.09528025729517622,0.9129359009529481,0.40442976428347344,0.0,0.24528301886792453,0.013066712689284422
117,104,98.11320754716981,106,0,103,3,0,0.0,0.6949274764085108,0.6884332600102889,0.10634606470023468,0.5384806758200426,0.278218329109878,0.7891235658731359,8.349056603773585,3.567999827489257,0.26643666792891496,0.00349205208916226,8.408605948855995e-05,0.0,0.00349205208916226,-0.000705826394195678,0,0,0,3,0,1.0,0.2169811320754717,0.11257827077220808,0.10452038451235472,0.9129359009529481,0.4016582699854961,0.0,0.24528301886792453,0.013081132174203607
118,105,99.05660377358491,106,0,104,2,0,0.0,0.6934537608733967,0.6868943365199068,0.10194289803717468,0.5388743972293716,0.28155837184026283,0.7837546418285142,8.349056603773585,3.567999827489257,0.26544919914567155,0.030920013284148288,7.72832154280838e-05,0.0,0.030920013284148288,-0.008905935569165233,0,0,0,2,0,0.5,0.2358490566037736,0.11054086764751592,0.10216830156874122,0.9022163607324312,0.39932685960652387,0.0,0.20754716981132074,0.013080787586130859
119,105,99.05660377358491,106,0,104,2,0,0.0,0.6933787761990161,0.6867354640889597,0.10289284251751017,0.5392495358050452,0.28134311174144944,0.7847825587436117,8.349056603773585,3.567999827489257,0.2666838635626223,0.004341248676000176,9.141156726885485e-05,0.0,0.004341248676000176,-0.005151995608244447,0,0,0,2,0,1.0,0.2358490566037736,0.11159471523167722,0.10273598431208193,0.9325102784871582,0.39961089064290856,0.0,0.24528301886792453,0.013087105134625398
120,106,100.0,106,0,103,3,0,0.0,0.6948462542814218,0.6882605259478793,0.10023147415375208,0.539654820800582,0.2876628331967266,0.7939420222049701,8.349056603773585,3.567999827489257,0.26339811431446614,0.009515289508207474,8.773850262206664e-05,0.0,0.009515289508207474,-0.013086419944747093,0,0,0,3,0,1.0,0.2358490566037736,0.10883240846735377,0.12127980481728808,0.9172339678087198,0.3918875941871184,0.0,0.24528301886792453,0.013101672809008223
121,106,100.0,106,0,101,5,0,0.0,0.6940283476518032,0.6874535186749277,0.1046343571475866,0.5400226100136919,0.28229567626773766,0.7861329202535253,8.349056603773585,3.567999827489257,0.26804784546938887,0.010654181671595864,9.404466963710519e-05,0.0,0.010654181671595864,-0.003452159351855155,0,0,0,5,0,1.0,0.2358490566037736,0.11297367829307031,0.1035400240204537,0.9154261410415795,0.4026284491022125,0.0,0.24528301886792453,0.01310414463510477
122,106,100.0,106,0,102,4,0,0.0,0.6964661005249719,0.6897754448017004,0.10934501132635417,0.5404435535644708,0.276350571225687,0.7700826800749717,8.349056603773585,3.567999827489257,0.27101800952346666,0.013881658357269212,9.362995164913334e-05,0.0,0.013881658357269212,-0.005491908227096054,0,0,0,4,0,1.0,0.24528301886792453,0.11612592683339192,0.10425953517314766,0.9382907044133677,0.4094962318814347,0.0,0.24528301886792453,0.013123843032053426
123,106,100.0,106,0,101,5,0,0.0,0.6939627665606574,0.6873226015898191,0.10745393242181639,0.5407794638968294,0.281737412637043,0.7797279543493902,8.349056603773585,3.567999827489257,0.26985216955170577,0.013822734663232156,9.103654064239689e-05,0.0,0.013822734663232156,-0.006801017201814685,0,0,0,5,0,1.0,0.24528301886792453,0.11499357718433327,0.09999043409533694,0.9372282272316406,0.4077990803992615,0.0,0.24528301886792453,0.013117319002271388
124,106,100.0,106,0,100,6,0,0.0,0.6989153680965299,0.6924819385698284,0.10804185046294605,0.5412506570567458,0.28063272289358693,0.7786565204471778,8.349056603773585,3.567999827489257,0.2700343073809066,0.011174444131648725,9.359127342580506e-05,0.0,0.011174444131648725,-0.005552242726887507,0,0,0,6,0,1.0,0.25471698113207547,0.11452751379658102,0.09971473878541327,0.9113592985258503,0.4080076304889825,0.0,0.28301886792452824,0.01315048809551723
125,106,100.0,106,0,101,5,0,0.0,0.6945236132664857,0.6881301331609498,0.1057656647159064,0.541580820117944,0.291413991332972,0.8137023708786549,8.349056603773585,3.567999827489257,0.2676244321662624,0.009150837535151505,0.00010050842366358571,0.0,0.009150837535151505,-0.004619948014670627,0,0,0,5,0,1.0,0.2641509433962264,0.11298397370772213,0.09930973925744864,0.9092005412666149,0.4040148619433311,0.0,0.2830188679245283,0.013134419430094
126,106,100.0,106,0,100,6,0,0.0,0.6966398053846148,0.6900885970281899,0.10424383221803611,0.541955105351612,0.29261851234982306,0.8262266849901019,8.349056603773585,3.567999827489257,0.2658226446375147,0.012109747959460257,9.505970734995083e-05,0.0,0.012109747959460257,-0.004303618384054658,0,0,0,6,0,1.0,0.25471698113207547,0.11128424800336834,0.1140324241559228,0.9107037670007989,0.3976342631380537,0.0,0.28301886792452824,0.013151677638930442
127,106,100.0,106,0,100,6,0,0.0,0.693891106512119,0.6875343860578668,0.10179223991069153,0.5422431286943765,0.29708566073695447,0.8365487374195858,8.349056603773585,3.567999827489257,0.26383451071226505,0.011431258536782849,9.822072553897688e-05,0.0,0.011431258536782849,-0.004056726010701783,0,0,0,6,0,1.0,0.2641509433962264,0.10944861414875325,0.10458314657186409,0.9287020603416737,0.3966988638509494,0.0,0.2830188679245283,0.013143072480754449
128,105,99.05660377358491,106,1,101,4,0,0.009433962264150943,0.6920308140380476,0.6871615174703822,0.09659521112726199,0.5424633335282204,0.3035632114886872,0.8757243800592082,8.349056603773585,3.567999827489257,0.25987514505048437,0.022726548022674275,0.00010380211702301135,0.0,0.022726548022674275,-0.00174930447033379,0,1,0,4,0,0.8,0.25471698113207547,0.10580188366568714,0.11643870362788579,0.9237037167613584,0.38643834424809764,0.009433962264150943,0.3018867924528302,0.013137699472429926
129,104,98.11320754716981,106,1,94,11,0,0.009433962264150943,0.692415499223047,0.6877016336053351,0.09476994183199201,0.5427361969962455,0.3102935170749148,0.8863691064360044,8.349056603773585,3.567999827489257,0.2563820605257823,0.0744195731947756,0.00015516631131302317,0.0,0.0744195731947756,-0.002409236687310532,0,1,0,11,0,0.5833333333333334,0.2358490566037736,0.10312216911410375,0.11917210687964264,0.9043257887671543,0.38417031718587863,0.009433962264150943,0.33962264150943394,0.013144490782389133
130,104,98.11320754716981,106,0,97,9,0,0.0,0.695006566536599,0.6902405814207896,0.09165017981088083,0.5430735966271816,0.3123806564541005,0.8761053532307361,8.349056603773585,3.567999827489257,0.253584339178204,0.041898125822273945,0.00011340592562820997,0.0,0.041898125822273945,-0.005469529918551073,0,0,0,9,0,0.6666666666666666,0.22641509433962265,0.1004713639909026,0.12127221367977398,0.9306316231687549,0.37866714815469293,0.0,0.2641509433962264,0.013163465328081766
131,104,98.11320754716981,106,0,97,9,0,0.0,0.6918839175188027,0.687244814823828,0.09107286367832669,0.5433134466822583,0.3145921333837996,0.8942666789373043,8.349056603773585,3.567999827489257,0.2543425870919629,0.03857961691777346,0.00011602924037143983,0.0,0.03857961691777346,-0.005418859833169938,0,0,0,9,0,0.6666666666666666,0.2641509433962264,0.1008806673190575,0.1320897433447734,0.9029985974098342,0.37738446658579533,0.0,0.3018867924528302,0.01315213100776847
132,104,98.11320754716981,106,0,99,7,0,0.0,0.6873744166578333,0.6828085893454503,0.08892895592519266,0.5434181112738514,0.31674774978713877,0.8993831233943476,8.349056603773585,3.567999827489257,0.2526188662223161,0.04770480915263812,0.00011415833419417109,0.0,0.04770480915263812,-0.003948324122818615,0,0,0,7,0,0.7142857142857143,0.22641509433962265,0.09974051057240255,0.14091461489742851,0.9106955140632915,0.3733703863219226,0.0,0.3018867924528302,0.013131450719687365
133,105,99.05660377358491,106,0,99,7,0,0.0,0.6844149765185611,0.6797787265751651,0.0915964889852001,0.5434325570342635,0.3172183842807429,0.9063372550012616,8.349056603773585,3.567999827489257,0.2556980149902013,0.04702134936356572,0.00011790368156834268,0.0,0.04702134936356572,-0.004929143740473286,0,0,0,7,0,0.7142857142857143,0.24528301886792453,0.10239081318660524,0.13287888695116398,0.9193441872833228,0.3782113021044744,0.0,0.2641509433962264,0.013116911231344296
134,106,100.0,106,0,100,6,0,0.0,0.684597412803635,0.6803063804947844,0.0879476801214809,0.5434615487227223,0.3183362175057263,0.9066871433189158,8.349056603773585,3.567999827489257,0.251612286844102,0.04873325392300367,0.00011515402304997709,0.0,0.04873325392300367,-0.0052715210691287595,0,0,0,6,0,0.6666666666666666,0.24528301886792453,0.09856262305984358,0.11053928633958304,0.9172288256648813,0.3749982492826614,0.0,0.2264150943396226,0.013118340624466764
135,106,100.0,106,0,95,11,0,0.0,0.6791913433477883,0.6749801381041124,0.08435450379218784,0.5433374737323384,0.31590546291124066,0.9091773955349962,8.349056603773585,3.567999827489257,0.24871923257696227,0.0375944584229523,0.00011088356168470872,0.0,0.0375944584229523,-0.0013499761373562983,0,0,0,11,0,0.7272727272727273,0.2358490566037736,0.09638931220543337,0.11307427462642615,0.9089663878333583,0.3723336630003707,0.0,0.22641509433962262,0.013089096779466102
136,106,100.0,106,0,97,9,0,0.0,0.6769795759255071,0.6729210612942825,0.08208263587868071,0.543159051451779,0.3217589033632055,0.9251217557657377,8.349056603773585,3.567999827489257,0.2465415618530582,0.04138231441065148,0.00010895821995288282,0.0,0.04138231441065148,-0.004383680759836651,0,0,0,9,0,0.6666666666666666,0.25471698113207547,0.09436365133197513,0.10518051696770478,0.9152102503740711,0.37094172284753146,0.0,0.22641509433962262,0.013074854889023416
137,105,99.05660377358491,106,1,97,8,0,0.009433962264150943,0.6796070872251957,0.6751729225432953,0.0838130006600752,0.5430597148062174,0.3191740993097522,0.9101698014188517,8.349056603773585,3.567999827489257,0.24831418189432064,0.04058587057867962,0.00010770021874571558,0.0,0.04058587057867962,-0.005907356064533372,0,1,0,8,0,0.6666666666666666,0.2358490566037736,0.09602349406760352,0.13647649388208852,0.9173185030993773,0.3684498593756829,0.009433962264150943,0.26415094339622636,0.013086220279850722
138,104,98.11320754716981,106,1,97,8,0,0.009433962264150943,0.6791313693014212,0.6740390124690471,0.0829270809366879,0.5429416056205043,0.32584091962616824,0.9363405497516551,8.349056603773585,3.567999827489257,0.24753013784847266,0.0447853966029159,0.00010842743275306382,0.0,0.0447853966029159,-0.003231578237677304,0,1,0,8,0,0.5555555555555556,0.2358490566037736,0.09548220770458156,0.1377688520997815,0.9294497829305064,0.3665557763069916,0.009433962264150943,0.24528301886792453,0.013081734622460605
139,103,97.16981132075472,106,1,99,6,0,0.009433962264150943,0.683738699913664,0.6776117792992997,0.08225995311973,0.5429423127060963,0.32848448721705154,0.9696160073390431,8.349056603773585,3.567999827489257,0.24675617929063764,0.04864525141047149,0.00011131639176228517,0.0,0.04864525141047149,-0.0028048936705659744,0,1,0,6,0,0.5714285714285714,0.2358490566037736,0.09472849828417713,0.14362649951223885,0.9252808492423973,0.36253204970631886,0.009433962264150943,0.24528301886792453,0.013104783889928168
140,103,97.16981132075472,106,0,99,7,0,0.0,0.682846843505882,0.6767425822605838,0.08328606339164364,0.5428870712594596,0.32454393680561544,0.9566930204563697,8.349056603773585,3.567999827489257,0.24813317429869386,0.02754863887687728,9.486726994776702e-05,0.0,0.02754863887687728,0.00031057246370133233,0,0,0,7,0,0.8571428571428571,0.24528301886792453,0.09594847081355122,0.1591902581513967,0.9210728629538448,0.36384690790078117,0.0,0.2830188679245283,0.013099339100528908
141,103,97.16981132075472,106,1,99,6,0,0.009433962264150943,0.6790532256912621,0.6733889378047211,0.08068473029270065,0.5427281964449346,0.33131174479077174,0.9621065018854391,8.349056603773585,3.567999827489257,0.24506837382759095,0.050213493660296885,0.00010615909664933662,0.0,0.050213493660296885,0.0004682778607648652,0,1,0,6,0,0.5714285714285714,0.2358490566037736,0.09380353526231648,0.16687351112241933,0.9207679806907014,0.3588906611873215,0.009433962264150943,0.2830188679245283,0.013077536684901723
142,104,98.11320754716981,106,0,99,7,0,0.0,0.6794808563598401,0.6738226000040206,0.08047067483747103,0.5425972466966255,0.3330894124806418,0.9755149415949357,8.349056603773585,3.567999827489257,0.2430656375665461,0.03474038387672305,0.00010721474178612892,0.0,0.03474038387672305,0.0030532882629363428,0,0,0,7,0,0.7142857142857143,0.2169811320754717,0.09244023855342266,0.16580259244830717,0.9138619122325635,0.3562162201099633,0.0,0.2830188679245283,0.013077338694847729
143,105,99.05660377358491,106,0,98,8,0,0.0,0.6778294954567325,0.6719291327669831,0.08038323712162579,0.5424169221089091,0.3312766651252455,0.9772181020435299,8.349056603773585,3.567999827489257,0.24455345873454704,0.03234982489649119,0.0001117790429828934,0.0,0.03234982489649119,0.001438485794701988,0,0,0,8,0,0.75,0.2358490566037736,0.09373981412497989,0.16954182115694652,0.9122085895406591,0.355721902006136,0.0,0.28301886792452835,0.01306586489984287
144,104,98.11320754716981,106,1,97,8,0,0.009433962264150943,0.6727133235985023,0.6661635678156942,0.0799671882350932,0.5421023462324482,0.3390009919937326,0.9853291898283771,8.349056603773585,3.567999827489257,0.24472742515323986,0.028405876414081974,0.00011153110615170743,0.0,0.028405876414081974,0.0017056555655302742,0,1,0,8,0,0.7777777777777778,0.2358490566037736,0.09434061267358144,0.16770582329004508,0.9110291275966023,0.3590361857817276,0.009433962264150943,0.2830188679245283,0.013034672007186996
145,104,98.11320754716981,106,0,104,2,0,0.0,0.6749803237147657,0.6685528782360568,0.08138872003486902,0.5418433078877688,0.3400314141634415,0.9721516380528538,8.349056603773585,3.567999827489257,0.24568537414759062,0.011850301189991976,8.618691450545635e-05,0.0,0.011850301189991976,-0.002913521295404592,0,0,0,2,0,1.0,0.2358490566037736,0.09487017474181497,0.1453448628634883,0.9168220957962631,0.3638129462293811,0.0,0.2830188679245283,0.013041385763922667
146,105,99.05660377358491,106,0,102,4,0,0.0,0.6717832627669763,0.6652762574943213,0.0831466121377648,0.5414999841728507,0.3369139642143809,0.9738678090088018,8.349056603773585,3.567999827489257,0.2493883829387573,0.0145427825845537,9.010822225184994e-05,0.0,0.0145427825845537,-0.000701162601663724,0,0,0,4,0,1.0,0.2358490566037736,0.09774983124171471,0.15585202372321622,0.9118725568575313,0.36789387568455945,0.0,0.2830188679245283,0.013019275564405715
147,105,99.05660377358491,106,0,100,6,0,0.0,0.6746522419024803,0.6679736100930271,0.08057212219044194,0.5412459034763435,0.3353998381269068,0.9853465572869606,8.349056603773585,3.567999827489257,0.245899925753563,0.03727241139573635,0.00010140156295803072,0.0,0.03727241139573635,0.0016026268773538614,0,0,0,6,0,0.6666666666666666,0.2358490566037736,0.09508485585672855,0.17094024956284223,0.9090030075646898,0.36064400221424836,0.0,0.2830188679245283,0.013029087660676704
148,105,99.05660377358491,106,0,102,4,0,0.0,0.6724538322929882,0.6657314412257593,0.08012472959913938,0.5409368879135963,0.33216692081187793,0.9824250610215969,8.349056603773585,3.567999827489257,0.2470703346585228,0.02827835140156571,9.396726419321314e-05,0.0,0.02827835140156571,-0.0011885172925984178,0,0,0,4,0,0.75,0.2358490566037736,0.09556131430618409,0.16876307932642945,0.9008312320015887,0.3606787491315658,0.0,0.32075471698113206,0.013012582775256378
149,106,100.0,106,0,103,3,0,0.0,0.6739871100630301,0.6672485760409232,0.08352547492962571,0.5406822031196651,0.3296062635549824,0.9613910561213634,8.349056603773585,3.567999827489257,0.25082294808416283,0.013455061036996285,8.871449157285469e-05,0.0,0.013455061036996285,-0.0052037837562417906,0,0,0,3,0,1.0,0.2358490566037736,0.09866335600076469,0.17092822305692634,0.9033797956418199,0.3673512102901077,0.0,0.32075471698113206,0.013015705587602533
150,106,100.0,106,0,103,3,0,0.0,0.6736548362923559,0.6668356076866885,0.08586848037302171,0.5404248177106088,0.3219403377756653,0.9436968023796574,8.349056603773585,3.567999827489257,0.2543985460601077,0.07125272241703196,0.00012416030879872387,0.0,0.07125272241703196,-0.007006437238271768,0,0,0,3,0,0.6666666666666666,0.2358490566037736,0.10106780581322561,0.14660465802152478,0.9026829174641042,0.37603737376444224,0.0,0.32075471698113206,0.013009452463273608
151,106,100.0,106,0,103,3,0,0.0,0.6670095246409911,0.6602825069954721,0.08762856410125537,0.5399895641154174,0.3227454584083644,0.941744579950158,8.349056603773585,3.567999827489257,0.2575519957086936,0.011363095718566843,7.960850959882469e-05,0.0,0.011363095718566843,-0.010774147703147108,0,0,0,3,0,1.0,0.24528301886792453,0.10391555557155872,0.14931113146003264,0.9075907972143036,0.38033412250225773,0.0,0.32075471698113206,0.012968460981253998
152,106,100.0,106,0,103,3,0,0.0,0.6648610964929926,0.6577396859915648,0.0929680827926332,0.5394972580885251,0.31203443075111786,0.9239279878254966,8.349056603773585,3.567999827489257,0.2647097101658855,0.018006587820361016,6.616108579234754e-05,0.0,0.018006587820361016,-0.0051294100919111645,0,0,0,3,0,1.0,0.25471698113207547,0.11031220754457537,0.14570104088474847,0.9063973572463071,0.3904221824837731,0.0,0.2830188679245283,0.012948936101418888
153,106,100.0,106,0,103,3,0,0.0,0.6612909317893587,0.6543546790415307,0.0889646415289959,0.5389258959061131,0.31721032233633417,0.9342675772688551,8.349056603773585,3.567999827489257,0.2606074199737094,0.013006982419236326,7.14190518198568e-05,0.0,0.013006982419236326,-0.005935576469166676,0,0,0,3,0,1.0,0.25471698113207547,0.10692310227135132,0.13203947356210377,0.9008312320015887,0.38517796996736603,0.0,0.32075471698113206,0.012920892177059317
154,106,100.0,106,0,102,4,0,0.0,0.6575998100150591,0.6508274188589201,0.0817108493818725,0.5382742378155994,0.32433573444706787,0.9454417796746221,8.349056603773585,3.567999827489257,0.2521299796956309,0.014706902499019691,8.312950990826314e-05,0.0,0.014706902499019691,-0.008155758327986762,0,0,0,4,0,1.0,0.2169811320754717,0.099973714955632,0.14921239150891616,0.916664742404955,0.36969776990421716,0.0,0.2830188679245283,0.012890810988415144
155,106,100.0,106,0,103,3,0,0.0,0.6570949965215246,0.6504739354275376,0.08311506188893225,0.5376357410540532,0.3256972926198429,0.9418065791395861,8.349056603773585,3.567999827489257,0.2511475268212171,0.018166077411303255,7.65861692462425e-05,0.0,0.018166077411303255,-0.003866988787468717,0,0,0,3,0,1.0,0.2358490566037736,0.09999710647058475,0.12689853451664257,0.8932084808879012,0.3721934783590335,0.0,0.2830188679245283,0.012876896139272228
156,106,100.0,106,0,102,4,0,0.0,0.6598357468412739,0.6529718774582945,0.08646685952787582,0.5370913271097363,0.32192273859059317,0.9365531623365423,8.349056603773585,3.567999827489257,0.25483335265385687,0.018066041887358157,8.651045141590331e-05,0.0,0.018066041887358157,-0.006696570485138165,0,0,0,4,0,1.0,0.24528301886792453,0.10304962368367715,0.13178365097849476,0.8904249868224545,0.37876878383343754,0.0,0.32075471698113206,0.012880887546573945
157,106,100.0,106,0,102,4,0,0.0,0.6660716649253228,0.6589888567649037,0.09282042325803422,0.5367380865030373,0.3123220863716354,0.9160076236886018,8.349056603773585,3.567999827489257,0.26031727716932873,0.09856205296195697,0.0001228613599343314,0.0,0.09856205296195697,-0.007591007177669501,0,0,0,4,0,0.75,0.2358490566037736,0.10782023793190557,0.13770364486608785,0.8897495261684804,0.3893999061637445,0.0,0.32075471698113206,0.01290576532487537
158,106,100.0,106,0,102,4,0,0.0,0.6679000239466909,0.6604173653661508,0.09541356288520475,0.5364382248681184,0.30835551542711576,0.9006947368140141,8.349056603773585,3.567999827489257,0.26336889006658004,0.0948997163258777,0.00011700200490596558,0.0,0.0948997163258777,-0.009981907920229169,0,0,0,4,0,0.75,0.2169811320754717,0.11053045350175628,0.14583032047837646,0.8959266108559666,0.3913666357831201,0.0,0.32075471698113206,0.012909557588673903
159,105,99.05660377358491,106,1,102,3,0,0.009433962264150943,0.6647514935960066,0.6564197935152837,0.09506492282799843,0.5360632631721268,0.3055337962215486,0.8915476105646005,8.349056603773585,3.567999827489257,0.2655311983128388,0.10097055251007257,0.00012024052705978715,0.0,0.10097055251007257,-0.007272777912314565,0,1,0,3,0,0.75,0.22641509433962265,0.11237746788027345,0.1520117765966165,0.8879068110673082,0.3948460951437939,0.009433962264150943,0.32075471698113206,0.012887125620587418
160,105,99.05660377358491,106,0,103,3,0,0.0,0.6660112093827808,0.6573457040300194,0.09302636071049405,0.5356998017355513,0.31194405655582474,0.8992182753837973,8.349056603773585,3.567999827489257,0.26322919403622014,0.012743845360151737,7.461379859694836e-05,0.0,0.012743845360151737,-0.00812943153113857,0,0,0,3,0,1.0,0.22641509433962265,0.11070996141730391,0.17278243226967438,0.8808325736644224,0.3866949124610852,0.0,0.32075471698113206,0.012886940047806286
161,105,99.05660377358491,106,0,103,3,0,0.0,0.6694238577592889,0.6605406104216848,0.09663225739918288,0.5354405040060404,0.30418747052124706,0.8703500666924922,8.349056603773585,3.567999827489257,0.26633709094897573,0.010409866730779573,6.49134076999902e-05,0.0,0.010409866730779573,-0.01052714892731991,0,0,0,3,0,1.0,0.2169811320754717,0.11349110171074574,0.1708422507686988,0.883026602193506,0.3909783017304555,0.0,0.32075471698113206,0.012899377418418009
162,105,99.05660377358491,106,0,103,3,0,0.0,0.6657961721434483,0.657227176076865,0.09133142206929257,0.5350958793537054,0.30761631115484395,0.89490824895209,8.349056603773585,3.567999827489257,0.26283893592426133,0.010865865003419383,7.628176412850641e-05,0.0,0.010865865003419383,-0.012258811104289022,0,0,0,3,0,1.0,0.20754716981132076,0.109720784621933,0.1670343793902786,0.8793522768479892,0.3886905401371309,0.0,0.32075471698113206,0.012875090886838407
163,104,98.11320754716981,106,1,103,2,0,0.009433962264150943,0.6703139361653362,0.6610656286892899,0.09534370555950003,0.5348910018784576,0.30324859593924836,0.8819506771181334,8.349056603773585,3.567999827489257,0.266032047850183,0.01121940501060943,7.334034782645254e-05,0.0,0.01121940501060943,-0.012135966964681907,0,1,0,2,0,1.0,0.19811320754716982,0.11263940353050063,0.1588971287023116,0.8870938571780165,0.3926364516335048,0.009433962264150943,0.2830188679245283,0.012894024692966143
164,104,98.11320754716981,106,1,102,3,0,0.009433962264150943,0.6721364151903172,0.6641102554626844,0.09691140919324968,0.5347238562526007,0.3063090112865473,0.8921455047142478,8.349056603773585,3.567999827489257,0.2678940855067642,0.023244109901275983,9.72262575872982e-05,0.0,0.023244109901275983,-0.006479704131275077,0,1,0,3,0,0.75,0.20754716981132076,0.114192679276019,0.1716144290450994,0.8944905202623795,0.393886427740345,0.009433962264150943,0.3018867924528302,0.012900155210269933
165,104,98.11320754716981,106,0,102,4,0,0.0,0.6683148947506471,0.6604187498791237,0.09281773555288961,0.534495901869079,0.31072759203946426,0.9095959481858851,8.349056603773585,3.567999827489257,0.26447999983278336,0.008233985135170721,0.00010709152395663925,0.0,0.008233985135170721,-0.011946782448313306,0,0,0,4,0,1.0,0.20754716981132076,0.11154281687086247,0.1918138674342779,0.9122172947398575,0.38707787441682784,0.0,0.3018867924528302,0.012876980902066178
166,104,98.11320754716981,106,0,100,6,0,0.0,0.6739702315448737,0.6660311652273234,0.09525834524305948,0.5344362816735216,0.30419556214645244,0.8985915046131869,8.349056603773585,3.567999827489257,0.26547166821389445,0.006743883552453104,0.00010225231668315902,0.0,0.006743883552453104,-0.005775738487029484,0,0,0,6,0,1.0,0.18867924528301888,0.11249199367479418,0.20042810013313467,0.8955846770304333,0.38686218551579993,0.0,0.3018867924528302,0.012904193961799995
167,104,98.11320754716981,106,0,101,5,0,0.0,0.6759022436748027,0.6682113835967184,0.09303470431228683,0.534441020876566,0.30686446525718963,0.8993681828832513,8.349056603773585,3.567999827489257,0.26180103220259254,0.008335077611234299,9.219825308676223e-05,0.0,0.008335077611234299,-0.005218489073458987,0,0,0,5,0,1.0,0.1792452830188679,0.10898686952567495,0.1854124303344164,0.921656165179177,0.3815593452337482,0.0,0.3018867924528302,0.012913938569827864
168,105,99.05660377358491,106,0,100,6,0,0.0,0.6738756592871153,0.6664960201231757,0.08970330445958946,0.5343966276522323,0.31123021780910537,0.9095403367083333,8.349056603773585,3.567999827489257,0.25780781839612943,0.009375520353024738,9.206925042168694e-05,0.0,0.009375520353024738,-0.005966019317263195,0,0,0,6,0,1.0,0.19811320754716982,0.1056351952153426,0.19259752645568712,0.9213727424740776,0.37636714324151965,0.0,0.3018867924528302,0.012903013672805604
169,106,100.0,106,0,100,6,0,0.0,0.6728794308141359,0.6656731461039396,0.08676180158927624,0.5343303302631969,0.31304927809861616,0.9202819461568725,8.349056603773585,3.567999827489257,0.2549517073782601,0.03971907589433383,0.00010670444604339077,0.0,0.03971907589433383,-0.006345981403389257,0,0,0,6,0,0.8333333333333334,0.19811320754716982,0.10316234749806044,0.18548310519830163,0.9256345724622475,0.37172384327826996,0.0,0.33962264150943394,0.012896849785077501
170,105,99.05660377358491,106,1,101,4,0,0.009433962264150943,0.6711492781662405,0.6654605940021661,0.08944968123635325,0.534225020609201,0.31395862737933916,0.9079447584080739,8.349056603773585,3.567999827489257,0.25550457083592093,0.04781565296417605,0.0001058718364915836,0.0,0.04781565296417605,-0.0011717816284519179,0,1,0,4,0,0.8,0.18867924528301888,0.10462822798582233,0.17266822666952095,0.9074397925836295,0.3727674664793671,0.009433962264150943,0.39622641509433953,0.012886320297701571
171,105,99.05660377358491,106,0,102,4,0,0.0,0.6757600916144446,0.6699364082156255,0.09252559642384023,0.534286536706997,0.31008629576269175,0.9050357777514487,8.349056603773585,3.567999827489257,0.25799006641265465,0.011314305431538402,0.00010550572772764731,0.0,0.011314305431538402,-0.0068521752268128205,0,0,0,4,0,1.0,0.20754716981132076,0.10638289304583724,0.1657842845786073,0.9369169039891078,0.3770805085328103,0.0,0.35849056603773577,0.012910471812074213
172,105,99.05660377358491,106,0,101,5,0,0.0,0.6748320286245588,0.6689802337605463,0.09464132296106205,0.5343185648682038,0.3096350203676903,0.9145235608571135,8.349056603773585,3.567999827489257,0.26011866749248314,0.048626737466635525,0.00011156898921217287,0.0,0.048626737466635525,-0.0057948094163782545,0,0,0,5,0,0.8,0.19811320754716982,0.10856691460089302,0.16414664858338515,0.9346999499239432,0.3798091872281729,0.0,0.3584905660377358,0.012906402879493089
173,105,99.05660377358491,106,0,101,5,0,0.0,0.6761865644887272,0.6703895999475874,0.09487198481014901,0.5343896792111721,0.30628874856652794,0.9044482556067122,8.349056603773585,3.567999827489257,0.2594470356497145,0.049361699381393905,0.00010930117121244762,0.0,0.049361699381393905,-0.004773178564260116,0,0,0,5,0,0.8,0.20754716981132076,0.10830070026868256,0.1644119503637814,0.9346999499239432,0.38021724109179683,0.0,0.3584905660377358,0.012914444238631143
174,105,99.05660377358491,106,0,102,4,0,0.0,0.6793410442917577,0.6731727538211766,0.09739751762089208,0.5345376985348325,0.30237458519701843,0.885567457087821,8.349056603773585,3.567999827489257,0.26196145642441393,0.008950249545249919,0.00010447240330378268,0.0,0.008950249545249919,-0.009047630415399743,0,0,0,4,0,1.0,0.2169811320754717,0.11019301615205628,0.1745130715460476,0.9300341130654987,0.38238261262865647,0.0,0.3584905660377358,0.012932857302252722
175,106,100.0,106,0,100,6,0,0.0,0.6797055624312333,0.673859531682071,0.10399588534961862,0.5347000399155935,0.29911824561344275,0.8565758192772283,8.349056603773585,3.567999827489257,0.2670072213760364,0.032496301790809264,0.00010446872637867512,0.0,0.032496301790809264,-0.007258222729753637,0,0,0,6,0,0.8333333333333334,0.20754716981132076,0.11480289073827507,0.15577268257322952,0.9358909291033481,0.3951811589290325,0.0,0.320754716981132,0.012937576063042848
176,106,100.0,106,0,100,6,0,0.0,0.6794249271849976,0.6736907548428138,0.1027861736695973,0.5348517713903023,0.2981466079672396,0.8481719746887081,8.349056603773585,3.567999827489257,0.26602383972112387,0.03728162701884057,0.00010544093397998075,0.0,0.03728162701884057,-0.0055100829802381445,0,0,0,6,0,0.8333333333333334,0.24528301886792453,0.11380876632821571,0.15887131598856116,0.9295323841257195,0.39493009775058374,0.0,0.28301886792452824,0.012938879776189597
177,106,100.0,106,0,100,6,0,0.0,0.6812705579925954,0.67538960184111,0.10165954024751779,0.5350465809726301,0.3049777232623976,0.8739013064594795,8.349056603773585,3.567999827489257,0.26578724925999353,0.030852147887313705,0.00011149336102642587,0.0,0.030852147887313705,-0.008371033498597516,0,0,0,6,0,0.8333333333333334,0.2358490566037736,0.11314164778073191,0.16625594334890043,0.9238559348862079,0.3899578752597114,0.0,0.3584905660377358,0.012951583333008283
178,106,100.0,106,0,99,7,0,0.0,0.6832522429015038,0.6772841114993366,0.10722429694473429,0.5352885166304663,0.30020680068945244,0.8528846403672904,8.349056603773585,3.567999827489257,0.2697431471899294,0.028989937460256774,0.00010915756908117511,0.0,0.028989937460256774,-0.0042590539139079385,0,0,0,7,0,0.8571428571428571,0.2358490566037736,0.11725207159342098,0.15839650089321133,0.9343368967066732,0.3960590333907244,0.0,0.3584905660377358,0.01296580788947994
179,105,99.05660377358491,106,1,99,6,0,0.009433962264150943,0.6824109830930722,0.6783482427327935,0.10428628147145863,0.5354964858482149,0.302653916570223,0.8707494558985395,8.349056603773585,3.567999827489257,0.26836047965690035,0.038707007487569396,0.00010351815017024142,0.0,0.038707007487569396,-0.0030976325501907353,0,1,0,6,0,0.7142857142857143,0.19811320754716982,0.11554548556866003,0.18405557228770886,0.914164240584693,0.3823680375084888,0.009433962264150943,0.37735849056603776,0.012965311761103031
180,104,98.11320754716981,106,1,92,13,0,0.009433962264150943,0.68578521791866,0.6809602589122032,0.10736537246368627,0.5358501916571025,0.3019174942720519,0.8837755831697178,8.349056603773585,3.567999827489257,0.2714656113850369,0.03992538457264594,0.00010442654526880048,0.0,0.03992538457264594,-0.0004570754775289422,0,1,0,13,0,0.6428571428571429,0.2169811320754717,0.11825025811564069,0.18006210196575304,0.9148178943110352,0.38489205161566925,0.009433962264150943,0.3584905660377358,0.012988493046556434
181,104,98.11320754716981,106,0,94,12,0,0.0,0.6901192941645471,0.6850752575098052,0.11221594789043267,0.5362858449480733,0.30067473765273867,0.8898743728232053,8.349056603773585,3.567999827489257,0.27510485240337723,0.035370494917478734,0.00010524243535685605,0.0,0.035370494917478734,-0.00029091326687194496,0,0,0,12,0,0.6666666666666666,0.2169811320754717,0.12184263174012702,0.18504216186201705,0.906302710941979,0.38954107810205024,0.0,0.3962264150943396,0.013017935482121015
182,104,98.11320754716981,106,0,94,12,0,0.0,0.6953985738069864,0.6901690199821655,0.1129769615600037,0.5368513504793552,0.2932803158515559,0.8966541709935623,8.349056603773585,3.567999827489257,0.27504896754611075,0.04789540665772879,9.839661719745e-05,0.0,0.04789540665772879,0.002565387936869982,0,0,0,12,0,0.6666666666666666,0.19811320754716982,0.12150515659199643,0.18928995695703793,0.909972374527744,0.3899220351203686,0.0,0.3962264150943396,0.013054420498523503
183,104,98.11320754716981,106,0,94,12,0,0.0,0.6915502551635277,0.686555651947371,0.10929577652759086,0.5372935388020581,0.29860400921005276,0.9091232239541402,8.349056603773585,3.567999827489257,0.2702954969182283,0.0314132424721425,0.00010355557436849383,0.0,0.0314132424721425,-0.0003356281363494455,0,0,0,12,0,0.8333333333333334,0.20754716981132076,0.1175446746003866,0.16949728021452926,0.91932267380504,0.3878970715987669,0.0,0.3584905660377358,0.013043067544601817
184,105,99.05660377358491,106,0,94,12,0,0.0,0.693407283472295,0.6885050865175725,0.11105514755271453,0.5377755945038512,0.2962966988997909,0.9000394077871459,8.349056603773585,3.567999827489257,0.27144796711039154,0.04492496646025013,9.205678824288962e-05,0.0,0.04492496646025013,0.003557429843689131,0,0,0,12,0,0.6666666666666666,0.19811320754716982,0.11818387467114969,0.1606529307219604,0.9304380817492888,0.39324859906424525,0.0,0.32075471698113206,0.013060952559449843
185,105,99.05660377358491,106,1,94,11,0,0.009433962264150943,0.6917927898231412,0.6860374218869132,0.10943026085649703,0.5381931665824575,0.3005704228637421,0.9059848657641583,8.349056603773585,3.567999827489257,0.27288863067851543,0.04243969483482202,9.966513372039683e-05,0.0,0.04243969483482202,0.004529478863318369,0,1,0,11,0,0.6666666666666666,0.22641509433962265,0.11861631384264133,0.16142000513399163,0.9081724039898216,0.39377209128830004,0.009433962264150943,0.3773584905660377,0.013060329576726232
186,105,99.05660377358491,106,0,102,4,0,0.0,0.6872847400407925,0.6814872299598546,0.10844725321396782,0.5384428058786996,0.29946778810441466,0.8906379658101778,8.349056603773585,3.567999827489257,0.2757898523159563,0.009764358063514535,9.934508912763934e-05,0.0,0.009764358063514535,0.0021579791024568667,0,0,0,4,0,1.0,0.24528301886792453,0.12040782961455897,0.1700320933769762,0.8917661684317775,0.3956278684416487,0.0,0.37735849056603776,0.01304224289264412
187,105,99.05660377358491,106,0,102,4,0,0.0,0.6852321786159575,0.6794547232080297,0.10537714791766227,0.5386255221753634,0.30969897408424013,0.9120109909481495,8.349056603773585,3.567999827489257,0.2734480364605507,0.01544777393688005,0.00011279582442991649,0.0,0.01544777393688005,0.0027297077196519887,0,0,0,4,0,1.0,0.2358490566037736,0.11815767887380879,0.16955932945804048,0.898854959331975,0.39144311714020424,0.0,0.41509433962264153,0.013035239744094826
188,105,99.05660377358491,106,0,101,5,0,0.0,0.6885780910982067,0.6828652930699602,0.11075272732776222,0.5388990704563095,0.3092376079050723,0.9073278549544956,8.349056603773585,3.567999827489257,0.2751959208664274,0.0072405074305891826,0.00010222246460663248,0.0,0.0072405074305891826,-0.0021488278638274183,0,0,0,5,0,1.0,0.22641509433962265,0.12096400318290376,0.171900879515446,0.8836637574732099,0.39433685132384405,0.0,0.37735849056603776,0.0130568494076022
189,105,99.05660377358491,106,0,97,9,0,0.0,0.6910733741232874,0.6854046722451166,0.11312001893277443,0.5392353425707344,0.3103623818802472,0.9157734242326642,8.349056603773585,3.567999827489257,0.27474270627986463,0.012729456938138215,0.00011190099706405275,0.0,0.012729456938138215,3.907602065266068e-05,0,0,0,9,0,1.0,0.19811320754716982,0.12129850374211507,0.17525600050133003,0.9051729606408275,0.3929290011697688,0.0,0.37735849056603765,0.01307532491695889
190,106,100.0,106,0,97,9,0,0.0,0.6897947867907541,0.6841455432082987,0.11348034573031769,0.5395236759192074,0.3083777336724407,0.9030912352460915,8.349056603773585,3.567999827489257,0.2753909142399029,0.015085448697560094,0.00010799504114442283,0.0,0.015085448697560094,0.003222531522650026,0,0,0,9,0,1.0,0.2358490566037736,0.12188261650156741,0.17513248610047075,0.8853340406047732,0.3944066865214143,0.0,0.41509433962264153,0.01307407584698428
191,106,100.0,106,0,99,7,0,0.0,0.6924300172145513,0.6866255984435046,0.1164502122383731,0.5398725122275155,0.3042602549961677,0.8988422330735685,8.349056603773585,3.567999827489257,0.27750458049108584,0.015773615479412133,0.00010820646502428545,0.0,0.015773615479412133,-0.0020979524819101925,0,0,0,7,0,1.0,0.2169811320754717,0.12387908824738912,0.16566321383211424,0.9067920995896718,0.39573841263774423,0.0,0.3773584905660377,0.013093475238542594
192,106,100.0,106,0,99,7,0,0.0,0.698233163029922,0.6923289198381339,0.12327776523882791,0.5403716976549621,0.300602898697047,0.8899059932447856,8.349056603773585,3.567999827489257,0.28253605390263625,0.010051062539857448,0.0001135652960118154,0.0,0.010051062539857448,-0.0013582157314241314,0,0,0,7,0,1.0,0.2358490566037736,0.12850910308784838,0.16975898912002368,0.8889135578299152,0.4031316688798868,0.0,0.41509433962264153,0.013131396435214519
193,106,100.0,106,0,98,8,0,0.0,0.7015307258825861,0.6956446963039093,0.12173304834465755,0.5409477176660816,0.30091380748901125,0.8886902667898544,8.349056603773585,3.567999827489257,0.2803415982957287,0.011369701461063895,0.00010844774975975286,0.0,0.011369701461063895,0.0019334777534763883,0,0,0,8,0,1.0,0.22641509433962265,0.12639733704263348,0.1850361326005252,0.8897542384086471,0.3958980351971972,0.0,0.4150943396226415,0.013158160445979365
194,106,100.0,106,0,101,5,0,0.0,0.7065532858209865,0.7004650123583929,0.12297948612331974,0.541640776379005,0.30000089525565526,0.891345042819061,8.349056603773585,3.567999827489257,0.279608692877918,0.009518379233142185,0.00010730610753292922,0.0,0.009518379233142185,0.0009220086616582246,0,0,0,5,0,1.0,0.18867924528301888,0.12595776770363012,0.1842402256766836,0.8885867188992765,0.3935338730915245,0.0,0.4150943396226415,0.013195637412512118
195,105,99.05660377358491,106,1,98,7,0,0.009433962264150943,0.7099084145271021,0.7008923110255659,0.12242888013079951,0.5424006446764436,0.29605642715825226,0.9069185289490586,8.349056603773585,3.567999827489257,0.28175816977937185,0.0066780287656995965,0.00010487963876485433,0.0,0.0066780287656995965,0.0017853511170394035,0,1,0,7,0,1.0,0.2169811320754717,0.1277449934915483,0.21094782383812072,0.87279721184365,0.38961161973560104,0.009433962264150943,0.39622641509433953,0.013225969105813574
196,105,99.05660377358491,106,0,100,6,0,0.0,0.7110482088877255,0.7018016310714684,0.12509511315808958,0.5430800153988449,0.2899980692853013,0.8876198632333838,8.349056603773585,3.567999827489257,0.2847222067204891,0.05877910716251028,0.00012187229054601951,0.0,0.05877910716251028,-0.0012801967746533989,0,0,0,6,0,0.8333333333333334,0.18867924528301888,0.13024506565076213,0.21085893888560883,0.8797855864980821,0.395512046692351,0.0,0.3962264150943396,0.013243788050718335
197,104,98.11320754716981,106,1,101,4,0,0.009433962264150943,0.7128315585739418,0.7058539204408415,0.12523202447927795,0.5437913463228679,0.2924470746762577,0.8864912500486545,8.349056603773585,3.567999827489257,0.28398448432943635,0.12796648229575233,0.0001581943184923709,0.0,0.12796648229575233,-0.0007091887652140971,0,1,0,4,0,0.6,0.2169811320754717,0.12965856331337017,0.21152230748620104,0.8788976188114085,0.39444094181908346,0.009433962264150943,0.4150943396226415,0.013265394942220426
198,102,96.22641509433963,106,2,98,6,0,0.018867924528301886,0.7145849394240998,0.7063701601268612,0.12521133854433417,0.5445901059902081,0.30045757926190253,0.8971988535903302,8.349056603773585,3.567999827489257,0.2837095060625876,0.06871392243577958,0.00013103078510770088,0.0,0.06871392243577958,0.001901755867840825,0,2,0,6,0,0.625,0.2169811320754717,0.12973202386805888,0.22236084298531655,0.883344571477886,0.38821257504386647,0.018867924528301886,0.47169811320754723,0.013288411718247593
199,102,96.22641509433963,106,0,102,4,0,0.0,0.7121053559520154,0.7042049897170688,0.12111708402579391,0.5452599582025746,0.2996443342831138,0.8800470551160396,8.349056603773585,3.567999827489257,0.2821545697478085,0.008873369775624376,0.00010100939449335383,0.0,0.008873369775624376,0.002276578756231107,0,0,0,4,0,1.0,0.20754716981132076,0.12752525910807413,0.21731076344610414,0.8853639745409504,0.3893312777440541,0.0,0.47169811320754723,0.013287963963778005
200,103,97.16981132075472,106,0,102,4,0,0.0,0.7124108829406856,0.704561625210548,0.128943680979883,0.5459160898921929,0.28804861872977494,0.8618963631574529,8.349056603773585,3.567999827489257,0.28947310913628166,0.005907464571903211,8.826025528238215e-05,0.0,0.005907464571903211,-8.380973206416342e-05,0,0,0,4,0,1.0,0.2169811320754717,0.1342607009790255,0.20354103930562342,0.8814148258289958,0.40387106035067083,0.0,0.4339622641509434,0.013301196987498197
201,103,97.16981132075472,106,0,104,2,0,0.0,0.715010509805459,0.7072459036775535,0.1270801178981009,0.5466254308451155,0.2873723268584395,0.8574731419369885,8.349056603773585,3.567999827489257,0.2867450932539142,0.0073677143302317075,9.412869678501757e-05,0.0,0.0073677143302317075,-0.001400541516378584,0,0,0,2,0,1.0,0.20754716981132076,0.13172292176239084,0.20366390399964998,0.8982380995316427,0.3991358606767838,0.0,0.39622641509433965,0.013326849763810359
202,104,98.11320754716981,106,0,102,4,0,0.0,0.7184105588254754,0.7105468251427571,0.13280577687463532,0.5474036840118084,0.28647105236570874,0.8638531643495291,8.349056603773585,3.567999827489257,0.2912903306651551,0.02258282210907621,8.22099759315787e-05,0.0,0.02258282210907621,0.0005984197641447156,0,0,0,4,0,0.75,0.22641509433962265,0.13615725085590275,0.2065597194215449,0.8790734796692485,0.4008423156918228,0.0,0.39622641509433965,0.013357734044732958
203,106,100.0,106,0,103,3,0,0.0,0.7136884647424053,0.7057480713530933,0.12862794903630712,0.548017193485307,0.2858680806886197,0.8652863931068222,8.349056603773585,3.567999827489257,0.2916703682276567,0.006766885496043267,7.845820111443165e-05,0.0,0.006766885496043267,-0.003333795074298318,0,0,0,3,0,1.0,0.2169811320754717,0.13558925764412846,0.22289511787319197,0.8732424162802032,0.39802481543207807,0.0,0.4339622641509434,0.013345068582795636
204,106,100.0,106,0,103,3,0,0.0,0.7120452388322169,0.7041716366442061,0.12947869575070145,0.5485638151916946,0.2885950626454146,0.8636016057661704,8.349056603773585,3.567999827489257,0.29261417252232724,0.005596005691191525,8.617466233174947e-05,0.0,0.005596005691191525,-0.006872312933566382,0,0,0,3,0,1.0,0.2358490566037736,0.13681231262051607,0.22633816048638397,0.875642138412446,0.3990514021013138,0.0,0.39622641509433965,0.01334660418401516
205,106,100.0,106,0,102,4,0,0.0,0.7131058998859903,0.7051504465298145,0.13182821733186367,0.5491188725845653,0.2869264677186641,0.8798553553965045,8.349056603773585,3.567999827489257,0.2957389478822301,0.0076360773950841735,8.188478579034114e-05,0.0,0.0076360773950841735,-0.0019293780398831062,0,0,0,4,0,1.0,0.25471698113207547,0.1395843668502483,0.2273488477281047,0.882807267895741,0.40056567599038306,0.0,0.39622641509433965,0.013361809712694073
206,106,100.0,106,0,104,2,0,0.0,0.7062165129206485,0.6985883902251765,0.12355226271344398,0.5494668182045124,0.29358272558292836,0.8899391358898947,8.349056603773585,3.567999827489257,0.2905027101558215,0.009710595427394523,8.931183499891131e-05,0.0,0.009710595427394523,0.0024030438231707196,0,0,0,2,0,1.0,0.24528301886792453,0.13457490329918273,0.23050690843870617,0.8956367973430024,0.39775110550199144,0.0,0.39622641509433965,0.013333570127427098
207,106,100.0,106,0,104,2,0,0.0,0.714713812658541,0.7068839410356819,0.1308309105518011,0.5500391373162267,0.2873506924614302,0.8794084534999934,8.349056603773585,3.567999827489257,0.29254174929447396,0.009723533305570603,9.599142085764113e-05,0.0,0.009723533305570603,-0.0010844769565799273,0,0,0,2,0,1.0,0.24528301886792453,0.13729355003855706,0.22440079816200206,0.8735438264957139,0.4011290145531525,0.0,0.4339622641509434,0.013386266798575887
208,106,100.0,106,0,104,2,0,0.0,0.7100708828989215,0.702555974676187,0.12769345193329415,0.5504674986172298,0.2916689818951475,0.8829261692483613,8.349056603773585,3.567999827489257,0.2893767357311199,0.009593378892047477,8.658826387855366e-05,0.0,0.009593378892047477,-0.0007915355785470812,0,0,0,2,0,1.0,0.24528301886792453,0.1346726967550118,0.22518726930185204,0.8770282677634808,0.3951143548396466,0.0,0.39622641509433965,0.0133706941150182
209,105,99.05660377358491,106,1,105,0,0,0.009433962264150943,0.7088237421062454,0.7008678762312407,0.12787401474324775,0.5508551682983331,0.2913892316524895,0.8873303614679361,8.349056603773585,3.567999827489257,0.2876481945968421,0.007845574534371954,0.00012684463541916824,0.0,0.007845574534371954,-0.011618546574557631,0,1,0,0,0,1.0,0.24528301886792453,0.133714062972258,0.20988587473757964,0.894695685499943,0.40188370414304836,0.009433962264150943,0.39622641509433965,0.013371374437831318
210,105,99.05660377358491,106,0,105,1,0,0.0,0.7115017944381826,0.7035846321066226,0.12391079955926666,0.5512837756115772,0.29287339953999375,0.9072362104256657,8.349056603773585,3.567999827489257,0.2849410253961173,0.011500918934278261,8.532623716888656e-05,0.0,0.011500918934278261,0.0011889679050177682,0,0,0,1,0,1.0,0.25471698113207547,0.13025900167012855,0.22133258117605195,0.8972338636750194,0.3972814617220753,0.0,0.39622641509433965,0.013392411053589582
211,105,99.05660377358491,106,0,103,3,0,0.0,0.7177557379277648,0.7097565199810333,0.1365509904769806,0.5518732605755935,0.2819204242012302,0.8728957053243696,8.349056603773585,3.567999827489257,0.29302227658776503,0.005524061810243481,7.338305898412126e-05,0.0,0.005524061810243481,0.0009008891775029171,0,0,0,3,0,1.0,0.25471698113207547,0.13832830945852534,0.21429052955598005,0.8801540095388607,0.41098633841113363,0.0,0.4339622641509434,0.013434197182287081
212,105,99.05660377358491,106,0,102,4,0,0.0,0.7239756736221378,0.7161017203066044,0.14223529889362663,0.5526228301064467,0.2751292207153487,0.8577926976652324,8.349056603773585,3.567999827489257,0.2964866379979607,0.023371727381398345,8.429052738625024e-05,0.0,0.023371727381398345,-0.0009206390494246458,0,0,0,4,0,0.75,0.2358490566037736,0.14132292162701662,0.2059770736576263,0.8930069482350403,0.421557819099232,0.0,0.39622641509433965,0.013478669180542824
213,104,98.11320754716981,106,1,102,3,0,0.009433962264150943,0.7204910009575939,0.7150779627244451,0.1401188821825489,0.5532505607436504,0.28989850234839,0.8812060798819301,8.349056603773585,3.567999827489257,0.29465914004497384,0.023300554926693317,8.63167268472196e-05,0.0,0.023300554926693317,0.0011216056326085605,0,1,0,3,0,0.75,0.2358490566037736,0.14000576573839144,0.21991184049731002,0.8769031800223319,0.4124152166854853,0.009433962264150943,0.41509433962264153,0.013472444531246366
214,105,99.05660377358491,106,0,99,7,0,0.0,0.720632420812704,0.7150907834317192,0.14223334004364613,0.553922132026122,0.283286720318969,0.8706843935908393,8.349056603773585,3.567999827489257,0.29611952999244906,0.01002936932038495,7.705384979824037e-05,0.0,0.01002936932038495,0.0015397492480935249,0,0,0,7,0,1.0,0.24528301886792453,0.1414501582567495,0.2071393364026073,0.8901646171277302,0.415866677572259,0.0,0.4150943396226415,0.013485132461621942
215,105,99.05660377358491,106,0,100,6,0,0.0,0.7229481952829657,0.7174424564509742,0.14701577472098037,0.5546368677978093,0.2794884120214137,0.8643034069811482,8.349056603773585,3.567999827489257,0.29877972575921397,0.013276942314999764,7.996718471645028e-05,0.0,0.013276942314999764,0.0047474458432632165,0,0,0,6,0,1.0,0.2358490566037736,0.14413773584158532,0.19925013242723727,0.8798777976353382,0.42151375832885823,0.0,0.41509433962264153,0.013509462219523656
216,104,98.11320754716981,106,1,101,4,0,0.009433962264150943,0.72012026961704,0.7141633685681695,0.14389344112668145,0.5552524111507716,0.2870486646139096,0.8760682064403517,8.349056603773585,3.567999827489257,0.29720522171057007,0.010878035926159036,7.801833953962462e-05,0.0,0.010878035926159036,0.002051532746297269,0,1,0,4,0,1.0,0.2358490566037736,0.1425206309403169,0.19727198590904435,0.8947926196891487,0.41832686547841,0.009433962264150943,0.37735849056603776,0.013506303884079935
217,104,98.11320754716981,106,0,102,4,0,0.0,0.7240215472507533,0.7180354432729509,0.1453965839557821,0.5559366087806147,0.28730974970472306,0.8699161277957885,8.349056603773585,3.567999827489257,0.296979838600111,0.004931558747590251,7.754683365532848e-05,0.0,0.004931558747590251,5.141739220032582e-06,0,0,0,4,0,1.0,0.2169811320754717,0.14241887656107746,0.20819311541727129,0.8828996682841004,0.4157075543257811,0.0,0.41509433962264153,0.013538016357374746
218,105,99.05660377358491,106,0,104,2,0,0.0,0.7278751742930398,0.7216270757460768,0.15376476658619437,0.5566989137925614,0.2782405347189816,0.8595714980333157,8.349056603773585,3.567999827489257,0.30248687349307146,0.0015539942234100272,6.670567584898418e-05,0.0,0.0015539942234100272,-0.0006912937069976643,0,0,0,2,0,1.0,0.22641509433962265,0.14816944152655384,0.20724981052355268,0.8747002361243545,0.42282139085352205,0.0,0.41509433962264153,0.01357088401334178
219,105,99.05660377358491,106,0,101,5,0,0.0,0.7316246817307842,0.7256259735445807,0.15392202106942646,0.5575481642962384,0.27708642398022154,0.8510462710982168,8.349056603773585,3.567999827489257,0.3014398084390968,0.00465066172380777,6.537815767755398e-05,0.0,0.00465066172380777,-0.0001915048147224152,0,0,0,5,0,1.0,0.22641509433962265,0.14669240518340032,0.20582034039357244,0.8852018973430138,0.42118866169867475,0.0,0.41509433962264153,0.013604782178783574
220,105,99.05660377358491,106,0,103,3,0,0.0,0.7330466953761561,0.7269733999294755,0.16131423755166616,0.5584055744802803,0.2717654169153368,0.8416697374213511,8.349056603773585,3.567999827489257,0.304527935882031,0.001444036665777454,5.032936992207163e-05,0.0,0.001444036665777454,-0.005409857392346766,0,0,0,3,0,1.0,0.2358490566037736,0.1509048390425987,0.2089937022610346,0.8695647906029935,0.4249215450422941,0.0,0.4528301886792453,0.013627188443954177
221,106,100.0,106,0,103,3,0,0.0,0.7339762338882528,0.7279644529900386,0.1632712491290553,0.5592606808876277,0.26866047114537966,0.8410331634973213,8.349056603773585,3.567999827489257,0.3053475559691501,0.0020766742275764873,7.088028877943351e-05,0.0,0.0020766742275764873,-0.001435089338390677,0,0,0,3,0,1.0,0.2358490566037736,0.15174303241511908,0.21091795454937454,0.8858585740805487,0.4258436629499065,0.0,0.41509433962264153,0.013647091234084165
222,106,100.0,106,0,102,4,0,0.0,0.7326330190935304,0.7266648882272754,0.15841778155393219,0.5600481823250412,0.277033064586565,0.8567815658995961,8.349056603773585,3.567999827489257,0.3038245083807747,0.002650237433927279,6.573293761527794e-05,0.0,0.002650237433927279,-0.0033265035304780866,0,0,0,4,0,1.0,0.24528301886792453,0.14952238186095143,0.21814974431188347,0.8919530472223065,0.42431004831812624,0.0,0.3584905660377359,0.013654424185074747
223,106,100.0,106,0,103,3,0,0.0,0.7322491379151326,0.7260295593112036,0.1590681348008923,0.5607894508848228,0.27689591706071914,0.8417678674766841,8.349056603773585,3.567999827489257,0.30511160120867986,0.04366865987091142,8.505359773284486e-05,0.0,0.04366865987091142,-0.005224117295246124,0,0,0,3,0,0.6666666666666666,0.2641509433962264,0.15093517544845686,0.21049552797413962,0.8668802417320094,0.4288753374350918,0.0,0.41509433962264153,0.013665729009649878
224,106,100.0,106,0,102,4,0,0.0,0.7377993417855018,0.7315074672387485,0.16718663784839075,0.561660632379994,0.2692572555034902,0.8230290076804854,8.349056603773585,3.567999827489257,0.30870167786272806,0.004911678754658845,7.571854043833724e-05,0.0,0.004911678754658845,-0.004194522608591371,0,0,0,4,0,1.0,0.2641509433962264,0.15478091628125293,0.21022111087741327,0.8676103139543315,0.4357601950507273,0.0,0.4528301886792453,0.013709021906124136
225,106,100.0,106,0,102,4,0,0.0,0.7427180474124699,0.7362598211662839,0.17265424044121547,0.5626363813048695,0.26301011184324996,0.8125578441606487,8.349056603773585,3.567999827489257,0.31074014293024455,0.00451746152152901,7.667300153783863e-05,0.0,0.00451746152152901,-0.004228050321688645,0,0,0,4,0,1.0,0.24528301886792453,0.15722063530169206,0.21681063244228788,0.86376883087559,0.4358692842787953,0.0,0.4528301886792453,0.01375102279423712
226,106,100.0,106,0,101,5,0,0.0,0.7403340074338522,0.7339500291324056,0.1657926187451284,0.5635113848091612,0.27391713897242725,0.8404336415648339,8.349056603773585,3.567999827489257,0.30721970031131574,0.003953163185595386,7.204842408513342e-05,0.0,0.003953163185595386,-0.003958878476663813,0,0,0,5,0,1.0,0.2358490566037736,0.1530175278682109,0.22420886010015104,0.8575981425951782,0.4277568697531148,0.0,0.4528301886792453,0.01375471265610586
227,106,100.0,106,0,100,6,0,0.0,0.7355948041414406,0.72935682891607,0.1581740261797789,0.5642240598892933,0.27615291671900283,0.8437651188964501,8.349056603773585,3.567999827489257,0.30455873511424003,0.004842479691565972,7.009911161732308e-05,0.0,0.004842479691565972,0.0019296780115813882,0,0,0,6,0,1.0,0.2358490566037736,0.14962789849231412,0.2219180489357344,0.8600560600788012,0.42566893284783724,0.0,0.41509433962264153,0.013743730762458637
228,106,100.0,106,0,99,7,0,0.0,0.7444025116749269,0.7381443493099134,0.1621928127320104,0.5651621376937899,0.2727014238883427,0.8442996065320909,8.349056603773585,3.567999827489257,0.305544083026962,0.004537139770968083,7.872326527545412e-05,0.0,0.004537139770968083,0.0006527894472589034,0,0,0,7,0,1.0,0.22641509433962265,0.1500715952868224,0.2143788452920139,0.8735885842138578,0.42635339143201967,0.0,0.41509433962264153,0.013804504607349145
229,106,100.0,106,0,101,5,0,0.0,0.7476476096388366,0.7415379233430692,0.16537631091810462,0.5661636110563593,0.27244763720634096,0.8423488403191572,8.349056603773585,3.567999827489257,0.30511415629080973,0.0019430387570646072,7.265737527777066e-05,0.0,0.0019430387570646072,-0.0026553984698882093,0,0,0,5,0,1.0,0.24528301886792453,0.15040200565192016,0.21299670069487533,0.8587595731956397,0.4296879538421171,0.0,0.41509433962264153,0.013838596381093107
230,106,100.0,106,0,101,5,0,0.0,0.7439135652807582,0.7381117952736433,0.16081789002578267,0.5670315564561945,0.2798511021380664,0.8533401968804586,8.349056603773585,3.567999827489257,0.3007247371830002,0.0017658269364482972,7.430386393868628e-05,0.0,0.0017658269364482972,-0.001922868284022189,0,0,0,5,0,1.0,0.2169811320754717,0.14679344010706458,0.20362561836518678,0.8812121729893669,0.42472866914841284,0.0,0.37735849056603776,0.013835410304487126
231,106,100.0,106,0,102,4,0,0.0,0.7513498472282676,0.7453301216732385,0.17448638336005434,0.5680745734644492,0.273927090776286,0.8394055510932361,8.349056603773585,3.567999827489257,0.3073808354008509,0.03520418446567905,7.87400874767165e-05,0.0,0.03520418446567905,-0.0011434686890263862,0,0,0,4,0,0.75,0.24528301886792453,0.15429201892190358,0.2016210482742183,0.8945424007516802,0.4337660330750823,0.0,0.3584905660377359,0.013891199136752278
232,106,100.0,106,0,103,3,0,0.0,0.7461604457553123,0.7402384977720216,0.16462820398228925,0.5689350403220393,0.28716086601712026,0.8736084955993135,8.349056603773585,3.567999827489257,0.3030867835005415,0.045543336916033156,0.00011362214186133806,0.0,0.045543336916033156,-0.0013783471189186731,0,0,0,3,0,0.6666666666666666,0.2358490566037736,0.14917368573655976,0.20505862571924435,0.8875883405336362,0.42456833945856165,0.0,0.3584905660377359,0.013880602857384712
233,106,100.0,106,0,105,1,0,0.0,0.7391958694180673,0.7333747670219722,0.15698948258948658,0.5695688874025779,0.2945308791601836,0.8820702358037166,8.349056603773585,3.567999827489257,0.29848702127453386,0.0017161035378546814,9.307348736661836e-05,0.0,0.0017161035378546814,-0.00938213225277068,0,0,0,1,0,1.0,0.22641509433962265,0.1449103735964756,0.19899552544370738,0.8632990660797215,0.4209202674866674,0.0,0.39622641509433965,0.013857087807068567
234,106,100.0,106,0,103,3,0,0.0,0.7360342848940848,0.730349616159256,0.1581469067892636,0.570093768918326,0.29413396168264044,0.8831997943858796,8.349056603773585,3.567999827489257,0.2992810137926638,0.002303221782618012,7.678783165353046e-05,0.0,0.002303221782618012,0.0028462599740301706,0,0,0,3,0,1.0,0.24528301886792453,0.14609211287354687,0.19190233812193966,0.8819064584057597,0.4245177903600189,0.0,0.3584905660377359,0.013850643770236863
235,106,100.0,106,0,102,4,0,0.0,0.7443049046130479,0.7383852478388616,0.1730301857924192,0.5708292917220705,0.28566242313816553,0.8681400136496275,8.349056603773585,3.567999827489257,0.3063918251857922,0.003391149636918503,9.067644315641965e-05,0.0,0.003391149636918503,0.0034121292468168862,0,0,0,4,0,1.0,0.2358490566037736,0.15413923357101533,0.18961840846763148,0.870552132493994,0.43682842533041305,0.0,0.37735849056603776,0.013905118595016051
236,106,100.0,106,0,100,6,0,0.0,0.7422344183040804,0.7363703361346393,0.17334695313182724,0.5714810574365417,0.28851520704796246,0.8747560941827961,8.349056603773585,3.567999827489257,0.3068115386048591,0.022420009764344467,8.648913955306212e-05,0.0,0.022420009764344467,0.00313879048610489,0,0,0,6,0,0.8333333333333334,0.2830188679245283,0.15487673994159873,0.19787121896550938,0.8646021790604606,0.43751994129532557,0.0,0.37735849056603776,0.013906393663255197
237,105,99.05660377358491,106,1,101,4,0,0.009433962264150943,0.7510935336654561,0.7445472646007606,0.1746122751475999,0.5723640733275207,0.29145568097227376,0.8695556438190467,8.349056603773585,3.567999827489257,0.3044242684849958,0.027328239536948275,8.103065507154906e-05,0.0,0.027328239536948275,0.0030204026563229016,0,1,0,4,0,0.8,0.25471698113207547,0.15265912738419535,0.20038684654746394,0.8883243579865512,0.4336802149748216,0.009433962264150943,0.3207547169811321,0.013966442242795493
238,105,99.05660377358491,106,0,103,3,0,0.0,0.7618287251627046,0.7548719652425044,0.17764395882223433,0.5734891885126782,0.28900167298686064,0.8612803663466753,8.349056603773585,3.567999827489257,0.30606002434271096,0.047486663372196196,0.0001109795114464196,0.0,0.047486663372196196,-0.0020845246500997374,0,0,0,3,0,0.6666666666666666,0.2169811320754717,0.15347518029244478,0.206456331089843,0.8900241255355867,0.4317684390134279,0.0,0.30188679245283023,0.014040190254214472
239,105,99.05660377358491,106,0,102,4,0,0.0,0.7551004824366568,0.7481159110589471,0.17016505513555102,0.5743813147886787,0.29794095205189824,0.8714647288217549,8.349056603773585,3.567999827489257,0.30449054381993146,0.03321747461508122,9.620410725796584e-05,0.0,0.03321747461508122,0.0008706067528425759,0,0,0,4,0,0.75,0.24528301886792453,0.15131079565280037,0.22138431939872322,0.8798212601118254,0.42642029846755874,0.0,0.339622641509434,0.014022464572578575
240,105,99.05660377358491,106,0,100,6,0,0.0,0.7562284083876722,0.7494243325446608,0.17759863100487955,0.5752789575817728,0.29313845795386523,0.8715335642809804,8.349056603773585,3.567999827489257,0.30523092576737243,0.04303135745798675,9.339813049806554e-05,0.0,0.04303135745798675,0.0008716783014099163,0,0,0,6,0,0.8333333333333334,0.22641509433962265,0.15377075603625665,0.21403388587947894,0.9040840908028318,0.43031135703081763,0.0,0.3207547169811321,0.014044118148988188
241,105,99.05660377358491,106,0,100,6,0,0.0,0.7588372977872504,0.7518254442275,0.18607465504593573,0.5762131098101192,0.287059861409204,0.8668732097352295,8.349056603773585,3.567999827489257,0.3089976915663277,0.04089548553154456,7.390041765590291e-05,0.0,0.04089548553154456,5.16367552916841e-05,0,0,0,6,0,0.6666666666666666,0.22641509433962265,0.15822416613454332,0.21821347310258526,0.8853292176246907,0.43494680600282526,0.0,0.339622641509434,0.01407382787093402
242,106,100.0,106,0,100,6,0,0.0,0.7635338057918851,0.7562100231565895,0.18989667766754714,0.5772390849034705,0.28808008403543656,0.8685568449689511,8.349056603773585,3.567999827489257,0.3105278669616549,0.038919992838162304,9.583738881057981e-05,0.0,0.038919992838162304,-0.002502515064618118,0,0,0,6,0,0.8333333333333334,0.20754716981132076,0.1600736448459309,0.23508751083286994,0.8817949245279155,0.43323536086175507,0.0,0.3584905660377359,0.014115613805737623
243,106,100.0,106,0,100,6,0,0.0,0.7594814999353624,0.7520196868248283,0.19176229949405524,0.5781088442527903,0.2875031624091109,0.8710045320051121,8.349056603773585,3.567999827489257,0.31185849766560825,0.04268523497332508,9.0407647339764e-05,0.0,0.04268523497332508,0.0011614153763294065,0,0,0,6,0,0.8333333333333334,0.2169811320754717,0.16246177290528246,0.2305304417045137,0.8838446968346717,0.4366439018332743,0.0,0.3584905660377359,0.01411086878249666
244,105,99.05660377358491,106,1,100,5,0,0.009433962264150943,0.7593145988002395,0.7515887888113401,0.1925065581332055,0.5789394621687622,0.29614706010760455,0.8874922692971418,8.349056603773585,3.567999827489257,0.3092228977681204,0.044364051122304966,8.568143597086673e-05,0.0,0.044364051122304966,0.0035340499159607214,0,1,0,5,0,0.6666666666666666,0.2169811320754717,0.1616607548294194,0.234405839209304,0.8835484345803931,0.43110731552479936,0.009433962264150943,0.339622641509434,0.014124852499725532
245,104,98.11320754716981,106,1,102,3,0,0.009433962264150943,0.7578378813367707,0.7514135304490827,0.18141923619776446,0.5796982559102488,0.30520480082782636,0.9016081858585863,8.349056603773585,3.567999827489257,0.3041583403594643,0.06931567573843007,0.00011817561693326593,0.0,0.06931567573843007,0.0021169506470209154,0,1,0,3,0,0.5,0.18867924528301888,0.1551363389049827,0.2539714978837677,0.872348037181811,0.41767229887971385,0.009433962264150943,0.3584905660377359,0.014131005792101808
246,104,98.11320754716981,106,0,99,7,0,0.0,0.7625661441018659,0.7560702558836122,0.19808818414883744,0.5805958914799128,0.30014562566052977,0.8918852839292111,8.349056603773585,3.567999827489257,0.30769008736602776,0.05558939602586937,0.0001357472719104442,0.0,0.05558939602586937,-0.001739263181860351,0,0,0,7,0,0.5714285714285714,0.1792452830188679,0.1617480015931387,0.23649729487749782,0.8792081324968404,0.4286360649361231,0.0,0.3584905660377359,0.01417066092371583
247,102,96.22641509433963,106,2,99,5,0,0.018867924528301886,0.7669232174389121,0.7620115143069045,0.20853677269604917,0.5815774403187229,0.30033935153221636,0.8916647884405601,8.349056603773585,3.567999827489257,0.3090097945978274,0.05308078795382988,0.00012183798898332605,0.0,0.05308078795382988,-0.001684761977837306,0,2,0,5,0,0.7142857142857143,0.16981132075471697,0.16473311766818105,0.2349717449530836,0.8614383376579705,0.4286428178958014,0.018867924528301886,0.339622641509434,0.014209957120838796
248,100,94.33962264150944,106,2,98,5,1,0.018867924528301886,0.7634561457172495,0.754215233465619,0.20462442476589246,0.5824684466315326,0.3192877359779707,0.916215253564984,8.349056603773585,3.567999827489257,0.31362219044910167,0.1583090868643567,0.0002567269136469424,0.125,0.13628640469027944,-0.003618874566110531,0,3,0,5,0,0.375,0.20754716981132076,0.16893921478925847,0.2536034905871925,0.8729351845072957,0.4206642373081971,0.018867924528301886,0.3584905660377359,0.014208517314082469
249,101,95.28301886792453,106,0,103,3,0,0.0,0.7733763447785241,0.7634178933659953,0.2167341023526212,0.5834769727551968,0.3130376011393022,0.9098181821031918,8.349056603773585,3.567999827489257,0.31371989988863924,0.020517621509167357,0.000130683559604711,0.0,0.020517621509167357,-0.008416878630313429,0,0,0,3,0,0.6666666666666666,0.1792452830188679,0.17127613941978856,0.2408874779005589,0.8761258613917144,0.4208574735144516,0.0,0.3584905660377359,0.014276110414565103
250,102,96.22641509433963,106,0,103,3,0,0.0,0.7752337306976488,0.7649504882675022,0.20539331177653164,0.584493261055262,0.3189697146071546,0.9162566555934902,8.349056603773585,3.567999827489257,0.31212824398788586,0.020737986632340805,0.00012040811859910554,0.0,0.020737986632340805,-0.0038199984929963757,0,0,0,3,0,0.6666666666666666,0.20754716981132076,0.16697742932679085,0.26785214368180477,0.8629413354022443,0.4145321639810119,0.0,0.3584905660377359,0.014303527926557284
251,101,95.28301886792453,106,1,102,3,0,0.009433962264150943,0.7780792112664018,0.7675238251871512,0.200887066258786,0.5855520929587273,0.32475382245368384,0.9240245204005201,8.349056603773585,3.567999827489257,0.308862466544765,0.0667079142708438,0.00014425936224651974,0.0,0.0667079142708438,-0.00038921425558605116,0,1,0,3,0,0.5,0.2169811320754717,0.1632713833805424,0.2698699692439119,0.8550162216580712,0.4061897257139516,0.009433962264150943,0.39622641509433965,0.014336644889645573
252,103,97.16981132075472,106,0,102,4,0,0.0,0.7796523945032686,0.7694271217390276,0.19640644637493085,0.5866221219931435,0.3262133806315199,0.9219067402963399,8.349056603773585,3.567999827489257,0.30598662861086945,0.015169057914113427,0.000110876144529334,0.0,0.015169057914113427,-0.004469996076552893,0,0,0,4,0,0.75,0.19811320754716982,0.15916141280875232,0.2631982636349247,0.8536609605927005,0.4033264975436081,0.0,0.39622641509433965,0.014363600122880932
253,105,99.05660377358491,106,0,102,4,0,0.0,0.7805723393854616,0.7702756321727223,0.20637740116116146,0.5876781922741059,0.3221397244401841,0.9178800232517472,8.349056603773585,3.567999827489257,0.30899077812069375,0.015380110766283343,0.00012346242249238284,0.0,0.015380110766283343,-0.0034950153101232923,0,0,0,4,0,0.75,0.19811320754716982,0.1636870599724826,0.24496801653623018,0.8678753832904009,0.4095498395012568,0.0,0.3207547169811321,0.01438704014019335
254,105,99.05660377358491,106,0,100,6,0,0.0,0.7776287427738543,0.767783034326163,0.1981182734638885,0.5886254332597732,0.32588383495395856,0.9210241465599561,8.349056603773585,3.567999827489257,0.3058466667018096,0.01993785786238692,0.00011285917514403239,0.0,0.01993785786238692,-0.0022139383464195397,0,0,0,6,0,0.6666666666666666,0.1792452830188679,0.15899638897759175,0.23418379687311427,0.8702367648470479,0.4102780418151416,0.0,0.339622641509434,0.014389220935502572
255,105,99.05660377358491,106,0,102,4,0,0.0,0.7870329368263911,0.7770058355492523,0.21726477483742498,0.5898021323140896,0.31499809863666883,0.909053419377872,8.349056603773585,3.567999827489257,0.3101725794380239,0.015442209283365677,0.00011538869143861707,0.0,0.015442209283365677,-0.005213491484052493,0,0,0,4,0,0.75,0.1792452830188679,0.16576486993442524,0.21846935019583186,0.8722227415692425,0.41839491927285394,0.0,0.339622641509434,0.014457234215879295
256,106,100.0,106,0,104,2,0,0.0,0.7951766759562358,0.7848361685950406,0.22486395241439505,0.5911603557638304,0.3113941682527032,0.9042362491077003,8.349056603773585,3.567999827489257,0.31229152666873516,0.0068375680525635096,0.00011676858238965015,0.0,0.0068375680525635096,-0.0025746462466576803,0,0,0,2,0,1.0,0.16981132075471697,0.1678995604568263,0.22296592820840186,0.8970365880267541,0.4157077581406537,0.0,0.3207547169811321,0.014522183616700352
257,106,100.0,106,0,103,3,0,0.0,0.7963060041168931,0.7860036066347262,0.22554364205798313,0.5925034411530213,0.30951372141576794,0.9028718729649259,8.349056603773585,3.567999827489257,0.3114793525832693,0.02235525025467931,0.00012154370148048177,0.0,0.02235525025467931,-0.002801174030775566,0,0,0,3,0,0.6666666666666666,0.1792452830188679,0.16713242938403003,0.22333263984927731,0.8960791523993444,0.4141221763962974,0.0,0.3207547169811321,0.014551790899688322
258,106,100.0,106,0,103,3,0,0.0,0.8002041081049923,0.7898910821728264,0.2318520093645598,0.5939095693542371,0.30071899630106347,0.8892039928080218,8.349056603773585,3.567999827489257,0.3121758850740515,0.08045807703334579,0.00010871659760492565,0.0,0.08045807703334579,0.0037135164400885303,0,0,0,3,0,0.6666666666666666,0.19811320754716982,0.1683116542153021,0.21829734535261938,0.8944736421714314,0.4168363773533233,0.0,0.3584905660377358,0.014596366745525648
259,105,99.05660377358491,106,1,103,2,0,0.009433962264150943,0.8051549537194749,0.7948521010635021,0.22496799151122962,0.5954015399519633,0.3072704830822127,0.8970723663548791,8.349056603773585,3.567999827489257,0.30840597199403086,0.08352705243780038,0.00014580537997960411,0.0,0.08352705243780038,0.0016768826155952137,0,1,0,2,0,0.6666666666666666,0.16981132075471697,0.1634736950345548,0.22886735255701993,0.894279063403236,0.41400091913397347,0.009433962264150943,0.3584905660377358,0.01464773772777459
260,105,99.05660377358491,106,0,103,3,0,0.0,0.8118614839620787,0.8011412428594027,0.2400955788267279,0.597025388564144,0.3099227841048546,0.9044044671129422,8.349056603773585,3.567999827489257,0.31076434268364284,0.10645265170424138,0.00014736854690221006,0.0,0.10645265170424138,0.0004843904689426637,0,0,0,3,0,0.6666666666666666,0.1792452830188679,0.1683799640362605,0.23258858031788282,0.8904962403391984,0.41333708222427823,0.0,0.3773584905660377,0.014710239836828256
261,104,98.11320754716981,106,1,102,3,0,0.009433962264150943,0.8161646198225518,0.8064639807911045,0.24740978528852248,0.598708780316658,0.29890186988502504,0.8901930930975993,8.349056603773585,3.567999827489257,0.31610134401526313,0.09353757916509332,0.00015026084224106475,0.0,0.09353757916509332,-0.00261075559153634,0,1,0,3,0,0.5,0.1792452830188679,0.17324816578940766,0.23981934070209932,0.892127521072577,0.4149708019349932,0.009433962264150943,0.37735849056603776,0.014761787223543456
262,103,97.16981132075472,106,1,103,2,0,0.009433962264150943,0.8155391883235424,0.8056553910865171,0.2527207840001167,0.6003427675984434,0.30134651478705304,0.8913595549383668,8.349056603773585,3.567999827489257,0.31894671476581893,0.021091024086277027,0.00010501135082924681,0.0,0.021091024086277027,-0.0021997513281537726,0,1,0,2,0,0.6666666666666666,0.16037735849056603,0.17684730916661154,0.2525003944193369,0.888891456220823,0.4121746589831115,0.009433962264150943,0.3584905660377358,0.014787810397746059
263,103,97.16981132075472,106,0,103,3,0,0.0,0.8220831695843129,0.8119068978605226,0.26595262485807564,0.602097608058216,0.29708300207445093,0.8846698499103569,8.349056603773585,3.567999827489257,0.3263505088676899,0.004220350687239115,8.519544160960191e-05,0.0,0.004220350687239115,0.0018081415954936213,0,0,0,3,0,1.0,0.16037735849056603,0.1842628330173686,0.25678074480789487,0.8936461101463224,0.4209120781834687,0.0,0.3584905660377358,0.014851836656338609
264,104,98.11320754716981,106,0,102,4,0,0.0,0.8203116525990647,0.8105253853757682,0.2664271623107738,0.6037504019229533,0.2985928939692268,0.8791108358623128,8.349056603773585,3.567999827489257,0.32420510532307856,0.08466207929421783,0.00011316941349215383,0.0,0.08466207929421783,5.925087711106808e-05,0,0,0,4,0,0.5,0.16037735849056603,0.18206996703596617,0.24570622295708738,0.8936461101463224,0.4164497934093561,0.0,0.3584905660377358,0.014872464912533658
265,104,98.11320754716981,106,0,103,3,0,0.0,0.8215266399298622,0.8118368097881858,0.2505708012606204,0.6053816574020661,0.3028290953569324,0.8819794906112771,8.349056603773585,3.567999827489257,0.3194484119822909,0.004096032292205042,7.765959851895384e-05,0.0,0.004096032292205042,0.0016153382789410031,0,0,0,3,0,1.0,0.16981132075471697,0.17462533601217445,0.25198223945036813,0.8832022304921532,0.41408534158468263,0.0,0.3584905660377359,0.014907641445527971
266,105,99.05660377358491,106,0,101,5,0,0.0,0.8281385943913935,0.8185056315968869,0.2641312630831414,0.6071450645290022,0.30001312617641485,0.8847196559787083,8.349056603773585,3.567999827489257,0.3192564337181889,0.0388302530598527,0.00010445446995547922,0.0,0.0388302530598527,0.0009527575074145145,0,0,0,5,0,0.8,0.16981132075471697,0.17671842323417178,0.236408920821915,0.8862650463491504,0.4150402892683161,0.0,0.39622641509433965,0.014972160399459136
267,106,100.0,106,0,101,5,0,0.0,0.8327795559708205,0.8228786707138473,0.27255172053000004,0.6089703773152105,0.29249053906813255,0.8823134157127814,8.349056603773585,3.567999827489257,0.3224942695605544,0.04542485931571451,0.00012100133500475552,0.0,0.04542485931571451,-0.0014994129316402648,0,0,0,5,0,0.6,0.1792452830188679,0.18021461006673012,0.23631358478688724,0.8939267725564926,0.4220208907406131,0.0,0.3584905660377358,0.015027928785887799
268,106,100.0,106,0,101,5,0,0.0,0.8363306711913101,0.8264183679656218,0.2682880696672816,0.6108316000578254,0.2986179137641355,0.8929701967982875,8.349056603773585,3.567999827489257,0.3220539382095502,0.06682431508253986,0.00012391826200387242,0.0,0.06682431508253986,0.0018124833528582907,0,0,0,5,0,0.6,0.18867924528301888,0.17856639578735842,0.24640542895315026,0.8916422952478209,0.41968443562955543,0.0,0.3584905660377358,0.015078888574113089
269,105,99.05660377358491,106,1,102,3,0,0.009433962264150943,0.8405022711590358,0.8295376684229878,0.30339022278837613,0.6127510685297184,0.28537862241701095,0.8812807080927797,8.349056603773585,3.567999827489257,0.32963894896425905,0.11986729801760153,0.00016581946762896498,0.0,0.11986729801760153,-0.0005048542467730247,0,1,0,3,0,0.5,0.20754716981132076,0.19091178226984942,0.2231388210872811,0.8764780352477785,0.433885428091913,0.009433962264150943,0.3584905660377358,0.015133989889834646
270,105,99.05660377358491,106,0,101,5,0,0.0,0.8437670742023005,0.8328318470322801,0.2905759031010558,0.6146604625539492,0.2913433142134176,0.8883776198072412,8.349056603773585,3.567999827489257,0.3277770434113161,0.07250168471384115,0.00012385487754610068,0.0,0.07250168471384115,-0.0014331991994120052,0,0,0,5,0,0.6,0.19811320754716982,0.1865042091865247,0.2295069222768657,0.8892055478635676,0.4317520402712912,0.0,0.32075471698113206,0.015184377492796292
271,104,98.11320754716981,106,1,101,4,0,0.009433962264150943,0.843485683615959,0.8343935098836411,0.2820540869612613,0.6164906867320773,0.30357356403188646,0.9127870817635606,8.349056603773585,3.567999827489257,0.3271058435838077,0.07817087026000039,0.00011322456210822104,0.0,0.07817087026000039,0.0014570642697527224,0,1,0,4,0,0.6,0.1792452830188679,0.1841846818423583,0.248168763471536,0.8823733776318985,0.4254778472572734,0.009433962264150943,0.32075471698113206,0.015215621737623723
272,103,97.16981132075472,106,1,102,3,0,0.009433962264150943,0.8447227435185726,0.8361686385003717,0.2894394154086463,0.6183388521356341,0.30280398671790976,0.9147228567793594,8.349056603773585,3.567999827489257,0.3278560667328867,0.06297924458013887,0.00011422672015351423,0.0,0.06297924458013887,-0.00038508736553517775,0,1,0,3,0,0.75,0.16981132075471697,0.18673200290821657,0.24727283855130616,0.8803697251063984,0.42695658494269173,0.009433962264150943,0.32075471698113206,0.015254778306342101
273,102,96.22641509433963,106,1,102,3,0,0.009433962264150943,0.8534257071685202,0.8475431228082125,0.30236834304006227,0.62039457106718,0.30699381528707054,0.9156402880325766,8.349056603773585,3.567999827489257,0.331006858986304,0.0609208342853419,7.943553706587849e-05,0.0,0.0609208342853419,0.006909760829933484,0,1,0,3,0,0.75,0.18867924528301888,0.1903377462706082,0.24692668776830934,0.8955607827793031,0.433110814822858,0.009433962264150943,0.3018867924528302,0.015334967148557449
274,102,96.22641509433963,106,1,99,5,1,0.009433962264150943,0.8631990883791583,0.8553365325376092,0.30367068725075375,0.622725511534563,0.3046828870855884,0.9124317595591738,8.349056603773585,3.567999827489257,0.3324306584091916,0.08448253481494065,0.00012002409417312851,0.0,0.08448253481494065,0.005525455052632106,0,2,0,5,0,0.5714285714285714,0.19811320754716982,0.19028247520239558,0.25015745714651483,0.899289869583799,0.43369218487889755,0.009433962264150943,0.3207547169811321,0.015425418030538193
275,102,96.22641509433963,106,0,102,4,0,0.0,0.866875928513593,0.8587405575098452,0.3112034158564137,0.6250185556457035,0.30324955174058915,0.9114901259236095,8.349056603773585,3.567999827489257,0.33425247495399324,0.006065985227458187,0.00012529530080584503,0.0,0.006065985227458187,-0.007483437355237432,0,0,0,4,0,1.0,0.19811320754716982,0.19250480364079453,0.24799829665314688,0.8808976411638842,0.43723901857610054,0.0,0.32075471698113206,0.01548471013617524
276,103,97.16981132075472,106,0,101,5,0,0.0,0.8711073377432457,0.8627469064765835,0.2976183903738167,0.6273441411662917,0.3081421747998939,0.9104624074443544,8.349056603773585,3.567999827489257,0.33270995168872375,0.0717260577020131,0.00012600820747538604,0.0,0.0717260577020131,0.0017748121738614397,0,0,0,5,0,0.8,0.20754716981132076,0.18796002238509568,0.2660966831779661,0.902446521325106,0.433977643648683,0.0,0.3207547169811321,0.015547355626004853
277,104,98.11320754716981,106,0,102,4,0,0.0,0.86718493540019,0.8588014835274712,0.2935437176868674,0.6294741316523027,0.3123121904029776,0.9231312428587561,8.349056603773585,3.567999827489257,0.3299403572945263,0.07742689994183573,0.00011324618972107528,0.0,0.07742689994183573,0.0029843206525859978,0,0,0,4,0,0.75,0.19811320754716982,0.18600231856704055,0.25766753101054296,0.8660484254782659,0.4299600449789442,0.0,0.3207547169811321,0.015565742642722782
278,104,98.11320754716981,106,1,101,4,0,0.009433962264150943,0.8689324723791482,0.8577414252527554,0.29300136451166364,0.6315767030990855,0.3101461385734648,0.9180646303081603,8.349056603773585,3.567999827489257,0.32917220108235923,0.06450833777505907,0.00011544429330621618,0.0,0.06450833777505907,0.004917239959553521,0,1,0,4,0,0.8,0.1792452830188679,0.18577052321814913,0.2526273491170698,0.9085653315195751,0.43346116478170676,0.009433962264150943,0.32075471698113206,0.015611990200414597
279,105,99.05660377358491,106,0,101,5,0,0.0,0.8779334503513095,0.866848947353513,0.30254301716017923,0.6337853825789804,0.29986034969132447,0.904692205264446,8.349056603773585,3.567999827489257,0.3331077782460199,0.014227242779320432,8.464904963127341e-05,0.0,0.014227242779320432,-0.003765912611602146,0,0,0,5,0,1.0,0.16981132075471697,0.18902654393141755,0.24700780939688316,0.893902928254483,0.44222767801300705,0.0,0.32075471698113206,0.015696397930291622
280,105,99.05660377358491,106,0,100,6,0,0.0,0.8722068164888562,0.8609293739876548,0.3059750118906277,0.6357462880848574,0.2954827444532199,0.8969811661152629,8.349056603773585,3.567999827489257,0.33675416517688284,0.035987931276268245,0.00011802237317716368,0.0,0.035987931276268245,-0.0013469626102654102,0,0,0,6,0,0.8333333333333334,0.16981132075471697,0.19342264936894385,0.2421960168739773,0.8717962595800385,0.4447881774762393,0.0,0.32075471698113206,0.015702747313512816
281,105,99.05660377358491,106,0,101,5,0,0.0,0.8784721937800348,0.8667962998715868,0.31968318122111394,0.6378046940100015,0.2912504162619275,0.8905019453427782,8.349056603773585,3.567999827489257,0.3412180912667404,0.038341441671069745,8.93995737250492e-05,0.0,0.038341441671069745,0.0054531932583098295,0,0,0,5,0,0.8,0.16037735849056603,0.1987507678674725,0.23636513266821724,0.9018553246304069,0.4514616282107136,0.0,0.33962264150943394,0.015770796159897793
282,105,99.05660377358491,106,0,102,4,0,0.0,0.8796636196783953,0.8676833921484496,0.32428838497028695,0.6398149771760141,0.29501036504524714,0.9084758667058158,8.349056603773585,3.567999827489257,0.34144190978340605,0.05275449956882314,0.00011715294600936156,0.0,0.05275449956882314,0.0014243411274483253,0,0,0,4,0,0.75,0.16981132075471697,0.2003080203905174,0.2406871946900797,0.910053272647315,0.4503896586525827,0.0,0.33962264150943394,0.015812616739337284
283,106,100.0,106,0,101,5,0,0.0,0.8784179225226258,0.8665217718668307,0.32540187060536185,0.6417203761544157,0.29738952882937303,0.9102335108510351,8.349056603773585,3.567999827489257,0.34138247316986936,0.09256998061382948,0.00013673615620214853,0.0,0.09256998061382948,-0.0019733693325148017,0,0,0,5,0,0.6,0.1792452830188679,0.20040124560243536,0.2361926319854321,0.9011213684284147,0.4517467151735647,0.0,0.33962264150943394,0.015840380569689613
284,106,100.0,106,0,102,4,0,0.0,0.8812964079281548,0.8690265464947781,0.34133124315573826,0.6436292867840783,0.2903103178151784,0.89571651293657,8.349056603773585,3.567999827489257,0.3465581935139235,0.11037634559831674,0.00011221472775251504,0.0,0.11037634559831674,0.004579904817605111,0,0,0,4,0,0.5,0.19811320754716982,0.20746397213682485,0.23843728343185833,0.9079822492477209,0.45878192273736285,0.0,0.3018867924528302,0.0158888279607039
285,106,100.0,106,0,103,3,0,0.0,0.8754803133647249,0.8634819129495346,0.32215676194025594,0.6453118214735043,0.2965413952883972,0.9019847114510205,8.349056603773585,3.567999827489257,0.3454014743949725,0.062199473953023166,0.0001769139018837179,0.0,0.062199473953023166,-0.005416144263242402,0,0,0,3,0,0.6666666666666666,0.19811320754716982,0.20344782190483718,0.24537624199812474,0.9155414256981129,0.4560951668888976,0.0,0.3018867924528302,0.015889763905294833
286,106,100.0,106,0,100,6,0,0.0,0.8775524750163219,0.8656854031770931,0.32713342037600035,0.6469972197501288,0.29426454645487066,0.9174619279464681,8.349056603773585,3.567999827489257,0.3469636429527698,0.08114767428989778,0.00013105710001839045,0.0,0.08114767428989778,0.0023720182044401814,0,0,0,6,0,0.6666666666666666,0.20754716981132076,0.20458675744123053,0.24003508992080502,0.9289387890012961,0.46176136786599975,0.0,0.3018867924528302,0.015930192217354054
287,105,99.05660377358491,106,1,101,4,0,0.009433962264150943,0.877743364040055,0.8653780816962703,0.3222119167117834,0.6486338541496405,0.30627008325129323,0.9343211609078461,8.349056603773585,3.567999827489257,0.34786520559880785,0.09201846771586085,0.0001415027024853267,0.0,0.09201846771586085,0.0020402917901158556,0,1,0,4,0,0.6,0.2358490566037736,0.20436090670565255,0.242516343548266,0.9238095790857255,0.45465624914953584,0.009433962264150943,0.3018867924528302,0.015960344218748323
288,105,99.05660377358491,106,0,102,4,0,0.0,0.8752833912710793,0.8626235474543946,0.3144432275527612,0.650113324700588,0.3171857390072195,0.9696787555875586,8.349056603773585,3.567999827489257,0.3467502534958191,0.033966934116689225,0.00012981363578872028,0.0,0.033966934116689225,-0.004064521164723667,0,0,0,4,0,0.75,0.2358490566037736,0.2028365827642354,0.26058927499044815,0.8885240170584152,0.4481450808918384,0.0,0.33962264150943394,0.015974438108256224
289,105,99.05660377358491,106,0,103,3,0,0.0,0.8794064377440384,0.8669662023773962,0.31774403110743554,0.6516639644809589,0.31187506920221614,0.9547504872273087,8.349056603773585,3.567999827489257,0.3476090102485201,0.06186146483951549,0.0001552204443122408,0.0,0.06186146483951549,-0.01141577448337224,0,0,0,3,0,0.6666666666666666,0.24528301886792453,0.20291355462954097,0.24845903832868782,0.890983774725304,0.4502898248052498,0.0,0.37735849056603776,0.016022716752965325
290,105,99.05660377358491,106,0,103,3,0,0.0,0.882617196720273,0.8700147908933906,0.3277562790274154,0.6532462963430343,0.30620358584942914,0.9491409406247864,8.349056603773585,3.567999827489257,0.351478495714155,0.04468110163628908,0.00021331443451717345,0.0,0.04468110163628908,-0.01680583014186136,0,0,0,3,0,0.6666666666666666,0.2358490566037736,0.20723271388817174,0.2372719329987289,0.8945274030156964,0.4603986592023756,0.0,0.32075471698113206,0.01606699934690108
291,105,99.05660377358491,106,0,103,3,0,0.0,0.87301844339238,0.8604777353152441,0.30227175451032084,0.65449994490574,0.3205124317010493,0.9528251163768194,8.349056603773585,3.567999827489257,0.34594354453072884,0.06241388737374918,0.0001485898852722119,0.0,0.06241388737374918,-0.003624482894577489,0,0,0,3,0,0.6666666666666666,0.24528301886792453,0.19923305464182248,0.25273536486454956,0.9181447080601899,0.44571848064031405,0.0,0.2830188679245283,0.016041370669538944
292,105,99.05660377358491,106,1,103,2,0,0.009433962264150943,0.8789279122170905,0.8658978239770366,0.3153101190770287,0.6558728799563778,0.31540876985581817,0.9410739519350612,8.349056603773585,3.567999827489257,0.3493684120465519,0.04204999464501063,0.0001494096969647659,0.0,0.04204999464501063,-0.011568284222155981,0,1,0,2,0,0.6666666666666666,0.25471698113207547,0.20355471432742592,0.24319543272939803,0.9119156387210899,0.45035530554097286,0.009433962264150943,0.3018867924528302,0.016095411173781646
293,105,99.05660377358491,106,0,104,2,0,0.0,0.8838494300286888,0.8707816927107295,0.3145662731296627,0.6573269281659669,0.315043240910651,0.9414342737910685,8.349056603773585,3.567999827489257,0.34776724586914676,0.004565181066015475,8.446267329464022e-05,0.0,0.004565181066015475,-0.011089474460452858,0,0,0,2,0,1.0,0.2358490566037736,0.20100240968817495,0.24446903428279462,0.9158463791349257,0.4492839691631489,0.0,0.2830188679245283,0.01614595898164451
294,105,99.05660377358491,106,0,104,2,0,0.0,0.8851998416307464,0.8718858160832355,0.3291723458311083,0.6587606120339672,0.31135910447273907,0.9360949415671189,8.349056603773585,3.567999827489257,0.35051696250759723,0.0028817357949773572,0.00010267987659122116,0.0,0.0028817357949773572,-0.012609531723188405,0,0,0,2,0,1.0,0.25471698113207547,0.20588747263946208,0.23847143315461974,0.9103081971785292,0.4524046664780869,0.0,0.2830188679245283,0.01617828795862329
295,105,99.05660377358491,106,0,104,2,0,0.0,0.8850273254114883,0.8716342032840557,0.32844462693491505,0.6601359600286381,0.31223785631328344,0.9369907414217883,8.349056603773585,3.567999827489257,0.34913077146709703,0.009965242045612329,8.341777041627401e-05,0.0,0.009965242045612329,-0.001441230417846634,0,0,0,2,0,1.0,0.2358490566037736,0.20487889002716128,0.23989254927847778,0.9155574204593224,0.4484741790170755,0.0,0.2830188679245283,0.01620196158456562
296,105,99.05660377358491,106,0,103,3,0,0.0,0.8869525245412218,0.8735427920683294,0.33412003246753996,0.661516714364856,0.306028806724806,0.9190202579441474,8.349056603773585,3.567999827489257,0.3522863015943041,0.004930508843723725,0.00015254726474757169,0.0,0.004930508843723725,-0.005214156734563102,0,0,0,3,0,1.0,0.24528301886792453,0.20756889412455587,0.23374238828545355,0.9204936526500305,0.45870341363003875,0.0,0.2830188679245283,0.01623622023638144
297,106,100.0,106,0,103,3,0,0.0,0.8896060868209463,0.876373730260197,0.3416308257237172,0.6629290096845813,0.3039032897762429,0.9147705480300289,8.349056603773585,3.567999827489257,0.35226747615473397,0.0105250122139226,0.00011575366526742383,0.0,0.0105250122139226,-0.006480312044764995,0,0,0,3,0,1.0,0.24528301886792453,0.20848611268255168,0.2250023857344151,0.9068069766908207,0.46119284556411383,0.0,0.32075471698113206,0.016274683395065784
298,106,100.0,106,0,102,4,0,0.0,0.901903729891689,0.8883497871724815,0.3646900033097296,0.6646327588617115,0.2972589468162113,0.9030686488123275,8.349056603773585,3.567999827489257,0.3559687770715547,0.003805369347997991,0.00012092666055289067,0.0,0.003805369347997991,-0.009534152536015666,0,0,0,4,0,1.0,0.2169811320754717,0.2139954679595071,0.22325884320968392,0.9079777900424318,0.46637001380439397,0.0,0.32075471698113206,0.016366566494269923
299,106,100.0,106,0,102,4,0,0.0,0.9049166301141551,0.8912649867516491,0.3760697340034318,0.6663589297239053,0.28926311800676485,0.8730539214193722,8.349056603773585,3.567999827489257,0.35533316286844707,0.004088148325537051,7.398041021571878e-05,0.0,0.004088148325537051,-0.005107494179379654,0,0,0,4,0,1.0,0.2358490566037736,0.2152707466939051,0.21438554761551182,0.9254101253552335,0.4696853836641782,0.0,0.32075471698113206,0.016412425882074876
300,106,100.0,106,0,102,4,0,0.0,0.907603112346307,0.8939234511205487,0.3918160533799944,0.6680993940159908,0.2873917416397396,0.8362055912726756,8.349056603773585,3.567999827489257,0.35533900554659814,0.005913142921231502,9.320640361331297e-05,0.0,0.005913142921231502,-0.004281141668772755,0,0,0,4,0,1.0,0.2358490566037736,0.21801446453380843,0.2089737042459327,0.9247770267458155,0.46983190540081304,0.0,0.32075471698113206,0.016456908174705197
301,106,100.0,106,0,102,4,0,0.0,0.9055567756651172,0.8920823181350405,0.38188674573619613,0.6697252052477398,0.28403281547243114,0.863045080318273,8.349056603773585,3.567999827489257,0.3569729545403486,0.008533134609626401,6.574735337941662e-05,0.0,0.008533134609626401,-0.0029026606812407874,0,0,0,4,0,1.0,0.2641509433962264,0.2176452734319564,0.21573559742733875,0.9150812931481246,0.4756222896023002,0.0,0.32075471698113206,0.0164756809622713
302,106,100.0,106,0,102,4,0,0.0,0.9059608509318268,0.8924266682222691,0.3783189925868791,0.6713028366659594,0.2873984927317809,0.8743404809824622,8.349056603773585,3.567999827489257,0.354421206616109,0.007987273331799188,0.0001224695841786799,0.0,0.007987273331799188,-0.009920085859545118,0,0,0,4,0,1.0,0.25471698113207547,0.21460052703701377,0.20656948436092004,0.932160270326414,0.47610536219213845,0.0,0.2830188679245283,0.016505846281745094
303,106,100.0,106,0,102,4,0,0.0,0.909787750496397,0.8963024484477186,0.38559840033518694,0.6729348084633047,0.2855666908357812,0.8401219550736092,8.349056603773585,3.567999827489257,0.35275727201067,0.007935413627398682,6.939782025467213e-05,0.0,0.007935413627398682,0.004838270836033186,0,0,0,4,0,1.0,0.24528301886792453,0.21400785071395245,0.20302743035268433,0.9217487063592439,0.4724586589849034,0.0,0.32075471698113206,0.01655409515502492
304,106,100.0,106,0,103,3,0,0.0,0.9053162326934207,0.8919826668920237,0.3824280608781423,0.674385247670972,0.2883068566195901,0.8458279925081781,8.349056603773585,3.567999827489257,0.35293126338636904,0.004158649156607796,0.0001171736818538481,0.0,0.004158649156607796,-0.0059422063704414425,0,0,0,3,0,1.0,0.2641509433962264,0.21385515442249056,0.1999446575210961,0.9170865101452884,0.4765818914841974,0.0,0.32075471698113206,0.016557613400223742
305,106,100.0,106,0,102,4,0,0.0,0.8984141519801135,0.8856006271273432,0.3548442528746296,0.6756017662759767,0.29524992486737606,0.8452811214465824,8.349056603773585,3.567999827489257,0.3498637662316668,0.010164597405715976,7.170115420151391e-05,0.0,0.010164597405715976,-0.004420428040049489,0,0,0,4,0,1.0,0.24528301886792453,0.20727006169427184,0.20603785602453906,0.9164204082132795,0.47453758017343983,0.0,0.33962264150943394,0.016544805687521178
306,106,100.0,106,0,102,4,0,0.0,0.8942081477902526,0.8815628428531719,0.3486305378072139,0.6766596249905039,0.29518555886436215,0.843857180563413,8.349056603773585,3.567999827489257,0.3506896694726469,0.009442687777217032,7.403666338880394e-05,0.0,0.009442687777217032,-0.0037819765855929,0,0,0,4,0,1.0,0.27358490566037735,0.20706866562723586,0.2044256309101728,0.9221534997987451,0.477564059857595,0.0,0.32075471698113206,0.01654264786512658
307,106,100.0,106,0,103,3,0,0.0,0.8957132501521419,0.8833123531412392,0.3360565087114136,0.6777296773271699,0.3039859420657077,0.8554189435290926,8.349056603773585,3.567999827489257,0.34622927639656575,0.0024207787425819245,0.00011442475857464234,0.0,0.0024207787425819245,-0.010731301134458804,0,0,0,3,0,1.0,0.27358490566037735,0.2007565966302623,0.19580222567796662,0.9150581678420481,0.47773315035447983,0.0,0.33962264150943394,0.01656926310969917
308,105,99.05660377358491,106,1,98,7,0,0.009433962264150943,0.9012132089544151,0.8918455763498704,0.3433215686371828,0.6789163993760284,0.3102292233009446,0.877939612795551,8.349056603773585,3.567999827489257,0.3460990964470543,0.03559163604855301,8.166721594590718e-05,0.0,0.03559163604855301,0.0008993183890743627,0,1,0,7,0,0.75,0.2358490566037736,0.20143450338514304,0.21862767011713724,0.9376398206374122,0.4686112831389023,0.009433962264150943,0.32075471698113206,0.016617934024038564
309,105,99.05660377358491,106,0,101,5,0,0.0,0.9077428317349202,0.8983251362489325,0.3566974851940227,0.6803344548668192,0.3054498550056601,0.8666732830312739,8.349056603773585,3.567999827489257,0.34754113893917715,0.01893876343994391,7.119400210447378e-05,0.0,0.01893876343994391,0.0020815697671234534,0,0,0,5,0,1.0,0.20754716981132076,0.20393276048427808,0.2098345330767655,0.924062939168562,0.477589400662075,0.0,0.32075471698113206,0.016675880246673644
310,105,99.05660377358491,106,0,101,5,0,0.0,0.908435556420601,0.8993148371031882,0.3649557756024972,0.6817301641599627,0.30240178755943325,0.8634879282813551,8.349056603773585,3.567999827489257,0.34997304132745266,0.029100134001818212,6.819745311910671e-05,0.0,0.029100134001818212,0.00128709708497311,0,0,0,5,0,0.8,0.22641509433962265,0.2066795451576648,0.19440731328495672,0.9270197460718504,0.48557379755659946,0.0,0.32075471698113206,0.016704243322687856
311,105,99.05660377358491,106,0,101,5,0,0.0,0.9032510182369181,0.8941831685976982,0.3482815818362914,0.6829295962091961,0.31629331661102783,0.8837939922864075,8.349056603773585,3.567999827489257,0.34581852445767747,0.015322216635092218,0.00010998641720740212,0.0,0.015322216635092218,-0.0022475565568871535,0,0,0,5,0,1.0,0.22641509433962265,0.20159923473735414,0.20099632621454006,0.9239947918262222,0.47604928483165515,0.0,0.3584905660377358,0.01669971849849319
312,105,99.05660377358491,106,0,102,4,0,0.0,0.9100402699226352,0.9008860165291172,0.3400421197631342,0.684277558607086,0.31828242505581367,0.8867617929090749,8.349056603773585,3.567999827489257,0.3444314335545031,0.03377666416251168,7.677102281152231e-05,0.0,0.03377666416251168,0.0016828445638114864,0,0,0,4,0,0.75,0.20754716981132076,0.19842956605656542,0.21537163188123237,0.9402227211209829,0.46970035961021595,0.0,0.2830188679245283,0.01675771240493744
313,106,100.0,106,0,102,4,0,0.0,0.9002893677293125,0.8909688202545194,0.31573150593802435,0.6852943492721689,0.32873258573464037,0.9071425855760737,8.349056603773585,3.567999827489257,0.33980185792159956,0.006004103234141109,0.00010103513551954055,0.0,0.006004103234141109,-0.01161502569148505,0,0,0,4,0,1.0,0.19811320754716982,0.1924991558303107,0.23733398692924682,0.8909013510079272,0.4561185684492101,0.0,0.39622641509433965,0.01672709743855887
314,105,99.05660377358491,106,1,102,3,0,0.009433962264150943,0.900619798826231,0.8879146010782141,0.312856215698313,0.6862878110193859,0.33704206832943817,0.9223765744978492,8.349056603773585,3.567999827489257,0.33959706823878455,0.02967430590483348,0.0001274060704281725,0.0,0.02967430590483348,-0.0035074684857725608,0,1,0,3,0,0.75,0.20754716981132076,0.19293963255406427,0.24120232451025297,0.9209638753914252,0.4405009081165945,0.009433962264150943,0.3584905660377359,0.0167464729507569
315,104,98.11320754716981,106,1,101,4,0,0.009433962264150943,0.9062974562655078,0.8911331091884955,0.30083148315442293,0.6873024541349636,0.34749936939584747,0.934945203099577,8.349056603773585,3.567999827489257,0.33813402495824296,0.10914058384975052,0.00010836960292777084,0.0,0.10914058384975052,0.00817880063769667,0,1,0,4,0,0.6,0.1792452830188679,0.18924077557293156,0.2433622249044052,0.9115029114184305,0.4428736024390152,0.009433962264150943,0.37735849056603776,0.016792962470260006
316,104,98.11320754716981,106,0,104,2,0,0.0,0.9058460356782312,0.8907160790691587,0.3061685798089578,0.6882041022887839,0.3496678114583387,0.9366067195654724,8.349056603773585,3.567999827489257,0.33870845331625254,0.019319460486488162,8.970565846952299e-05,0.0,0.019319460486488162,-0.005777572959751454,0,0,0,2,0,1.0,0.20754716981132076,0.19065297362732672,0.2424359397264264,0.9119181965746049,0.4451098272928591,0.0,0.37735849056603776,0.016806790769610058
317,104,98.11320754716981,106,0,103,3,0,0.0,0.9194456721495142,0.9037947092208822,0.33792963071901844,0.6894468960390326,0.33406816384918897,0.923173940718956,8.349056603773585,3.567999827489257,0.34530910380994073,0.028424226871683323,0.0001172593755882052,0.0,0.028424226871683323,-0.0036566790823669426,0,0,0,3,0,1.0,0.20754716981132076,0.19986947921483506,0.23407502433781927,0.9195758717722464,0.4535167210808462,0.0,0.37735849056603776,0.016896960391398933
318,104,98.11320754716981,106,0,102,4,0,0.0,0.927527285624579,0.9116965468281406,0.3487763655532178,0.6908708969521727,0.3271450092912838,0.9071107896506821,8.349056603773585,3.567999827489257,0.3490449361716941,0.011353652904042291,8.44025613770451e-05,0.0,0.011353652904042291,-0.0014622672187365043,0,0,0,4,0,1.0,0.20754716981132076,0.20328210086391157,0.22341053396914842,0.932536802905882,0.46073356791705056,0.0,0.33962264150943394,0.0169627726338364
319,105,99.05660377358491,106,0,103,3,0,0.0,0.926603246178819,0.911320370261896,0.3413501439615633,0.6922333519318008,0.3333120718917153,0.9113064177988505,8.349056603773585,3.567999827489257,0.3469162408974693,0.035005394280526965,0.00010121691017948267,0.0,0.035005394280526965,0.003950063929052876,0,0,0,3,0,0.6666666666666666,0.22641509433962265,0.2000061460606081,0.22354770567187351,0.938325391681847,0.45875957339547413,0.0,0.3018867924528301,0.016982458632268972
320,106,100.0,106,0,103,3,0,0.0,0.936433335652755,0.9208775286618661,0.35285149692126383,0.6938199940362854,0.3248130835981571,0.9018122060318581,8.349056603773585,3.567999827489257,0.3483553732284963,0.025357776331483936,0.00010252749936764016,0.0,0.025357776331483936,0.005660390699348687,0,0,0,3,0,1.0,0.20754716981132076,0.20222638629151699,0.22239630119722864,0.9386046916485773,0.45934654224227667,0.0,0.26415094339622636,0.017059914773414092
321,106,100.0,106,0,103,3,0,0.0,0.9419965296949387,0.9266518448057809,0.35348850624875355,0.6955148468252617,0.3267457839816541,0.9012464336838876,8.349056603773585,3.567999827489257,0.3464268625966753,0.010170243911620377,0.00010084590966646374,0.0,0.010170243911620377,0.0009177271060488157,0,0,0,3,0,1.0,0.19811320754716982,0.20016204877939972,0.2207671189542416,0.9312939592201075,0.4613300691685823,0.0,0.30188679245283023,0.017117966915918447
322,106,100.0,106,0,103,3,0,0.0,0.9464106488265946,0.9310013505243351,0.36829773207308597,0.6972733795548788,0.3226997388591138,0.8859974763009277,8.349056603773585,3.567999827489257,0.3487717178349732,0.11601015689047657,0.00014257502371263942,0.0,0.11601015689047657,0.0007269909382260353,0,0,0,3,0,0.6666666666666666,0.18867924528301888,0.2036122254039975,0.21516293630174338,0.9319390972569104,0.4650314507104186,0.0,0.30188679245283023,0.017171409733956266
323,106,100.0,106,0,101,5,0,0.0,0.9452593213171726,0.9299408310870844,0.3602698322360158,0.6989388963743838,0.32994955725457775,0.8966733298862509,8.349056603773585,3.567999827489257,0.3475731532285251,0.13251193342099432,0.00016747400484574948,0.0,0.13251193342099432,0.00668038265255938,0,0,0,5,0,0.2,0.22641509433962265,0.2012784715221674,0.22307891027804044,0.9314005071377425,0.46565482314534057,0.0,0.339622641509434,0.017195365915032526
324,106,100.0,106,0,103,3,0,0.0,0.9455058980898944,0.9309563506352656,0.35522243603696985,0.7005739745452236,0.3331667145957454,0.8960485550104447,8.349056603773585,3.567999827489257,0.345736964403363,0.03298289010853586,0.00013738544785706723,0.0,0.03298289010853586,-0.0011447160928373206,0,0,0,3,0,0.6666666666666666,0.24528301886792453,0.19812506804427793,0.20704977202244593,0.9279101778785093,0.4695450918764353,0.0,0.3018867924528302,0.01722576859205358
325,106,100.0,106,0,103,3,0,0.0,0.9480473825376661,0.9335220619749763,0.35723428242335686,0.7022239487906885,0.3261987995545634,0.8917170465734,8.349056603773585,3.567999827489257,0.34535152360574095,0.033140657157892446,0.00010550721302385976,0.0,0.033140657157892446,0.0025844074905041112,0,0,0,3,0,0.6666666666666666,0.22641509433962265,0.19804248629484997,0.20069916167144475,0.9431038234612831,0.4743213931632321,0.0,0.26415094339622636,0.017267911553408337
326,106,100.0,106,0,103,3,0,0.0,0.9462644141596872,0.9317360411668077,0.36931761281763226,0.7037640717824383,0.3215273828703222,0.8917763272510173,8.349056603773585,3.567999827489257,0.3477044747859235,0.06832130074209262,0.00010702958728698473,0.0,0.06832130074209262,0.008133782928185692,0,0,0,3,0,0.3333333333333333,0.22641509433962265,0.2022824836268151,0.19627828783401333,0.9345728738900458,0.48032953549631974,0.0,0.26415094339622636,0.01728647250436282
327,105,99.05660377358491,106,1,101,4,0,0.009433962264150943,0.9361513680970898,0.9213526932914526,0.3573862203471894,0.7049780694497061,0.32535486460021423,0.8980337922473685,8.349056603773585,3.567999827489257,0.3457411588976611,0.09600039792931538,0.00014298510124537356,0.0,0.09600039792931538,0.0003813967042977873,0,1,0,4,0,0.6,0.2169811320754717,0.19980798423039509,0.19742025889473078,0.9339934579289242,0.4843176146902101,0.009433962264150943,0.28301886792452824,0.017257564991386753
328,104,98.11320754716981,106,1,102,3,0,0.009433962264150943,0.932018785035962,0.9159234870930772,0.34469702667274427,0.7060082580947858,0.32905133134370557,0.8934337411869032,8.349056603773585,3.567999827489257,0.34437529099596786,0.06650273935147082,0.00012543560070729488,0.0,0.06650273935147082,-0.0008222185082828459,0,1,0,3,0,0.5,0.20754716981132076,0.19728052200127702,0.19524447504440023,0.9529744002739582,0.48709513964258766,0.009433962264150943,0.3018867924528302,0.017255280640620742
329,104,98.11320754716981,106,0,103,3,0,0.0,0.9287590552303656,0.9129027647737352,0.33661332516281334,0.7068757799217212,0.33714764438718453,0.9247302995177407,8.349056603773585,3.567999827489257,0.33893036679691324,0.009195776181186803,0.0001355209115432479,0.0,0.009195776181186803,-0.0034586137768724545,0,0,0,3,0,1.0,0.2169811320754717,0.19234992046541644,0.19565562390707114,0.940780884641167,0.48287985613776235,0.0,0.3018867924528301,0.017254458580237005
330,104,98.11320754716981,106,0,102,4,0,0.0,0.9263875985066012,0.9102966252756733,0.326675030170593,0.7076379589291322,0.33032288757315015,0.9197394782196447,8.349056603773585,3.567999827489257,0.33706345988760855,0.026229169829999625,9.966834908160728e-05,0.0,0.026229169829999625,0.002394231945530609,0,0,0,4,0,0.75,0.22641509433962265,0.18972543226164937,0.19625326258281817,0.920680166763174,0.4794885110706431,0.0,0.33962264150943394,0.017256198569452975
331,104,98.11320754716981,106,0,102,4,0,0.0,0.932751195337402,0.9160444120646531,0.3270782869488637,0.7085370082090456,0.332492497810334,0.9111087005643914,8.349056603773585,3.567999827489257,0.33697819507425963,0.03050116706930594,0.0001284038964100637,0.0,0.03050116706930594,-0.002630753397281013,0,0,0,4,0,0.75,0.19811320754716982,0.18931389997716902,0.21227861373147872,0.9276295622227965,0.4764245272134673,0.0,0.3773584905660377,0.017304055591985158
332,105,99.05660377358491,106,0,102,4,0,0.0,0.9351799129066536,0.918083751527149,0.33012936327346115,0.7094621903150058,0.3330515064788511,0.9134992580549978,8.349056603773585,3.567999827489257,0.3377769185471755,0.035305942507307744,0.0001104036413692296,0.0,0.035305942507307744,0.0047295563276295305,0,0,0,4,0,0.75,0.18867924528301888,0.1904350253942696,0.2214766102962279,0.908837036199503,0.4745655731549347,0.0,0.3773584905660377,0.017332704427803724
333,106,100.0,106,0,103,3,0,0.0,0.9418948976914118,0.9244253817149903,0.3423585684216004,0.7105353774083512,0.3419754509077175,0.9385116409628911,8.349056603773585,3.567999827489257,0.3390575024272382,0.02519405585881988,9.953664186707638e-05,0.0,0.02519405585881988,0.002699203794060375,0,0,0,3,0,0.6666666666666666,0.22641509433962265,0.19309360418184907,0.23216985542025156,0.9312998441816217,0.47358833213552615,0.0,0.3018867924528302,0.017385425008547114
334,106,100.0,106,0,104,2,0,0.0,0.9262366459086531,0.9093751412663384,0.3079536183060738,0.7111406791454616,0.3625288211352687,0.9713823563722258,8.349056603773585,3.567999827489257,0.3318177689103414,0.01107221824023913,0.00016943136584949628,0.0,0.01107221824023913,-0.00021124886948958865,0,0,0,2,0,1.0,0.2358490566037736,0.1835453891178353,0.24208450110442042,0.9205170673553893,0.45883515353098164,0.0,0.33962264150943394,0.017317932332101264
335,106,100.0,106,0,103,3,0,0.0,0.9188303711179098,0.9026471758628517,0.2960955393558085,0.7115323406824442,0.3695356031150467,0.9844268107186703,8.349056603773585,3.567999827489257,0.32752947365674867,0.007955701570367865,0.00011289234191700118,0.0,0.007955701570367865,0.0012166190259665366,0,0,0,3,0,1.0,0.22641509433962265,0.1790227946017479,0.2521725524054458,0.9260000906379804,0.45217333011547617,0.0,0.3773584905660377,0.01728788819962949
336,106,100.0,106,0,102,4,0,0.0,0.9210467590719356,0.9049853389271919,0.29687061145974863,0.7119767682597444,0.37459460944128925,1.0272504118584609,8.349056603773585,3.567999827489257,0.3276302337057211,0.007121273739796777,0.0001384582110854859,0.0,0.007121273739796777,-0.0017248741512367743,0,0,0,4,0,1.0,0.2169811320754717,0.17911344098626308,0.2601463193914031,0.9288929550058049,0.4529626573104773,0.0,0.33962264150943394,0.017306898726995312
337,106,100.0,106,0,102,4,0,0.0,0.926499978183971,0.9103040661378577,0.3011727569093236,0.7125571564040144,0.37245390621035607,0.9867925700459865,8.349056603773585,3.567999827489257,0.32869688461758817,0.006764300188449386,0.00012754890787801236,0.0,0.006764300188449386,0.006324603662218285,0,0,0,4,0,1.0,0.2169811320754717,0.1803766559618033,0.2628285220619366,0.9294129380793299,0.45671062989492023,0.0,0.33962264150943394,0.017344518946548648
338,106,100.0,106,0,102,4,0,0.0,0.934726046968582,0.9185292980861075,0.2999089539637784,0.7133516173096773,0.36589255838619,0.9699278256475637,8.349056603773585,3.567999827489257,0.32778199472786396,0.007486541630985492,0.00010166279369065564,0.0,0.007486541630985492,0.004920048528862811,0,0,0,4,0,1.0,0.2358490566037736,0.17845028294088935,0.27243579767424037,0.9355063889562679,0.45684043947712827,0.0,0.33962264150943394,0.017399822472343465
339,105,99.05660377358491,106,1,102,3,0,0.009433962264150943,0.9305137094808985,0.9126257918572405,0.2980502598261965,0.7139900593583981,0.3764238610376139,1.02562495551586,8.349056603773585,3.567999827489257,0.3271046165286209,0.005818602414358836,0.00012769745771259782,0.0,0.005818602414358836,0.006322816749188359,0,1,0,3,0,1.0,0.22641509433962265,0.1784825356355069,0.27317970543598546,0.9228866960652036,0.4516281697147519,0.009433962264150943,0.3773584905660377,0.017390150590503535
340,105,99.05660377358491,106,0,104,2,0,0.0,0.9319666363217166,0.9140962209450068,0.3037051768532883,0.7146068565413228,0.3831196177353619,1.0252252903296406,8.349056603773585,3.567999827489257,0.32559322151426984,0.009877359999294455,0.00014119284246395545,0.0,0.009877359999294455,0.006304870007917102,0,0,0,2,0,1.0,0.2358490566037736,0.17852752555556192,0.27356825475169044,0.9186175296443484,0.45000934678439436,0.0,0.33962264150943394,0.017408418885918986
341,105,99.05660377358491,106,0,106,0,0,0.0,0.9232091167633277,0.9059312493270317,0.2967297838422295,0.7149685854632297,0.39813621068417987,1.0425509567108213,8.349056603773585,3.567999827489257,0.32363813220511894,0.0,0.0,0.0,0.0,0.0,0,0,0,0,0,0.0,0.2358490566037736,0.1764849559095747,0.2753676598624208,0.8896063121995396,0.44389298723630904,0.0,0.3773584905660377,0.01737108453178185
342,104,98.11320754716981,106,1,105,0,0,0.009433962264150943,0.9299889834267935,0.913317783720651,0.30883862550994573,0.7154966605427833,0.40006247860489214,1.0344714829628259,8.349056603773585,3.567999827489257,0.32727728741947626,0.3338119343980453,0.0004304640473114655,0.0,0.3338119343980453,0.00536741713317046,0,1,0,0,0,0.0,0.22641509433962265,0.18067797503291858,0.28524483276129053,0.8814109841410668,0.44362145568518013,0.009433962264150943,0.3962264150943396,0.01741440472406292
343,104,98.11320754716981,106,0,106,0,0,0.0,0.9245525672845079,0.9082257504588764,0.2981915911990925,0.715892135496594,0.40162184486909575,1.035792302222435,8.349056603773585,3.567999827489257,0.3240546770311734,0.0,0.0,0.0,0.0,0.0,0,0,0,0,0,0.0,0.22641509433962265,0.17697332048479497,0.2839106897727441,0.8756778925556012,0.441575018439506,0.0,0.4339622641509434,0.017394277916186356
344,105,99.05660377358491,106,0,106,0,0,0.0,0.9310793002398798,0.9148587206683935,0.311214285582993,0.7164628313972413,0.39812045885029174,1.0236295431167346,8.349056603773585,3.567999827489257,0.3242172518758124,0.0,0.0,0.0,0.0,0.0,0,0,0,0,0,0.0,0.2169811320754717,0.1784282796417424,0.2686993193827156,0.8748016746421755,0.4453969293584586,0.0,0.3584905660377359,0.017437092795338508
345,105,99.05660377358491,106,0,105,1,0,0.0,0.934949736648497,0.9188109390105167,0.3074456771631785,0.7171259769840413,0.39390404233381754,0.9830375473319801,8.349056603773585,3.567999827489257,0.320679332318508,0.02971134040578976,0.0001448263516213237,0.0,0.02971134040578976,0.009507864421013146,0,0,0,1,0,1.0,0.2169811320754717,0.17477219778690498,0.26184735249172203,0.9135412095494622,0.4457009914851395,0.0,0.3584905660377358,0.017468275494078107
346,105,99.05660377358491,106,0,104,2,0,0.0,0.9366554395170125,0.9207435797552018,0.31519958960648325,0.7178206268321972,0.3931440903179653,0.9701292399959831,8.349056603773585,3.567999827489257,0.3239813468240207,0.016632178922373328,0.0001324255435915067,0.0,0.016632178922373328,0.012699447517177553,0,0,0,2,0,1.0,0.2169811320754717,0.17785311926703265,0.2553317990254736,0.9105900641792091,0.4520028883010523,0.0,0.3962264150943396,0.017489196561112613
347,106,100.0,106,0,104,2,0,0.0,0.9355500614519024,0.9194280382120663,0.31892871969552883,0.7184529407589777,0.38640457631847047,0.9682029981047933,8.349056603773585,3.567999827489257,0.3250581366364158,0.01768827784802498,0.00013212183583110102,0.0,0.01768827784802498,0.012261599959961261,0,0,0,2,0,1.0,0.19811320754716982,0.1796704544570881,0.26255895043041144,0.905012178351701,0.454371549044529,0.0,0.3962264150943396,0.017494950150695424
348,106,100.0,106,0,104,2,0,0.0,0.9413516676807623,0.9252961950842515,0.321310695458994,0.7192301943876024,0.39127843025359904,0.9723129360490137,8.349056603773585,3.567999827489257,0.32581800728249277,0.016984675701189327,0.00014173489908611027,0.0,0.016984675701189327,0.012098163241109433,0,0,0,2,0,1.0,0.20754716981132076,0.17906885129028163,0.2564162925405501,0.8930749305620166,0.4583330956498458,0.0,0.43396226415094336,0.017537824385903962
349,106,100.0,106,0,103,3,0,0.0,0.9382018019506934,0.9226352573664911,0.3303940888903007,0.7199037618055553,0.39344931987307474,0.985410708876432,8.349056603773585,3.567999827489257,0.3247519924687048,0.012092897264234249,0.00012689485125147318,0.0,0.012092897264234249,0.012315313183982657,0,0,0,3,0,1.0,0.2358490566037736,0.18036444414342112,0.24849331604331223,0.9043019173447622,0.45733738180728134,0.0,0.3962264150943396,0.017534091499408908
350,106,100.0,106,0,103,3,0,0.0,0.9368273372685392,0.9209254387574979,0.3291483124320285,0.7205044912791823,0.38271103130248857,0.9742118550086422,8.349056603773585,3.567999827489257,0.32783730535316846,0.03760513123286743,0.00013444184496574438,0.0,0.03760513123286743,0.006085681171208983,0,0,0,3,0,0.3333333333333333,0.20754716981132076,0.18231844553041907,0.24768644310014645,0.9012164056455451,0.4624692485268526,0.0,0.3962264150943396,0.01753793618928948
351,106,100.0,106,0,103,3,0,0.0,0.9456168932506216,0.9293175583672513,0.3600317068063268,0.7213233313767854,0.37167133748440556,0.9520186185571939,8.349056603773585,3.567999827489257,0.3342712010518927,0.042970054308115214,0.0001376593495760668,0.0,0.042970054308115214,0.006521327270835042,0,0,0,3,0,0.3333333333333333,0.2169811320754717,0.19112292728876001,0.24533624205492977,0.9053436926298865,0.4729772894250218,0.0,0.3962264150943396,0.01759649207583484
352,106,100.0,106,0,104,2,0,0.0,0.9454313299398451,0.9285695460105721,0.3669491968802749,0.7220916039974418,0.37562801586370237,0.9522448118047928,8.349056603773585,3.567999827489257,0.33599605028637325,0.029532389347041117,0.00014887380520011857,0.0,0.029532389347041117,0.009965716457026541,0,0,0,2,0,0.5,0.20754716981132076,0.19414031863930883,0.25052785516054865,0.9194496292995469,0.4719335294556916,0.0,0.3962264150943396,0.01760927024217079
353,106,100.0,106,0,105,1,0,0.0,0.9420316569935235,0.9255583007279711,0.3646975354313794,0.7227465116711279,0.37809456494891475,0.96214550668027,8.349056603773585,3.567999827489257,0.3361553161812907,0.004916550456166074,0.00012214331137138014,0.0,0.004916550456166074,0.015594466241489191,0,0,0,1,0,1.0,0.2358490566037736,0.19429341639168918,0.24739773499530762,0.899723630948104,0.47244656713245103,0.0,0.4339622641509434,0.017603955429772854
354,106,100.0,106,0,105,1,0,0.0,0.9449750291663475,0.9282338215994975,0.3746079426865005,0.7234544223042112,0.37444696941374833,0.9621429515682969,8.349056603773585,3.567999827489257,0.3390349659163676,0.005090239710747967,0.00011647484560021265,0.0,0.005090239710747967,0.016196339336118526,0,0,0,1,0,1.0,0.2169811320754717,0.19782198188414876,0.2437750302254588,0.9194496292995469,0.47480665844264297,0.0,0.3962264150943396,0.017631301415720564
355,106,100.0,106,0,105,1,0,0.0,0.9577966247111969,0.9409760086182348,0.4096828248940852,0.7245007876558046,0.3595814921168342,0.9339796992634642,8.349056603773585,3.567999827489257,0.34311671454392934,0.005346618915669673,0.00011665588401371354,0.0,0.005346618915669673,0.015876119908439845,0,0,0,1,0,1.0,0.22641509433962265,0.20481474076908657,0.229984905324643,0.9216902047529951,0.48885308094059815,0.0,0.3962264150943396,0.01771407655041469
356,106,100.0,106,0,105,1,0,0.0,0.9653770101481944,0.9479566133217523,0.4121660161995608,0.7257090730644817,0.35705619083165596,0.9296634688703882,8.349056603773585,3.567999827489257,0.34527818625009865,0.005617029602401459,0.00013895415692360822,0.0,0.005617029602401459,0.014312302611221794,0,0,0,1,0,1.0,0.22641509433962265,0.20560656350624174,0.2153830265990693,0.9118343613188743,0.49452086314660154,0.0,0.4339622641509434,0.01777353428824827
357,106,100.0,106,0,103,3,0,0.0,0.9651907747561657,0.9476630412843119,0.4131650842105215,0.72686586713203,0.3575995135868679,0.9330063393243353,8.349056603773585,3.567999827489257,0.34407173129629665,0.01985094716356342,0.00011530867477940606,0.0,0.01985094716356342,0.006963891551011496,0,0,0,3,0,0.6666666666666666,0.2358490566037736,0.20485387057470433,0.20889254938115945,0.9103947043832266,0.4926163093537064,0.0,0.4339622641509434,0.01779324031645539
358,106,100.0,106,0,104,2,0,0.0,0.9730750427980115,0.9554225506296585,0.4327846048777015,0.7282028742132887,0.3428437168364153,0.9140290595559765,8.349056603773585,3.567999827489257,0.34987242791131345,0.027648495021908866,0.00014228246532481045,0.0,0.027648495021908866,0.0042618643378807,0,0,0,2,0,1.0,0.2169811320754717,0.21082136468156049,0.19388503065426976,0.9150338716696703,0.5055218677308803,0.0,0.4339622641509434,0.017856513861841034
359,106,100.0,106,0,104,2,0,0.0,0.9761399152777684,0.9587696824134009,0.43237121026697356,0.7295877174092104,0.3526671904215536,0.9223146008337714,8.349056603773585,3.567999827489257,0.3477945478252389,0.029244644812426154,0.00014501259599869595,0.0,0.029244644812426154,0.004274607013826981,0,0,0,2,0,0.5,0.25471698113207547,0.2085164644710784,0.1994394388165244,0.9135942147340226,0.5024016662626953,0.0,0.4339622641509434,0.017896543825660558
360,106,100.0,106,0,104,2,0,0.0,0.9817987310113193,0.9641998593972573,0.4682785146337697,0.7310781483666235,0.3470752472272501,0.9157947189195178,8.349056603773585,3.567999827489257,0.35143678455593963,0.028576156898378127,0.00014707656483720934,0.0,0.028576156898378127,0.004142897457378697,0,0,0,2,0,0.5,0.25471698113207547,0.21581375599721317,0.19272083099059853,0.9100375522070845,0.5091485318022401,0.0,0.4339622641509434,0.017951427191322988
361,106,100.0,106,0,104,2,0,0.0,0.9778640468608538,0.9607624078096961,0.42463705866382334,0.732417282136676,0.3567505340900848,0.9266814459371818,8.349056603773585,3.567999827489257,0.3469516203565741,0.030040324880754598,0.00015615364604500403,0.0,0.030040324880754598,0.004940881209584053,0,0,0,2,0,0.5,0.24528301886792453,0.20595876811090438,0.20207785756171487,0.9193951806738097,0.5027400059929745,0.0,0.3962264150943396,0.017955643915873322
362,106,100.0,106,0,105,1,0,0.0,0.972230829916201,0.9554597318319386,0.42042977722129266,0.7335572760403322,0.36005188120722986,0.9303226080981536,8.349056603773585,3.567999827489257,0.3462377651334856,0.0062244949406996975,0.00016022482382728096,0.0,0.0062244949406996975,0.01354772172304397,0,0,0,1,0,1.0,0.2641509433962264,0.20522165502165104,0.19894228465718922,0.9279750865124521,0.5035133891454153,0.0,0.3584905660377358,0.017947815321407976
363,106,100.0,106,0,104,2,0,0.0,0.9711671772297515,0.9544472743112049,0.4049915989718011,0.7346276953773979,0.3678970398175344,0.9783617807170776,8.349056603773585,3.567999827489257,0.3448425585622583,0.03008327967375196,0.00016701709575416804,0.0,0.03008327967375196,0.005084333570428784,0,0,0,2,0,0.5,0.2641509433962264,0.20170288594553298,0.21785889167868944,0.9121542738685566,0.4984672770709348,0.0,0.39622641509433953,0.01796159333802569
364,106,100.0,106,0,104,2,0,0.0,0.9676450188177503,0.95097968256135,0.4086523169490937,0.7355609432202416,0.3687510894062155,0.9522896167140835,8.349056603773585,3.567999827489257,0.3470612975197829,0.029622177351541754,0.0001652760214109416,0.0,0.029622177351541754,0.0022420089872686455,0,0,0,2,0,0.5,0.25471698113207547,0.20440256109459376,0.22144811207225723,0.9138381954859831,0.500208167483134,0.0,0.3584905660377358,0.017960631686677036
365,106,100.0,106,0,102,4,0,0.0,0.9727627197639439,0.9554529455240448,0.4480207995419344,0.736588577593496,0.35162475526800047,0.970583534928277,8.349056603773585,3.567999827489257,0.3542549541758113,0.04171000292360651,0.00013478239674522477,0.0,0.04171000292360651,0.005970287655247319,0,0,0,4,0,0.5,0.27358490566037735,0.21573453285083038,0.21827601740415212,0.9251888785607165,0.5125902653857346,0.0,0.3584905660377358,0.018004553187740475
366,106,100.0,106,0,104,2,0,0.0,0.973155245309408,0.9560735654383788,0.47347588577319,0.7375972609480641,0.3507871672711558,0.9777077329415607,8.349056603773585,3.567999827489257,0.35431539630663256,0.018722410634538226,9.779533426098661e-05,0.0,0.018722410634538226,0.0067654704884630434,0,0,0,2,0,1.0,0.29245283018867924,0.21884651222353063,0.18767029336104288,0.925577770829621,0.5175881936360035,0.0,0.32075471698113206,0.018024510725643247
367,106,100.0,106,0,103,3,0,0.0,0.97080385102501,0.9530255688878599,0.503467447851265,0.7384829524729496,0.3433127219567976,0.9754642343250021,8.349056603773585,3.567999827489257,0.3590441088081726,0.048886283532799,0.00016970378214006335,0.0,0.048886283532799,0.002000612028752846,0,0,0,3,0,0.3333333333333333,0.2830188679245283,0.2280199296681477,0.1909523815943345,0.9281052149928579,0.5213848447398028,0.0,0.35849056603773577,0.018028554490261257
368,106,100.0,106,0,103,3,0,0.0,0.9749915131752713,0.9568027818878064,0.5046548652731782,0.7394448592884125,0.3406886233592572,0.9737112240144046,8.349056603773585,3.567999827489257,0.3588365120801955,0.03212633333264548,0.00014697154569770772,0.0,0.03212633333264548,-0.001754863109701188,0,0,0,3,0,0.6666666666666666,0.29245283018867924,0.22728955989837887,0.1860668642040557,0.9249943289065156,0.5221582984497901,0.0,0.35849056603773577,0.018066653217770727
369,105,99.05660377358491,106,1,102,3,0,0.009433962264150943,0.9679875977233041,0.9497295511452413,0.46356857931444106,0.7401784539295496,0.3482118690970112,0.9858411996351231,8.349056603773585,3.567999827489257,0.3566724121550213,0.0429173013822852,0.00016251980023983313,0.0,0.0429173013822852,0.004008559068957751,0,1,0,3,0,0.5,0.2830188679245283,0.22105770306895683,0.19870541767091082,0.924342459815897,0.5176050814003286,0.009433962264150943,0.3962264150943396,0.01804472096827601
370,104,98.11320754716981,106,1,103,2,0,0.009433962264150943,0.9630579478474144,0.9445521578066387,0.46597595082551224,0.7407485086633665,0.35622192807611375,0.9972590334581704,8.349056603773585,3.567999827489257,0.3549029090292999,0.03486140456581283,0.00012012217026460019,0.0,0.03486140456581283,0.0010930785486479577,0,1,0,2,0,0.6666666666666666,0.32075471698113206,0.220845304912457,0.19440012628256578,0.9211687802363127,0.518449391668258,0.009433962264150943,0.3962264150943396,0.018030242494856154
371,104,98.11320754716981,106,0,105,1,0,0.0,0.9568072951049367,0.9386851295628678,0.44823063772241434,0.7411124301949046,0.3634638117644313,1.0125209694710342,8.349056603773585,3.567999827489257,0.3492326190160111,0.0038667400655135967,9.206999854578936e-05,0.0,0.0038667400655135967,0.015494845709136895,0,0,0,1,0,1.0,0.330188679245283,0.21442848937715264,0.19261705113652947,0.8998226617387025,0.5139793173830631,0.0,0.3962264150943396,0.018005481590952502
372,103,97.16981132075472,106,1,104,1,0,0.009433962264150943,0.9551140076399893,0.9358272371143659,0.43884809055995244,0.7414213150114067,0.37193705828926044,1.0199440195381504,8.349056603773585,3.567999827489257,0.34479760279264426,0.02722218449416306,0.0001493213396741435,0.0,0.02722218449416306,0.0007886824113761681,0,1,0,1,0,0.5,0.330188679245283,0.21061535300022483,0.2005205458056485,0.9267618445770285,0.49747536105017975,0.009433962264150943,0.37735849056603765,0.018002525658487735
373,103,97.16981132075472,106,0,105,1,0,0.0,0.9619419121618437,0.9424527707718262,0.44324897765532506,0.7418687743590765,0.37085085416272073,1.0205081349021794,8.349056603773585,3.567999827489257,0.34659206724844593,0.008429574096923007,0.00020763423581223283,0.0,0.008429574096923007,0.01434759620661169,0,0,0,1,0,1.0,0.33962264150943394,0.21192713300418295,0.2034603792992721,0.9227163276314356,0.4989958799447378,0.0,0.3018867924528301,0.018044647855473477
374,104,98.11320754716981,106,0,103,3,0,0.0,0.9642899275603057,0.9448665134577816,0.46976089859954223,0.7423691662258899,0.3628832396220071,1.0164326257530978,8.349056603773585,3.567999827489257,0.3465792899913587,0.12267568004128537,0.00026118563500870554,0.0,0.12267568004128537,0.005925194883001732,0,0,0,3,0,0.6666666666666666,0.330188679245283,0.2155164011135446,0.18699737647488102,0.9193517705748538,0.49734392126501226,0.0,0.3396226415094339,0.01806531492293812
375,105,99.05660377358491,106,0,103,3,0,0.0,0.9710061925235317,0.9514872851528521,0.46450649613307443,0.7430406874098855,0.36495511286328414,1.0129087099479501,8.349056603773585,3.567999827489257,0.3463248588430119,0.1219951647718976,0.00022596314566228758,0.0,0.1219951647718976,0.00759693119509447,0,0,0,3,0,0.6666666666666666,0.330188679245283,0.21370613059636456,0.1941223617596953,0.9293374842817677,0.4966745655469737,0.0,0.3018867924528301,0.01811087618509751
376,105,99.05660377358491,106,0,103,3,0,0.0,0.9762936798485912,0.9566884408553543,0.48537336613540977,0.7438367105003888,0.3544709412010914,1.0024920729251536,8.349056603773585,3.567999827489257,0.34838702161788015,0.13507074568508104,0.0002099342153433438,0.0,0.13507074568508104,0.010703413571803266,0,0,0,3,0,0.3333333333333333,0.3018867924528302,0.21749962628594732,0.18425957134678653,0.9197470445260431,0.5027244604901954,0.0,0.26415094339622636,0.018151514672970777
377,106,100.0,106,0,102,4,0,0.0,0.9737718179388593,0.9541080519903143,0.4572664395444083,0.7445306768721934,0.3553209343086888,1.0167763762251607,8.349056603773585,3.567999827489257,0.34295390471128284,0.14126255555813866,0.0002112496673363076,0.0,0.14126255555813866,0.008950994748313762,0,0,0,4,0,0.25,0.3018867924528302,0.21017911529598685,0.19249518680713681,0.9140858023638344,0.49430277160287045,0.0,0.3018867924528301,0.018151285722896527
378,105,99.05660377358491,106,1,103,2,0,0.009433962264150943,0.9649899823427692,0.9479482636167857,0.44033056133860465,0.7449595898513476,0.3588064777963043,0.9927875928297913,8.349056603773585,3.567999827489257,0.3396873262875588,0.10867178041825991,0.00023060903853913122,0.0,0.10867178041825991,0.0006170498399229082,0,1,0,2,0,0.6666666666666666,0.27358490566037735,0.2066480693517991,0.19311271417725823,0.9140858023638344,0.4888338442699115,0.009433962264150943,0.3018867924528301,0.018115028352094227
379,105,99.05660377358491,106,0,104,2,0,0.0,0.9632939263657758,0.9462605770795056,0.4398266584457998,0.7453894935768234,0.36895513590975304,1.029013539723907,8.349056603773585,3.567999827489257,0.33948971296262975,0.038291813310076056,0.00020341800457947127,0.0,0.038291813310076056,0.009702687957931028,0,0,0,2,0,0.5,0.3018867924528302,0.20623410145369364,0.19533317984331777,0.928907029669225,0.48552857634219626,0.0,0.3396226415094339,0.018114217554300933
380,105,99.05660377358491,106,0,104,2,0,0.0,0.9584481197303164,0.9414532444546265,0.4252747925652583,0.7456668378423057,0.36913363796189413,1.0288201744456615,8.349056603773585,3.567999827489257,0.3349287120531328,0.029407612671480617,0.00012215518901056673,0.0,0.029407612671480617,0.007471080974261579,0,0,0,2,0,0.5,0.29245283018867924,0.20151872106671578,0.19357832836390396,0.923627285982711,0.47848912640246166,0.0,0.3018867924528301,0.018094936342580616
381,104,98.11320754716981,106,1,103,2,0,0.009433962264150943,0.9578382005667399,0.9400518124005567,0.4431076736991279,0.7459127897131755,0.3730219476651454,1.037714528574451,8.349056603773585,3.567999827489257,0.33836003067352216,0.093938936586613,0.0001733357275671677,0.0,0.093938936586613,0.009632511106261621,0,1,0,2,0,0.3333333333333333,0.3018867924528302,0.2064502158414088,0.18720309513578862,0.9249915546782864,0.48312947471793455,0.009433962264150943,0.3396226415094339,0.018096274527926903
382,104,98.11320754716981,106,0,104,2,0,0.0,0.9672831660839321,0.9489868675646328,0.47036697507013153,0.7463865025010705,0.3654671057497073,1.0308379733846524,8.349056603773585,3.567999827489257,0.339161736940196,0.0264548734702445,0.00011172858707417264,0.0,0.0264548734702445,0.011313029960190207,0,0,0,2,0,1.0,0.3113207547169811,0.21026214949980565,0.18565037860028166,0.9234672672216075,0.4853443441302098,0.0,0.3396226415094339,0.01815195039124031
383,104,98.11320754716981,106,1,104,1,0,0.009433962264150943,0.9691779502702833,0.9481947665770912,0.4314635468575079,0.7469088737082468,0.3781403976708653,1.0566082295469215,8.349056603773585,3.567999827489257,0.3351932661516941,0.030412341812499435,0.00022163035318040924,0.0,0.030412341812499435,0.007981462282076024,0,1,0,1,0,0.5,0.3113207547169811,0.20250513085508892,0.2076251700661754,0.9121877653469401,0.46601622613011,0.009433962264150943,0.32075471698113206,0.018170743414057517
384,104,98.11320754716981,106,0,105,1,0,0.0,0.956221410553605,0.9359812316745572,0.37701729144648194,0.7469758133680185,0.39041949729057074,1.0705650660330621,8.349056603773585,3.567999827489257,0.3286878268537019,0.058039147919356895,0.00020122591875643305,0.0,0.058039147919356895,0.0014127463761863246,0,0,0,1,0,0.0,0.3018867924528302,0.19056741620971704,0.2256999714149013,0.91410642417552,0.4547682615549841,0.0,0.32075471698113206,0.018107154918946714
385,104,98.11320754716981,106,0,105,1,0,0.0,0.9594888228572205,0.9387686439183693,0.40023164615510565,0.7471199285120859,0.38172696251091826,1.0624077801523888,8.349056603773585,3.567999827489257,0.3318878821117681,0.03728532662725223,0.00017019365263267833,0.0,0.03728532662725223,-0.008972564561144425,0,0,0,1,0,1.0,0.27358490566037735,0.1963999954280671,0.22896661024572598,0.9109096111865007,0.45789205983019365,0.0,0.3584905660377358,0.018126062994510646
386,105,99.05660377358491,106,0,104,2,0,0.0,0.9621153102430592,0.9415191650530984,0.40457050600692335,0.7473374124995351,0.3748383021735247,1.0524342286343518,8.349056603773585,3.567999827489257,0.3325685393157367,0.017566240165699566,7.727461560825298e-05,0.0,0.017566240165699566,0.0037118222146287627,0,0,0,2,0,1.0,0.29245283018867924,0.19716530984835068,0.22505387345446645,0.9130730824313706,0.4607559241121977,0.0,0.3584905660377359,0.01814307534558834
387,105,99.05660377358491,106,0,104,2,0,0.0,0.960181390134949,0.9397485033294893,0.41617908035281226,0.7474965948928922,0.36539388627367075,1.0422063416752725,8.349056603773585,3.567999827489257,0.3326868572199444,0.03904370126772249,0.00016042455672703355,0.0,0.03904370126772249,0.0010600104457614279,0,0,0,2,0,0.5,0.29245283018867924,0.19987244435453486,0.21883037128455313,0.9174059536815015,0.4614213888143545,0.0,0.3584905660377358,0.018136245558807978
388,106,100.0,106,0,104,2,0,0.0,0.9590929126260046,0.9390843844363854,0.42221550295907945,0.7476311410499606,0.3634911966559319,1.0435353169094967,8.349056603773585,3.567999827489257,0.33101215452633914,0.017982520763467916,0.00011763702511220288,0.0,0.017982520763467916,-0.003148905410899877,0,0,0,2,0,1.0,0.2830188679245283,0.199985709014011,0.21292406216468154,0.9127336695969352,0.458883928847756,0.0,0.3207547169811321,0.018133203474589302
389,105,99.05660377358491,106,1,102,3,0,0.009433962264150943,0.9594390355102655,0.9421376263012364,0.41246415344795473,0.747774049926636,0.3644713659714061,1.0603242833234612,8.349056603773585,3.567999827489257,0.3332983890075596,0.06068332139395846,0.00018949671189787357,0.0,0.06068332139395846,0.002929234499628258,0,1,0,3,0,0.5,0.2641509433962264,0.19995551703436748,0.2243682862893676,0.921137737767578,0.45848759730809024,0.009433962264150943,0.3584905660377358,0.018137483583247228
390,104,98.11320754716981,106,1,103,2,0,0.009433962264150943,0.9539968595145828,0.935129713619346,0.42224142774693063,0.7478534579583812,0.3737140637409678,1.0695075695993286,8.349056603773585,3.567999827489257,0.3313997167340801,0.06871760494424993,0.00016819157222152943,0.0,0.06871760494424993,0.005461341283778343,0,1,0,2,0,0.6666666666666666,0.2641509433962264,0.2006012007683021,0.20550833499851498,0.9268259742542674,0.456504253538742,0.009433962264150943,0.320754716981132,0.018111689342486657
391,104,98.11320754716981,106,0,102,4,0,0.0,0.9644117068448212,0.9455374393204939,0.43769550441408983,0.7481594672315949,0.37103332954184726,1.0662580345237482,8.349056603773585,3.567999827489257,0.3277883454782633,0.018511334662704146,0.00012032831995431771,0.0,0.018511334662704146,0.003557588118676888,0,0,0,4,0,0.75,0.24528301886792453,0.19847148381617782,0.19380128858852752,0.9206158628848706,0.4546131479962164,0.0,0.3207547169811321,0.018169222784308034
392,104,98.11320754716981,106,0,102,4,0,0.0,0.969392596366358,0.9502787285418606,0.4588825204861906,0.7485898934474597,0.377730386064876,1.074876197305066,8.349056603773585,3.567999827489257,0.32816487232967373,0.03169446937776298,0.00011064913632499249,0.0,0.03169446937776298,-0.004038411704402105,0,0,0,4,0,0.5,0.24528301886792453,0.2009899345312402,0.19151437771522956,0.922298305331936,0.4509678000510537,0.0,0.3207547169811321,0.01820180603523548
393,104,98.11320754716981,106,0,102,4,0,0.0,0.9713011052492067,0.9520902374703605,0.4621340736183523,0.74905666976504,0.3845241880718636,1.0893880102847506,8.349056603773585,3.567999827489257,0.32708400419000805,0.019448949862335033,8.854634817643899e-05,0.0,0.019448949862335033,0.0011983193512427812,0,0,0,4,0,0.75,0.25471698113207547,0.20032102908869925,0.17995486998250326,0.9212839357416382,0.444608276034066,0.0,0.2830188679245283,0.018219675868752734
394,105,99.05660377358491,106,0,101,5,0,0.0,0.9627842560058326,0.9442292159158344,0.42540172095464845,0.7492824065160106,0.3963408779199468,1.0986561017870389,8.349056603773585,3.567999827489257,0.3207180027127825,0.03398318234083299,0.00010746729932582777,0.0,0.03398318234083299,0.0048153948647312985,0,0,0,5,0,0.8,0.2358490566037736,0.19100941081148753,0.18003515192918582,0.9196017570639858,0.4385723127902866,0.0,0.32075471698113206,0.01818111876597847
395,106,100.0,106,0,103,3,0,0.0,0.9593200505142124,0.9404885553137387,0.4128276283884983,0.7493933155690324,0.39485571530747043,1.1003364791954067,8.349056603773585,3.567999827489257,0.31903543465986783,0.03081026848959786,9.833476361366866e-05,0.0,0.03081026848959786,0.002596830274405789,0,0,0,3,0,0.6666666666666666,0.24528301886792453,0.18911246076764876,0.17169076970080693,0.9309179276775689,0.4403295381912722,0.0,0.32075471698113206,0.018165776355930613
396,106,100.0,106,0,102,4,0,0.0,0.9611519989633261,0.942537216552729,0.40819424179945746,0.749558744370812,0.4005220646048218,1.1054592294292314,8.349056603773585,3.567999827489257,0.3174960515055212,0.020428503633737747,0.00011871583330572036,0.0,0.020428503633737747,0.005150399254213303,0,0,0,4,0,0.75,0.2358490566037736,0.18661532449805268,0.1737003677115602,0.935495212698985,0.4353082389662357,0.0,0.28301886792452824,0.01817788734785724
397,106,100.0,106,0,102,4,0,0.0,0.9666489500645594,0.9485485049537068,0.38909313780244925,0.7498898568810509,0.3971368604729039,1.0967367486847988,8.349056603773585,3.567999827489257,0.3152616750994872,0.029634581806552776,0.00013060142283511698,0.0,0.029634581806552776,-0.003480732954368543,0,0,0,4,0,0.75,0.22641509433962265,0.18085447048449432,0.17633268552269804,0.9242992100736975,0.4373961828265228,0.0,0.28301886792452824,0.018211279150260464
398,106,100.0,106,0,101,5,0,0.0,0.9622756600805197,0.9441973780994938,0.39866346105240774,0.7500849567385741,0.40499734202027604,1.1093252559145088,8.349056603773585,3.567999827489257,0.31699346265222794,0.03015546002695559,0.0001276677438053065,0.0,0.03015546002695559,0.0022554881461195886,0,0,0,5,0,0.6,0.2358490566037736,0.18428096461167445,0.1767327468750644,0.9242992100736975,0.43911567000990265,0.0,0.28301886792452824,0.018192893281630193
399,106,100.0,106,0,102,4,0,0.0,0.9634219904311786,0.9449089754571321,0.4116349073256279,0.7502934072675117,0.3964599294666116,1.0984769808512862,8.349056603773585,3.567999827489257,0.32420592789661584,0.03162345058208073,0.0001069893987686561,0.0,0.03162345058208073,0.00024984685145686136,0,0,0,4,0,0.75,0.25471698113207547,0.1914724981703578,0.17256052151418552,0.9193733036104823,0.4484000414746803,0.0,0.28301886792452824,0.018202343690639937
400,106,100.0,106,0,102,4,0,0.0,0.9603755250138803,0.9422408200089212,0.43956486626242824,0.7504182604565048,0.39617641563622813,1.10227065974663,8.349056603773585,3.567999827489257,0.3261515375608084,0.021627079933511147,8.700609281336447e-05,0.0,0.021627079933511147,0.002747009647534604,0,0,0,4,0,0.75,0.24528301886792453,0.19770070671407258,0.15351254547973336,0.9247757566369745,0.45309734545883895,0.0,0.320754716981132,0.01818933874433739
401,106,100.0,106,0,102,4,0,0.0,0.958691709674351,0.9409304133359468,0.4518627912412106,0.7505012546376653,0.40015347358241393,1.1079209160897106,8.349056603773585,3.567999827489257,0.3239396971567079,0.022517567967850243,8.603093677423434e-05,0.0,0.022517567967850243,0.0026497232166594192,0,0,0,4,0,0.75,0.22641509433962265,0.1981024975111501,0.1462076797867019,0.9228981491788563,0.45007417570699115,0.0,0.320754716981132,0.01818240028376006
402,106,100.0,106,0,102,4,0,0.0,0.9559796436874823,0.9388414490576882,0.45447635574239154,0.7505216601931094,0.40618836313254947,1.1155771256985605,8.349056603773585,3.567999827489257,0.31904065792517944,0.01755949624376697,8.328172827262183e-05,0.0,0.01755949624376697,0.0007734270928099474,0,0,0,4,0,1.0,0.2169811320754717,0.1949837399303422,0.13745961090028727,0.9238710388483622,0.44596724657319237,0.0,0.3584905660377358,0.018169203988917238
403,106,100.0,106,0,102,4,0,0.0,0.9570394752241168,0.9397178833063989,0.5043812772218326,0.7505663546163563,0.4027116633532095,1.1068073368824798,8.349056603773585,3.567999827489257,0.3250394034153683,0.03323191463510712,4.6009950174536775e-05,0.0,0.03323191463510712,0.010330593931818795,0,0,0,4,0,0.75,0.25471698113207547,0.20634487268250817,0.1297701494246798,0.9175731135031139,0.45110152589678454,0.0,0.3584905660377358,0.018175300495072585
404,106,100.0,106,0,100,6,0,0.0,0.9643200441001767,0.9467388375163633,0.5609543944564727,0.7508098604499382,0.40045097923051104,1.1045149194629027,8.349056603773585,3.567999827489257,0.3275195176835519,0.0314158570006429,6.399036449306403e-05,0.0,0.0314158570006429,0.004194105505065891,0,0,0,6,0,0.5,0.27358490566037735,0.2146883639922085,0.1249643574975595,0.9018616593218599,0.4524451986728847,0.0,0.3962264150943396,0.01821604748331395
405,106,100.0,106,0,100,6,0,0.0,0.9690415872481809,0.9517583426193776,0.5888111717616544,0.7511879547425314,0.3956271635915565,1.09275151413009,8.349056603773585,3.567999827489257,0.3293898965180382,0.033886342668455485,4.9726129806710314e-05,0.0,0.033886342668455485,0.010210544737695426,0,0,0,6,0,0.5,0.25471698113207547,0.21954228386581826,0.11755925168061228,0.9289971236098442,0.46094556592042446,0.0,0.2830188679245283,0.018246400400907706
406,105,99.05660377358491,106,1,100,5,0,0.009433962264150943,0.9746404935779309,0.9558720141543056,0.5845742975922612,0.7516976602649237,0.38998785744805414,1.0856170574073927,8.349056603773585,3.567999827489257,0.33127517874570045,0.028648054695868685,5.002376296024734e-05,0.0,0.028648054695868685,0.01100963920750439,0,1,0,5,0,0.6666666666666666,0.19811320754716982,0.22138162173878018,0.12306542980335539,0.9200664939214688,0.46379892518375787,0.009433962264150943,0.320754716981132,0.018283488078636286
407,105,99.05660377358491,106,0,102,4,0,0.0,0.9760001342055303,0.9572391234551795,0.558451058266441,0.7522005212622629,0.3994382203053049,1.0981995516377892,8.349056603773585,3.567999827489257,0.3275706759837673,0.012971284311363497,4.218257810924331e-05,0.0,0.012971284311363497,0.009934023919033405,0,0,0,4,0,1.0,0.22641509433962265,0.21554621586101647,0.14060316007097737,0.9339523405270085,0.4536125570200596,0.0,0.24528301886792447,0.018299257321533067
408,105,99.05660377358491,106,0,102,4,0,0.0,0.9728604657638689,0.9545432119711333,0.5218077377140646,0.7526084880864045,0.4017706196959268,1.0993117708234323,8.349056603773585,3.567999827489257,0.32528712816581073,0.004156314704766079,9.434227748307212e-05,0.0,0.004156314704766079,-0.0004070414560284688,0,0,0,4,0,1.0,0.22641509433962265,0.20862413476081487,0.1418513728113502,0.9262572408882956,0.45128644317405653,0.0,0.32075471698113206,0.018290837107115553
409,105,99.05660377358491,106,0,102,4,0,0.0,0.9755918768844226,0.9564917567373354,0.5464534991429649,0.7530575179140816,0.39482917660197414,1.0885538269538535,8.349056603773585,3.567999827489257,0.3316998240982769,0.04392180770848351,4.9397775848818406e-05,0.0,0.04392180770848351,0.009015874218587724,0,0,0,4,0,0.75,0.22641509433962265,0.2172541944646004,0.14156494806393785,0.9347714321543301,0.4602626167496404,0.0,0.32075471698113206,0.01831250485445677
410,105,99.05660377358491,106,0,102,4,0,0.0,0.9789158299478048,0.9593413366691969,0.5644653463696926,0.7535718647639245,0.38746980640753315,1.081240027870403,8.349056603773585,3.567999827489257,0.33444959019273957,0.005279365168093182,8.998965738261432e-05,0.0,0.005279365168093182,-0.0006182439348757299,0,0,0,4,0,1.0,0.22641509433962265,0.22130243783317152,0.1294810324701214,0.9411780941885525,0.4693145135224781,0.0,0.32075471698113206,0.018338300567131226
411,106,100.0,106,0,102,4,0,0.0,0.9799650858853112,0.9604587379806758,0.5590521278898506,0.7540997548205448,0.385956301488444,1.0746848677801109,8.349056603773585,3.567999827489257,0.3315785416120378,0.005101719785312684,9.218575571473828e-05,0.0,0.005101719785312684,-0.0012560607662916445,0,0,0,4,0,1.0,0.2169811320754717,0.21782618166144957,0.12975471753049764,0.9279247487685078,0.4647246514759516,0.0,0.3584905660377358,0.01835296440497353
412,106,100.0,106,0,102,4,0,0.0,0.9768770514515348,0.9570924398104842,0.5685088541994555,0.7545127221505314,0.394168102305655,1.0846248148935698,8.349056603773585,3.567999827489257,0.3303664243535138,0.05449234953151139,6.17345026196375e-05,0.0,0.05449234953151139,0.011132330456282612,0,0,0,4,0,0.75,0.20754716981132076,0.21900478479213734,0.12293445030828633,0.9352067977939136,0.46180224352504423,0.0,0.3584905660377358,0.018344891569615406
413,106,100.0,106,0,102,4,0,0.0,0.9763894605446265,0.9561668127327216,0.6164523937541164,0.7548845337088665,0.37867247382995917,1.0811920248135112,8.349056603773585,3.567999827489257,0.3338699588490299,0.0072973094920821095,8.367073010427678e-05,0.0,0.0072973094920821095,0.002167879002309109,0,0,0,4,0,1.0,0.2169811320754717,0.22854941084306438,0.11399193485521193,0.9203939098454592,0.46470333861822766,0.0,0.3584905660377358,0.018349086732960852
414,106,100.0,106,0,101,5,0,0.0,0.9689875218344144,0.9498545978580151,0.5390416949142663,0.7550629031787692,0.3966302788639682,1.109265498291665,8.349056603773585,3.567999827489257,0.32233062654180533,0.04068891269808146,7.994996247054994e-05,0.0,0.04068891269808146,0.008529361165287797,0,0,0,5,0,0.8,0.22641509433962265,0.2107284876658085,0.12009940469911291,0.9200891731230324,0.45195568624681537,0.0,0.3584905660377358,0.018315259150599002
415,106,100.0,106,0,101,5,0,0.0,0.96692791310239,0.9477982494520008,0.5519193142579467,0.7551762120202301,0.3986408916821621,1.1091274652855407,8.349056603773585,3.567999827489257,0.3224185506305528,0.004363174188817255,0.0001027713335467215,0.0,0.004363174188817255,-0.0005134734292406351,0,0,0,5,0,1.0,0.2169811320754717,0.21262843191352637,0.11507326243542683,0.9220908740860085,0.4519581643600804,0.0,0.3584905660377358,0.01830698253657281
416,106,100.0,106,0,104,2,0,0.0,0.9660801555789836,0.9470276278119903,0.5333291561250494,0.7552634813793945,0.4075100277645948,1.1216524936400416,8.349056603773585,3.567999827489257,0.31939263975802556,0.11213096523826958,9.372630930547185e-05,0.0,0.11213096523826958,0.006612982883951027,0,0,0,2,0,0.5,0.20754716981132076,0.20887119522361,0.12281792089897914,0.933421289214251,0.4458865802248807,0.0,0.28301886792452824,0.018304300634247993
417,106,100.0,106,0,101,5,0,0.0,0.9664715192519815,0.9475711170008824,0.5074723788473449,0.755363150322632,0.4022409923681997,1.1035479759236224,8.349056603773585,3.567999827489257,0.3181754891232078,0.05328983006272279,0.00014937152667131195,0.0,0.05328983006272279,0.0035432286624159314,0,0,0,5,0,0.8,0.22641509433962265,0.20359325425275562,0.12537311718926725,0.9082769426940802,0.44619279915497667,0.0,0.39622641509433965,0.018308035546474373
418,105,99.05660377358491,106,1,102,3,0,0.009433962264150943,0.9732343598204322,0.9560608575968393,0.533662952587,0.7556404352017058,0.41029693276550355,1.110345553409405,8.349056603773585,3.567999827489257,0.3194576004509895,0.1145745450574876,0.00015548050357389154,0.0,0.1145745450574876,0.005890243677906207,0,1,0,3,0,0.5,0.20754716981132076,0.20785687790508242,0.12192182210860637,0.9056822401430532,0.4466040554667912,0.009433962264150943,0.3584905660377358,0.018346796511320127
419,104,98.11320754716981,106,1,99,6,0,0.009433962264150943,0.9780031470322056,0.9581712008610985,0.539593949006942,0.7561045480711731,0.42668737244214433,1.1432431067267756,8.349056603773585,3.567999827489257,0.3176902357706637,0.06313042410735295,0.00010200844689486943,0.0,0.06313042410735295,0.005238102178766567,0,1,0,6,0,0.7142857142857143,0.22641509433962265,0.2074227849367261,0.12362647607142666,0.914773374522796,0.4392764892264155,0.009433962264150943,0.39622641509433965,0.01837892022056997
420,104,98.11320754716981,106,0,101,5,0,0.0,0.9749617122504541,0.9551050139171259,0.5397099828988062,0.7563892552994789,0.42797864262455054,1.1542907502994673,8.349056603773585,3.567999827489257,0.31691582019049336,0.030603614227319414,0.00010572740622389571,0.0,0.030603614227319414,0.003695247529092649,0,0,0,5,0,0.8,0.18867924528301888,0.20764948053567844,0.12573057590627248,0.8900496352880227,0.4386604827272047,0.0,0.4716981132075472,0.018368792223368614
421,103,97.16981132075472,106,1,101,4,0,0.009433962264150943,0.9679484633583415,0.9445610742499172,0.49140232745826146,0.7564651486789779,0.43584189848575594,1.162681763360422,8.349056603773585,3.567999827489257,0.3185450646720893,0.08204068902254165,0.00015551234237842245,0.0,0.08204068902254165,0.0030223712390088807,0,1,0,4,0,0.8,0.19811320754716982,0.20397591007411303,0.14509130781198104,0.8937929984276122,0.4318099175972412,0.009433962264150943,0.4339622641509434,0.01833507991673285
422,103,97.16981132075472,106,0,105,1,0,0.0,0.9712972346926778,0.9477377064501197,0.4828001319378614,0.7565266972640483,0.4378646424354167,1.1697330859077695,8.349056603773585,3.567999827489257,0.31623064128816836,0.22223487724583366,0.0003292501214762363,0.0,0.22223487724583366,0.005259301149798223,0,0,0,1,0,0.0,0.20754716981132076,0.20059620413767326,0.16082935890346972,0.8982371687054275,0.4253300549707291,0.0,0.4339622641509434,0.018352921800109098
423,104,98.11320754716981,106,0,104,2,0,0.0,0.9699867882445513,0.9468031489479573,0.4612823538389491,0.7565593737876578,0.4319681703031839,1.164160084976252,8.349056603773585,3.567999827489257,0.31342081911431463,0.11246170622658394,0.00024033901373195644,0.0,0.11246170622658394,0.002747067346999421,0,0,0,2,0,0.5,0.18867924528301888,0.19582798757226,0.1707935023741476,0.8940340022054868,0.42479537317797916,0.0,0.4339622641509434,0.018346952517021474
424,105,99.05660377358491,106,0,105,1,0,0.0,0.9738615532049151,0.9510081620738556,0.421916725108622,0.7567109123018233,0.4334461317242728,1.1608231919273682,8.349056603773585,3.567999827489257,0.3110992714115852,0.23103775212250982,0.0003976837020100817,0.0,0.23103775212250982,0.00288444325138848,0,0,0,1,0,0.0,0.20754716981132076,0.1872654057331818,0.17783422573173271,0.8979503317581605,0.4256749665655458,0.0,0.4339622641509434,0.018369029788785296
425,105,99.05660377358491,106,0,105,1,0,0.0,0.972316130290727,0.9495333502695873,0.42133205347035624,0.7568149468959595,0.4307393054214831,1.1569019045196802,8.349056603773585,3.567999827489257,0.31191464289432136,0.22571440726264713,0.00025164845102068785,0.0,0.22571440726264713,0.008301801357308902,0,0,0,1,0,0.0,0.1792452830188679,0.18812791766193343,0.18050034006829255,0.8797696999990671,0.42645562421736155,0.0,0.4339622641509434,0.01836315865128401
426,106,100.0,106,0,105,1,0,0.0,0.9619517183673272,0.9403051470060428,0.3652752692533276,0.7566518597147373,0.4469316153154892,1.1734378325171617,8.349056603773585,3.567999827489257,0.30278543634105404,0.22245193588664475,0.0003773115296538622,0.0,0.22245193588664475,0.0001144958475176594,0,0,0,1,0,0.0,0.2169811320754717,0.17399942280761838,0.19352448292565957,0.9015900236731372,0.41175428466323355,0.0,0.39622641509433965,0.018308427116494677
427,106,100.0,106,0,105,1,0,0.0,0.971023875027064,0.9488934580827458,0.3783243437313299,0.7567397362233806,0.43800370919014053,1.1602471997993415,8.349056603773585,3.567999827489257,0.3068245965502747,0.22243706535373273,0.0003766622947430837,0.0,0.22243706535373273,0.0024655494493996954,0,0,0,1,0,0.0,0.20754716981132076,0.17744638727142004,0.19378738935004378,0.8934042376609002,0.418341097856858,0.0,0.3962264150943396,0.01835535561663176
428,106,100.0,106,0,105,1,0,0.0,0.9718561349719966,0.9500774622537744,0.3577288059819615,0.7568582735117708,0.4424312658646378,1.1598140915818422,8.349056603773585,3.567999827489257,0.3019759175281289,0.21837461598145774,0.00036221737271943747,0.0,0.21837461598145774,0.0024812759302552667,0,0,0,1,0,0.0,0.2169811320754717,0.1705966770910335,0.19069007073253777,0.8979467956108153,0.4117671909715767,0.0,0.3962264150943396,0.01836163162147906
429,106,100.0,106,0,106,0,0,0.0,0.9719761528685575,0.9506860779275491,0.3426069500762917,0.7569899537148682,0.4428934235473595,1.1570914146563833,8.349056603773585,3.567999827489257,0.29863211145762936,0.0,0.0,0.0,0.0,0.0,0,0,0,0,0,0.0,0.19811320754716982,0.16555549896110477,0.19640298482258858,0.8900414223384208,0.4055184239143619,0.0,0.3584905660377358,0.01836458088567154
430,106,100.0,106,0,105,1,0,0.0,0.9709010752348993,0.9499591469511608,0.34437598712066597,0.7570961860517594,0.44508206749433726,1.1561446585218738,8.349056603773585,3.567999827489257,0.2973575601490903,0.26019928200765274,0.0004136549628928652,0.0,0.26019928200765274,0.0062601155037094736,0,0,0,1,0,0.0,0.18867924528301888,0.16586162709591473,0.1896916128153867,0.9027856313414026,0.4076877940294266,0.0,0.3584905660377358,0.018361100682301755
431,106,100.0,106,0,105,1,0,0.0,0.9801703534427006,0.9589438902879692,0.36524468489451467,0.7574550885204595,0.4395021292309103,1.144298725683763,8.349056603773585,3.567999827489257,0.3008096946133989,0.22791700621016853,0.00037848403234238073,0.0,0.22791700621016853,0.004038419777190161,0,0,0,1,0,0.0,0.18867924528301888,0.1708261230887262,0.18210551899439278,0.8932854923247973,0.41081598633982974,0.0,0.3584905660377358,0.0184138498930728
432,105,99.05660377358491,106,1,105,0,0,0.009433962264150943,0.9895305270726118,0.9661615416386695,0.4168695857399778,0.7580523727000723,0.43017791531875554,1.135131521225999,8.349056603773585,3.567999827489257,0.3087828897839111,0.2569192334986702,0.0004050711313054349,0.0,0.2569192334986702,0.00533675161205327,0,1,0,0,0,0.0,0.18867924528301888,0.18389482821115258,0.15970950206788864,0.8897052126880444,0.4255433598506573,0.009433962264150943,0.3773584905660377,0.01847130631047146
433,105,99.05660377358491,106,0,106,0,0,0.0,0.9813616285570388,0.9585319374653593,0.4173248227410032,0.7583653996500105,0.43878788141192915,1.1413393981083886,8.349056603773585,3.567999827489257,0.3109891070036763,0.0,0.0,0.0,0.0,0.0,0,0,0,0,0,0.0,0.1792452830188679,0.18643149076640447,0.15961190897599592,0.873790003675239,0.4281995476513763,0.0,0.41509433962264153,0.01843604621841049
434,105,99.05660377358491,106,0,106,0,0,0.0,0.9818345635181139,0.9595619664813467,0.43453295878366316,0.7586966589457252,0.43978682844962713,1.140188489148296,8.349056603773585,3.567999827489257,0.3103532491306087,0.0,0.0,0.0,0.0,0.0,0,0,0,0,0,0.0,0.19811320754716982,0.18816285058525187,0.14816418172677748,0.8939455379507358,0.42948414604371116,0.0,0.41509433962264153,0.018444320558765687
435,105,99.05660377358491,106,0,106,0,0,0.0,0.9805012579466494,0.9584950277716754,0.4149362522260592,0.7589856442132842,0.44580503776816055,1.1180745175096414,8.349056603773585,3.567999827489257,0.3096585564477323,0.0,0.0,0.0,0.0,0.0,0,0,0,0,0,0.0,0.18867924528301888,0.18440310736970136,0.16838491040493914,0.8925444688089968,0.42454587774761493,0.0,0.37735849056603776,0.01844280952783235
436,105,99.05660377358491,106,0,106,0,0,0.0,0.9835494400877699,0.9615148972651223,0.40747038680427144,0.7593505176376484,0.44430213068361035,1.1119753639175807,8.349056603773585,3.567999827489257,0.3132488029688869,0.0,0.0,0.0,0.0,0.0,0,0,0,0,0,0.0,0.19811320754716982,0.18449175962877848,0.17483399811119246,0.8909442493560644,0.43287455423202664,0.0,0.41509433962264153,0.01846455978011389
437,106,100.0,106,0,105,1,0,0.0,0.976322215153912,0.9544517222353162,0.40616974270616646,0.7595007611205578,0.4529803706272195,1.1464188299740428,8.349056603773585,3.567999827489257,0.3117917757604538,0.0015389410135752172,0.00012346993826804124,0.0,0.0015389410135752172,0.004684806025470167,0,0,0,1,0,1.0,0.2169811320754717,0.184290438848851,0.1671724485682543,0.9025033318943846,0.4332372942114105,0.0,0.3018867924528302,0.018431103999050107
438,106,100.0,106,0,105,1,0,0.0,0.9856335490193898,0.9634907252907595,0.4597025169833916,0.7599036532069963,0.4401519643439145,1.1086626528257961,8.349056603773585,3.567999827489257,0.3160632986231975,0.001607010331601023,0.00011832503442241731,0.0,0.001607010331601023,0.0060754939468987135,0,0,0,1,0,1.0,0.22641509433962265,0.1940285480111831,0.15290794466374416,0.9134379644152845,0.44327370656302484,0.0,0.26415094339622636,0.018484848262852044
439,106,100.0,106,0,105,1,0,0.0,0.981041027037198,0.9591959485689077,0.4537939673386632,0.760169580003664,0.44158259782442494,1.136145866080261,8.349056603773585,3.567999827489257,0.3158058639802399,0.0050662171069397995,0.0002494595609079083,0.0,0.0050662171069397995,-0.014271990837632753,0,0,0,1,0,1.0,0.2169811320754717,0.19329411944219,0.1569846168031926,0.8960401332923945,0.4411448122696975,0.0,0.3018867924528302,0.018466629786764263
440,105,99.05660377358491,106,1,103,2,0,0.009433962264150943,0.981479665068098,0.9588620429826059,0.47959810332766056,0.7604422374410905,0.44435254673990815,1.1399770601097785,8.349056603773585,3.567999827489257,0.317406179908696,0.12988894690626754,0.00023353346645780233,0.0,0.12988894690626754,0.0006695449366967976,0,1,0,2,0,0.6666666666666666,0.2358490566037736,0.19770304940600417,0.14125940180758667,0.9057760900208397,0.44407909131416146,0.009433962264150943,0.26415094339622636,0.01847368718536727
441,105,99.05660377358491,106,0,106,0,0,0.0,0.9844253889500515,0.9613334393528447,0.5391679889807474,0.7607499600872017,0.4367575897419232,1.1281622614287947,8.349056603773585,3.567999827489257,0.3233798295615804,0.0,0.0,0.0,0.0,0.0,0,0,0,0,0,0.0,0.24528301886792453,0.21078857349158872,0.1323848954056418,0.9152344126560525,0.45254191134506533,0.0,0.26415094339622636,0.018493905576518234
442,105,99.05660377358491,106,0,106,0,0,0.0,0.9822655515468616,0.9586970880108218,0.5204008092275095,0.7609714511807624,0.4352974247265178,1.1296580136786523,8.349056603773585,3.567999827489257,0.3258919343636377,0.0,0.0,0.0,0.0,0.0,0,0,0,0,0,0.0,0.2358490566037736,0.21056196475162148,0.139645148077818,0.9039725709738152,0.45100013132400724,0.0,0.3018867924528301,0.018487057790420355
443,105,99.05660377358491,106,0,106,0,0,0.0,0.9881184303824082,0.9639059945981768,0.5315796694876513,0.7613337224949274,0.4319907682512434,1.1368476904282887,8.349056603773585,3.567999827489257,0.32891566280470474,0.0,0.0,0.0,0.0,0.0,0,0,0,0,0,0.0,0.2169811320754717,0.21377618442973248,0.14360937219263692,0.8962090415666826,0.4537166137943683,0.0,0.3018867924528301,0.018522785104530315
444,105,99.05660377358491,106,0,106,0,0,0.0,0.9985061326794918,0.9734499348198401,0.565520591402044,0.7619554901857438,0.41203813224608726,1.1112304378645377,8.349056603773585,3.567999827489257,0.33544200331422713,0.0,0.0,0.0,0.0,0.0,0,0,0,0,0,0.0,0.2169811320754717,0.2219857873942252,0.142954818980122,0.9005101936000045,0.46252323554474545,0.0,0.3018867924528301,0.018585815951083592
445,106,100.0,106,0,105,1,0,0.0,0.999985085160363,0.9746540942102496,0.6038655029953645,0.7625894447304025,0.40928779086908845,1.1092489002432944,8.349056603773585,3.567999827489257,0.3361262482969358,0.017098430096921274,0.00025632306254240916,0.0,0.017098430096921274,0.008230728046944247,0,0,0,1,0,1.0,0.20754716981132076,0.22637095688062642,0.1341073078599608,0.8986734845590902,0.4638324839017898,0.0,0.2830188679245283,0.018604520462017837
446,104,98.11320754716981,106,2,104,0,0,0.018867924528301886,1.0086612060877547,0.9864153882515785,0.6867168536766408,0.7634287271784495,0.40001809729160237,1.0993052565059205,8.349056603773585,3.567999827489257,0.3449011554936634,0.13660422568815117,0.0002669415250653083,0.0,0.13660422568815117,0.008748599161819692,0,2,0,0,0,0.5,0.2358490566037736,0.24059484031058323,0.11838673048467989,0.8938058248065103,0.48164136424196646,0.018867924528301886,0.3018867924528302,0.018662873864804027
447,104,98.11320754716981,106,0,101,5,0,0.0,1.0043023665330961,0.9827456505840592,0.6315223085854473,0.7642410820037168,0.4029322662959841,1.0998175978242464,8.349056603773585,3.567999827489257,0.34379850307564297,0.08896056931981403,5.9954616013459585e-05,0.0,0.08896056931981403,0.014122720245112472,0,0,0,5,0,0.4,0.2641509433962264,0.23336561125054672,0.12727450795456308,0.9021798581538715,0.48411761994597613,0.0,0.26415094339622636,0.018655572076412802
448,104,98.11320754716981,106,0,101,5,0,0.0,1.003555208460684,0.9821430701848091,0.6444593842774607,0.7650072519561354,0.40019589056994365,1.0919428974311187,8.349056603773585,3.567999827489257,0.3468786089324465,0.056566240755417815,0.00013216873225770299,0.0,0.056566240755417815,0.003425882110608361,0,0,0,5,0,0.6,0.27358490566037735,0.2366867517444677,0.12721373707335387,0.9068806052161372,0.49064751211359686,0.0,0.3018867924528302,0.01866550475734103
449,104,98.11320754716981,106,0,103,3,0,0.0,0.998498581380202,0.9768847190796561,0.6420658074292791,0.7655959905992851,0.41043534047943314,1.107201261081494,8.349056603773585,3.567999827489257,0.34596830193493266,0.024527070477555635,7.225329085819468e-05,0.0,0.024527070477555635,0.0010398638320605151,0,0,0,3,0,0.6666666666666666,0.2641509433962264,0.2361853953603279,0.12887586345284058,0.9188346207244105,0.49011082098802405,0.0,0.32075471698113206,0.01865072471882459
450,104,98.11320754716981,106,0,103,3,0,0.0,1.0023199228160582,0.9803282983835402,0.6871777024288576,0.7662620165715606,0.40940376928699407,1.1068675247386899,8.349056603773585,3.567999827489257,0.3477954186807999,0.023456156439810225,6.972936373159107e-05,0.0,0.023456156439810225,0.001948539518308275,0,0,0,3,0,0.6666666666666666,0.25471698113207547,0.24256507879407527,0.11512888799290161,0.9147313269226316,0.49456734253037643,0.0,0.3018867924528302,0.018681713328774784
451,106,100.0,106,0,100,6,0,0.0,1.0061723208560298,0.9834999764277131,0.7793234301207158,0.7669948111120095,0.3995499433147739,1.0913637940909364,8.349056603773585,3.567999827489257,0.3527958578805459,0.024102838867504205,0.00012813221364374485,0.0,0.024102838867504205,0.003005526234475518,0,0,0,6,0,0.8333333333333334,0.24528301886792453,0.2562013617665183,0.11527299865150777,0.9057618816494044,0.49406691439962275,0.0,0.28301886792452824,0.018714048372944176
452,106,100.0,106,0,100,6,0,0.0,1.0139375064291658,0.9908278771224515,0.7997741181565736,0.7679106271318371,0.38744135495110327,1.0745315655292043,8.349056603773585,3.567999827489257,0.3565495295913854,0.03377710484448689,7.935907236777648e-05,0.0,0.03377710484448689,0.0032885419722198657,0,0,0,6,0,0.8333333333333334,0.2358490566037736,0.2613848747291953,0.11460126878359107,0.9104643614601848,0.4986922185704163,0.0,0.28301886792452824,0.01876921245781364
453,105,99.05660377358491,106,1,100,5,0,0.009433962264150943,1.0212077432990807,0.9967500587675832,0.8090285285912857,0.7689886749386943,0.38733969563681947,1.0700409677532658,8.349056603773585,3.567999827489257,0.36173147040428466,0.07147945417338365,0.0001294216271972879,0.0,0.07147945417338365,-0.00041669791169558133,0,1,0,5,0,0.6666666666666666,0.27358490566037735,0.26537655331081234,0.1315571726042022,0.8922842948722733,0.5010559434309927,0.009433962264150943,0.339622641509434,0.01882479601410767
454,105,99.05660377358491,106,0,99,7,0,0.0,1.0203531354844027,0.9962271672206178,0.7606988460244597,0.7699874672297359,0.38939755637488666,1.0760872593921125,8.349056603773585,3.567999827489257,0.3604044173226897,0.05159586305422855,5.925501473745691e-05,0.0,0.05159586305422855,0.012099059365157564,0,0,0,7,0,0.7142857142857143,0.29245283018867924,0.2584851634324198,0.13367016271188764,0.8986228163721923,0.5044522211120859,0.0,0.3584905660377359,0.018838341428644954
455,105,99.05660377358491,106,0,99,7,0,0.0,1.024250478496696,0.9998914462431213,0.7843363383075502,0.7710552157889174,0.375939365694544,1.0577517815036488,8.349056603773585,3.567999827489257,0.3640887427150086,0.02463884255374271,9.336180211302368e-05,0.0,0.02463884255374271,0.003390779244627196,0,0,0,7,0,0.7142857142857143,0.3018867924528302,0.26368203065404155,0.12932386019095035,0.9020436134952949,0.5110002286604917,0.0,0.3207547169811321,0.018876876777081227
456,105,99.05660377358491,106,0,100,6,0,0.0,1.0198494857467364,0.9950171550115745,0.7833028232181959,0.7719457353191631,0.37966956058866497,1.0667015902427628,8.349056603773585,3.567999827489257,0.3638646429382988,0.06861935720323155,4.9288888221277466e-05,0.0,0.06861935720323155,0.011940001898735087,0,0,0,6,0,0.6666666666666666,0.32075471698113206,0.2647407502472001,0.1361716923541367,0.9014263346593705,0.5075107091310225,0.0,0.3584905660377359,0.01887075868098289
457,104,98.11320754716981,106,1,99,6,0,0.009433962264150943,1.0151003588981387,0.9891388122642362,0.7347126999113344,0.7726796381811494,0.3969780724872461,1.0919719250176472,8.349056603773585,3.567999827489257,0.36089725185325516,0.04303786916521612,0.00012365513868866203,0.0,0.04303786916521612,0.003221570399245827,0,1,0,6,0,0.7142857142857143,0.29245283018867924,0.25749354922239237,0.1435104580704339,0.9088785097647816,0.5015979023151718,0.009433962264150943,0.3207547169811321,0.018860105873164706
458,105,99.05660377358491,106,0,102,4,0,0.0,1.0092516594006236,0.9834132663383908,0.7332341935154583,0.7731809769409694,0.397085584682946,1.0958245070587367,8.349056603773585,3.567999827489257,0.357855260475725,0.08624515066662464,5.08228715213688e-05,0.0,0.08624515066662464,0.018818066855391363,0,0,0,4,0,0.5,0.2830188679245283,0.2566588637344435,0.13965333467731308,0.8941696109705366,0.49743211930328746,0.0,0.3584905660377359,0.01883980625871989
459,105,99.05660377358491,106,0,101,5,0,0.0,1.0035610377102466,0.9777794499939108,0.7455403795863418,0.7735036162887423,0.3970615437960734,1.0909211559749858,8.349056603773585,3.567999827489257,0.3582732098752932,0.03617693134299255,0.00012590975464279596,0.0,0.03617693134299255,0.0030969100186062025,0,0,0,5,0,0.6,0.29245283018867924,0.2591389710833481,0.13335462401191872,0.9074419855100833,0.4992818141610611,0.0,0.32075471698113206,0.018817109035953978
460,105,99.05660377358491,106,0,100,6,0,0.0,0.9991438989822649,0.9733458659767571,0.7708211153751852,0.7736881916490765,0.3967709950796411,1.085644798193073,8.349056603773585,3.567999827489257,0.35968579931996114,0.074050430076105,0.00011953693082998768,0.0,0.074050430076105,0.011299897409770054,0,0,0,6,0,0.5,0.27358490566037735,0.2637840680656011,0.1302531004281982,0.9113740571914849,0.5010831404406728,0.0,0.32075471698113206,0.01879831616658323
461,105,99.05660377358491,106,0,100,6,0,0.0,1.0116498290361413,0.9854492793290848,0.7913334560729556,0.7742116611748974,0.3863429175275176,1.0752892861850665,8.349056603773585,3.567999827489257,0.3633483782220186,0.0839850004514534,8.905440644815564e-05,0.0,0.0839850004514534,0.01344765995506525,0,0,0,6,0,0.5,0.2641509433962264,0.26780803129970165,0.13381772604446443,0.9109057275896703,0.5055027937093218,0.0,0.32075471698113206,0.018870184512741733
462,105,99.05660377358491,106,1,100,5,0,0.009433962264150943,1.0107854111382073,0.9835417121727218,0.8172325585413338,0.7746838515543888,0.38623927387704227,1.092183953516841,8.349056603773585,3.567999827489257,0.3640714494311006,0.07926613453212934,4.353055134457429e-05,0.0,0.07926613453212934,0.021840537807620353,0,1,0,5,0,0.3333333333333333,0.27358490566037735,0.2723348508530149,0.13723124868217923,0.8882762860263264,0.4995531234856649,0.009433962264150943,0.339622641509434,0.0188742862992149
463,105,99.05660377358491,106,0,101,5,0,0.0,1.0149452925923066,0.9880400419037239,0.7735454238204877,0.7752457466598608,0.3941472804927522,1.0961312017888662,8.349056603773585,3.567999827489257,0.3590137509757474,0.07070841437859052,6.920015797619099e-06,0.0,0.07070841437859052,0.024924308713585624,0,0,0,5,0,0.4,0.25471698113207547,0.2620598394350812,0.14394427932221596,0.88974770663905,0.4913213547821679,0.0,0.3018867924528302,0.01890510991468235
464,105,99.05660377358491,106,0,101,5,0,0.0,1.014795262640714,0.9879791687003011,0.8539333222022231,0.7757858557843045,0.38726743050506873,1.0973139306257498,8.349056603773585,3.567999827489257,0.3610438157040916,0.0711742846394372,4.81317328801216e-05,0.0,0.0711742846394372,0.019613656647527185,0,0,0,5,0,0.6,0.2641509433962264,0.2730667813518031,0.12745656341344686,0.8861442731105535,0.49780749977693145,0.0,0.33962264150943394,0.01891399531123859
465,105,99.05660377358491,106,0,102,4,0,0.0,1.0131931513722012,0.9861785893010382,0.8867852843090344,0.7762552980802319,0.38607094966094796,1.0969571013541326,8.349056603773585,3.567999827489257,0.36285919730054705,0.14441669539025132,0.00018350055689776758,0.0,0.14441669539025132,0.024865802940215568,0,0,0,4,0,0.25,0.2641509433962264,0.2788538802814829,0.12932027669327334,0.9168281630902739,0.4979105251706201,0.0,0.3018867924528301,0.018914359605050453
466,105,99.05660377358491,106,0,103,3,0,0.0,1.0052385796422039,0.9785353546360448,0.8160376055170647,0.7764898221961215,0.39455864889857145,1.1091780955894288,8.349056603773585,3.567999827489257,0.3596609553147798,0.04671790299117263,7.795388943383567e-05,0.0,0.04671790299117263,0.012489849883455579,0,0,0,3,0,0.6666666666666666,0.24528301886792453,0.2696748696382645,0.14035643027572703,0.8880769499023926,0.49049625291541976,0.0,0.33962264150943394,0.018878770656425646
467,106,100.0,106,0,102,4,0,0.0,1.0020831434252127,0.9759260460349444,0.750806634605418,0.776641498390852,0.4006868345204769,1.1142721594294287,8.349056603773585,3.567999827489257,0.3541405849927117,0.08648741725272151,3.3297858829286025e-05,0.0,0.08648741725272151,0.020696827433550946,0,0,0,4,0,0.5,0.24528301886792453,0.25808525796158105,0.1440908190185068,0.8854400763384112,0.4831109067215862,0.0,0.3018867924528301,0.018865699378523854
468,106,100.0,106,0,104,2,0,0.0,1.0059483399711697,0.9799308774721086,0.768925633574654,0.7769020766822314,0.3978573483252707,1.110740069198559,8.349056603773585,3.567999827489257,0.35425871043251833,0.1541695038313965,5.528290560380252e-06,0.0,0.1541695038313965,0.04257080755989818,0,0,0,2,0,0.0,0.25471698113207547,0.25958142495457737,0.14201196770485114,0.8874961521194897,0.4837448788791108,0.0,0.2830188679245283,0.018889674077747085
469,106,100.0,106,0,104,2,0,0.0,0.9898154594666511,0.9648751799088368,0.6688107056418087,0.776723607730156,0.4089547927328412,1.1193871447396218,8.349056603773585,3.567999827489257,0.35304620338615855,0.1477032838884093,1.76404019600986e-05,0.0,0.1477032838884093,0.040649821726204384,0,0,0,2,0,0.0,0.2641509433962264,0.249679243079464,0.15745451722781217,0.887093671157664,0.4855173116430736,0.0,0.2830188679245283,0.018805825789273405
470,106,100.0,106,0,103,3,0,0.0,0.9945384085439679,0.9693261484781042,0.6858936744534136,0.7766785549906814,0.40333427029912666,1.10786286856804,8.349056603773585,3.567999827489257,0.3519896805946301,0.11569498021547824,1.379611336659227e-05,0.0,0.11569498021547824,0.02579334803685721,0,0,0,3,0,0.3333333333333333,0.25471698113207547,0.24883834511327185,0.15964359870787195,0.8868192185100777,0.4816051679083606,0.0,0.2830188679245283,0.018828636793826622
471,106,100.0,106,0,102,4,0,0.0,0.9999349168541939,0.9742886932726457,0.7430149816237129,0.77677676060464,0.39397502800989576,1.0984085237363443,8.349056603773585,3.567999827489257,0.3542048051110469,0.10802305439266793,7.319557364487465e-05,0.0,0.10802305439266793,0.020531756778494926,0,0,0,4,0,0.5,0.25471698113207547,0.257321684327708,0.15452528568746215,0.8929409695959214,0.48295103808268564,0.0,0.26415094339622636,0.018857371323446066
472,105,99.05660377358491,106,1,103,2,0,0.009433962264150943,1.0043921838844219,0.9760178547457846,0.7771025711852864,0.7769820928458647,0.3936158451921951,1.0499248733083593,8.349056603773585,3.567999827489257,0.357048077801172,0.11682537520628107,9.243692178920377e-05,0.0,0.11682537520628107,0.02842054073759716,0,1,0,2,0,0.3333333333333333,0.27358490566037735,0.2639307450024429,0.14956771890180642,0.9046271593805186,0.48268649542237235,0.009433962264150943,0.24528301886792447,0.018883320785603546
473,105,99.05660377358491,106,0,105,1,0,0.0,1.0127549247585506,0.9839124564223845,0.7942703249733332,0.7773441689117389,0.3855582051673575,1.0341423193966657,8.349056603773585,3.567999827489257,0.35928650000013174,0.022140666591233038,0.0002977387209393812,0.0,0.022140666591233038,0.003723766282790697,0,0,0,1,0,1.0,0.2641509433962264,0.2665199465695967,0.156925626812097,0.9065257425919784,0.4831674830409024,0.0,0.2075471698113207,0.018931593926677075
474,105,99.05660377358491,106,0,104,2,0,0.0,1.0174531897937307,0.988235840146521,0.7983844768815297,0.777816732763262,0.3755792312180275,1.0237995546663539,8.349056603773585,3.567999827489257,0.3630644422719562,0.021147423605174253,0.00011278283121595805,0.0,0.021147423605174253,0.00645998489237376,0,0,0,2,0,1.0,0.2830188679245283,0.2693344072800503,0.15551127669273904,0.91614865820019,0.49000932518320567,0.0,0.20754716981132074,0.018963515790556537
475,105,99.05660377358491,106,0,105,1,0,0.0,1.028436198240644,0.9985803886955122,0.8199329004709459,0.7785677103168842,0.36555501958224274,1.015269026678102,8.349056603773585,3.567999827489257,0.36734546626792475,0.0013441125292249867,0.00015107011856186812,0.0,0.0013441125292249867,0.003513064119081144,0,0,0,1,0,1.0,0.2830188679245283,0.27365594469290766,0.15742320326073758,0.91614865820019,0.4964421011903994,0.0,0.20754716981132074,0.019031828271699962
476,105,99.05660377358491,106,0,103,3,0,0.0,1.0214395957979778,0.9924056759389318,0.7301909106669222,0.7791156420002864,0.3733242842597634,1.0206513862197313,8.349056603773585,3.567999827489257,0.3644692259565594,0.09457878222665955,0.00022118301622111813,0.0,0.09457878222665955,0.00722703867435361,0,0,0,3,0,0.6666666666666666,0.3113207547169811,0.2616958185817921,0.1665614098107141,0.9332296982755225,0.4975217773365378,0.0,0.2452830188679245,0.019006620360245908
477,106,100.0,106,0,105,1,0,0.0,1.0250657787317872,0.9954639152714867,0.839487773255258,0.7797313178614579,0.3597165986183604,1.0022024345433256,8.349056603773585,3.567999827489257,0.36708059870094245,0.003997019926060474,0.00011855903640761633,0.0,0.003997019926060474,0.0069870245132305775,0,0,0,1,0,1.0,0.29245283018867924,0.27590673087821727,0.15577721088556926,0.9365180180569037,0.4983280032058979,0.0,0.24528301886792447,0.0190357349317472
478,106,100.0,106,0,103,3,0,0.0,1.0195832812896926,0.9898071551526716,0.8369340079433619,0.7801635598559404,0.37087021285462735,0.9899608442619174,8.349056603773585,3.567999827489257,0.3671479143714145,0.09024205998820452,0.0002090631994285476,0.0,0.09024205998820452,0.0008575778406305079,0,0,0,3,0,0.6666666666666666,0.27358490566037735,0.27614205811067105,0.1545072944169836,0.9508575611172577,0.49551546551002973,0.0,0.2075471698113207,0.019016033641345464
479,106,100.0,106,0,103,3,0,0.0,1.0244339499560373,0.9958575307630273,0.7811574730534534,0.7807530813698771,0.3606912195387517,0.9983660553096525,8.349056603773585,3.567999827489257,0.36368437957243205,0.02330899688510198,0.00011979713043364569,0.0,0.02330899688510198,0.007739068183097821,0,0,0,3,0,1.0,0.2641509433962264,0.26618167528100156,0.14429713616121537,0.956409835359313,0.5031521175403101,0.0,0.2075471698113207,0.019050804047977325
480,106,100.0,106,0,102,4,0,0.0,1.0210923162695849,0.9923196787397245,0.7896176156375724,0.7812205843139431,0.359165751058817,0.989014726164167,8.349056603773585,3.567999827489257,0.36561643186971704,0.07679799336894634,0.00018016138898493763,0.0,0.07679799336894634,0.005269223769664821,0,0,0,4,0,0.75,0.2641509433962264,0.270262213113222,0.14628665403852562,0.941001243318611,0.5070040850136219,0.0,0.2264150943396226,0.019042436131663953
481,106,100.0,106,0,102,4,0,0.0,1.0189103037350968,0.9904564913336825,0.741372385773252,0.7816182239350247,0.3645666145736105,0.9781580001784125,8.349056603773585,3.567999827489257,0.36492474668168606,0.055875053944449936,0.00014707034357610063,0.0,0.055875053944449936,0.0019472480067726922,0,0,0,4,0,0.75,0.29245283018867924,0.26422721634129354,0.15572842821331367,0.9518394574628201,0.5086487685129439,0.0,0.18867924528301883,0.019038619959488624
482,105,99.05660377358491,106,1,102,3,0,0.009433962264150943,1.0222944962308393,0.9912723553982395,0.7999328593693152,0.7820805616725324,0.3555070804603648,0.9822045228160705,8.349056603773585,3.567999827489257,0.36909551267395946,0.07829488315234083,0.0001853281076527204,0.0,0.07829488315234083,-2.439528688718412e-05,0,1,0,3,0,0.75,0.3018867924528302,0.2745951752450724,0.14029606497557984,0.94398592935264,0.5080900796156249,0.009433962264150943,0.2075471698113207,0.01906378902680568
483,105,99.05660377358491,106,0,104,2,0,0.0,1.0154908487957037,0.9851333465221954,0.7579546096757465,0.7822955734647902,0.3626077495145361,1.0111596293089546,8.349056603773585,3.567999827489257,0.36496895145591135,0.022607907561434142,0.00016298799331465366,0.0,0.022607907561434142,0.0031519759730240238,0,0,0,2,0,1.0,0.32075471698113206,0.26774830874206795,0.14468971674197104,0.9400396000744093,0.5008705929012535,0.0,0.2075471698113207,0.019033606599818422
484,105,99.05660377358491,106,0,103,3,0,0.0,1.0265462190642975,0.9945720596884884,0.9550761141310812,0.7827723322522638,0.35317276639255685,1.0424479526819248,8.349056603773585,3.567999827489257,0.37036869915346826,0.01192076761180468,0.00010118500953940975,0.0,0.01192076761180468,0.0014807962567131017,0,0,0,3,0,1.0,0.29245283018867924,0.2930354633266368,0.12379428161242606,0.9503427212212123,0.5002875931768093,0.0,0.24528301886792447,0.019097388827518692
485,105,99.05660377358491,106,0,100,6,0,0.0,1.0226389333660926,0.9909358591783293,0.8854002742011605,0.783128288584679,0.35819905947868524,1.0490653874703075,8.349056603773585,3.567999827489257,0.36576838399745326,0.044304759723219976,0.00018506453491432158,0.0,0.044304759723219976,-0.002610475853444603,0,0,0,6,0,0.8333333333333334,0.29245283018867924,0.28262066392497875,0.13317794054686713,0.9420598751694609,0.49517840427629145,0.0,0.24528301886792447,0.01908420265969092
486,104,98.11320754716981,106,1,102,3,0,0.009433962264150943,1.0246306663671767,0.9964362431936161,0.9033491769573768,0.7835234701763334,0.3560851983532858,1.020447606554931,8.349056603773585,3.567999827489257,0.365676223172702,0.014789931505008763,0.00011904168389913887,0.0,0.014789931505008763,0.0006793468181393453,0,1,0,3,0,1.0,0.3113207547169811,0.2838114130309673,0.13547362458790616,0.9247108623384335,0.4861905620533773,0.009433962264150943,0.3018867924528302,0.019101211363950592
487,104,98.11320754716981,106,1,97,8,0,0.009433962264150943,1.0293871510159762,1.0026378984037476,1.0212829678257638,0.7841285492619792,0.3563300830098483,1.0578579351608717,8.349056603773585,3.567999827489257,0.3702608747145195,0.056041872135018114,0.00016491951290427065,0.0,0.056041872135018114,0.0026857001271076895,0,1,0,8,0,0.6666666666666666,0.3018867924528302,0.2984549728204605,0.12559716374973004,0.921673840937928,0.4894514188398993,0.009433962264150943,0.32075471698113206,0.019135788397560596
488,103,97.16981132075472,106,1,98,7,0,0.009433962264150943,1.0321900480732955,1.0038657197596763,0.9997083427457952,0.7848465362808511,0.36249288375267713,1.0596180219474451,8.349056603773585,3.567999827489257,0.3696989233564585,0.09977964474541032,0.00016428021511660513,0.0,0.09977964474541032,0.009811209468869021,0,1,0,7,0,0.625,0.2830188679245283,0.2942813427540296,0.13512936162166442,0.9241726859493489,0.4835556053753203,0.009433962264150943,0.3018867924528302,0.019162611770644565
489,103,97.16981132075472,106,0,100,6,0,0.0,1.035241154852859,1.0072548543816744,0.9962432568421595,0.7855942943936672,0.363311668971202,1.0558222759702847,8.349056603773585,3.567999827489257,0.3677757525049419,0.05491697376469426,0.00012335268742477687,0.0,0.05491697376469426,0.002448857685059754,0,0,0,6,0,0.8333333333333334,0.3018867924528302,0.2919436671634374,0.12818590044648134,0.9106816255460084,0.4869710967421137,0.0,0.32075471698113206,0.019191207308630043
490,102,96.22641509433963,106,1,98,7,0,0.009433962264150943,1.0356512853325672,1.0081862311841692,0.9285940323915772,0.7863357638560565,0.3615777527410696,1.0388667070256516,8.349056603773585,3.567999827489257,0.36701482778037087,0.06567210979612774,7.027567936118429e-05,0.0,0.06567210979612774,0.01255065998301829,0,1,0,7,0,0.5,0.29245283018867924,0.28472119532773743,0.1314833750349492,0.9327926077234963,0.4894365272137125,0.009433962264150943,0.2830188679245283,0.019206485775598053
491,103,97.16981132075472,106,0,100,6,0,0.0,1.0475200333751324,1.0193055727390292,1.0409603867845607,0.7873743620197197,0.35234742682376324,1.0317408882509045,8.349056603773585,3.567999827489257,0.3702499416485139,0.06825069920409847,0.00013175318002045026,0.0,0.06825069920409847,0.009785439613424873,0,0,0,6,0,0.6666666666666666,0.2830188679245283,0.2972576595875563,0.1206507845419324,0.9514163318024528,0.4938867192858006,0.0,0.24528301886792447,0.01928435810615478
492,104,98.11320754716981,106,0,101,5,0,0.0,1.038264918801223,1.0109897792534428,0.9055802285957386,0.788138537004919,0.36877392178742824,1.0492335270322914,8.349056603773585,3.567999827489257,0.3626734834935794,0.031662976935469864,0.0001302683500380911,0.0,0.031662976935469864,0.003727956547857081,0,0,0,5,0,0.8,0.25471698113207547,0.27818142385100575,0.12802083522371666,0.9479081835250083,0.4872011134326468,0.0,0.26415094339622636,0.019251715414362047
493,105,99.05660377358491,106,0,100,6,0,0.0,1.042227879726399,1.0149476917486366,0.8887314574854479,0.7889884208767651,0.37104044507027706,1.0475614048710065,8.349056603773585,3.567999827489257,0.3644640842267466,0.07665648005428494,0.00015426341648248825,0.0,0.07665648005428494,0.007109016171851047,0,0,0,6,0,0.8333333333333334,0.25471698113207547,0.27662431638759855,0.13290809510484383,0.9086153128282035,0.4906271892329789,0.0,0.32075471698113206,0.019286692146528592
494,105,99.05660377358491,106,0,100,6,0,0.0,1.0401750287729206,1.012618126731982,0.9015606905399908,0.7897414857929097,0.3745615531753759,1.0675170221356096,8.349056603773585,3.567999827489257,0.3632119163971623,0.06453272257855948,0.00015501415611731157,0.0,0.06453272257855948,0.008905836840040657,0,0,0,6,0,0.6666666666666666,0.2830188679245283,0.2783871631433525,0.13760721837906859,0.8976841166455927,0.48420697368721577,0.0,0.33962264150943394,0.01928986256921566
495,106,100.0,106,0,99,7,0,0.0,1.041702463375871,1.0140957724768738,0.8774215567098487,0.7905098592722479,0.3743307346825831,1.065354770445725,8.349056603773585,3.567999827489257,0.3622595984230439,0.06009952179997587,0.00015037282855735545,0.0,0.06009952179997587,0.005810779407701432,0,0,0,7,0,0.7142857142857143,0.25471698113207547,0.27498906096419345,0.15234590636366807,0.9095005434539467,0.4810385393681367,0.0,0.32075471698113206,0.019311207524439045
496,105,99.05660377358491,106,1,99,6,0,0.009433962264150943,1.0377240789216726,1.0140587160931698,0.8079069324092787,0.7911589550712239,0.3789765147851661,1.0693137815373257,8.349056603773585,3.567999827489257,0.36101942443281754,0.11387250111313732,0.000176001655461314,0.0,0.11387250111313732,0.005635398709315247,0,1,0,6,0,0.5714285714285714,0.2641509433962264,0.26660551120720727,0.1635855962937854,0.8971245016311417,0.4830449813322881,0.009433962264150943,0.33962264150943394,0.019302895470661902
497,105,99.05660377358491,106,0,100,6,0,0.0,1.0431013860119513,1.0190051243750626,0.8020831027096484,0.7920168857829639,0.38402244405149677,1.0940505169809043,8.349056603773585,3.567999827489257,0.361976402043801,0.14786876703013596,0.0001963919040743309,0.0,0.14786876703013596,0.009071116120925501,0,0,0,6,0,0.5,0.29245283018867924,0.2659885561703237,0.16693813043606842,0.9270209615232627,0.48476717739972874,0.0,0.32075471698113206,0.019345087489270725
498,104,98.11320754716981,106,1,100,5,0,0.009433962264150943,1.0557117189920693,1.02947807171215,0.8356663357212981,0.7931873187111637,0.38746828638926095,1.0927816292958241,8.349056603773585,3.567999827489257,0.3628280561126902,0.15756030535606683,0.00022229055152653276,0.0,0.15756030535606683,0.006149108233176696,0,1,0,5,0,0.5,0.3018867924528302,0.26829047230990655,0.16199355109785793,0.9363866454180263,0.48564893911421947,0.009433962264150943,0.32075471698113206,0.01942901967660084
499,103,97.16981132075472,106,1,101,4,0,0.009433962264150943,1.0555701123319006,1.0276399408598675,0.8220487751362113,0.7942739927788468,0.39095284220334553,1.0858842228535706,8.349056603773585,3.567999827489257,0.364844697972605,0.09443830016461377,0.0001943389649178181,0.0,0.09443830016461377,0.0018566538850567915,0,1,0,4,0,0.6,0.2641509433962264,0.2689314425799242,0.16497138601792705,0.9041768779298518,0.4959396175098401,0.009433962264150943,0.33962264150943394,0.019447697907730148
500,103,97.16981132075472,106,0,105,1,0,0.0,1.0568264255125344,1.0286117821005107,0.8679976781851333,0.7952949913754098,0.390986218293313,1.0801868497499345,8.349056603773585,3.567999827489257,0.36579739089242347,0.0037003582748121,0.00011409351518030513,0.0,0.0037003582748121,-0.0006530088021829417,0,0,0,1,0,1.0,0.2830188679245283,0.2736579200558225,0.15395321298794107,0.9113836072663293,0.4983679798731387,0.0,0.33962264150943394,0.019472194087715333
501,104,98.11320754716981,106,0,103,3,0,0.0,1.0601947621302874,1.0321489438422722,0.8288778138349268,0.796380525483684,0.3903425737997387,1.0698170062796624,8.349056603773585,3.567999827489257,0.36427516381884706,0.015635585985160433,0.0001414982160296179,0.0,0.015635585985160433,0.0048263666430675145,0,0,0,3,0,1.0,0.3113207547169811,0.2668895979643568,0.159375974961299,0.9284152543790668,0.49830961556392517,0.0,0.3018867924528302,0.01950840169835938
502,104,98.11320754716981,106,0,103,3,0,0.0,1.0568247955044912,1.0293469112352858,0.8346208582936008,0.7973473465219809,0.385660832446936,1.0521939432337664,8.349056603773585,3.567999827489257,0.36458870597977255,0.07919645917784367,0.0001851612057695732,0.0,0.07919645917784367,0.009417725982509858,0,0,0,3,0,0.6666666666666666,0.3018867924528302,0.26839646200477174,0.14434869359829727,0.9284152543790668,0.5110110975569291,0.0,0.3018867924528302,0.01950879995171968
503,105,99.05660377358491,106,0,102,4,0,0.0,1.0620758083826873,1.0341343242449796,0.8465529379593382,0.7984163232976408,0.3730210205683517,1.029676763473467,8.349056603773585,3.567999827489257,0.3690839993499171,0.1297006198795998,0.0002090937124644018,0.0,0.1297006198795998,0.009400317518511073,0,0,0,4,0,0.5,0.3018867924528302,0.2728410422228346,0.14589182569517303,0.899976491575493,0.5150375595344028,0.0,0.33962264150943394,0.019554125560866383
504,106,100.0,106,0,105,1,0,0.0,1.0592301620985962,1.030848366960138,0.7893308927451124,0.799353364623586,0.37825332176930804,1.0411677529836902,8.349056603773585,3.567999827489257,0.3690429586795867,0.026983960078378482,0.0002119468598534763,0.0,0.026983960078378482,0.011876862259623311,0,0,0,1,0,1.0,0.3113207547169811,0.2688232845148753,0.1681053072874931,0.9135048915552308,0.5050020291901837,0.0,0.3018867924528302,0.01955661414589254
505,106,100.0,106,0,103,3,0,0.0,1.0631038577136684,1.0342991490537288,0.8348020443483077,0.8003554714359548,0.38711962842412134,1.0510032861263052,8.349056603773585,3.567999827489257,0.3718078536178533,0.09744888042754797,0.0002784645277697126,0.0,0.09744888042754797,0.010776344134485508,0,0,0,3,0,0.6666666666666666,0.330188679245283,0.27437000209011825,0.16643814334060508,0.9205680812201494,0.5056787101361403,0.0,0.3018867924528302,0.01959386020863619
506,106,100.0,106,0,102,4,0,0.0,1.0796261635895223,1.049744965857645,0.9700421314429779,0.8017627084525214,0.3761120156475331,1.043335464405565,8.349056603773585,3.567999827489257,0.3758614777778069,0.0032195049173705244,0.00016719026507377226,0.0,0.0032195049173705244,-0.0017670143558047857,0,0,0,4,0,1.0,0.3018867924528302,0.2899129513377783,0.15403985015783953,0.9221163297120641,0.5134280670785841,0.0,0.3018867924528302,0.01970157684517719
507,106,100.0,106,0,104,2,0,0.0,1.0815323108042747,1.0510623727202362,0.9762598454203446,0.8031573393144322,0.37112745768271405,1.0439313066064175,8.349056603773585,3.567999827489257,0.3785847069700281,0.004270270504529904,9.871735899498295e-05,0.0,0.004270270504529904,-0.0029783644027052414,0,0,0,2,0,1.0,0.2830188679245283,0.2941861712300013,0.15902465516002257,0.9236053788523049,0.5128876344068285,0.0,0.3018867924528301,0.019735987794624498
508,105,99.05660377358491,106,1,101,4,0,0.009433962264150943,1.086496383677746,1.0544170188983644,1.0221471830174955,0.8046355070446097,0.37002713481276034,1.0457391586775993,8.349056603773585,3.567999827489257,0.37908834066544017,0.11152279239194833,0.00017924153806623847,0.0,0.11152279239194833,0.013348655594410442,0,1,0,4,0,0.6,0.2830188679245283,0.2992416994909244,0.15473310073261531,0.9216219789745533,0.5133454185442111,0.009433962264150943,0.28301886792452824,0.019787178670023223
509,105,99.05660377358491,106,0,103,3,0,0.0,1.090694032868338,1.0582701442071318,1.0862397649169597,0.8061333750770854,0.36385373947635785,1.0405513729266744,8.349056603773585,3.567999827489257,0.3809243469802077,0.010727086046956831,0.0002730957065437113,0.0,0.010727086046956831,-0.0023544996921562498,0,0,0,3,0,1.0,0.2830188679245283,0.3067206990555636,0.14703110058977245,0.8599975279211778,0.5176074568820656,0.0,0.3584905660377358,0.019834888880383556
510,105,99.05660377358491,106,0,104,2,0,0.0,1.098654285016324,1.065806493172592,1.059751028986836,0.8077929167152156,0.35892891338666894,1.0326868126455904,8.349056603773585,3.567999827489257,0.38399463323562766,0.0076146564291261955,0.00022914180531638303,0.0,0.0076146564291261955,-0.0017397255812960644,0,0,0,2,0,1.0,0.25471698113207547,0.30560644609384435,0.1646473129662743,0.9014135949953757,0.5164122219817786,0.0,0.32075471698113206,0.019904296362516286
511,105,99.05660377358491,106,0,103,3,0,0.0,1.1130855758650142,1.0792353841942337,1.1827121216569483,0.8097765601573489,0.3347132816762789,1.0054205613926444,8.349056603773585,3.567999827489257,0.39252223941915565,0.03811052476367067,0.0002508517584630858,0.0,0.03811052476367067,-0.0003777297398510256,0,0,0,3,0,0.6666666666666666,0.24528301886792453,0.32324383641722265,0.14790279116470617,0.926068620202297,0.533680838602268,0.0,0.28301886792452824,0.020011841014056397
512,104,98.11320754716981,106,1,102,3,0,0.009433962264150943,1.1081305111127817,1.0770651708680725,1.111635275517618,0.8115710976461217,0.3513712071091871,1.0199164473319153,8.349056603773585,3.567999827489257,0.3892462714978109,0.05263912860702642,0.00020896142265016334,0.0,0.05263912860702642,0.0035723243606253646,0,1,0,3,0,0.75,0.24528301886792453,0.31406419104130917,0.15753670495162395,0.9190139445324464,0.5258436152419133,0.009433962264150943,0.2830188679245283,0.020019080237547053
513,104,98.11320754716981,106,1,102,3,0,0.009433962264150943,1.126960477804324,1.1026687121893237,1.2688341527371603,0.8138676149688107,0.3295764617149913,1.0001648080017962,8.349056603773585,3.567999827489257,0.39445892362180657,0.08159964098123015,0.00011785576438259107,0.0,0.08159964098123015,0.014127379511689075,0,1,0,3,0,0.5,0.25471698113207547,0.32861741152268426,0.17312408898217344,0.9372896544594557,0.519961883969038,0.009433962264150943,0.26415094339622636,0.02015419993806067
514,104,98.11320754716981,106,0,99,7,0,0.0,1.134123847371704,1.1100165079516024,1.3097888428454139,0.816513129541785,0.3248892724971007,0.998381366460374,8.349056603773585,3.567999827489257,0.3949243674905052,0.24660259986597582,7.711410543296772e-05,0.2857142857142857,0.1040390354409509,0.030283368063176243,0,0,0,7,0,0.5714285714285714,0.24528301886792453,0.33052008441926517,0.16273204805403,0.9338085650080784,0.5260942972776026,0.0,0.28301886792452824,0.020237212763597533
515,101,95.28301886792453,106,3,99,4,0,0.02830188679245283,1.1298349541664159,1.1004050976491158,1.3362312216916201,0.8189358240120805,0.3601872918576303,1.0611504988594114,8.349056603773585,3.567999827489257,0.39605978427106425,0.22789656112420165,7.074860509748616e-05,0.2857142857142857,0.11020353343796138,0.029896546170158585,0,3,0,4,0,0.5714285714285714,0.2641509433962264,0.33586695917504333,0.1947762708644175,0.9358169300460003,0.5147827643056662,0.02830188679245283,0.32075471698113206,0.02025898916483146
516,101,95.28301886792453,106,0,102,4,0,0.0,1.133423857267494,1.103429631444033,1.3949695164710876,0.8212124891011924,0.3509413527622875,1.0541280347365958,8.349056603773585,3.567999827489257,0.399314264085765,0.03385051986324237,7.316917491287047e-05,0.0,0.03385051986324237,0.02108475610050614,0,0,0,4,0,1.0,0.2641509433962264,0.34420873529721907,0.18944300748735673,0.9337162576633088,0.5191725061376687,0.0,0.2830188679245283,0.02031754938356286
517,101,95.28301886792453,106,1,102,3,0,0.009433962264150943,1.1249940780218564,1.0926820066511782,1.2945514965444147,0.8231721209023382,0.3651059583456335,1.0700519543085276,8.349056603773585,3.567999827489257,0.39505688378373005,0.11401840634903478,0.00010085065089126303,0.0,0.11401840634903478,0.018858257419977327,0,1,0,3,0,0.75,0.2830188679245283,0.33560863581352746,0.20369959435870855,0.9396420701675534,0.5081016980829268,0.009433962264150943,0.3018867924528301,0.020310360316976826
518,101,95.28301886792453,106,1,101,4,0,0.009433962264150943,1.1364413811810385,1.104099505054874,1.2894269683017157,0.8253249787398544,0.3733541224588583,1.0775423999391047,8.349056603773585,3.567999827489257,0.39342479727808866,0.0437850725700594,9.596414344389209e-05,0.0,0.0437850725700594,0.015390985471058272,0,1,0,4,0,0.4,0.27358490566037735,0.33053704145569957,0.20542452467082123,0.9455753373763462,0.5007722947283357,0.009433962264150943,0.26415094339622636,0.02040600381473707
519,101,95.28301886792453,106,0,103,3,0,0.0,1.1357856156115111,1.1036782031374028,1.3026800350358674,0.827380774029374,0.38037036105152666,1.0865832775769644,8.349056603773585,3.567999827489257,0.3936846273783352,0.124239011874068,0.00020024098201055848,0.0,0.124239011874068,0.02154432625114013,0,0,0,3,0,0.6666666666666666,0.27358490566037735,0.3307952280287307,0.20740414294739254,0.9465059943594298,0.5014294350603061,0.0,0.26415094339622636,0.02043940037308123
520,103,97.16981132075472,106,1,103,2,0,0.009433962264150943,1.1408781344348826,1.1114422226740355,1.3753148148362715,0.8295022097173536,0.37778659935179065,1.0831490212162007,8.349056603773585,3.567999827489257,0.39449938725723666,0.12119817603004963,0.0002213247359678284,0.0,0.12119817603004963,0.01992427412005207,0,1,0,2,0,0.6666666666666666,0.24528301886792453,0.33702799095443003,0.2080856705643322,0.9416155659554467,0.49395378172664983,0.009433962264150943,0.26415094339622636,0.02050270937804179
521,103,97.16981132075472,106,0,103,3,0,0.0,1.1474169113581083,1.1176679619969752,1.3550871395132689,0.8318082850703826,0.37929136458485346,1.0844689490386106,8.349056603773585,3.567999827489257,0.393485279143448,0.024801378219958717,7.187679670321624e-05,0.0,0.024801378219958717,0.02202871540213977,0,0,0,3,0,1.0,0.25471698113207547,0.33466384100021684,0.22073415012626715,0.9501473543627655,0.4903206018049217,0.0,0.22641509433962262,0.020576543644966843
522,104,98.11320754716981,106,0,103,3,0,0.0,1.1521389822197465,1.1230847249428833,1.286634675057127,0.8341866957328464,0.3891426150140463,1.0903453196905575,8.349056603773585,3.567999827489257,0.38682610133887896,0.0220067080137135,0.00017132335381766877,0.0,0.0220067080137135,0.017322347579408055,0,0,0,3,0,1.0,0.2358490566037736,0.3215400295243815,0.22431889910702973,0.9568096194560448,0.4843342045717953,0.0,0.22641509433962262,0.02064258484344188
523,105,99.05660377358491,106,0,100,6,0,0.0,1.1677861804949758,1.1382662920838136,1.3639201946835446,0.836913587338495,0.37456076611250555,1.0604201518976035,8.349056603773585,3.567999827489257,0.3900643283473111,0.015458740923613108,9.74218000646452e-05,0.0,0.015458740923613108,0.009329541063748633,0,0,0,6,0,0.8333333333333334,0.2169811320754717,0.3277226839077511,0.21529030045573677,0.9451019769956288,0.4914745884444511,0.0,0.26415094339622636,0.020769468578710707
524,105,99.05660377358491,106,0,100,6,0,0.0,1.1632632778664354,1.1336451587073677,1.406460590880678,0.8394112778316387,0.37516709982473895,1.0628440259555005,8.349056603773585,3.567999827489257,0.3927912429917615,0.02842912005536403,0.00014377812377049673,0.0,0.02842912005536403,0.010403100620381816,0,0,0,6,0,0.6666666666666666,0.2358490566037736,0.33414427368320665,0.2115479985332534,0.9435126965625256,0.49343617037478027,0.0,0.26415094339622636,0.020791412861811295
525,106,100.0,106,0,101,5,0,0.0,1.1731842396170085,1.1429717332734441,1.6169798948470604,0.8420860684638385,0.3589454173241088,1.048119886160735,8.349056603773585,3.567999827489257,0.3987298760067779,0.03474738873180148,0.00013639341135126897,0.0,0.03474738873180148,0.01593991332998122,0,0,0,5,0,0.6,0.25471698113207547,0.35346237204173997,0.19419583932372392,0.9574648187788712,0.5022380001201925,0.0,0.22641509433962262,0.020888735933135456
526,106,100.0,106,0,101,5,0,0.0,1.172546774843435,1.142339494845388,1.5958372446399394,0.8446473759580777,0.355928744916794,1.0404816081513482,8.349056603773585,3.567999827489257,0.3992030562836222,0.01687129736730939,0.00011440449477379578,0.0,0.01687129736730939,0.01606866409182756,0,0,0,5,0,1.0,0.25471698113207547,0.35346253790307436,0.19753213608742626,0.9672822601399533,0.5061996983251595,0.0,0.18867924528301883,0.02093124233275555
527,106,100.0,106,0,99,7,0,0.0,1.1662045212078929,1.1365585322326617,1.523551011146362,0.8469522842165016,0.35555657289612297,0.9902469772667701,8.349056603773585,3.567999827489257,0.39892903453571615,0.04271465982009247,0.0001761589072407474,0.0,0.04271465982009247,0.01643860963738738,0,0,0,7,0,0.5714285714285714,0.22641509433962265,0.3488599160592798,0.20044474047077906,0.9515225344910362,0.5077099418069988,0.0,0.26415094339622636,0.020940650625920015
528,105,99.05660377358491,106,1,100,5,0,0.009433962264150943,1.1638378715844557,1.134595318182639,1.3753291718388827,0.8491274479753621,0.3695289165977055,1.0536551219918253,8.349056603773585,3.567999827489257,0.3964466691366244,0.04764211586880617,0.00018726064373047425,0.0,0.04764211586880617,0.01671098500913398,0,1,0,5,0,0.6666666666666666,0.24528301886792453,0.3347646605736251,0.21734627951342328,0.946493777614672,0.5061242654800335,0.009433962264150943,0.22641509433962262,0.020967622297384705
529,104,98.11320754716981,106,1,100,5,0,0.009433962264150943,1.1603365095714235,1.1337396821555599,1.342739955986209,0.8511132918317053,0.3792659463011973,1.0674836065326017,8.349056603773585,3.567999827489257,0.39459738919079257,0.05669457000114167,0.0001921065935851035,0.0,0.05669457000114167,0.016709926810950987,0,1,0,5,0,0.8333333333333334,0.2169811320754717,0.33192059100592797,0.22032118157797242,0.9346188964109743,0.49988687299824747,0.009433962264150943,0.26415094339622636,0.020985542940003807
530,103,97.16981132075472,106,1,100,5,0,0.009433962264150943,1.1706424930950903,1.1401680454388619,1.4503927265763656,0.8533881950894429,0.3792506361317771,1.078950556432756,8.349056603773585,3.567999827489257,0.39967468286705343,0.027226768562842812,0.00014667251715405938,0.0,0.027226768562842812,0.020075499533705393,0,1,0,5,0,0.8333333333333334,0.22641509433962265,0.34445706235523177,0.21962903610634563,0.9238791031503759,0.4873711826702961,0.009433962264150943,0.2830188679245283,0.021077657129777955
531,103,97.16981132075472,106,0,102,4,0,0.0,1.177878070077197,1.1467981999247636,1.5636363745588056,0.8556735119968101,0.37638339045717856,1.0773301336632137,8.349056603773585,3.567999827489257,0.40423729940506026,0.012213393166726462,0.00016815060267870536,0.0,0.012213393166726462,0.013880083045816425,0,0,0,4,0,1.0,0.2358490566037736,0.3570093257785179,0.21987886768896794,0.935365741767235,0.4891010125120968,0.0,0.2452830188679245,0.02115460506634471
532,103,97.16981132075472,106,0,100,6,0,0.0,1.177470986602333,1.1464895923104041,1.543750487602788,0.8578684799055467,0.3784022831833405,1.0762723679054762,8.349056603773585,3.567999827489257,0.404661136123033,0.021715637457320452,0.00016894453756308376,0.0,0.021715637457320452,0.01256671979732603,0,0,0,6,0,0.8333333333333334,0.22641509433962265,0.35446482718918454,0.22299179543964912,0.9429106734878545,0.4913868517160354,0.0,0.20754716981132074,0.021191727874568973
533,104,98.11320754716981,106,0,100,6,0,0.0,1.174455120031566,1.1434029632814902,1.4684623802376457,0.8598970266283446,0.3787168955043973,1.0745375781161781,8.349056603773585,3.567999827489257,0.40655149407994506,0.022223445403399492,0.0001564389726752838,0.0,0.022223445403399492,0.012920745440633609,0,0,0,6,0,0.8333333333333334,0.24528301886792453,0.3520268368578054,0.23596505155505354,0.933908098579161,0.49011256305073525,0.0,0.2452830188679245,0.021212837813500123
534,105,99.05660377358491,106,0,102,4,0,0.0,1.1603014837027876,1.131106398020885,1.2449904244561387,0.8615022016657442,0.3907869202558866,1.0875485645869867,8.349056603773585,3.567999827489257,0.39674450199302913,0.022999778879379575,0.00019408915801845115,0.0,0.022999778879379575,0.007892015967900401,0,0,0,4,0,1.0,0.2358490566037736,0.32773112282334477,0.24796077381876497,0.9212119826693583,0.48320577456168473,0.0,0.320754716981132,0.021170705953138892
535,105,99.05660377358491,106,1,104,1,0,0.009433962264150943,1.1461346851079481,1.1162950374980782,1.1243139213725453,0.8626656876835788,0.40953381998891847,1.1085039897363353,8.349056603773585,3.567999827489257,0.3914461471950488,0.023459995366586744,0.00011350468239465083,0.0,0.023459995366586744,0.010270941239423126,0,1,0,1,0,1.0,0.22641509433962265,0.31450345027913995,0.260500982135777,0.9000725366366112,0.4758723729314036,0.009433962264150943,0.320754716981132,0.021120628549719293
536,105,99.05660377358491,106,0,103,3,0,0.0,1.1471223113924218,1.117355196653994,1.103506766363879,0.863779562626465,0.41155026621815766,1.1188223136490056,8.349056603773585,3.567999827489257,0.3891038184855087,0.034061173893766256,0.00021637156489610364,0.0,0.034061173893766256,0.010879520319603245,0,0,0,3,0,0.6666666666666666,0.24528301886792453,0.31028268698801925,0.27375809155380026,0.9277141608251072,0.47165907548856195,0.0,0.2830188679245283,0.021145438209161975
537,105,99.05660377358491,106,0,104,2,0,0.0,1.1493837471338055,1.1191719963842475,1.1536348721550314,0.8649055532423038,0.4042775461742683,1.1159296724973717,8.349056603773585,3.567999827489257,0.3906437179478359,0.046688018282059415,0.0002061176980928153,0.0,0.046688018282059415,0.012820554803002093,0,0,0,2,0,0.5,0.2358490566037736,0.31688738405384753,0.27269317207798244,0.9415526414770223,0.46749018573610807,0.0,0.2452830188679245,0.02117683305948423
538,105,99.05660377358491,106,0,104,2,0,0.0,1.1641777695252418,1.1333439351175894,1.2611687863518546,0.8663958923145577,0.39808653175148506,1.1050312093618768,8.349056603773585,3.567999827489257,0.39366051150563774,0.04999455155957902,0.0001526248770399804,0.0,0.04999455155957902,0.020912133025143137,0,0,0,2,0,0.5,0.22641509433962265,0.3282302138128572,0.26752639066098627,0.9463445948349211,0.4690851214792492,0.0,0.2452830188679245,0.021277390819204923
539,105,99.05660377358491,106,0,103,3,0,0.0,1.1615882101866273,1.1314628115152288,1.211197501872493,0.8677793613017751,0.398892687615919,1.0992537756435456,8.349056603773585,3.567999827489257,0.39057460623430296,0.043162546752260944,0.00017174996016734617,0.0,0.043162546752260944,0.01590572803820069,0,0,0,3,0,0.6666666666666666,0.25471698113207547,0.3210045776185287,0.273492695169028,0.94484011892964,0.4654423583536295,0.0,0.2452830188679245,0.02128912410805049
540,106,100.0,106,0,104,2,0,0.0,1.1586430728886465,1.1281588781072638,1.3206989162659415,0.8690191606472779,0.38502014493168485,1.086232252664019,8.349056603773585,3.567999827489257,0.39444685215096853,0.05832143198078736,0.00014121632270680702,0.0,0.05832143198078736,0.018868349274845292,0,0,0,2,0,0.5,0.25471698113207547,0.3348859808474599,0.26132199830861397,0.9506301080330978,0.4710975887643911,0.0,0.20754716981132074,0.021296516440814966
541,106,100.0,106,0,103,3,0,0.0,1.1545524454721934,1.1240013848400483,1.3021434228825748,0.8700960524721902,0.38819079403206824,1.0823540250997759,8.349056603773585,3.567999827489257,0.3978011162299526,0.016168433198366933,0.00017001626017847308,0.0,0.016168433198366933,0.0035055983670819746,0,0,0,3,0,1.0,0.25471698113207547,0.33795312741487965,0.26901813485844195,0.929000948487182,0.47207015626039994,0.0,0.2452830188679245,0.02129527505296026
542,106,100.0,106,0,103,3,0,0.0,1.1682400555193804,1.136964568689739,1.3741861817858014,0.8715045419005628,0.3703201355545385,1.0419864206799354,8.349056603773585,3.567999827489257,0.40246122930642425,0.04759190820441047,0.0001608139542537964,0.0,0.04759190820441047,0.01087615101826996,0,0,0,3,0,0.6666666666666666,0.27358490566037735,0.34470332050806674,0.2616726641722992,0.9430028867507464,0.4825735578417176,0.0,0.2452830188679245,0.021388840553383463
543,105,99.05660377358491,106,1,102,3,0,0.009433962264150943,1.1770307064073473,1.146337551067586,1.439812537766741,0.8731081758196179,0.37172091138961744,1.0396081714679157,8.349056603773585,3.567999827489257,0.40273455908882094,0.11605854831317311,0.00021841617521572762,0.0,0.11605854831317311,0.008208813525136832,0,1,0,3,0,0.5,0.27358490566037735,0.3482041491751333,0.25115967809372053,0.9330090570433041,0.4883447734171851,0.009433962264150943,0.2452830188679245,0.02146140263555602
544,105,99.05660377358491,106,0,101,5,0,0.0,1.1766403969245107,1.146831531016237,1.3641570472057152,0.8746908352511807,0.38049440853692423,1.0157802974469057,8.349056603773585,3.567999827489257,0.39980739246107344,0.013451502302660406,0.00016507961088289288,0.0,0.013451502302660406,0.007087240609234153,0,0,0,5,0,1.0,0.25471698113207547,0.33778179712920386,0.2567234217710182,0.9384526574355754,0.48930131078878275,0.0,0.2452830188679245,0.02148768573103579
545,105,99.05660377358491,106,0,103,3,0,0.0,1.170460782363572,1.1409345842250258,1.2722586495919639,0.8760487029558857,0.3895132249554594,1.0139771332168501,8.349056603773585,3.567999827489257,0.3987331277435886,0.017744419037929674,0.00020228898013792442,0.0,0.017744419037929674,0.007172112232935114,0,0,0,3,0,1.0,0.25471698113207547,0.3308820195850472,0.2688044338735141,0.9216015085512367,0.48845682847380684,0.0,0.2641509433962264,0.0214810120169118
546,105,99.05660377358491,106,0,100,6,0,0.0,1.189868663710289,1.160189332196743,1.3054103160773607,0.8779077294427605,0.36531741052031175,0.9873195878878869,8.349056603773585,3.567999827489257,0.39888764868193616,0.057844052837727866,0.00015191922283239593,0.0,0.057844052837727866,0.010223386147914543,0,0,0,6,0,0.6666666666666666,0.24528301886792453,0.33247870123547824,0.25858134134330923,0.9357333472214006,0.49637988936631966,0.0,0.2452830188679245,0.02161121645456772
547,104,98.11320754716981,106,1,98,7,0,0.009433962264150943,1.204126218722631,1.1701005444259864,1.4275560781940841,0.880092258361165,0.3608817949216455,0.9827647568970684,8.349056603773585,3.567999827489257,0.40339184791972604,0.12121299545403673,0.00018969409060289033,0.0,0.12121299545403673,0.011298350566033094,0,1,0,7,0,0.5,0.25471698113207547,0.34359320549352157,0.23031565514137714,0.9365428101829711,0.5077428290312577,0.009433962264150943,0.2452830188679245,0.02172147622364949
548,103,97.16981132075472,106,2,100,3,1,0.018867924528301886,1.2081663440686765,1.1718539080709804,1.453504809282951,0.8822109872217243,0.38689842414464076,1.0287192702088046,8.349056603773585,3.567999827489257,0.4014939428236488,0.09206317288958778,0.00019907616623501896,0.0,0.09206317288958778,0.013536472619668291,0,3,0,3,0,0.5,0.2641509433962264,0.34145498111553324,0.22171887795874498,0.9586853628214453,0.5107102439310887,0.018867924528301886,0.20754716981132074,0.02177947497142458
549,103,97.16981132075472,106,0,101,5,0,0.0,1.208681046153319,1.1726036147130836,1.4158045160368822,0.8842044966796384,0.39048991498677815,1.0508255518856067,8.349056603773585,3.567999827489257,0.4006860323327792,0.02216926874635149,0.00016904248039425763,0.0,0.02216926874635149,0.0052311580942902,0,0,0,5,0,0.8,0.2830188679245283,0.337191673816021,0.2226608136486182,0.9316837016672883,0.5185251215925396,0.0,0.2830188679245283,0.02181761268885747
550,102,96.22641509433963,106,1,101,4,0,0.009433962264150943,1.2255044337408438,1.1933432119559046,1.5936061370668757,0.8865830754273792,0.37697051194797254,1.0491652218774392,8.349056603773585,3.567999827489257,0.40581429382181855,0.024230528110433212,0.00021256557398062584,0.0,0.024230528110433212,0.0022185055591606995,0,1,0,4,0,0.8,0.2641509433962264,0.3514714836318459,0.20618904136222746,0.9409737463105512,0.5229828290931606,0.009433962264150943,0.2830188679245283,0.02194416346960314
551,102,96.22641509433963,106,0,104,2,0,0.0,1.2336253912251813,1.2009515305168226,1.6673677148870671,0.8892297516552372,0.36502084397370915,1.0387978884002769,8.349056603773585,3.567999827489257,0.4099104975839829,0.005505850443200715,0.00013607170556732452,0.0,0.005505850443200715,-0.005531020894269295,0,0,0,2,0,1.0,0.2641509433962264,0.3608349127786794,0.19847927342636712,0.9411604000726783,0.5275505593395913,0.0,0.2830188679245283,0.022031984958646913
552,103,97.16981132075472,106,0,103,3,0,0.0,1.2357482410654437,1.20303209158461,1.7115425580246055,0.8918413820120987,0.35883733276365204,1.037985393400606,8.349056603773585,3.567999827489257,0.41200965675491474,0.10923331812699467,0.00026089107481212017,0.0,0.10923331812699467,-0.002158214112342146,0,0,0,3,0,0.6666666666666666,0.2830188679245283,0.36536944693030127,0.19453204589708745,0.9320267744547652,0.5322196530159469,0.0,0.2830188679245283,0.022089190691161963
553,105,99.05660377358491,106,0,103,3,0,0.0,1.2240135151924247,1.1919771265585828,1.5919544434918764,0.8940442764958866,0.36502126727699596,1.0466509776466795,8.349056603773585,3.567999827489257,0.4099259277204155,0.006581864516568149,0.0001747676656899923,0.0,0.006581864516568149,0.004630652753798721,0,0,0,3,0,1.0,0.3018867924528302,0.35743898583875344,0.20473393654108316,0.9409737463105512,0.5269313055948451,0.0,0.2830188679245283,0.02206981669748753
554,105,99.05660377358491,106,0,102,4,0,0.0,1.2322444030255124,1.199663042485424,1.5901038247881363,0.8963879584819016,0.3691275851570243,1.0433170787471826,8.349056603773585,3.567999827489257,0.41278440327661414,0.08720298587483288,0.0002947052161878866,0.0,0.08720298587483288,-0.00013303145538888506,0,0,0,4,0,0.75,0.29245283018867924,0.35851236751680976,0.20904669235252196,0.9224373910800142,0.5301055380277641,0.0,0.32075471698113206,0.022152782421261924
555,105,99.05660377358491,106,1,101,3,1,0.009433962264150943,1.2469453503893244,1.2143366251818246,1.6213792057952818,0.8990542326974144,0.35173343985112615,1.0239556467620274,8.349056603773585,3.567999827489257,0.4164832950256605,0.07256295528851599,0.00021768046592031165,0.0,0.07256295528851599,0.0036119051486901864,0,2,0,3,0,0.8,0.3113207547169811,0.3617830673432613,0.21423949141085308,0.9266958832975708,0.5337641399921143,0.009433962264150943,0.3018867924528302,0.022273853487785926
556,104,98.11320754716981,106,1,100,5,0,0.009433962264150943,1.2590503427361428,1.222253001089337,1.5780213214177659,0.9019830380488401,0.36568027875285936,1.0391041449638296,8.349056603773585,3.567999827489257,0.4145136553949911,0.10053161094054591,0.00019250863555125844,0.0,0.10053161094054591,0.010056264256429637,0,1,0,5,0,0.6666666666666666,0.2830188679245283,0.3557067914075055,0.22759975149150025,0.9232920321721639,0.5243309291884414,0.009433962264150943,0.32075471698113206,0.0223866283344632
557,104,98.11320754716981,106,0,101,5,0,0.0,1.2574640139018782,1.2209306234116268,1.5027624983144774,0.9046505268369474,0.36833120754864423,1.0460624052798677,8.349056603773585,3.567999827489257,0.41436194295293416,0.009454973892183064,0.0001674600093895363,0.0,0.009454973892183064,0.005740910798938936,0,0,0,5,0,1.0,0.29245283018867924,0.3505464754005632,0.23874803646404366,0.9246607779316834,0.5215512641202633,0.0,0.32075471698113206,0.02242628468797086
558,104,98.11320754716981,106,0,103,3,0,0.0,1.2551882862513528,1.2189729200688528,1.475240703264681,0.9071669589481823,0.37134714875098207,1.057629770628357,8.349056603773585,3.567999827489257,0.4095653125583252,0.012315545264775208,0.00016037717000685458,0.0,0.012315545264775208,0.005578499630696898,0,0,0,3,0,1.0,0.29245283018867924,0.3450184675749435,0.23881447969970443,0.9231512308494411,0.5150028510533471,0.0,0.32075471698113206,0.022459799196412104
559,104,98.11320754716981,106,0,103,3,0,0.0,1.2540318390922451,1.2177439005786062,1.5311222684237216,0.9095585236353962,0.36116185266164397,1.051363800000983,8.349056603773585,3.567999827489257,0.4116048895913942,0.011806392217079057,0.0002321644132703619,0.0,0.011806392217079057,0.0014883758422530313,0,0,0,3,0,1.0,0.25471698113207547,0.3514350593777875,0.2310680136015176,0.9250491691525421,0.5148878471144083,0.0,0.32075471698113206,0.02249668247257361
560,105,99.05660377358491,106,0,103,3,0,0.0,1.2557203615936137,1.219891368986728,1.467336234272686,0.9119260546339737,0.3711171426738517,1.0533018172870043,8.349056603773585,3.567999827489257,0.40676449278795945,0.016680435736403845,0.00023208483266357266,0.0,0.016680435736403845,0.005893394693482786,0,0,0,3,0,1.0,0.2641509433962264,0.3420640842755312,0.23953175561877513,0.9237260279541135,0.5104387112643392,0.0,0.32075471698113206,0.022547361836052954
561,106,100.0,106,0,103,3,0,0.0,1.2554805296254303,1.2197532677535459,1.428065658522932,0.9142051701691968,0.36990438053089997,1.0559123668152104,8.349056603773585,3.567999827489257,0.404743122654349,0.009043950638919985,0.00015857020440784741,0.0,0.009043950638919985,0.005654686764340093,0,0,0,3,0,1.0,0.27358490566037735,0.33646164773747506,0.25003079024119085,0.9401781474396841,0.5075469577217989,0.0,0.28301886792452824,0.022586822095394556
562,106,100.0,106,0,103,3,0,0.0,1.2503516810897097,1.2154010675568432,1.3585145311636346,0.9162787376696466,0.3848014420124707,1.0748313646234804,8.349056603773585,3.567999827489257,0.3998606176445436,0.016691085022722995,0.00020625239783910997,0.0,0.016691085022722995,0.004453791379811667,0,0,0,3,0,1.0,0.24528301886792453,0.3259887292200089,0.24612144246928447,0.9336981515354236,0.5014975841183553,0.0,0.28301886792452824,0.022598170295135417
563,106,100.0,106,0,103,3,0,0.0,1.2607174488456236,1.225715544806475,1.4588125617464767,0.918572736709636,0.3792163394261938,1.0796362213799184,8.349056603773585,3.567999827489257,0.3995142827771363,0.009153219985317122,0.00018020249408510862,0.0,0.009153219985317122,0.003180838264980279,0,0,0,3,0,1.0,0.27358490566037735,0.3317378581376825,0.22409533835013792,0.9431731550295919,0.5044336912524886,0.0,0.28301886792452824,0.0226909240748097
564,106,100.0,106,0,103,3,0,0.0,1.28141153247625,1.2449403555121648,1.56587216711616,0.9213336388380875,0.36841114552678117,1.0598847059018004,8.349056603773585,3.567999827489257,0.40630361167618,0.011362849180150956,0.00018792973272397035,0.0,0.011362849180150956,0.008217950917400093,0,0,0,3,0,1.0,0.2830188679245283,0.34321558348906517,0.22328164024920363,0.9354554860443764,0.5128582439435927,0.0,0.28301886792452824,0.02284364898455298
565,106,100.0,106,0,101,5,0,0.0,1.2835903372551958,1.2467398505081198,1.670388118422672,0.9240473967660396,0.34702064997914556,1.0446325598899044,8.349056603773585,3.567999827489257,0.4111209524595505,0.012933360173134189,0.0001775629979711225,0.0,0.012933360173134189,0.004395713567863046,0,0,0,5,0,1.0,0.29245283018867924,0.35479266354964,0.20837434224797632,0.9407978471026299,0.5235811574220439,0.0,0.28301886792452824,0.02290295644754161
566,106,100.0,106,0,102,4,0,0.0,1.2863557254839755,1.2493662224702455,1.671391090438374,0.9267392949734663,0.34965257547064893,1.0504526321779715,8.349056603773585,3.567999827489257,0.41124347078737555,0.010615817962897766,0.00017223008621307655,0.0,0.010615817962897766,0.0022093716417654757,0,0,0,4,0,1.0,0.29245283018867924,0.3539049830398169,0.21910803644548624,0.9407978471026299,0.519163173892027,0.0,0.28301886792452824,0.022964806850384094
567,106,100.0,106,0,103,3,0,0.0,1.289740054646866,1.2528186710151588,1.7099910128673312,0.9294336929439971,0.3414943920288047,1.047213699968804,8.349056603773585,3.567999827489257,0.4128746623101678,0.03239527213831548,0.00024479451463824863,0.0,0.03239527213831548,0.003105415441475745,0,0,0,3,0,0.6666666666666666,0.2830188679245283,0.3586570028872176,0.21952417536387644,0.9452289103864024,0.5180294738369897,0.0,0.28301886792452824,0.023029796553668755
568,106,100.0,106,0,102,4,0,0.0,1.2783323105870443,1.241678889540626,1.7196407323994052,0.9317139808925523,0.3450054119872623,1.0501026329352845,8.349056603773585,3.567999827489257,0.4136581717882901,0.03567284180685,0.0003178594600717025,0.0,0.03567284180685,0.0020011202407129586,0,0,0,4,0,0.75,0.2830188679245283,0.361999496840682,0.21746649145297617,0.9155494604469874,0.519009226690764,0.0,0.32075471698113206,0.023013438168405
569,106,100.0,106,0,101,5,0,0.0,1.282048637623022,1.2448151083095629,1.6928810372393785,0.9340024283952492,0.3510228941103683,1.0427939945896334,8.349056603773585,3.567999827489257,0.41582750926317,0.016268549489021476,0.00015538427602517846,0.0,0.016268549489021476,0.0047302331712159255,0,0,0,5,0,1.0,0.27358490566037735,0.36245812567482294,0.22262446281525078,0.9085666560565286,0.518618570539349,0.0,0.32075471698113206,0.023072845705059093
570,106,100.0,106,0,99,7,0,0.0,1.2892270194868198,1.2518670897571316,1.747013505146319,0.9364105158437045,0.34201654392827596,1.0408814640171027,8.349056603773585,3.567999827489257,0.4166226613278672,0.016150189874002224,0.00016190230276248493,0.0,0.016150189874002224,0.004509560923812399,0,0,0,7,0,1.0,0.25471698113207547,0.36567488886199845,0.22098309500734994,0.9171371871807564,0.5162985215454954,0.0,0.32075471698113206,0.023151697892381418
571,106,100.0,106,0,101,5,0,0.0,1.2762967768228881,1.240630354804757,1.6419309549072407,0.9384119413891803,0.3498054126934302,1.0515895081535662,8.349056603773585,3.567999827489257,0.410020191992964,0.009014244903964743,0.00015807576848417596,0.0,0.009014244903964743,0.0012118845364393893,0,0,0,5,0,1.0,0.27358490566037735,0.352711404676662,0.21096957072528652,0.9407961169776893,0.5175162937459896,0.0,0.28301886792452824,0.023122752109066714
572,106,100.0,106,0,101,5,0,0.0,1.2869141739057153,1.250613612600391,1.7054145559698952,0.9406269181713871,0.3454588750707368,1.0475426515574893,8.349056603773585,3.567999827489257,0.4105037882848461,0.00794914291919834,0.0001904077729824914,0.0,0.00794914291919834,7.736249605424516e-05,0,0,0,5,0,1.0,0.27358490566037735,0.3560580489255632,0.2129696600046167,0.9426215370597466,0.5168256397704178,0.0,0.28301886792452824,0.02321535427836488
573,106,100.0,106,0,100,6,0,0.0,1.2833989750012496,1.2468525345332344,1.7233609824108942,0.9426555083786675,0.34462043442328155,1.0518089937368744,8.349056603773585,3.567999827489257,0.4099581912403458,0.04404915741634153,0.00018602148310302446,0.0,0.04404915741634153,0.008538379886585032,0,0,0,6,0,0.8333333333333334,0.27358490566037735,0.3578150842762513,0.21002053444334887,0.9442118349490147,0.5132987822988447,0.0,0.28301886792452824,0.023233968331390666
574,105,99.05660377358491,106,1,102,3,0,0.009433962264150943,1.3082397478450047,1.2749562418205058,1.9054814815033203,0.945281639235611,0.33590578410305066,1.0453444216825443,8.349056603773585,3.567999827489257,0.415301425622445,0.07129122546760114,0.00022897123304764264,0.0,0.07129122546760114,0.003743160001301926,0,1,0,3,0,0.75,0.27358490566037735,0.3699566397417985,0.21491781763505782,0.9424271958325624,0.5131763690494974,0.009433962264150943,0.26415094339622636,0.023405022367832134
575,105,99.05660377358491,106,0,102,4,0,0.0,1.309782500770794,1.2767025428570655,1.894787845928794,0.9479961875997497,0.3304721270882495,1.0384242307786091,8.349056603773585,3.567999827489257,0.4158701464253056,0.1132984776484154,0.0001078195546305952,0.0,0.1132984776484154,0.005553941037942496,0,0,0,4,0,0.75,0.2830188679245283,0.36891328392272926,0.21762667360272522,0.9433889290582674,0.5165545000595749,0.0,0.26415094339622636,0.02346116367293587
576,105,99.05660377358491,106,0,102,4,0,0.0,1.30580326649924,1.2723667497596094,2.0067567472031467,0.9504901200107488,0.320775780523075,1.0416598124578418,8.349056603773585,3.567999827489257,0.41850125823920936,0.11351206509935834,0.0001553685163072846,0.0,0.11351206509935834,0.002822175752171507,0,0,0,4,0,0.75,0.27358490566037735,0.3786304599238846,0.20644966425806635,0.9387099430840766,0.5156753879268772,0.0,0.26415094339622636,0.023485759253639174
577,105,99.05660377358491,106,0,101,5,0,0.0,1.307610049040331,1.274208173636797,2.032074035284431,0.9529476305182346,0.3225293866202289,1.0214083972994288,8.349056603773585,3.567999827489257,0.4198097689932123,0.11212068434656981,0.00015570366863339554,0.0,0.11212068434656981,0.005981195484442035,0,0,0,5,0,0.6,0.27358490566037735,0.3826982037324778,0.220142986179829,0.9335723766033495,0.5099714564682405,0.0,0.26415094339622636,0.023538635151678443
578,105,99.05660377358491,106,0,103,3,0,0.0,1.313098678961276,1.2798732847013525,2.0961359800719226,0.9554791619774614,0.3045336356082308,1.0052199712132037,8.349056603773585,3.567999827489257,0.42159361708567045,0.2083109051488551,0.00014915721852963687,0.0,0.2083109051488551,0.0023714470563839067,0,0,0,3,0,0.3333333333333333,0.3018867924528302,0.3853071300058848,0.2037658366237568,0.9430078689920458,0.5186355375149428,0.0,0.2264150943396226,0.023611240820332193
579,106,100.0,106,0,101,5,0,0.0,1.3199388428875407,1.2861662770400342,2.1049168807545713,0.9580999955632206,0.3054587973751068,1.0046023285009653,8.349056603773585,3.567999827489257,0.423306066030005,0.13396107162705342,0.0001434111110004396,0.0,0.13396107162705342,0.004838442871513619,0,0,0,5,0,0.6,0.2830188679245283,0.38537900940528796,0.21068906131341,0.9200989401320206,0.5171790521877078,0.0,0.26415094339622636,0.02369219730887285
580,106,100.0,106,0,102,4,0,0.0,1.3338995905340856,1.2998384444430233,2.021983239137476,0.961017576138643,0.2982459258748199,0.9686863460126038,8.349056603773585,3.567999827489257,0.4234705138955748,0.04790318962180775,0.00019888172738825096,0.0,0.04790318962180775,0.0034949392777207378,0,0,0,4,0,0.75,0.25471698113207547,0.3782673013715542,0.23418584688007568,0.9173048864986534,0.5141620613669514,0.0,0.26415094339622636,0.02381405068205454
581,106,100.0,106,0,100,6,0,0.0,1.3239053075542553,1.290302989113174,1.8457285895202415,0.9635588774203924,0.31773395386798003,0.9791295801893868,8.349056603773585,3.567999827489257,0.4187020961132686,0.05663878008297971,0.000145252525267666,0.0,0.05663878008297971,0.006394157495043154,0,0,0,6,0,0.8333333333333334,0.2830188679245283,0.3650176913941417,0.24541975717601647,0.9297901163928964,0.5120299744681612,0.0,0.26415094339622636,0.02380941607982979
582,106,100.0,106,0,101,5,0,0.0,1.329987194011405,1.2961889320383566,1.7935977241771606,0.966177513423526,0.32966914702962785,0.9866557053241529,8.349056603773585,3.567999827489257,0.4183647481249637,0.0664945119211492,0.00013492248711816164,0.0,0.0664945119211492,0.0021538268393464788,0,0,0,5,0,0.8,0.2830188679245283,0.36047045144606277,0.2598554803167826,0.9330617865091729,0.5092722362158937,0.0,0.26415094339622636,0.023886541976152725
583,106,100.0,106,0,99,7,0,0.0,1.3268822600767285,1.29290975834131,1.663854781510708,0.9686091157691025,0.34528067695859616,1.0049823671946758,8.349056603773585,3.567999827489257,0.4176811965012399,0.06700481334555347,0.00016920557425928259,0.0,0.06700481334555347,0.002294090125390839,0,0,0,7,0,0.7142857142857143,0.29245283018867924,0.3525903910652088,0.2914094516883185,0.9579002739143155,0.5057603297241418,0.0,0.2264150943396226,0.023914397090227038
584,106,100.0,106,0,100,6,0,0.0,1.3159999649197212,1.2823648288264178,1.5505118330476246,0.9706529640936632,0.3463026335094762,0.9791465588426211,8.349056603773585,3.567999827489257,0.4147755721985924,0.1151825666787271,0.00018317672269933406,0.16666666666666666,0.095899783663158,0.010987551811777416,0,0,0,6,0,0.6666666666666666,0.29245283018867924,0.3435128293516618,0.3012650525166807,0.9574752203244565,0.5056767916871241,0.0,0.2264150943396226,0.02389644786678924
585,105,99.05660377358491,106,1,101,4,0,0.009433962264150943,1.326046257665896,1.2869440152745697,1.5794958972656488,0.9728973362146381,0.3559649940726046,1.0261923565061581,8.349056603773585,3.567999827489257,0.41610649692036095,0.1879762685657071,0.00025261464205768606,0.2,0.16359880588590908,0.011054170920969376,0,1,1,3,0,0.6,0.2830188679245283,0.34656292163256747,0.30260971145350135,0.9438510273034795,0.5036533946358206,0.009433962264150943,0.24528301886792447,0.023986718927222414
586,105,99.05660377358491,106,0,103,3,0,0.0,1.3271039827535782,1.2872453026543007,1.5995871052417188,0.9749274890793076,0.3563433468765932,1.031120941681714,8.349056603773585,3.567999827489257,0.4209023559272447,0.03231902642802756,0.00015147206523377968,0.0,0.03231902642802756,0.011489277340254345,0,0,0,3,0,0.6666666666666666,0.29245283018867924,0.3523147219346828,0.30998736423811973,0.9459417021273698,0.5078828375944826,0.0,0.2452830188679245,0.024028225478015412
587,105,99.05660377358491,106,0,101,5,0,0.0,1.3340536783016363,1.2934106075943586,1.6795243788963028,0.9770611885489682,0.3388103938290454,0.9970117390281329,8.349056603773585,3.567999827489257,0.4257266344866599,0.02632346492114896,0.00022081125183797892,0.0,0.02632346492114896,0.008837239343868408,0,0,0,5,0,0.8,0.32075471698113206,0.36226353504761255,0.3070160660870277,0.9451711323891159,0.5167968797845358,0.0,0.24528301886792447,0.02410103915245402
588,105,99.05660377358491,106,0,101,5,0,0.0,1.3245738753350567,1.285036302861427,1.5215930436869638,0.9788797214824926,0.3615830381844192,1.0362877259940018,8.349056603773585,3.567999827489257,0.4194941950284621,0.011502524041319549,0.0002266157550667519,0.0,0.011502524041319549,0.0055398938604745655,0,0,0,5,0,1.0,0.3113207547169811,0.3454944971670558,0.32449811718728716,0.947309438823781,0.5097120133542882,0.0,0.2075471698113207,0.024086082763586612
589,104,98.11320754716981,106,1,101,4,0,0.009433962264150943,1.3316604693531682,1.2957113657260468,1.6246184710499632,0.9808206563747283,0.33752910759018373,0.9978464513854469,8.349056603773585,3.567999827489257,0.42475879186703214,0.020043951770197656,0.00015344931086607073,0.0,0.020043951770197656,0.007708931156020638,0,1,0,4,0,0.8,0.3018867924528302,0.35784705791030225,0.3303428262805459,0.9437463228216438,0.5099349249902472,0.009433962264150943,0.24528301886792447,0.02415614201048049
590,104,98.11320754716981,106,1,100,5,0,0.009433962264150943,1.3336649124646858,1.2954433899316826,1.6216703385890139,0.9828520895486679,0.35423553907784955,1.0052716994603692,8.349056603773585,3.567999827489257,0.4253441545395338,0.0835470227562899,0.00032355933675788596,0.0,0.0835470227562899,0.005405531863427765,0,1,0,5,0,0.5,0.32075471698113206,0.35856742402751596,0.33332184834437434,0.9314969424500948,0.5056740261142222,0.009433962264150943,0.3018867924528302,0.02420240499210894
591,104,98.11320754716981,106,0,100,6,0,0.0,1.3348596228620577,1.2962966795640198,1.602005302111115,0.9847854193215715,0.3630343206777436,1.0323504671440737,8.349056603773585,3.567999827489257,0.42480979609570935,0.017098179194286595,0.00015939864177661755,0.0,0.017098179194286595,0.010354138032291673,0,0,0,6,0,1.0,0.3113207547169811,0.3580552545619344,0.3548755270374764,0.9381910494810438,0.4999481053798531,0.0,0.26415094339622636,0.024242869145576804
592,104,98.11320754716981,106,0,100,6,0,0.0,1.313408762717532,1.2761753833865066,1.4927753274924371,0.9860754256411911,0.3875960722826503,1.045612066379523,8.349056603773585,3.567999827489257,0.4179286565469047,0.018618024169800535,0.0001889574765206203,0.0,0.018618024169800535,0.006957785082652444,0,0,0,6,0,0.8333333333333334,0.330188679245283,0.3470494917455894,0.3561546749091614,0.9390824550651838,0.49385570139578994,0.0,0.26415094339622636,0.02415862855648349
593,104,98.11320754716981,106,0,101,5,0,0.0,1.3190493140961235,1.281124130493635,1.5001952719747627,0.9874606615681484,0.38931291829374104,1.0406377446818085,8.349056603773585,3.567999827489257,0.42066419708189384,0.010259739177310042,0.00018662540467725188,0.0,0.010259739177310042,0.009238689600203465,0,0,0,5,0,1.0,0.33962264150943394,0.3494725249444307,0.36039471198286216,0.9342268919873197,0.49494558985532794,0.0,0.28301886792452824,0.024211543921118524
594,105,99.05660377358491,106,0,101,5,0,0.0,1.3189729318077588,1.281076161562835,1.4915798454428677,0.9887951030545268,0.38525122947548185,1.0386934925426081,8.349056603773585,3.567999827489257,0.4207435857699173,0.016578973805687885,0.00015751853727690736,0.0,0.016578973805687885,0.008332438886703718,0,0,0,5,0,0.8,0.3113207547169811,0.3491562823001281,0.3661017275405994,0.9440219743659736,0.4955009015030517,0.0,0.28301886792452824,0.024234968444642662
595,106,100.0,106,0,102,4,0,0.0,1.3244917575422865,1.2862291131370658,1.5271605555140637,0.9902290175135968,0.3874077026023138,1.0399377753352055,8.349056603773585,3.567999827489257,0.42349675256419306,0.021016763455609863,0.00019024595343951461,0.0,0.021016763455609863,-0.00031561849283080756,0,0,0,4,0,0.75,0.330188679245283,0.3532808120644482,0.3697830556493254,0.9462356101078154,0.4961206544326382,0.0,0.2452830188679245,0.02428814360602828
596,106,100.0,106,0,103,3,0,0.0,1.3275077724118174,1.2887989651413574,1.5929844125699562,0.9916851237593047,0.37865398746683343,1.03456537311629,8.349056603773585,3.567999827489257,0.4277379191328685,0.013989660946691232,0.0001635327593878693,0.0,0.013989660946691232,0.0031916750196784673,0,0,0,3,0,1.0,0.3113207547169811,0.3613199143885695,0.3667077337762432,0.9406818035839173,0.5064367340715172,0.0,0.2452830188679245,0.024329200614543398
597,106,100.0,106,0,101,5,0,0.0,1.3362775565355234,1.2972172124234895,1.5702632822850502,0.993329566575481,0.3781375841399021,1.0107934433219288,8.349056603773585,3.567999827489257,0.4311139188701023,0.015465553592169936,0.00022904274213297825,0.0,0.015465553592169936,0.003443911831036028,0,0,0,5,0,1.0,0.32075471698113206,0.36036184303766894,0.3703714602917415,0.9454884492461179,0.5117474088651077,0.0,0.2452830188679245,0.02440238639358409
598,106,100.0,106,0,102,4,0,0.0,1.3343280569530624,1.295392377489462,1.50706125211888,0.9948632475889744,0.38590167112778545,1.0153142847165622,8.349056603773585,3.567999827489257,0.4276915583993668,0.030681339542102438,0.0002018826463192357,0.0,0.030681339542102438,0.001245882300960191,0,0,0,4,0,0.5,0.3018867924528302,0.3525253562061674,0.37922238328853675,0.9371235854785115,0.5100011679423082,0.0,0.2264150943396226,0.024419999763629626
599,106,100.0,106,0,99,7,0,0.0,1.3306900092950542,1.291995178586641,1.4836023318469573,0.9962452372257584,0.38818111265842387,1.0181744019876944,8.349056603773585,3.567999827489257,0.42684847186911434,0.01679679190134435,0.0001762261709621086,0.0,0.01679679190134435,0.004779513425165963,0,0,0,7,0,0.8571428571428571,0.3018867924528302,0.3492214254647688,0.3571658771225952,0.9355604978402415,0.5133748357052719,0.0,0.28301886792452824,0.024426464219267773
600,106,100.0,106,0,101,5,0,0.0,1.3332752121131288,1.294359171858886,1.509498906053585,0.9976453952953866,0.394565807454531,1.0386037378475939,8.349056603773585,3.567999827489257,0.4275144039417649,0.0767610904425796,0.00017323285820995517,0.0,0.0767610904425796,0.009260015841802338,0,0,0,5,0,0.6,0.3018867924528302,0.3514348948190751,0.3611769867535376,0.9131526794458861,0.5069893587959445,0.0,0.2452830188679245,0.024464369052112602
601,106,100.0,106,0,100,6,0,0.0,1.3360030901258417,1.2976528549139228,1.4274422429049665,0.9990896106120832,0.3961886261765899,1.0241826415103727,8.349056603773585,3.567999827489257,0.42281204058908783,0.05288775461209763,0.00019282741250167641,0.0,0.05288775461209763,0.0027833546056993765,0,0,0,6,0,0.8333333333333334,0.3018867924528302,0.33940980448995844,0.36474233236554754,0.8930723816260554,0.5025871089955807,0.0,0.28301886792452824,0.02450377324218032
602,106,100.0,106,0,100,6,0,0.0,1.3418025467767591,1.3034461155410888,1.4699471608888146,1.0006476591521183,0.379916684507133,1.0130905263026013,8.349056603773585,3.567999827489257,0.42447190687328473,0.05771575756618542,0.0002279642915506665,0.0,0.05771575756618542,0.0026624458608401347,0,0,0,6,0,0.6666666666666666,0.3018867924528302,0.3427787844095462,0.34760879605151096,0.9159798595794493,0.5065018333005467,0.0,0.2452830188679245,0.02456056611004523
603,105,99.05660377358491,106,1,101,4,0,0.009433962264150943,1.3264753404500127,1.2914166375867826,1.3791910670038872,1.0017427775254784,0.4066330876288583,1.0398487149976159,8.349056603773585,3.567999827489257,0.42024813800083693,0.02279226704519546,0.00015590817588588627,0.0,0.02279226704519546,0.004292177270778264,0,1,0,4,0,0.8,0.3113207547169811,0.33406273348593724,0.3582131299529182,0.9238125890138915,0.5023450769172392,0.009433962264150943,0.26415094339622636,0.024503466989247644
604,105,99.05660377358491,106,0,103,3,0,0.0,1.3146202832336862,1.2802108237273218,1.307294096536037,1.002542932937155,0.41859706671117203,1.051311510207496,8.349056603773585,3.567999827489257,0.4194394516620312,0.01447057583162896,0.00013037989419062188,0.0,0.01447057583162896,0.008065460389207543,0,0,0,3,0,1.0,0.3018867924528302,0.32849327771234244,0.35443721323250077,0.9105870824933175,0.5041568776812022,0.0,0.3018867924528301,0.024458466475020143
605,105,99.05660377358491,106,0,103,3,0,0.0,1.3257485143327021,1.2908858518365882,1.3608226202056828,1.0036192467927416,0.40912513017216695,1.0268569958038847,8.349056603773585,3.567999827489257,0.42436179706449395,0.015104540704086802,0.00014294470907451364,0.0,0.015104540704086802,0.005008634219475135,0,0,0,3,0,1.0,0.32075471698113206,0.33619915262859834,0.3476308484750041,0.9157420068572806,0.5133489762766154,0.0,0.26415094339622636,0.024533309068770513
606,105,99.05660377358491,106,0,103,3,0,0.0,1.328492480397854,1.2941820137273221,1.2946698776846406,1.0047512434122778,0.41350262213818345,1.0325062907161096,8.349056603773585,3.567999827489257,0.42002562900526774,0.008439691764878056,0.00014781275470409502,0.0,0.008439691764878056,0.0030814423143902072,0,0,0,3,0,1.0,0.32075471698113206,0.325583723922922,0.3453943927648618,0.9138935505273313,0.510679341999328,0.0,0.3018867924528301,0.02456722371781239
607,105,99.05660377358491,106,0,104,2,0,0.0,1.328729990109233,1.2949235280337672,1.294367352849426,1.0058640161777217,0.3972494025526837,1.0194419063202027,8.349056603773585,3.567999827489257,0.4196094697718129,0.005359213967145089,0.00010639894228801349,0.0,0.005359213967145089,0.004487247647736725,0,0,0,2,0,1.0,0.32075471698113206,0.32424835531766816,0.3298644429118605,0.9217157516150757,0.5161285506706572,0.0,0.26415094339622636,0.024588263131544975
608,105,99.05660377358491,106,1,102,3,0,0.009433962264150943,1.3270328345612743,1.292105666837139,1.2731560192318991,1.0069071524979207,0.40126923477120957,1.038119841795785,8.349056603773585,3.567999827489257,0.41921716980562795,0.058351748449447204,0.00017719527167458455,0.0,0.058351748449447204,0.012575337992540125,0,1,0,3,0,0.75,0.330188679245283,0.3221699842357944,0.32715526792319743,0.9232550575232404,0.52002046417564,0.009433962264150943,0.26415094339622636,0.024598386904857775
609,105,99.05660377358491,106,0,103,3,0,0.0,1.3224387940359363,1.288044500055949,1.2419021095780418,1.007746647465803,0.41275579057143935,1.0294708970223847,8.349056603773585,3.567999827489257,0.41312778523480276,0.014803507726323115,0.00011481902738125021,0.0,0.014803507726323115,0.010843588558141623,0,0,0,3,0,1.0,0.330188679245283,0.31469929069607927,0.3205569474066669,0.9233377324868485,0.5162056250912788,0.0,0.22641509433962262,0.024590393291733993
610,105,99.05660377358491,106,0,102,4,0,0.0,1.3217401848132047,1.2877644674973974,1.218559677752733,1.0085481960057143,0.4165164084891023,1.0301258559452104,8.349056603773585,3.567999827489257,0.4117142227936308,0.021308863543125285,0.0001940077532282123,0.0,0.021308863543125285,0.005626348161495584,0,0,0,4,0,1.0,0.330188679245283,0.3108078475312235,0.32305335821978276,0.9203581320204542,0.5168020400855725,0.0,0.22641509433962262,0.024601199870880976
611,105,99.05660377358491,106,0,100,6,0,0.0,1.317412296261467,1.2842164318537816,1.1476767408206223,1.0092198701705897,0.4354208060922209,1.0576899307021808,8.349056603773585,3.567999827489257,0.4026917881377472,0.03773635611284918,0.0001430913428775008,0.0,0.03773635611284918,0.011523304056782849,0,0,0,6,0,0.8333333333333334,0.3113207547169811,0.29680310892600636,0.3337699940405958,0.9428157394438403,0.5063794121300093,0.0,0.18867924528301885,0.024591543094644307
612,105,99.05660377358491,106,0,101,5,0,0.0,1.3281257413739922,1.2938971604896254,1.2062747710379091,1.0101439057072423,0.4226132098768102,1.049235463044204,8.349056603773585,3.567999827489257,0.4067874288683857,0.03927330206795239,0.00014739846367333733,0.0,0.03927330206795239,0.010708383934465293,0,0,0,5,0,0.8,0.3113207547169811,0.3046583462867761,0.3421697223898776,0.9127867349072633,0.5056982658671101,0.0,0.26415094339622636,0.024661595113383786
613,106,100.0,106,0,101,5,0,0.0,1.3169008061928085,1.2825657646225999,1.176782528824715,1.0107115283095514,0.4306211050022981,1.0610293020379213,8.349056603773585,3.567999827489257,0.40726549141796275,0.03552367042037558,0.00016803308267385495,0.0,0.03552367042037558,0.00893343354452233,0,0,0,5,0,0.6,0.3113207547169811,0.3046069881259986,0.3469449369911329,0.8946676899159391,0.5056085743206403,0.0,0.2830188679245283,0.024615596824213454
614,106,100.0,106,0,102,4,0,0.0,1.306335947606032,1.2728112053747436,1.1172137196252063,1.01098046401268,0.44100882138670994,1.0743696635220483,8.349056603773585,3.567999827489257,0.4026991478808537,0.06665230809092167,0.0002581104721603583,0.0,0.06665230809092167,0.008282517136935508,0,0,0,4,0,0.5,0.3018867924528302,0.29648362947939305,0.34071559988416905,0.9281446596346195,0.5031037867628788,0.0,0.2830188679245283,0.02456757034399142
615,106,100.0,106,0,103,3,0,0.0,1.3117814881058556,1.2779672134310582,1.1717674749410076,1.0113869771772293,0.43374597169940426,1.0725140204164996,8.349056603773585,3.567999827489257,0.40506540285937254,0.055296031642649346,0.00030297059248751414,0.0,0.055296031642649346,0.005078557959528329,0,0,0,3,0,0.6666666666666666,0.29245283018867924,0.30294184536017654,0.3367607821854463,0.9501312439859141,0.5047959283024919,0.0,0.26415094339622636,0.024602050240995457
616,106,100.0,106,0,102,4,0,0.0,1.3174923455611762,1.2835254322864218,1.153366797447236,1.011937639744105,0.4418140955169211,1.074661071499862,8.349056603773585,3.567999827489257,0.40357859748557745,0.05813995621177664,0.00019767943130848852,0.0,0.05813995621177664,0.0033787228477273473,0,0,0,4,0,0.75,0.2830188679245283,0.298603903652949,0.3392548909975262,0.9248741311937387,0.5005558413581543,0.0,0.26415094339622636,0.024640428347990146
617,106,100.0,106,0,104,2,0,0.0,1.3072391459853538,1.274139382498859,1.1155993344467,1.0122007392793622,0.4464407892109385,1.0845202103465903,8.349056603773585,3.567999827489257,0.40234787940508143,0.048395019064485956,0.00019101932504436415,0.0,0.048395019064485956,0.00666960230674199,0,0,0,2,0,0.5,0.29245283018867924,0.29542586996689313,0.34304070932011377,0.9248741311937387,0.4986307401246994,0.0,0.26415094339622636,0.024593856045593082
618,106,100.0,106,0,102,4,0,0.0,1.2976505143962154,1.2648976580802205,1.1125766325013569,1.0121906556546039,0.4466898729976011,1.0862868257940603,8.349056603773585,3.567999827489257,0.40367894724253617,0.05083238286493135,0.00020048197105074127,0.0,0.05083238286493135,0.009815904172003412,0,0,0,4,0,0.5,0.2830188679245283,0.29793744188391963,0.3442946616562126,0.9200185681158746,0.5008513355316427,0.0,0.3018867924528301,0.0245457329957904
619,106,100.0,106,0,104,2,0,0.0,1.2991261766503084,1.2664214667095264,1.1167902171890882,1.0122244274049714,0.4433361788096334,1.0822725991185802,8.349056603773585,3.567999827489257,0.4048405426319124,0.006670684910493329,0.00013916081600914837,0.0,0.006670684910493329,0.003987141500579994,0,0,0,2,0,1.0,0.29245283018867924,0.2989227573527814,0.3446027389674315,0.9200036865232837,0.5031930678827027,0.0,0.26415094339622636,0.024553713795058295
620,106,100.0,106,0,104,2,0,0.0,1.3001768565654601,1.2673506569775284,1.128244595852907,1.012283516985072,0.453302049521954,1.0858501822491586,8.349056603773585,3.567999827489257,0.4047513259601998,0.005347902486841503,0.00013904890747783502,0.0,0.005347902486841503,0.0005369849722443587,0,0,0,2,0,1.0,0.3113207547169811,0.2999204841772053,0.34695917306160495,0.9444999613551298,0.49976294131403026,0.0,0.3018867924528301,0.024560021352692078
621,106,100.0,106,0,102,4,0,0.0,1.3120158558509587,1.2785722605658993,1.1687725583399167,1.0126608076863954,0.4483696463687149,1.085901597884467,8.349056603773585,3.567999827489257,0.4088428730873779,0.0443690159394362,0.00017448775566101133,0.0,0.0443690159394362,0.001979276801999233,0,0,0,4,0,0.75,0.3113207547169811,0.3051115075483481,0.3470796023054703,0.909094555248382,0.5075817555854342,0.0,0.3396226415094339,0.024625947214905748
622,105,99.05660377358491,106,1,102,3,0,0.009433962264150943,1.311621313638727,1.2778048567740756,1.1063337630429295,1.0130326328375312,0.45854971254334126,1.0967908157846051,8.349056603773585,3.567999827489257,0.4028768364528261,0.11008409957436482,0.0002482540587909762,0.0,0.11008409957436482,0.003694712892654356,0,1,0,3,0,0.25,0.3018867924528302,0.29366858898416154,0.3490961573377316,0.9407197162800928,0.5026280827103978,0.009433962264150943,0.28301886792452824,0.024630607864220132
623,105,99.05660377358491,106,0,105,1,0,0.0,1.3240010991020017,1.2892710146442494,1.1223019432879455,1.013688580308179,0.46076950817421325,1.0961760395450824,8.349056603773585,3.567999827489257,0.40547142982345075,0.0038897573248844854,0.00013489986060776976,0.0,0.0038897573248844854,-0.006373327047498933,0,0,0,1,0,1.0,0.32075471698113206,0.2960567222448148,0.36052807422744737,0.9537463711595497,0.5013709812076449,0.0,0.2452830188679245,0.024704208893847075
624,105,99.05660377358491,106,0,103,3,0,0.0,1.3245660034538016,1.2903995313461891,1.1196782641298355,1.014353335953388,0.4560414059491236,1.0768604771189048,8.349056603773585,3.567999827489257,0.4035256001605436,0.005506602948507597,0.00016783684440313738,0.0,0.005506602948507597,0.0038051478240042624,0,0,0,3,0,1.0,0.3018867924528302,0.2936859139082496,0.35431817468265264,0.9548222647467324,0.5012676863055707,0.0,0.20754716981132074,0.024718892655743216
625,105,99.05660377358491,106,0,102,4,0,0.0,1.327415695570649,1.2929649177942457,1.1459886446413956,1.0150675995055558,0.45063138571636435,1.070103160700372,8.349056603773585,3.567999827489257,0.4036566028549746,0.041424908793994165,0.00019000455085224592,0.0,0.041424908793994165,0.0060419653371868165,0,0,0,4,0,0.75,0.29245283018867924,0.29646027915140516,0.36096193491361955,0.9495107805737572,0.5013076608571441,0.0,0.20754716981132074,0.02474588357748203
626,105,99.05660377358491,106,0,102,4,0,0.0,1.3253669686371385,1.290954303622134,1.1572713667750407,1.0156989871672606,0.43643884751197365,1.0475208940062815,8.349056603773585,3.567999827489257,0.40513104032460423,0.0049557598887941135,0.00018851491846777786,0.0,0.0049557598887941135,0.007231844835950366,0,0,0,4,0,1.0,0.3113207547169811,0.2987246506126215,0.35136665913126347,0.9478735126918598,0.5086117813786242,0.0,0.24528301886792447,0.024746903898154687
627,106,100.0,106,0,102,4,0,0.0,1.3234561017270576,1.2896781118656546,1.16165416195044,1.0162714193025493,0.4352632141192114,1.0479484478297996,8.349056603773585,3.567999827489257,0.4017552392849639,0.04510406770014794,0.0002313419937451801,0.0,0.04510406770014794,0.0060068897187501025,0,0,0,4,0,0.75,0.3113207547169811,0.2959481281099855,0.34013997797100465,0.9502513981704044,0.5093175040559628,0.0,0.2452830188679245,0.024747561752404078
628,106,100.0,106,0,103,3,0,0.0,1.340587218609432,1.3057506927891944,1.2977980120681447,1.0172822027879382,0.41183693090890366,1.0401204254355494,8.349056603773585,3.567999827489257,0.4097927019258678,0.05223042871577092,0.00014351553269198165,0.0,0.05223042871577092,-0.000436817336802157,0,0,0,3,0,0.6666666666666666,0.3018867924528302,0.312576935736466,0.3253086240494857,0.9502513981704044,0.5236832956407491,0.0,0.2452830188679245,0.024851249713323434
629,106,100.0,106,0,102,4,0,0.0,1.3253672054732848,1.2911212696573018,1.3386173508052785,1.0178393392866254,0.40561330000488577,1.0436901277102557,8.349056603773585,3.567999827489257,0.40990576087744945,0.03921165162023384,0.00021196597193012104,0.0,0.03921165162023384,0.0010750568954245865,0,0,0,4,0,0.75,0.3113207547169811,0.31847201760461247,0.3187683833961887,0.9538297093589256,0.5264763471504098,0.0,0.20754716981132074,0.024785088962298717
630,106,100.0,106,0,101,5,0,0.0,1.3364812121164757,1.3012856512447888,1.4146151258204764,1.018666729250006,0.39544995981397896,1.027053242102402,8.349056603773585,3.567999827489257,0.41598418470741194,0.06141577445390826,0.0002514847577735649,0.0,0.06141577445390826,0.0011845468958974425,0,0,0,5,0,0.6,0.32075471698113206,0.32864577440659465,0.3205175181843649,0.9453999734919939,0.5355199083153099,0.0,0.24528301886792447,0.024855419631747713
631,106,100.0,106,0,102,4,0,0.0,1.341203498059961,1.3063841606590587,1.3673006087780897,1.0196101297866051,0.393583681188147,1.0077377395551654,8.349056603773585,3.567999827489257,0.4145960935609274,0.042335028493338485,0.0001954234596453878,0.0,0.042335028493338485,-0.0017107654014769519,0,0,0,4,0,0.75,0.32075471698113206,0.3218419509112237,0.32168378661344826,0.9511428037545442,0.5354074426304676,0.0,0.20754716981132074,0.024895861326224338
632,106,100.0,106,0,103,3,0,0.0,1.3547525224949386,1.3189869657395195,1.4723866540736674,1.0208796042445096,0.3747294077300436,0.9878059070333111,8.349056603773585,3.567999827489257,0.4224798904056162,0.017397288352064028,0.00020777618976287716,0.0,0.017397288352064028,0.003570202349392796,0,0,0,3,0,1.0,0.32075471698113206,0.33618591706999473,0.32299296119284643,0.9511428037545442,0.5470795962397539,0.0,0.20754716981132074,0.02498625387163325
633,106,100.0,106,0,101,5,0,0.0,1.3688270515506773,1.3323862445411725,1.5412383856378178,1.0224862528515681,0.35159911605341304,0.9502199759446807,8.349056603773585,3.567999827489257,0.42731556132940196,0.03680764826560477,0.0001183954228666561,0.0,0.03680764826560477,0.008927047209926037,0,0,0,5,0,0.8,0.33962264150943394,0.3443873200233223,0.3174288585869924,0.9495563617834801,0.5590221973408479,0.0,0.28301886792452824,0.025085289126676045
634,106,100.0,106,0,103,3,0,0.0,1.3683869811970537,1.3322179387633115,1.5076889470177355,1.0240307721192075,0.34727419658302344,0.9397919640541994,8.349056603773585,3.567999827489257,0.42632826943390745,0.05462350613001427,0.0001353552682903065,0.0,0.05462350613001427,0.005105270099894171,0,0,0,3,0,0.6666666666666666,0.32075471698113206,0.34003286387843457,0.31372505267704176,0.9574803213811824,0.557150790981227,0.0,0.2452830188679245,0.025110642997310383
635,106,100.0,106,0,102,4,0,0.0,1.3775273454443673,1.3410008136232934,1.5408843674810855,1.0257708813099244,0.3421148183173263,0.9405402997532065,8.349056603773585,3.567999827489257,0.42590325066391355,0.0474139382864776,0.0001064416364583177,0.0,0.0474139382864776,0.00099086873652985,0,0,0,4,0,0.75,0.32075471698113206,0.340725427193352,0.3093538020588541,0.9428318710973147,0.5581182856603931,0.0,0.28301886792452824,0.025187388365008407
636,105,99.05660377358491,106,1,104,1,0,0.009433962264150943,1.384201572323816,1.3518002658943824,1.5847714749681436,1.0276244516840842,0.33464361396815234,0.936680004278344,8.349056603773585,3.567999827489257,0.4259718558912313,0.010773826349606446,0.00019620931193181952,0.0,0.010773826349606446,0.0029174306065967714,0,1,0,1,0,1.0,0.32075471698113206,0.34275468847711893,0.3156654459029023,0.9461668516188683,0.5486262888522639,0.009433962264150943,0.28301886792452824,0.025253827193281855
637,105,99.05660377358491,106,0,103,3,0,0.0,1.3894276382792714,1.3564516235266633,1.5913986313939024,1.029677366290684,0.33136166251190935,0.9332921647058625,8.349056603773585,3.567999827489257,0.4298038317013415,0.09457766176201687,0.00016168056592002445,0.0,0.09457766176201687,0.01994194795744809,0,0,0,3,0,0.3333333333333333,0.330188679245283,0.3461348017006034,0.3156860629957963,0.9559635742252173,0.5531770652249308,0.0,0.20754716981132074,0.02531658151787012
638,105,99.05660377358491,106,0,102,4,0,0.0,1.3998568627283294,1.3665057786902286,1.6195689112172658,1.031944018698775,0.3297256514044907,0.9398852765733448,8.349056603773585,3.567999827489257,0.4295707957247652,0.12100433968291953,0.0002463019877071923,0.0,0.12100433968291953,0.008678715627220307,0,0,0,4,0,0.25,0.32075471698113206,0.34598840013937604,0.32389022119965294,0.9584192574805808,0.5482770100582244,0.0,0.2452830188679245,0.025409164717120646
639,105,99.05660377358491,106,0,100,6,0,0.0,1.4049764098908561,1.3710074725084274,1.6120011472216091,1.0342582932949895,0.32749501821300864,0.9305105701056438,8.349056603773585,3.567999827489257,0.43238027330687245,0.10141164518219421,0.0002159212284147991,0.0,0.10141164518219421,0.009235845643652577,0,0,0,6,0,0.3333333333333333,0.3113207547169811,0.3473058520057529,0.32258323553783735,0.9584192574805808,0.5497643503552294,0.0,0.2452830188679245,0.025476049109733563
640,105,99.05660377358491,106,0,103,3,0,0.0,1.3999128256157838,1.3659449237039565,1.6696454163273957,1.0363454891915151,0.33320287532908527,0.9409964991780019,8.349056603773585,3.567999827489257,0.43378228684601416,0.11746481504156582,0.00039758971997765394,0.0,0.11746481504156582,0.006141939537268455,0,0,0,3,0,0.3333333333333333,0.32075471698113206,0.35265123140620364,0.31522040749961483,0.9507654303808486,0.5513224265483414,0.0,0.28301886792452824,0.0254879667613519
641,106,100.0,106,0,102,4,0,0.0,1.4057086536847907,1.3710934537893764,1.7386094015719136,1.0385051735777064,0.3314625609132042,0.9407293978032939,8.349056603773585,3.567999827489257,0.43609535801477706,0.07639059832292283,0.00021842984807610903,0.0,0.07639059832292283,0.00045827537816069824,0,0,0,4,0,0.25,0.2830188679245283,0.36013302180132983,0.31968424264414047,0.9485916649300671,0.5544371704173895,0.0,0.320754716981132,0.025555474669283745
642,106,100.0,106,0,101,5,0,0.0,1.4013504586990553,1.36668200900912,1.7452442225395557,1.0404618801550043,0.33625922069624903,0.9502952038714663,8.349056603773585,3.567999827489257,0.4365197791219064,0.0663172687150591,0.00018866516741357673,0.0,0.0663172687150591,0.004305251057882148,0,0,0,5,0,0.4,0.29245283018867924,0.3619080501277102,0.32815428793281376,0.9446564279421337,0.5518129961796379,0.0,0.320754716981132,0.02556859133800629
643,106,100.0,106,0,97,9,0,0.0,1.3985638595817242,1.364095888265683,1.6822947351914326,1.0422749532180684,0.35426664206616926,0.9644646258781506,8.349056603773585,3.567999827489257,0.43583270249376804,0.08453042211665472,0.00019712733331406926,0.0,0.08453042211665472,0.00878201861440708,0,0,0,9,0,0.4444444444444444,0.2830188679245283,0.3566482968034782,0.3252878169343949,0.9542547592589578,0.5523808603514351,0.0,0.28301886792452824,0.02558700356430083
644,106,100.0,106,0,98,8,0,0.0,1.3915242368747305,1.3571954149334888,1.6685649384819297,1.0438263687360991,0.3541200770723909,0.961838849237282,8.349056603773585,3.567999827489257,0.43392460545848155,0.07224498248054151,0.00021659432452416388,0.0,0.07224498248054151,0.006413518591378814,0,0,0,8,0,0.5,0.29245283018867924,0.3550202862462836,0.31797565516237913,0.9430633077439223,0.5533202221382529,0.0,0.28301886792452824,0.02557948270226935
645,105,99.05660377358491,106,1,101,4,0,0.009433962264150943,1.3963778460954928,1.3680166071460058,1.665775693717302,1.0454511671378894,0.3677230861668269,0.9599036263475074,8.349056603773585,3.567999827489257,0.4342077457571687,0.08178045647413969,0.00018265309398000405,0.0,0.08178045647413969,-0.0031226542072875065,0,1,0,4,0,0.4,0.29245283018867924,0.35394391121734997,0.3146645293932798,0.9175937235740296,0.5509687745938929,0.009433962264150943,0.320754716981132,0.025632737150459627
646,104,98.11320754716981,106,1,100,5,0,0.009433962264150943,1.393155357391464,1.3626562792020003,1.6366421905268311,1.0471146974527177,0.37317193712525054,0.967354702926283,8.349056603773585,3.567999827489257,0.4328663946209619,0.2460746721288812,0.00012724078760846847,0.16666666666666666,0.24165816580851396,0.003123775305112012,0,1,0,5,0,0.16666666666666666,0.32075471698113206,0.351572877392366,0.3231291785540066,0.9356292057733198,0.5432663295803601,0.009433962264150943,0.320754716981132,0.02564630208632113
647,104,98.11320754716981,106,0,101,5,0,0.0,1.3867858443124454,1.3566927218597646,1.5345816385219435,1.0484790820344028,0.3879403932596436,0.9859209092061955,8.349056603773585,3.567999827489257,0.43008509271613926,0.1617405045336647,0.0002771114689053229,0.0,0.1617405045336647,0.0033348162185784847,0,0,0,5,0,0.2,0.3113207547169811,0.34202761290624045,0.3372975234415552,0.92399184614846,0.5426781735392561,0.0,0.320754716981132,0.025638795140686448
648,102,96.22641509433963,106,2,102,2,0,0.018867924528301886,1.3833642181556003,1.3531200849751412,1.5461245553200786,1.0497014536770972,0.39569029082577545,1.0049929782527065,8.349056603773585,3.567999827489257,0.4276804157413039,0.15790878217841142,0.000253459824314565,0.0,0.15790878217841142,0.0013830083298410067,0,2,0,2,0,0.25,0.3113207547169811,0.34180277767788,0.3260404277745017,0.9327424221628103,0.5253894902673204,0.018867924528301886,0.28301886792452824,0.02564349411895353
649,102,96.22641509433963,106,0,103,3,0,0.0,1.385005746240158,1.3546053527507205,1.6061927869647514,1.0509139609401912,0.3916092182981311,1.0053684317152922,8.349056603773585,3.567999827489257,0.42818260772811456,0.08762494076621401,0.00023884545637767684,0.0,0.08762494076621401,9.145822228331009e-05,0,0,0,3,0,0.3333333333333333,0.29245283018867924,0.34545920110506334,0.30840120615897076,0.9217398658299061,0.5271168359251712,0.0,0.320754716981132,0.02567333288790406
650,102,96.22641509433963,106,1,103,2,0,0.009433962264150943,1.3971297005181273,1.3726744416309191,1.7335204899319152,1.0524183315457694,0.3861462625255453,0.989227210681928,8.349056603773585,3.567999827489257,0.432655758039467,0.1729416325798443,0.0003225400015267577,0.0,0.1729416325798443,0.008596499154138423,0,1,0,2,0,0.0,0.2641509433962264,0.35551618347801106,0.2981660075792848,0.9371026535061802,0.5370235813041457,0.009433962264150943,0.3018867924528301,0.025760790629599822
651,101,95.28301886792453,106,2,99,4,1,0.018867924528301886,1.3796479019048238,1.351607576286577,1.5750964562668244,1.0535691379590453,0.43029567676356417,1.0560739652829916,8.349056603773585,3.567999827489257,0.42836414333139006,0.2759014681038897,0.0005329775147842147,0.14285714285714285,0.23856939685140993,0.010559950702355967,0,3,0,4,0,0.14285714285714285,0.29245283018867924,0.343856801083956,0.3154146520910716,0.9377959099556283,0.5172885408025916,0.018867924528301886,0.320754716981132,0.02569391202195351
652,101,95.28301886792453,106,0,104,2,0,0.0,1.3655438338473187,1.337931032640631,1.505501003659703,1.0541676944834208,0.45763213244454704,1.0842894260360354,8.349056603773585,3.567999827489257,0.4230501982949757,0.16514338052532263,0.00037932931917974283,0.0,0.16514338052532263,-0.006759037633410597,0,0,0,2,0,0.0,0.3113207547169811,0.33563612233027584,0.3163936108070159,0.9428573834035439,0.5101825569217558,0.0,0.320754716981132,0.025634069929544562
653,101,95.28301886792453,106,2,102,2,0,0.018867924528301886,1.3746724321306611,1.348288995783129,1.5546517554098416,1.0549894892159544,0.455161124746572,1.07724479467783,8.349056603773585,3.567999827489257,0.42610586968363684,0.09835264650134842,0.00035742472142219006,0.0,0.09835264650134842,0.0005951998442122186,0,2,0,2,0,0.5,0.2830188679245283,0.3411747069523068,0.31089675150110896,0.9459389397069876,0.5150938276204857,0.018867924528301886,0.3018867924528301,0.025694373738280832
654,101,95.28301886792453,106,0,106,0,0,0.0,1.3799528025631145,1.3534067051771066,1.597456120688916,1.0559791051854572,0.46105327416489583,1.0858218984191534,8.349056603773585,3.567999827489257,0.4284242516333936,0.0,0.0,0.0,0.0,0.0,0,0,0,0,0,0.0,0.2830188679245283,0.3460253278964063,0.31250372781505487,0.9405527531851767,0.51747208074132,0.0,0.3018867924528301,0.025738430338485427
655,102,96.22641509433963,106,0,106,0,0,0.0,1.3698330737408415,1.3436241767684434,1.5317995597299547,1.056654179181479,0.4760979249329387,1.1048025999073514,8.349056603773585,3.567999827489257,0.4255376191698472,0.0,0.0,0.0,0.0,0.0,0,0,0,0,0,0.0,0.29245283018867924,0.3402290683242532,0.32289260848708523,0.9316417101774382,0.5101025263372475,0.0,0.3396226415094339,0.025699875013880803
656,104,98.11320754716981,106,0,106,0,0,0.0,1.381856734291905,1.3550125469817718,1.6342207964082167,1.0576302361621397,0.4690550463848845,1.1006096216809298,8.349056603773585,3.567999827489257,0.4280074653658703,0.0,0.0,0.0,0.0,0.0,0,0,0,0,0,0.0,0.27358490566037735,0.34801527384112585,0.3064138507128876,0.9405527531851767,0.5126255421879583,0.0,0.3018867924528301,0.02577740617232921
657,103,97.16981132075472,106,1,102,3,0,0.009433962264150943,1.4131455168755847,1.3922232633312681,1.9364107798758408,1.0594229511847468,0.44002795171933073,1.0829142081074616,8.349056603773585,3.567999827489257,0.4364159200187663,0.09656847476950314,0.00029613297932383855,0.0,0.09656847476950314,0.005188645009131229,0,1,0,3,0,0.5,0.2641509433962264,0.3701854337594993,0.2793759916739194,0.9310898749143093,0.5200993702348515,0.009433962264150943,0.320754716981132,0.02596583211970461
658,105,99.05660377358491,106,0,99,7,0,0.0,1.4095091475025447,1.3883301302784263,2.0042679992974186,1.061251235436746,0.4415416981525097,1.082675115899736,8.349056603773585,3.567999827489257,0.43852723961689155,0.1618364656684321,0.0004337017553791653,0.0,0.1618364656684321,0.0014743736832135462,0,0,0,7,0,0.2857142857142857,0.2641509433962264,0.3764231301949279,0.2665419667557652,0.9411171219024825,0.523095821428905,0.0,0.320754716981132,0.025980266862318076
659,105,99.05660377358491,106,0,104,2,0,0.0,1.3900489512174015,1.3692839545385957,1.8932117187528639,1.0624706324957554,0.45887629527454415,1.0997781935200652,8.349056603773585,3.567999827489257,0.4350484497918905,0.26137771654717357,0.0004935568875320976,0.0,0.26137771654717357,-0.0023336826014961898,0,0,0,2,0,0.0,0.2830188679245283,0.36975106046898754,0.27794572527833233,0.9325613871182948,0.5124317081661639,0.0,0.3584905660377359,0.02590471992337329
660,105,99.05660377358491,106,0,102,4,0,0.0,1.4084729343006759,1.3873320032453722,1.947038230750444,1.0641616849471813,0.449361441313305,1.086468396572157,8.349056603773585,3.567999827489257,0.4374844836707499,0.15325946435146176,0.00042255634200499023,0.0,0.15325946435146176,0.0008193489657580821,0,0,0,4,0,0.25,0.27358490566037735,0.3724681637750092,0.27458840652194166,0.9273695178220585,0.5172609601303297,0.0,0.3584905660377359,0.02602700821306448
661,105,99.05660377358491,106,0,102,4,0,0.0,1.4109742783338775,1.3893694350970596,2.019416437673342,1.0658505571020205,0.4466378411199792,1.0910619959769479,8.349056603773585,3.567999827489257,0.43981452396422815,0.15505368890366328,0.0004382720612486158,0.0,0.15505368890366328,0.000584331266601984,0,0,0,4,0,0.25,0.3018867924528302,0.3795831182166959,0.27695130681333613,0.9323420668555595,0.5164223090288983,0.0,0.3207547169811321,0.02606964441101608
662,106,100.0,106,0,102,4,0,0.0,1.4143564914954163,1.3922792417565932,2.1229674441451847,1.0675622278185624,0.436841417777536,1.084194591725667,8.349056603773585,3.567999827489257,0.44386247485553554,0.09193421700146352,0.00030515111984999227,0.0,0.09193421700146352,-0.0038678553824277456,0,0,0,4,0,0.25,0.3018867924528302,0.3896451231246813,0.2748407277457831,0.9431634658392443,0.5211768856410356,0.0,0.3207547169811321,0.02611709168093047
663,105,99.05660377358491,106,1,101,4,0,0.009433962264150943,1.4043730270417076,1.3804184453164832,2.077807291449934,1.0689368997731925,0.45932532834125706,1.1298582339365146,8.349056603773585,3.567999827489257,0.4432970487428489,0.1242310657079873,0.00041941500747823474,0.0,0.1242310657079873,0.005895346315359651,0,1,0,4,0,0.4,0.3018867924528302,0.389342374914699,0.28169797595392093,0.9292903451075007,0.5131607821343761,0.009433962264150943,0.26415094339622636,0.0260916985051468
664,105,99.05660377358491,106,0,104,2,0,0.0,1.3981487659929186,1.3743693244595272,1.9930000188503636,1.0700272291339408,0.48280631966100246,1.147683079328438,8.349056603773585,3.567999827489257,0.43844780156841034,0.004660759008631718,0.0002597982707294444,0.0,0.004660759008631718,0.0019124369528446539,0,0,0,2,0,1.0,0.29245283018867924,0.37949839431041704,0.2771491942286779,0.9273399752298047,0.511367216187236,0.0,0.3018867924528301,0.026080028674758136
665,105,99.05660377358491,106,0,102,4,0,0.0,1.413126717796261,1.3885654634186362,2.165732941307044,1.0714838701158358,0.4515512351843225,1.118549972875356,8.349056603773585,3.567999827489257,0.44330325889401645,0.09299664044654898,0.000395870123331279,0.0,0.09299664044654898,0.0028378049542288203,0,0,0,4,0,0.75,0.32075471698113206,0.3928179091560283,0.2660428804288868,0.9281180407625829,0.5205913567608907,0.0,0.3018867924528301,0.026180904907635423
666,105,99.05660377358491,106,0,102,4,0,0.0,1.422546641359732,1.397306267678861,2.2544666769736135,1.0731380356547502,0.44210686159637536,1.1071339466607086,8.349056603773585,3.567999827489257,0.4449470689876682,0.0791491903581505,0.0003416852451445847,0.0,0.0791491903581505,-0.0004625445963169772,0,0,0,4,0,0.75,0.3113207547169811,0.39764976908603017,0.2630830432852874,0.8978047920592972,0.5213488287029057,0.0,0.3018867924528301,0.026257514837240207
667,105,99.05660377358491,106,0,102,4,0,0.0,1.4265356202935635,1.4013673431682443,2.2143546217325993,1.074849099903254,0.43816903267484875,1.1084804329512525,8.349056603773585,3.567999827489257,0.44382931078148036,0.08275884404900893,0.0003896836538513083,0.0,0.08275884404900893,-0.002281331970708095,0,0,0,4,0,0.75,0.32075471698113206,0.393911976427183,0.2854436842925959,0.8982173604672354,0.5179357573088218,0.0,0.3018867924528301,0.026307985116626787
668,106,100.0,106,0,103,3,0,0.0,1.4346385591381106,1.4088398584533395,2.3988532053877396,1.0767124088483082,0.43568514517403717,1.112148394262069,8.349056603773585,3.567999827489257,0.4497333672821875,0.12593923879780597,0.0002570705031510547,0.0,0.12593923879780597,0.008673202157326254,0,0,0,3,0,0.3333333333333333,0.29245283018867924,0.4088578170299486,0.2752046338257441,0.9062979767712618,0.5235415643494765,0.0,0.3018867924528301,0.026381741240822085
669,106,100.0,106,0,101,5,0,0.0,1.4234259646807363,1.397998510689189,2.415953527619949,1.078199779517799,0.4228353214884944,1.0937404708390446,8.349056603773585,3.567999827489257,0.4496700952526591,0.08124983691878754,0.00029143459444748085,0.0,0.08124983691878754,0.0014605795042725745,0,0,0,5,0,0.6,0.3490566037735849,0.4116891549484962,0.25783906481076124,0.9096732583916519,0.5288563535192042,0.0,0.3018867924528302,0.026352212959995992
670,106,100.0,106,0,101,5,0,0.0,1.4335514143466503,1.4083197601925714,2.432288630786496,1.079928690535949,0.42536948290348453,1.0968562205486756,8.349056603773585,3.567999827489257,0.45179542090410774,0.1256165710460658,0.0005136036315802945,0.0,0.1256165710460658,0.0026993213723359834,0,0,0,5,0,0.4,0.330188679245283,0.41368105468930033,0.2616573389935052,0.9299305882886355,0.5288072650676571,0.0,0.26415094339622636,0.02643368397939808
671,106,100.0,106,0,101,5,0,0.0,1.4489881751092117,1.4228485974662044,2.56953613756622,1.0820106251230415,0.4242099971188795,1.0910285388444754,8.349056603773585,3.567999827489257,0.45657766495184293,0.12047178846880421,0.00031252369670593035,0.0,0.12047178846880421,0.006461017948021186,0,0,0,5,0,0.4,0.3490566037735849,0.42334452806240475,0.2576945668346473,0.9104850563180898,0.5302566165554907,0.0,0.37735849056603776,0.026548009494448833
672,105,99.05660377358491,106,1,102,3,0,0.009433962264150943,1.4439020482516545,1.415838165764946,2.44804458959138,1.0838782548854589,0.44354278112734996,1.1073338618054809,8.349056603773585,3.567999827489257,0.45211675525349104,0.11913908768458362,0.0002743939164340173,0.0,0.11913908768458362,0.004689785963661028,0,1,0,3,0,0.5,0.32075471698113206,0.4129674754799975,0.2717412953670186,0.9213905639994533,0.5207977586507843,0.009433962264150943,0.37735849056603776,0.026555897373511644
673,105,99.05660377358491,106,0,102,4,0,0.0,1.4540602640988036,1.4254402379461288,2.64595600211672,1.0858932448056564,0.4320987252112917,1.1070625488101593,8.349056603773585,3.567999827489257,0.45507947895109213,0.029177991269032616,0.00022194328935411687,0.0,0.029177991269032616,0.002156682817433836,0,0,0,4,0,0.75,0.330188679245283,0.42539656255182307,0.2652137587941824,0.9303672771530744,0.5250842011139484,0.0,0.33962264150943394,0.026642635871185677
674,105,99.05660377358491,106,0,99,7,0,0.0,1.476009290681408,1.4468603023831994,2.863671024180062,1.0884477541787076,0.41728408447985976,1.0894005596794107,8.349056603773585,3.567999827489257,0.45961318729818035,0.03124272042514069,0.0002662600314172978,0.0,0.03124272042514069,0.007759999805843465,0,0,0,7,0,0.8571428571428571,0.3113207547169811,0.4362532916264181,0.24838763370212466,0.9177962121819665,0.5320669794933417,0.0,0.33962264150943394,0.02679795344911053
675,105,99.05660377358491,106,0,100,6,0,0.0,1.4647946632099096,1.4362673301463373,2.795757040433037,1.0906087528768256,0.4205458505714233,1.094027076465244,8.349056603773585,3.567999827489257,0.4553397423449663,0.038641945007488354,0.00029302753818230006,0.0,0.038641945007488354,0.007727773535609915,0,0,0,6,0,0.5,0.330188679245283,0.4308807232153854,0.2512931193560805,0.9177962121819665,0.5288651124853916,0.0,0.33962264150943394,0.026780432526663487
676,105,99.05660377358491,106,0,100,6,0,0.0,1.465857693297297,1.4374342787983383,2.698185408071381,1.0927259565258343,0.4131935252759798,1.0868018932985317,8.349056603773585,3.567999827489257,0.4559915118978146,0.059821400624656185,0.0002256014083994281,0.0,0.059821400624656185,0.008800293164378461,0,0,0,6,0,0.5,0.330188679245283,0.4276695765210484,0.2744228421759307,0.9147311198720334,0.527974707354635,0.0,0.3018867924528302,0.026823518588372536
677,105,99.05660377358491,106,1,97,8,0,0.009433962264150943,1.4827828082906296,1.4521014115715645,2.934354276220541,1.0952420468321902,0.38874465279255727,1.0574227705282488,8.349056603773585,3.567999827489257,0.4632999415522514,0.056422411917821554,0.0003275968463058754,0.0,0.056422411917821554,0.00046765322313841514,0,1,0,8,0,0.5555555555555556,0.330188679245283,0.4461229050826432,0.2770605313847504,0.9171920768689596,0.536635233926998,0.009433962264150943,0.3584905660377358,0.026953031212234323
678,104,98.11320754716981,106,1,99,6,0,0.009433962264150943,1.4678036748270888,1.4415495477182696,2.8626698619714563,1.0971889526459095,0.4089832626228837,1.0842164143899593,8.349056603773585,3.567999827489257,0.4598484821620976,0.07110921861906992,0.0002918995934873893,0.0,0.07110921861906992,0.0035053561490064966,0,1,0,6,0,0.42857142857142855,0.33962264150943394,0.4412321872013821,0.27947937626764324,0.8966807777387956,0.5297870359314447,0.009433962264150943,0.3584905660377358,0.026912868342954064
679,104,98.11320754716981,106,0,100,6,0,0.0,1.4834458778583688,1.4569018679140144,2.892049641048086,1.09962705761536,0.41299412397939156,1.0898706464082457,8.349056603773585,3.567999827489257,0.4584394108130283,0.08126908016169894,0.0002641403300949102,0.0,0.08126908016169894,0.007602165529660564,0,0,0,6,0,0.3333333333333333,0.330188679245283,0.4370993089158267,0.2885023791266437,0.8967543614458121,0.5303726268160309,0.0,0.3584905660377359,0.027034575148662462
680,103,97.16981132075472,106,1,99,6,0,0.009433962264150943,1.482582923987761,1.4682569302847157,2.972300190121086,1.1019544749711632,0.415878048251228,1.090696030469672,8.349056603773585,3.567999827489257,0.4580691815350615,0.055579981745030746,0.0002772762859117452,0.0,0.055579981745030746,0.00491221469476436,0,1,0,6,0,0.5714285714285714,0.29245283018867924,0.43863570869910057,0.2882385723297678,0.9058533901647742,0.5274624195441333,0.009433962264150943,0.37735849056603776,0.02707178150292943
681,102,96.22641509433963,106,1,97,8,0,0.009433962264150943,1.4623470213460452,1.4429959365760665,2.7502216796549566,1.1039751153076256,0.4627534572966353,1.1487827397300345,8.349056603773585,3.567999827489257,0.45417656643981297,0.3321969082954646,0.0005233366931600971,0.3333333333333333,0.07477672547833267,0.0235518365699252,0,1,0,8,0,0.4444444444444444,0.29245283018867924,0.42798754357118696,0.2952741868121262,0.9042719598511639,0.5241272486918326,0.009433962264150943,0.4339622641509434,0.02700665021158043
682,102,96.22641509433963,106,1,100,5,0,0.009433962264150943,1.4741763525599998,1.449755205024598,2.822974973718259,1.1061027348952783,0.46477654222233317,1.1445071698470048,8.349056603773585,3.567999827489257,0.4566721832413476,0.1781346600779915,0.0001656700446426245,0.0,0.1781346600779915,0.024781728335833617,0,1,0,5,0,0.3333333333333333,0.2641509433962264,0.43380251625066124,0.2895921363494385,0.8869992405066532,0.5191370774191671,0.009433962264150943,0.39622641509433965,0.02710375359925874
683,103,97.16981132075472,106,0,101,5,0,0.0,1.476623694625817,1.4520010750635244,2.8182926383855067,1.108082907905088,0.4575121501152676,1.1265848993557954,8.349056603773585,3.567999827489257,0.45898721594118874,0.08141051153610852,0.0002646228934465295,0.0,0.08141051153610852,0.0014035472967558308,0,0,0,5,0,0.4,0.29245283018867924,0.43586858738434886,0.29901263073270806,0.8912283106482733,0.5247221670482857,0.0,0.39622641509433965,0.02715131659437483
684,103,97.16981132075472,106,0,100,6,0,0.0,1.49696880743642,1.4715554665908706,3.065810720271481,1.1105505888700933,0.4361619679443195,1.0854706063814346,8.349056603773585,3.567999827489257,0.46854383332391647,0.051222202742315724,0.00033869503169371907,0.0,0.051222202742315724,-0.005858780163252651,0,0,0,6,0,0.6666666666666666,0.2830188679245283,0.45558643581954394,0.29921430532243437,0.8645868817135344,0.5305595475139114,0.0,0.39622641509433965,0.02729706558471503
685,103,97.16981132075472,106,1,100,5,0,0.009433962264150943,1.4844810380093771,1.4603569803368979,3.06430788995035,1.1125772054375016,0.4382793298259539,1.0796214775855568,8.349056603773585,3.567999827489257,0.4646509619781758,0.09011068054527822,0.00021322462524115855,0.0,0.09011068054527822,0.009080638464498919,0,1,0,5,0,0.5,0.29245283018867924,0.452940651074027,0.2894456939855034,0.9016316093557616,0.5272064017408588,0.009433962264150943,0.339622641509434,0.027270781575394316
686,104,98.11320754716981,106,0,101,5,0,0.0,1.501670317558363,1.4770938920692402,3.398253645813483,1.1150426186835143,0.4116027284479612,1.0575521401702932,8.349056603773585,3.567999827489257,0.4713361809963521,0.0802654523168002,0.0002554236974915408,0.0,0.0802654523168002,0.008704840618268133,0,0,0,5,0,0.4,0.2830188679245283,0.47326873118319096,0.2622566635656261,0.8876547837535613,0.5386834261195566,0.0,0.339622641509434,0.027400710943321558
687,105,99.05660377358491,106,0,100,6,0,0.0,1.4987868145798755,1.4745647119272458,3.328301899767036,1.1173478730746802,0.41962231141949813,1.0592191434475262,8.349056603773585,3.567999827489257,0.4705927326365833,0.07435518199865024,0.0003889326558776248,0.0,0.07435518199865024,0.004141583544421947,0,0,0,6,0,0.3333333333333333,0.3113207547169811,0.4701947541154725,0.266983314972244,0.8822764390155315,0.5380415140245408,0.0,0.339622641509434,0.027427419164779115
688,105,99.05660377358491,106,0,100,6,0,0.0,1.4874898582232956,1.4636098200271024,3.2357699864846463,1.1192581795738668,0.4259496025508414,1.0642069480291194,8.349056603773585,3.567999827489257,0.47030384876752973,0.062429592249283405,0.00025180178547863223,0.0,0.062429592249283405,0.004274691727088821,0,0,0,6,0,0.6666666666666666,0.32075471698113206,0.4690426586219908,0.26679047548598966,0.8788754098513775,0.538754954167734,0.0,0.339622641509434,0.02740501424929396
689,104,98.11320754716981,106,1,98,7,0,0.009433962264150943,1.5125547748090635,1.4907059620262204,3.6269096817981574,1.1217893236612255,0.40084479072870005,1.0419769648986599,8.349056603773585,3.567999827489257,0.4778193065260503,0.08649413084503609,0.00038345152404187395,0.0,0.08649413084503609,0.006886424192714478,0,1,0,7,0,0.375,0.3018867924528302,0.490554467412724,0.259716238802952,0.8702949999337505,0.540140733516461,0.009433962264150943,0.37735849056603776,0.027575494440558034
690,104,98.11320754716981,106,1,99,6,0,0.009433962264150943,1.5201544025244627,1.5056454468559668,3.792642788591309,1.124525587538129,0.40303006547703807,1.0609981400975368,8.349056603773585,3.567999827489257,0.48392211614148883,0.10716121508241908,0.0004091107558587682,0.0,0.10716121508241908,0.004090256792632252,0,1,0,6,0,0.2857142857142857,0.3490566037735849,0.5033860653478608,0.26873088437657455,0.8940282241040564,0.5352517105629031,0.009433962264150943,0.3207547169811321,0.027662307524338813
691,104,98.11320754716981,106,0,99,7,0,0.0,1.537350427793343,1.5229031811670872,4.012710749057329,1.1278722628161921,0.3898407164873502,1.0468289786516503,8.349056603773585,3.567999827489257,0.4869601012644367,0.18576790606219581,0.0002995374767301547,0.14285714285714285,0.16337806792284032,0.019579122662813062,0,0,0,7,0,0.42857142857142855,0.32075471698113206,0.5119811851929229,0.2654248704014445,0.8940282241040564,0.5440210343711095,0.0,0.3207547169811321,0.027807992334757173
692,102,96.22641509433963,106,2,98,6,0,0.018867924528301886,1.553800296422816,1.5477294645902149,4.115350721472965,1.131586747601634,0.3993194449074064,1.0534579859150897,8.349056603773585,3.567999827489257,0.48833889515661477,0.15885382200433695,0.00019823409116951675,0.125,0.13456241825257603,0.02101832932907069,0,2,0,6,0,0.5,0.32075471698113206,0.5147227783327063,0.2791781921876161,0.8893179104781378,0.5288461941290066,0.018867924528301886,0.3584905660377359,0.027956508083272876
693,101,95.28301886792453,106,1,103,2,0,0.009433962264150943,1.5689676534267638,1.5628611875415859,4.393899635814164,1.1358142495556296,0.3942475387072081,1.0893183040991945,8.349056603773585,3.567999827489257,0.49149399667600857,0.13626527866972826,0.0005576517805168012,0.0,0.13626527866972826,0.0056767882398652825,0,1,0,2,0,0.6666666666666666,0.3018867924528302,0.5288658682635009,0.2748200301817925,0.895934999563092,0.5367638239383172,0.009433962264150943,0.3207547169811321,0.028107763499505452
694,102,96.22641509433963,106,0,102,4,0,0.0,1.5812591313799118,1.5744895221184594,4.641572678629877,1.140230625837305,0.37679180863517986,1.0745774190930761,8.349056603773585,3.567999827489257,0.49483363591742635,0.0436047588835329,0.0005257322588899043,0.0,0.0436047588835329,0.003373749278619248,0,0,0,4,0,0.75,0.3113207547169811,0.54049301612989,0.2742501371391996,0.8745361310690043,0.5388264062424157,0.0,0.3584905660377359,0.02824800903832692
695,103,97.16981132075472,106,0,102,4,0,0.0,1.5959426855247179,1.5885269538182711,4.849374765574822,1.1448901102519349,0.36677332918795846,1.063262935483032,8.349056603773585,3.567999827489257,0.4964168320224167,0.048688624985100695,0.00048224253514314493,0.0,0.048688624985100695,0.004287397065882631,0,0,0,4,0,0.75,0.29245283018867924,0.547916908287562,0.2747762106470242,0.8864344389201808,0.5416633186702127,0.0,0.3584905660377359,0.028404552006988888
696,103,97.16981132075472,106,0,103,3,0,0.0,1.5950786880701082,1.5883910824868603,4.662718495182309,1.149379465959593,0.37936440595106896,1.084151470907215,8.349056603773585,3.567999827489257,0.49514782562495263,0.020175635476802165,0.0004644218837996404,0.0,0.020175635476802165,0.0021354692677136113,0,0,0,3,0,1.0,0.3113207547169811,0.5393222896280203,0.28809656087852703,0.8749943764680739,0.5392575523312075,0.0,0.3584905660377359,0.028480322121668154
697,105,99.05660377358491,106,0,102,4,0,0.0,1.5825298244897543,1.576111041372034,4.411653811601972,1.1533581199867127,0.39842719354460365,1.1017597950806508,8.349056603773585,3.567999827489257,0.4886013517460668,0.09901179707774217,0.000614756666189072,0.0,0.09901179707774217,0.008929325570482455,0,0,0,4,0,0.75,0.2830188679245283,0.5249041338839853,0.2877439332835514,0.8937142093723782,0.5336032386894463,0.0,0.39622641509433965,0.0284885569881784
698,105,99.05660377358491,106,1,104,1,0,0.009433962264150943,1.5639165342635495,1.5576251128072123,3.8446489193005147,1.1566875529485554,0.44215891137356067,1.1407422650073045,8.349056603773585,3.567999827489257,0.4788114711391591,0.18514035165839196,0.0007600483369012664,0.0,0.18514035165839196,0.0015413995585902285,0,1,0,1,0,0.5,0.3018867924528302,0.4925087022866834,0.30186417156718215,0.9058594255972604,0.5216563291214004,0.009433962264150943,0.39622641509433965,0.02845488761821483
699,104,98.11320754716981,106,1,105,0,0,0.009433962264150943,1.5555887655017113,1.5567099997514804,3.8171357736676055,1.159682267360005,0.44993268624187616,1.1591760553888608,8.349056603773585,3.567999827489257,0.4773127813213731,0.33480371470737724,2.8124634628866363e-07,0.0,0.33480371470737724,0.05294743988728495,0,1,0,0,0,0.0,0.3113207547169811,0.48869574700304635,0.29206618520612687,0.8797158510105246,0.511208236135243,0.009433962264150943,0.37735849056603776,0.028466674476922797
700,104,98.11320754716981,106,0,106,0,0,0.0,1.5388606622622054,1.5397288901408548,3.4066634967494664,1.1622548253763987,0.47093234869395934,1.16810093894381,8.349056603773585,3.567999827489257,0.4711604499824604,0.0,0.0,0.0,0.0,0.0,0,0,0,0,0,0.0,0.3018867924528302,0.46736171325613085,0.31917270766723826,0.8940460996994414,0.50038717401488,0.0,0.41509433962264153,0.028428928393518765
701,104,98.11320754716981,106,0,103,3,0,0.0,1.5489274872753924,1.5503079133918651,3.3670879968802803,1.1650375621522826,0.4677626352948269,1.1561416821583135,8.349056603773585,3.567999827489257,0.4689824484748071,0.13007601046717374,0.0002722855888848509,0.0,0.13007601046717374,0.020675746710003717,0,0,0,3,0,0.3333333333333333,0.3018867924528302,0.46071399665344764,0.320919616202743,0.8876984153002344,0.5051409853319098,0.0,0.41509433962264153,0.028528906540266206
702,104,98.11320754716981,106,0,102,4,0,0.0,1.5566302988246943,1.557274755245047,3.663081919846408,1.1679198724090456,0.45465124287479847,1.1527443197172178,8.349056603773585,3.567999827489257,0.47469235260040565,0.1595424284259922,0.0004475335281397747,0.0,0.1595424284259922,0.012988758517134297,0,0,0,4,0,0.25,0.3018867924528302,0.47903715477733233,0.30758381544448193,0.9087966099286365,0.5108322440096157,0.0,0.37735849056603776,0.02861884101050722
703,105,99.05660377358491,106,0,105,1,0,0.0,1.559629709934829,1.5605567224527739,3.7526456299921587,1.1707930223082679,0.4475338390500366,1.149477005607081,8.349056603773585,3.567999827489257,0.47373308516786605,0.037273395341108836,0.00026686478712449266,0.0,0.037273395341108836,0.024070142365012703,0,0,0,1,0,1.0,0.29245283018867924,0.48127657741616126,0.3021936493003295,0.8780884939721305,0.5068764712161316,0.0,0.41509433962264153,0.028685095057781773
704,106,100.0,106,0,104,2,0,0.0,1.5539295093347942,1.5539679160267275,3.6044743603983913,1.1733755873425102,0.4629658270752549,1.1543155842762707,8.349056603773585,3.567999827489257,0.4722113284941003,0.01865221940031907,0.0005254264087599823,0.0,0.01865221940031907,0.015271793297221725,0,0,0,2,0,1.0,0.3018867924528302,0.47494909312659456,0.29332987755419665,0.8996760515954564,0.5109032999205203,0.0,0.41509433962264153,0.028702667012764884
705,105,99.05660377358491,106,1,104,1,0,0.009433962264150943,1.5346386514657864,1.5295226544249172,3.3331144382380673,1.1753278395579176,0.4822083833312091,1.1713572590051224,8.349056603773585,3.567999827489257,0.4704724470787498,0.12715547114998355,0.000428376734630924,0.0,0.12715547114998355,0.015684333819566743,0,1,0,1,0,0.5,0.3113207547169811,0.46454216657645236,0.3027852869100163,0.8693074016714845,0.5194416031159408,0.009433962264150943,0.39622641509433965,0.02864104090125879
706,105,99.05660377358491,106,0,105,1,0,0.0,1.5508075180877305,1.545333034458852,3.557804142033482,1.177502128272959,0.4801172174738107,1.1711225819018165,8.349056603773585,3.567999827489257,0.47473459686608677,0.019714766196414178,0.0002591298056012321,0.0,0.019714766196414178,0.028618965969262833,0,0,0,1,0,1.0,0.29245283018867924,0.4764180388325178,0.29297494164156,0.9095618493586776,0.5260792056444084,0.0,0.3584905660377359,0.028760674543169405
707,105,99.05660377358491,106,0,106,0,0,0.0,1.5531313672627438,1.5479855795095065,3.7477202520197945,1.1796745526126637,0.46904280546231514,1.15602663879279,8.349056603773585,3.567999827489257,0.4771829271514394,0.0,0.0,0.0,0.0,0.0,0,0,0,0,0,0.0,0.29245283018867924,0.487107731833297,0.2805062646970996,0.9002278747631812,0.5344858002831,0.0,0.3584905660377359,0.028811049837390974
708,105,99.05660377358491,106,0,106,0,0,0.0,1.551727261356702,1.546293329894452,3.6758573411195754,1.1817211612849987,0.4569316343017868,1.1283390067423391,8.349056603773585,3.567999827489257,0.47651979943215483,0.0,0.0,0.0,0.0,0.0,0,0,0,0,0,0.0,0.3113207547169811,0.48343389513567886,0.2880726701165617,0.9072402702461005,0.5372736920031719,0.0,0.39622641509433965,0.02884054080480991
709,105,99.05660377358491,106,0,103,3,0,0.0,1.5712702143772141,1.5654620540314423,3.8136663350241204,1.184241898998747,0.43258876001393043,1.0906496612197938,8.349056603773585,3.567999827489257,0.4807510998885052,0.047267419949461376,0.0002772416286511367,0.0,0.047267419949461376,0.02431353583155248,0,0,0,3,0,0.6666666666666666,0.3018867924528302,0.49012279438415274,0.2882397847891567,0.9170947583085012,0.5473312800994196,0.0,0.3584905660377359,0.02898322552855147
710,106,100.0,106,0,102,4,0,0.0,1.5935564331900867,1.5871108303876447,3.9621590247097624,1.187290639437652,0.43370342963326275,1.0945987333606946,8.349056603773585,3.567999827489257,0.48364990976578714,0.12360522749154133,0.0005410676372250026,0.0,0.12360522749154133,0.012839357600393411,0,0,0,4,0,0.5,0.32075471698113206,0.4953444865113146,0.29557608248110734,0.8931636306496085,0.547254598598507,0.0,0.39622641509433965,0.029149046149416193
711,105,99.05660377358491,106,1,101,4,0,0.009433962264150943,1.5970800788617137,1.5897309606147503,3.8127503163976715,1.1903241275722545,0.4369602062022109,1.0827687337925023,8.349056603773585,3.567999827489257,0.4852404540681141,0.08787155701619653,0.0005388690788730993,0.0,0.08787155701619653,0.009778008050932397,0,1,0,4,0,0.8,0.32075471698113206,0.49176017404119865,0.29789788265468536,0.9150271417280839,0.5453203785141604,0.009433962264150943,0.339622641509434,0.02922078180347909
712,105,99.05660377358491,106,0,100,6,0,0.0,1.5797222750316562,1.5729319187561623,3.3731524211213966,1.1927511312721077,0.47420630153374504,1.113367685918984,8.349056603773585,3.567999827489257,0.47622392156092275,0.018910851645757478,0.00036971230575110603,0.0,0.018910851645757478,0.011341324482828772,0,0,0,6,0,1.0,0.3113207547169811,0.4641391707630268,0.30288969991265113,0.9248352423897663,0.5374816412058303,0.0,0.339622641509434,0.029177290528240765
713,105,99.05660377358491,106,0,99,7,0,0.0,1.5999651631849499,1.592285110777989,3.6081042352968677,1.1956439569704995,0.4615734738146762,1.103026594503577,8.349056603773585,3.567999827489257,0.48186018845096945,0.028276638739149772,0.00039184092039986154,0.0,0.028276638739149772,0.011943991798375282,0,0,0,7,0,0.8571428571428571,0.32075471698113206,0.477317101994877,0.2957792802977401,0.9221194336038467,0.5449990680946113,0.0,0.37735849056603776,0.029330112976971325
714,105,99.05660377358491,106,0,99,7,0,0.0,1.5876978536366704,1.579827003999627,3.49040021740634,1.1980779624702746,0.4713983971242944,1.1096706809678765,8.349056603773585,3.567999827489257,0.47727458240474663,0.02710767523754442,0.0004882291500685568,0.0,0.02710767523754442,0.004197622553584183,0,0,0,7,0,1.0,0.3113207547169811,0.468390327790489,0.2888845797447999,0.9308742833345311,0.5420118784071025,0.0,0.37735849056603776,0.029312199085246453
715,104,98.11320754716981,106,1,102,3,0,0.009433962264150943,1.5782756932523605,1.5653290116286025,3.4893995840341185,1.2001554939508638,0.4971636813708609,1.1439705010565988,8.349056603773585,3.567999827489257,0.4759327461128289,0.0530026920588489,0.0005347626096454752,0.0,0.0530026920588489,0.0041504837012380225,0,1,0,3,0,0.5,0.3113207547169811,0.46942588517597394,0.29062597202025203,0.9339914331022869,0.5396208283077305,0.009433962264150943,0.3584905660377359,0.029302151443146636
716,105,99.05660377358491,106,0,103,3,0,0.0,1.5925537758113688,1.5789771436561033,3.7527993367002153,1.2024042694064898,0.48053837988121023,1.1371514598236754,8.349056603773585,3.567999827489257,0.4777411974981878,0.02034616702909518,0.00040502875562485624,0.0,0.02034616702909518,-0.00020435809924971662,0,0,0,3,0,0.6666666666666666,0.3018867924528302,0.4808570036922831,0.28837306419162284,0.9355457398902468,0.5381235438261853,0.0,0.3584905660377359,0.029413660008130352
717,105,99.05660377358491,106,0,103,3,0,0.0,1.5967234631324871,1.5833546451104084,3.830208978139311,1.2046977599532087,0.4838142326051128,1.150736576920569,8.349056603773585,3.567999827489257,0.4784748219679631,0.025841815903173027,0.0003565412158996258,0.0,0.025841815903173027,0.003111157737647696,0,0,0,3,0,1.0,0.32075471698113206,0.4833839421168587,0.291002027755681,0.9417224416804271,0.5422039862977653,0.0,0.3207547169811321,0.02947542431411115
718,105,99.05660377358491,106,0,102,4,0,0.0,1.5884634595295686,1.5748604092865996,3.7993666120242224,1.2066669593055452,0.4824240720629853,1.1680182321568475,8.349056603773585,3.567999827489257,0.477946913616909,0.09911518323281704,0.00040320991685566395,0.0,0.09911518323281704,0.013306181273730833,0,0,0,4,0,0.25,0.3113207547169811,0.48303005131697635,0.2898028162507003,0.9391561401172774,0.5437951350768871,0.0,0.3207547169811321,0.029469254810843705
719,104,98.11320754716981,106,1,99,6,0,0.009433962264150943,1.5750005727664054,1.5580470348380837,3.77266579121722,1.2081739810419434,0.500005638196573,1.1920528067353549,8.349056603773585,3.567999827489257,0.47895913158993064,0.05773857578513523,0.0002899793734635128,0.0,0.05773857578513523,0.01740642125197516,0,1,0,6,0,0.5714285714285714,0.3113207547169811,0.4861467943087858,0.28850185835721054,0.9482225355918055,0.5333824876189175,0.009433962264150943,0.30188679245283023,0.029428825643505345
720,105,99.05660377358491,106,0,102,4,0,0.0,1.5833168792282828,1.5664948316587068,3.6628202794469935,1.2097803617955656,0.5145081488393101,1.2093978357691886,8.349056603773585,3.567999827489257,0.47671769885256454,0.046099639413800936,0.00045556494791625145,0.0,0.046099639413800936,0.0017525853023112187,0,0,0,4,0,0.5,0.2830188679245283,0.4765700065646012,0.29595909809694515,0.9465809952538438,0.529155858227617,0.0,0.30188679245283023,0.029499065007073756
721,105,99.05660377358491,106,0,102,4,0,0.0,1.596393133379153,1.5794135920473305,3.759614517531517,1.2116981799653734,0.5051276738112281,1.2009842248475242,8.349056603773585,3.567999827489257,0.4762864919472516,0.04567230791365612,0.0003859103153084441,0.0,0.04567230791365612,0.0018325011260177382,0,0,0,4,0,0.5,0.29245283018867924,0.4780450149785316,0.29708995206674316,0.9357213276459486,0.5279231515696909,0.0,0.30188679245283023,0.02959866015232326
722,105,99.05660377358491,106,0,103,3,0,0.0,1.602226686073528,1.5850059613974736,3.941460694443891,1.2137071989692036,0.4867841116608231,1.1783864213218649,8.349056603773585,3.567999827489257,0.47943428564313306,0.060752469468352076,0.00021377602069639,0.0,0.060752469468352076,0.009991904378720181,0,0,0,3,0,0.6666666666666666,0.3018867924528302,0.48846645087249474,0.29558502978654677,0.9326963734003204,0.5301605342444888,0.0,0.30188679245283023,0.029663668813090578
723,105,99.05660377358491,106,0,102,4,0,0.0,1.6128285735655807,1.5953012826391668,4.24662374751673,1.2159384058137572,0.46692911822652233,1.1638810170320895,8.349056603773585,3.567999827489257,0.48186679621219675,0.05586498215762001,0.00038065028009069614,0.0,0.05586498215762001,-0.0016371798538622057,0,0,0,4,0,0.25,0.32075471698113206,0.5004891115590788,0.2765581740371107,0.9488872002512043,0.5348365236207598,0.0,0.30188679245283023,0.029756482978733144
724,105,99.05660377358491,106,1,101,4,0,0.009433962264150943,1.6314997272756973,1.6087310090766858,4.45080134204558,1.2186188602580323,0.46464267525212577,1.1673740966937627,8.349056603773585,3.567999827489257,0.48214651395703667,0.12824947322496527,0.0005854120205500717,0.0,0.12824947322496527,0.007628903722105107,0,1,0,4,0,0.2,0.33962264150943394,0.5046812524230941,0.258443216074921,0.9441843275036141,0.5410765593806058,0.009433962264150943,0.339622641509434,0.02989765805225756
725,103,97.16981132075472,106,2,99,5,0,0.018867924528301886,1.6271033879193646,1.6097882528514842,4.398906886968727,1.2209401888721363,0.4851533510621266,1.1779170923899158,8.349056603773585,3.567999827489257,0.48040004704041395,0.18925057566808512,0.0003628743466359286,0.0,0.18925057566808512,0.014577998575343575,0,2,0,5,0,0.14285714285714285,0.33962264150943394,0.4991365996744304,0.2505495879669492,0.9297898021649895,0.5417186695609956,0.018867924528301886,0.339622641509434,0.02991708885594924
726,102,96.22641509433963,106,1,101,4,0,0.009433962264150943,1.5950834609665947,1.575685718506621,3.693271692756547,1.22245279386748,0.529642305685519,1.2117333190737494,8.349056603773585,3.567999827489257,0.4715120882206516,0.15766004056957655,0.0007415560344213749,0.2,0.13517089027994642,0.006341514232631562,0,1,0,4,0,0.6,0.330188679245283,0.46609620748898495,0.2675822428445646,0.9286837152337366,0.5374017595038681,0.009433962264150943,0.30188679245283023,0.02978397409299762
727,101,95.28301886792453,106,1,100,5,0,0.009433962264150943,1.5899912932244868,1.5657199088094005,3.405402941163418,1.2236759662057795,0.5545512097480432,1.2317077998450219,8.349056603773585,3.567999827489257,0.46670868957546574,0.11980490567482521,0.0005756410119281134,0.16666666666666666,0.10523084756076324,0.011860545986244522,0,1,0,5,0,0.6666666666666666,0.33962264150943394,0.44992956342308654,0.28423813043320956,0.9391022966351368,0.5245945114797006,0.009433962264150943,0.30188679245283023,0.029780334647747292
728,100,94.33962264150944,106,1,103,2,0,0.009433962264150943,1.5754220657359679,1.548477382950856,2.9765535140414583,1.2243160276365153,0.5919026858456754,1.2672547839071608,8.349056603773585,3.567999827489257,0.4591262346529792,0.23288482917217013,0.0004378780771821351,0.3333333333333333,0.1875121826027799,0.014264897558495951,0,1,0,2,0,0.3333333333333333,0.3490566037735849,0.42596467672555705,0.3017349221477622,0.9314742057724521,0.5164945213947771,0.009433962264150943,0.30188679245283023,0.029718907205676937
729,101,95.28301886792453,106,0,104,2,0,0.0,1.5912818320698634,1.5635509646889925,3.109053430340539,1.225262430460769,0.5898886874130431,1.260116700635346,8.349056603773585,3.567999827489257,0.4609433082778469,0.08273004434453801,0.0003199608592103009,0.0,0.08273004434453801,0.007279372491993535,0,0,0,2,0,0.5,0.3490566037735849,0.43197739243736183,0.30878036648159685,0.9338742368089211,0.5143426742886071,0.0,0.339622641509434,0.029815089862914777
730,103,97.16981132075472,106,0,102,4,0,0.0,1.6103342568473105,1.58195305145006,3.2677023516068684,1.2267003347729972,0.573555863097912,1.2517829730907188,8.349056603773585,3.567999827489257,0.46344213247213517,0.12686139974879396,0.000709989658518304,0.0,0.12686139974879396,0.00695702838523235,0,0,0,4,0,0.5,0.32075471698113206,0.4391417305826155,0.30907642473230046,0.9248803216407644,0.5163052464472326,0.0,0.37735849056603776,0.029936004198491892
731,104,98.11320754716981,106,0,103,3,0,0.0,1.6109956593775192,1.5822163852222155,3.2902369140499133,1.228094451260675,0.5711059267868756,1.2526300229867593,8.349056603773585,3.567999827489257,0.4653486603278738,0.03635619397078233,0.000351202173082687,0.0,0.03635619397078233,0.01174682323583535,0,0,0,3,0,0.6666666666666666,0.3018867924528302,0.44320265225095123,0.32097926575182284,0.9291155343524782,0.5115737570858729,0.0,0.339622641509434,0.02996418224808061
732,105,99.05660377358491,106,0,102,4,0,0.0,1.622227009800188,1.5939518019384042,3.167252714439775,1.2297738013930284,0.5726020918718001,1.2601228364489279,8.349056603773585,3.567999827489257,0.4622325866784902,0.02718337193849867,0.0003261755201934077,0.0,0.02718337193849867,0.008073826360903688,0,0,0,4,0,0.75,0.29245283018867924,0.43298149225881455,0.33810544473777804,0.9291155343524782,0.5094026856052167,0.0,0.339622641509434,0.030050298605106607
733,106,100.0,106,0,103,3,0,0.0,1.6271928523699,1.5989871655382268,3.2903602844914652,1.2315369617272003,0.5528548670994891,1.2371453439666322,8.349056603773585,3.567999827489257,0.46256681307204994,0.03659713307191569,0.00026631429584590867,0.0,0.03659713307191569,0.011353372949152674,0,0,0,3,0,0.6666666666666666,0.29245283018867924,0.4373767410735641,0.3355786421189054,0.9075774011768762,0.5115433833985608,0.0,0.339622641509434,0.030106582596795974
734,106,100.0,106,0,102,4,0,0.0,1.6280429975547417,1.600511848195571,3.1436726345613644,1.233280733043358,0.5520486347234469,1.2329664236713478,8.349056603773585,3.567999827489257,0.45984234629309806,0.03146496553752704,0.0004227756502924821,0.0,0.03146496553752704,0.006596060951016794,0,0,0,4,0,0.75,0.3113207547169811,0.4265892836565005,0.33183285254559897,0.9345120994563779,0.5200805181365713,0.0,0.339622641509434,0.03014194220149634
735,106,100.0,106,0,103,3,0,0.0,1.6394033030138413,1.6117990660269448,3.3250863663008645,1.2352844689321647,0.5431780346988918,1.2205600488141521,8.349056603773585,3.567999827489257,0.4609693445029892,0.02863668233520807,0.000363634130343996,0.0,0.02863668233520807,-0.004876007738491839,0,0,0,3,0,0.6666666666666666,0.3113207547169811,0.4330863850976337,0.3155265297004947,0.9169608104281936,0.5260825168141756,0.0,0.339622641509434,0.03023449037531982
736,106,100.0,106,0,103,3,0,0.0,1.6643319409041368,1.6358373366144543,3.6301981076744294,1.2379028598903905,0.5224521765924779,1.216749096464206,8.349056603773585,3.567999827489257,0.4659591170299704,0.06864663025012809,0.000357278201318943,0.0,0.06864663025012809,0.0017471271114713287,0,0,0,3,0,0.6666666666666666,0.330188679245283,0.4465181566314626,0.3020899605599423,0.9180176318609344,0.5303925865851025,0.0,0.339622641509434,0.03040584565720754
737,106,100.0,106,0,102,4,0,0.0,1.665159347385612,1.6372058217287908,3.4295556488431855,1.2404668887009584,0.509621519396965,1.1907049961983078,8.349056603773585,3.567999827489257,0.4641768805454862,0.10102249587894038,0.0006404538176486403,0.0,0.10102249587894038,0.008490632585321664,0,0,0,4,0,0.5,0.3113207547169811,0.43520070948421913,0.309303200374031,0.8931691009105045,0.5330074770395812,0.0,0.339622641509434,0.030455724961383837
738,106,100.0,106,0,103,3,0,0.0,1.6722068787589748,1.6440776558341388,3.639750094877609,1.243135582591208,0.5079794890089728,1.2011910752146993,8.349056603773585,3.567999827489257,0.466229610751824,0.06022260204656819,0.00035001476036387787,0.0,0.06022260204656819,0.004976136195452434,0,0,0,3,0,0.3333333333333333,0.32075471698113206,0.44507171880763763,0.30199400514743063,0.8945464250421103,0.5317715896675931,0.0,0.37735849056603776,0.030538572114950813
739,106,100.0,106,0,100,6,0,0.0,1.6954778922509888,1.666273913017542,4.072629681611294,1.2463426274224678,0.48699773748838415,1.1932633520035292,8.349056603773585,3.567999827489257,0.47238698963510717,0.08903715213290937,0.000525719356076393,0.0,0.08903715213290937,0.0023880226224700096,0,0,0,6,0,0.5,0.29245283018867924,0.4646331026777743,0.285869213240005,0.8903136504635434,0.5395877316479906,0.0,0.339622641509434,0.030712140859434307
740,106,100.0,106,0,99,7,0,0.0,1.6785263026880959,1.6498780283913113,3.847010586271141,1.2489672407915373,0.4981897004587741,1.206098417807121,8.349056603773585,3.567999827489257,0.46731694071608776,0.07299506003145169,0.0002961556216730558,0.0,0.07299506003145169,0.009172049825777335,0,0,0,7,0,0.7142857142857143,0.3113207547169811,0.45154828136492065,0.2817949094072315,0.8874210725446046,0.5425362575672568,0.0,0.30188679245283023,0.030674206011860175
741,106,100.0,106,0,100,6,0,0.0,1.7182609947504763,1.6876409897678157,4.446036528988868,1.2525761138775406,0.45937424521114606,1.1490529423696134,8.349056603773585,3.567999827489257,0.4794387465621266,0.14770571292015944,0.0006049164505941503,0.0,0.14770571292015944,0.006057634561827063,0,0,0,6,0,0.3333333333333333,0.3113207547169811,0.4818800072302259,0.27879647634013655,0.9169875565850375,0.5572987190698739,0.0,0.30188679245283023,0.03093726176491353
742,105,99.05660377358491,106,1,101,4,0,0.009433962264150943,1.7032460756237575,1.6707562804878293,4.6650255669562615,1.2556406383680676,0.4736843072480612,1.184283237393567,8.349056603773585,3.567999827489257,0.4805912071536238,0.13057216643812714,0.0005309419891372065,0.0,0.13057216643812714,0.0018735064290123725,0,1,0,4,0,0.4,0.29245283018867924,0.4931297180361373,0.27055326537976454,0.8788243503205196,0.5522746064097777,0.009433962264150943,0.3207547169811321,0.030916858283547614
743,105,99.05660377358491,106,0,102,4,0,0.0,1.7213079386708792,1.6879450283922444,5.509725020727898,1.2590200831181293,0.44153864986926744,1.1701402881703977,8.349056603773585,3.567999827489257,0.4886612639037633,0.09847551970634777,0.00033666253600989543,0.0,0.09847551970634777,0.0025283550924971865,0,0,0,4,0,0.5,0.330188679245283,0.5273435853718293,0.23843631685694927,0.8788243503205196,0.5586286957552302,0.0,0.3207547169811321,0.03106745689020937
744,104,98.11320754716981,106,1,101,4,0,0.009433962264150943,1.7266647334883656,1.7018021749858578,5.7090459218197935,1.2624086304165185,0.45318395324179933,1.1844410147439244,8.349056603773585,3.567999827489257,0.48998416725930927,0.21460294739489094,0.0005654829408899359,0.2,0.14068877389840923,0.007574546334706373,0,1,0,4,0,0.4,0.3113207547169811,0.5317007265108085,0.22760793082295075,0.9218087163488565,0.5601149501811072,0.009433962264150943,0.26415094339622647,0.031154692545177262
745,103,97.16981132075472,106,1,100,5,0,0.009433962264150943,1.7433923097536796,1.7227103372591943,6.23766178051089,1.2664160178201394,0.44025053034786676,1.191884634225784,8.349056603773585,3.567999827489257,0.4948648630725938,0.15269553809880967,0.0007100256015970865,0.16666666666666666,0.13640479452748663,0.00400577862304879,0,1,0,5,0,0.3333333333333333,0.33962264150943394,0.5497950522328908,0.2097041863070455,0.8757171007984184,0.5708576476057735,0.009433962264150943,0.3207547169811321,0.03130982221432785
746,102,96.22641509433963,106,1,101,4,0,0.009433962264150943,1.746804473362778,1.7226326832131418,5.923619019090695,1.2705124909542778,0.4316505870915876,1.1838408071300557,8.349056603773585,3.567999827489257,0.4948381305174636,0.19637775048331266,0.0008710038793396542,0.0,0.19637775048331266,0.004350629956004293,0,1,0,4,0,0.0,0.3113207547169811,0.5417243413048252,0.23248907801592514,0.8807072452950838,0.5729060192643392,0.009433962264150943,0.30188679245283023,0.03139996410955294
747,103,97.16981132075472,106,0,101,5,0,0.0,1.734933468605406,1.7105094986303517,5.973112002107845,1.2740053882370541,0.4324738111758087,1.1842977587605035,8.349056603773585,3.567999827489257,0.4974361640302205,0.17435793122339083,0.0006819090953837225,0.0,0.17435793122339083,0.008163638358636616,0,0,0,5,0,0.4,0.3113207547169811,0.5494383190560291,0.22295436786740463,0.8853271704793167,0.5791062380482908,0.0,0.339622641509434,0.031402922370277996
748,103,97.16981132075472,106,0,102,4,0,0.0,1.7059871530213744,1.6818365234494386,5.592386110047093,1.2765552175868142,0.4567062585351612,1.1984973995952761,8.349056603773585,3.567999827489257,0.49523627419293104,0.17548254366763774,0.0006737347033851418,0.0,0.17548254366763774,0.004040360332820986,0,0,0,4,0,0.25,0.330188679245283,0.5391818019268859,0.2169822410477767,0.8842426731760799,0.5782526603477043,0.0,0.339622641509434,0.03130367974575819
749,104,98.11320754716981,106,1,102,3,0,0.009433962264150943,1.7228555666407666,1.6949412129655006,5.762916044529663,1.2794785865406382,0.460254729794006,1.2142257013967634,8.349056603773585,3.567999827489257,0.5016702870339718,0.13586002887878226,0.0009117558782328573,0.0,0.13586002887878226,0.00840099012441986,0,1,0,3,0,0.5,0.330188679245283,0.5516428140392383,0.2385187503667733,0.9103161662929796,0.5748730352661016,0.009433962264150943,0.30188679245283023,0.03144017471346981
750,105,99.05660377358491,106,0,104,2,0,0.0,1.7050201106386325,1.677598468055309,5.296468076812075,1.2817121611370468,0.48232380681169384,1.2228452765320688,8.349056603773585,3.567999827489257,0.4939143807646036,0.11469978188488568,0.0009358251406844573,0.0,0.11469978188488568,0.007403211867262116,0,0,0,2,0,0.5,0.3490566037735849,0.5299299905286179,0.2406147108791515,0.87451556519891,0.571124681309269,0.0,0.26415094339622647,0.03139084440233249
751,104,98.11320754716981,106,1,105,0,0,0.009433962264150943,1.7043977301816384,1.6696493097221843,5.257548332868608,1.2838623910361417,0.47985570480198064,1.223695504459588,8.349056603773585,3.567999827489257,0.4941833157793589,0.01832063334458325,0.0007708644694756745,0.0,0.01832063334458325,0.01111581418901364,0,1,0,0,0,1.0,0.3584905660377358,0.5292583672074677,0.2395439267160407,0.86915992899367,0.5754029544228457,0.009433962264150943,0.28301886792452835,0.031426092599592684
752,104,98.11320754716981,106,0,106,0,0,0.0,1.706897980008716,1.671933943980993,5.153063266389478,1.2857778633283534,0.48126909940719254,1.219575837958706,8.349056603773585,3.567999827489257,0.49416424316224195,0.0,0.0,0.0,0.0,0.0,0,0,0,0,0,0.0,0.3584905660377358,0.5251402074169206,0.2442087793716747,0.8809601116317156,0.5766177255271099,0.0,0.24528301886792456,0.03147276587276893
753,104,98.11320754716981,106,0,103,3,0,0.0,1.7040245957179407,1.669079268523194,5.0062199883251415,1.287543507720156,0.49285208394720564,1.2038358001775091,8.349056603773585,3.567999827489257,0.49242787172400604,0.06798462408228417,0.00036353344962335626,0.0,0.06798462408228417,0.009427079035331964,0,0,0,3,0,0.6666666666666666,0.37735849056603776,0.5183414467061042,0.24170216820854107,0.9017434091872678,0.5802075772285165,0.0,0.28301886792452835,0.03148989804574186
754,104,98.11320754716981,106,1,103,2,0,0.009433962264150943,1.7036989700978238,1.6784103462542983,5.056730596518944,1.2892252917040459,0.5014730036071743,1.2054244566173054,8.349056603773585,3.567999827489257,0.49460400731236875,0.14534201782678982,0.0004785061829795544,0.0,0.14534201782678982,0.009216704364341447,0,1,0,2,0,0.3333333333333333,0.3584905660377358,0.5237912781379552,0.2595018321279853,0.8951158008554985,0.5718102508486933,0.009433962264150943,0.30188679245283023,0.03151827294246323
755,103,97.16981132075472,106,1,102,3,0,0.009433962264150943,1.6938510539308256,1.673164359550987,5.071302461753093,1.2908687364139666,0.5137653894598917,1.1847999716566697,8.349056603773585,3.567999827489257,0.49408041101713285,0.2755008069653659,0.0010498568579307634,0.25,0.2055773853831349,0.01128047965765766,0,1,0,3,0,0.5,0.36792452830188677,0.5254098417689275,0.2543664599867845,0.8903482509531353,0.5726171251698189,0.009433962264150943,0.3018867924528301,0.03149835241383567
756,103,97.16981132075472,106,1,103,2,0,0.009433962264150943,1.6873800325011548,1.6567875507802639,4.829623498674344,1.292392497753125,0.5396634761948679,1.207774093489678,8.349056603773585,3.567999827489257,0.49096333358776234,0.34134194754478914,0.0009237527122263013,0.3333333333333333,0.008126442401877874,0.026023787599174408,0,1,0,2,0,1.0,0.36792452830188677,0.5169644946141104,0.2679146255245028,0.892584017595095,0.5648423894396503,0.009433962264150943,0.3018867924528301,0.031493181207663576
757,103,97.16981132075472,106,0,103,3,0,0.0,1.6939717128290643,1.6628329233901875,4.825858084397887,1.2937438363332066,0.5265657777246956,1.189607720183257,8.349056603773585,3.567999827489257,0.49285351166604885,0.01510682999386317,0.0006402163801796316,0.0,0.01510682999386317,-0.002182769584355556,0,0,0,3,0,1.0,0.3490566037735849,0.5182203703167282,0.27275797038701466,0.8950987660912406,0.5640038489988811,0.0,0.3018867924528301,0.03155024748840617
758,103,97.16981132075472,106,0,103,3,0,0.0,1.690278856914975,1.6592632428175236,4.786805215429182,1.2949450661977424,0.544777491736947,1.2091262614605913,8.349056603773585,3.567999827489257,0.49160358887451494,0.04844544422153555,0.0006986113944470589,0.0,0.04844544422153555,-0.004192502965121525,0,0,0,3,0,0.6666666666666666,0.3584905660377358,0.5147998140250064,0.2659474711298168,0.8894219270080822,0.5630185473302403,0.0,0.26415094339622636,0.03155321314858292
759,102,96.22641509433963,106,2,101,3,0,0.018867924528301886,1.7117162919503621,1.6886309198714877,5.269229247523297,1.2966846019199147,0.5246868966448242,1.1957281168938092,8.349056603773585,3.567999827489257,0.5017831104256489,0.1483203621764814,0.0005439694041640782,0.2,0.1361928098133809,0.01458971740429017,0,2,0,3,0,0.4,0.33962264150943394,0.5416898731148395,0.2946758555247776,0.8868844376323759,0.5578664209243595,0.018867924528301886,0.26415094339622636,0.03169143363954297
760,103,97.16981132075472,106,0,103,3,0,0.0,1.6952900049756594,1.6720854010845734,4.8950148939390905,1.298146900941269,0.5492383598336372,1.2180302076829856,8.349056603773585,3.567999827489257,0.4967472729449973,0.0774431325502457,0.0006557524194958261,0.0,0.0774431325502457,0.005033336793988245,0,0,0,3,0,0.3333333333333333,0.33962264150943394,0.5262479147972283,0.305501598814941,0.898237245644482,0.5547344625387336,0.0,0.3018867924528301,0.03163538961794911
761,103,97.16981132075472,106,1,103,2,0,0.009433962264150943,1.687397708353284,1.6627617880184486,4.499385860475458,1.29934823666159,0.573797679363128,1.2335736147792018,8.349056603773585,3.567999827489257,0.493474386155178,0.2331679238882989,0.0005684646315673101,0.3333333333333333,0.1751020723698216,0.02099321991759741,0,1,0,2,0,0.0,0.330188679245283,0.5097799827161736,0.32272544305478423,0.8935694259583875,0.5483662025603904,0.009433962264150943,0.320754716981132,0.03161735996305154
762,103,97.16981132075472,106,0,105,1,0,0.0,1.6984806215529222,1.6731413113267601,4.58126519050783,1.300745637100452,0.5701823464459749,1.2252701257607208,8.349056603773585,3.567999827489257,0.49655452255059074,0.7365116587827718,0.002073662875882066,1.0,0.2634883412172282,0.03344816409434903,0,0,0,1,0,0.0,0.330188679245283,0.5143002786121234,0.3258192363982446,0.8964091725045586,0.5486607454965792,0.0,0.28301886792452824,0.031697704151673695
763,103,97.16981132075472,106,0,106,0,0,0.0,1.7077397609384053,1.6822348442044741,4.685028410008361,1.302352744083978,0.5751730502771459,1.2284454537056793,8.349056603773585,3.567999827489257,0.4950930030009504,0.0,0.0,0.0,0.0,0.0,0,0,0,0,0,0.0,0.330188679245283,0.5147876053696554,0.3235893638553221,0.9013474183894297,0.5414241899785724,0.0,0.320754716981132,0.031772670635801
764,105,99.05660377358491,106,0,106,0,0,0.0,1.6958415375538047,1.6707304000527912,4.463594169196205,1.3035741266551149,0.5650612755672102,1.2206476970512716,8.349056603773585,3.567999827489257,0.4957470893313163,0.0,0.0,0.0,0.0,0.0,0,0,0,0,0,0.0,0.3490566037735849,0.5101475190132579,0.33486414440959733,0.8978078539878008,0.5444284229141397,0.0,0.320754716981132,0.03173496898289357
765,105,99.05660377358491,106,0,105,1,0,0.0,1.6963535307013637,1.671338681170548,4.5855914767595385,1.3047692930736072,0.5364759929947664,1.193246002658173,8.349056603773585,3.567999827489257,0.49766181456383185,0.023944192244652253,0.0007859481044230465,0.0,0.023944192244652253,0.0014658006456832462,0,0,0,1,0,1.0,0.330188679245283,0.5175887013185684,0.33741328600771203,0.8992194277879508,0.5455974408175832,0.0,0.28301886792452824,0.03175885071650637
766,106,100.0,106,0,103,3,0,0.0,1.7076738166584458,1.682237928717074,4.689796982584024,1.3062329240632753,0.5273862189840804,1.1971601873998037,8.349056603773585,3.567999827489257,0.501558610339871,0.2364705338717971,0.001367659690389338,0.3333333333333333,0.17664747496155933,0.0057889337476380405,0,0,0,3,0,0.3333333333333333,0.36792452830188677,0.5251585432580332,0.3393816751271881,0.9030346341170756,0.5490853877989421,0.0,0.35849056603773577,0.031841563321885
767,105,99.05660377358491,106,1,104,1,0,0.009433962264150943,1.7224978218569231,1.6921520710434614,4.6875570533079225,1.308061753910746,0.541156147057361,1.186318557048337,8.349056603773585,3.567999827489257,0.5017414794940753,0.28733558990886066,0.0014807316581601985,0.0,0.28733558990886066,0.017516630083088958,0,1,0,1,0,0.0,0.36792452830188677,0.5241646688510629,0.3518007484386077,0.8749688283061399,0.5521496694823201,0.009433962264150943,0.35849056603773577,0.0319483096707788
768,105,99.05660377358491,106,0,103,3,0,0.0,1.737920489024007,1.7072587393441039,4.724745330517062,1.310122103887432,0.5292435752706163,1.1559075055384849,8.349056603773585,3.567999827489257,0.5056828655444556,0.1380211472614188,0.0006217309325887687,0.0,0.1380211472614188,0.0035982136845154797,0,0,0,3,0,0.3333333333333333,0.3867924528301887,0.5278340673960099,0.36065025102424,0.895137610316993,0.5564593376267228,0.0,0.2830188679245283,0.03206217964842113
769,105,99.05660377358491,106,0,104,2,0,0.0,1.7314816176875458,1.7006292691005378,4.7769088019863375,1.3119197089910208,0.5364430850115978,1.173678197273634,8.349056603773585,3.567999827489257,0.5067407242778577,0.09120485126162127,0.0004173457149398728,0.0,0.09120485126162127,0.0032694126951221536,0,0,0,2,0,0.5,0.3584905660377358,0.5329522482394171,0.36513410112579325,0.9225947332311526,0.5534800135902822,0.0,0.320754716981132,0.03206205456523632
770,104,98.11320754716981,106,1,105,0,0,0.009433962264150943,1.7149550293678095,1.6830635096162525,4.3969617743695135,1.313214972482529,0.5705378384650319,1.1957475104006272,8.349056603773585,3.567999827489257,0.4982204903278229,0.6579395751844956,0.0014350945830751125,1.0,0.34206042481550436,0.035271789676307286,0,1,0,0,0,0.0,0.36792452830188677,0.5117971325202624,0.37109685869277154,0.9096163663132588,0.5364613018737294,0.009433962264150943,0.37735849056603776,0.03200252912320892
771,103,97.16981132075472,106,1,104,1,0,0.009433962264150943,1.7721759892890656,1.7402979218469232,5.040028563860595,1.3159779907897604,0.5350318640275415,1.1896406831485247,8.349056603773585,3.567999827489257,0.5045554155145415,0.1581721946877811,0.0008525171058821338,0.0,0.1581721946877811,-0.0005984178239178961,0,1,0,1,0,0.0,0.3584905660377358,0.5313228793594104,0.3543012790293141,0.8788781842974448,0.5384022632835476,0.009433962264150943,0.3396226415094339,0.03233792616703295
772,104,98.11320754716981,106,0,105,1,0,0.0,1.779436933317696,1.747135139204556,5.194469464413171,1.3188941213508434,0.5395898633192933,1.2083272061295984,8.349056603773585,3.567999827489257,0.5047266579748715,0.050976120384581027,0.0004509682893760999,0.0,0.050976120384581027,-0.02057486294255495,0,0,0,1,0,0.0,0.33962264150943394,0.5340954978836795,0.3433616656373267,0.8789546974821576,0.5390495224438131,0.0,0.37735849056603765,0.0324262546538705
773,104,98.11320754716981,106,0,105,1,0,0.0,1.7867922546620065,1.75444129238705,5.186931746736147,1.3219147512048957,0.5311166180581993,1.2113316065315973,8.349056603773585,3.567999827489257,0.5045653931635559,0.1397823519311644,3.3871977776892284e-07,0.0,0.1397823519311644,0.004249166346195307,0,0,0,1,0,0.0,0.33962264150943394,0.5321131233912602,0.34227108060459993,0.8728492923521348,0.5431614308774723,0.0,0.37735849056603765,0.03251691929458289
774,104,98.11320754716981,106,0,106,0,0,0.0,1.7766920299770437,1.7449571229387135,4.978695845780487,1.3245568888713217,0.5334077884993788,1.2158586416008885,8.349056603773585,3.567999827489257,0.5022207639528815,0.0,0.0,0.0,0.0,0.0,0,0,0,0,0,0.0,0.330188679245283,0.5238274235325333,0.34267334352465595,0.8881646748379182,0.5421728456016145,0.0,0.3773584905660377,0.032513553904848135
775,105,99.05660377358491,106,0,106,0,0,0.0,1.7816355799300356,1.750087857756947,5.107199766450075,1.3272512067579385,0.5350767347521992,1.2235092097532767,8.349056603773585,3.567999827489257,0.5000944183915708,0.0,0.0,0.0,0.0,0.0,0,0,0,0,0,0.0,0.3113207547169811,0.525172711074322,0.3278252922895698,0.9065931373323137,0.5418126386674246,0.0,0.3773584905660377,0.03258633828338634
776,106,100.0,106,0,106,0,0,0.0,1.777421101877444,1.746080846899976,5.218335233677526,1.3297350152746374,0.5465340780482043,1.2215514406648225,8.349056603773585,3.567999827489257,0.5007440431086134,0.0,0.0,0.0,0.0,0.0,0,0,0,0,0,0.0,0.330188679245283,0.5291899800434683,0.31800725301667904,0.8919545811706346,0.5433216296763386,0.0,0.4150943396226415,0.032609577034918874
777,106,100.0,106,0,106,0,0,0.0,1.7763861799527207,1.7455372911702156,5.393257967380469,1.3321146862537452,0.5296534273016088,1.2120490396143662,8.349056603773585,3.567999827489257,0.5009884678528203,0.0,0.0,0.0,0.0,0.0,0,0,0,0,0,0.0,0.330188679245283,0.5349492079516134,0.29859930238605326,0.8919545811706346,0.5553118704489856,0.0,0.4150943396226415,0.03264685575350995
778,106,100.0,106,0,106,0,0,0.0,1.8218635635581923,1.789983332077891,6.042806744294848,1.335678118306753,0.48014234356076413,1.171240690905541,8.349056603773585,3.567999827489257,0.5081104573862218,0.0,0.0,0.0,0.0,0.0,0,0,0,0,0,0.0,0.3490566037735849,0.5552019917629356,0.28501290525739975,0.9001075471169031,0.5666201365354124,0.0,0.3773584905660377,0.03293781429628931
779,106,100.0,106,0,105,1,0,0.0,1.8358505968331065,1.803297014791667,6.3442104548060545,1.3394944328512648,0.4752081510016654,1.1655880853814193,8.349056603773585,3.567999827489257,0.5102734073900153,0.0022399114715270776,0.0002387194334619028,0.0,0.0022399114715270776,0.002385153825660846,0,0,0,1,0,1.0,0.330188679245283,0.5655489722706585,0.28451977803596795,0.8988843501462839,0.5638929675372828,0.0,0.41509433962264153,0.0330758325108462
780,106,100.0,106,0,105,1,0,0.0,1.8254765845165337,1.7933047573603915,5.892436550677419,1.342889362317084,0.49738738006483885,1.178677526610178,8.349056603773585,3.567999827489257,0.5077774220054125,0.003986692442099863,0.0004010545778113159,0.0,0.003986692442099863,0.0034793083459107033,0,0,0,1,0,1.0,0.32075471698113206,0.5519100278162499,0.30090011353257173,0.89525058826377,0.5652908430814471,0.0,0.41509433962264153,0.033084527988005236
781,106,100.0,106,0,103,3,0,0.0,1.8095918487218177,1.778057222837232,5.787922795877535,1.345727935101033,0.5043257960867111,1.1805652007112084,8.349056603773585,3.567999827489257,0.504746417164474,0.014479976466979868,0.0003915192838995687,0.0,0.014479976466979868,0.004480063022124818,0,0,0,3,0,1.0,0.3018867924528302,0.5472047978779957,0.29081052081611064,0.8917140137987041,0.5632141052083327,0.0,0.37735849056603776,0.033055744445048885
782,106,100.0,106,0,101,5,0,0.0,1.7981766484053374,1.7674624651737794,5.637861466413143,1.3481628108648234,0.5179869399946219,1.1772874179463109,8.349056603773585,3.567999827489257,0.5026283039083062,0.10796834333779755,0.0006034432724382574,0.0,0.10796834333779755,0.0032935934943910893,0,0,0,5,0,0.4,0.32075471698113206,0.5406093875100777,0.2875286372079559,0.8781158514366534,0.5678005696890495,0.0,0.37735849056603776,0.033042106624992296
783,106,100.0,106,0,103,3,0,0.0,1.778417835130748,1.7489325971154455,5.250279983913814,1.3499818937372783,0.5280622326159647,1.2067083843955957,8.349056603773585,3.567999827489257,0.49858700335235895,0.1853017717529606,0.00071117932629625,0.0,0.1853017717529606,0.016834758477455896,0,0,0,3,0,0.3333333333333333,0.32075471698113206,0.5280170562717492,0.3054235913760781,0.8822542297744302,0.5611935997462432,0.0,0.37735849056603776,0.032975764995494886
784,105,99.05660377358491,106,1,102,3,0,0.009433962264150943,1.7607221312729489,1.7259474585467607,4.814773809940149,1.351264233199269,0.5390908311122572,1.211403398417989,8.349056603773585,3.567999827489257,0.492898135482549,0.3230383730648353,0.0010493072763970266,0.25,0.17066570063494715,0.012046284188274164,0,1,0,3,0,0.5,0.330188679245283,0.5105006451247956,0.3162195235228103,0.8871828583490732,0.5527263634004196,0.009433962264150943,0.339622641509434,0.03291016341110172
785,105,99.05660377358491,106,0,100,6,0,0.0,1.7491869020244257,1.7154727540942403,4.394476937057828,1.3520175796151612,0.5662062374326581,1.2136392834858603,8.349056603773585,3.567999827489257,0.48869706581536154,0.1759330657550561,0.0005790333769129458,0.0,0.1759330657550561,0.007944497509537948,0,0,0,6,0,0.3333333333333333,0.3113207547169811,0.492285171217163,0.3345314499689955,0.8766215407060193,0.5489425414577755,0.0,0.339622641509434,0.03286592696426882
786,104,98.11320754716981,106,1,101,4,0,0.009433962264150943,1.7496992483518408,1.7177328470131885,4.525490756984767,1.352766814149178,0.5505198286928988,1.2097545360133597,8.349056603773585,3.567999827489257,0.48963541556579493,0.2655782339453819,0.0005801845938509394,0.2,0.1466623312405892,0.013129063269579988,0,1,0,4,0,0.4,0.32075471698113206,0.4975511974550675,0.33185173794947914,0.8937717823562112,0.556498397692217,0.009433962264150943,0.339622641509434,0.0328818550393465
787,103,97.16981132075472,106,1,103,2,0,0.009433962264150943,1.7579495322209209,1.7229143419776909,4.7347840405937704,1.3537690439005583,0.5323562694142595,1.2130106522347395,8.349056603773585,3.567999827489257,0.4913636166863431,0.13218895634230268,0.0004935430402263731,0.0,0.13218895634230268,-0.000812701590004535,0,1,0,2,0,0.3333333333333333,0.330188679245283,0.5057529905047383,0.31942906327209775,0.8779739937776636,0.5519780828878611,0.009433962264150943,0.3584905660377359,0.03294098623659205
788,103,97.16981132075472,106,0,102,4,0,0.0,1.7783623080244264,1.7425765237829234,5.317193830205548,1.355206668639538,0.49115060633428226,1.1781558676235537,8.349056603773585,3.567999827489257,0.499550929661972,0.05007632213207148,0.00048631471747882495,0.0,0.05007632213207148,0.0028224765201099455,0,0,0,4,0,0.75,0.32075471698113206,0.5316504928670385,0.2976161821044526,0.8816214216814806,0.5635258628185811,0.0,0.39622641509433965,0.033068697339712946
789,104,98.11320754716981,106,0,101,5,0,0.0,1.7787325034765706,1.742664902827947,5.287731432395287,1.3565955216216499,0.4934997791071426,1.1819957672116086,8.349056603773585,3.567999827489257,0.5001020960102844,0.06961039995051664,0.00045183756373766063,0.0,0.06961039995051664,0.0033340909335321965,0,0,0,5,0,0.6,0.330188679245283,0.532231677313322,0.30202900450700504,0.8600669976971861,0.5588148087196378,0.0,0.3584905660377359,0.03309532545297658
790,104,98.11320754716981,106,0,102,4,0,0.0,1.7772444123446431,1.740504492058326,5.349922389951102,1.3578731535697297,0.506070654346725,1.2003554510411234,8.349056603773585,3.567999827489257,0.5017102859379925,0.06285436617040766,0.0004087438415582813,0.0,0.06285436617040766,0.004845787720925282,0,0,0,4,0,0.5,0.33962264150943394,0.5368091157129852,0.3029279948475564,0.8728093034213533,0.5548868950906796,0.0,0.3584905660377359,0.03311067795016866
791,105,99.05660377358491,106,0,102,4,0,0.0,1.7820545934489307,1.7458430466354344,5.604505888735796,1.359257583306587,0.4810657957707611,1.1887480338599326,8.349056603773585,3.567999827489257,0.5027374329485303,0.09634633811303023,0.0003653667340619664,0.0,0.09634633811303023,0.009577708825625225,0,0,0,4,0,0.25,0.32075471698113206,0.5447878985623064,0.2961741352594935,0.8828177329612833,0.5554723239417066,0.0,0.39622641509433965,0.03315942708100149
792,106,100.0,106,0,102,4,0,0.0,1.7971598986017654,1.760882306122018,5.599593517808312,1.3610218971948513,0.4812147646789886,1.1898241407268173,8.349056603773585,3.567999827489257,0.5039174091952086,0.08484236398422004,0.000362256042701782,0.0,0.08484236398422004,0.0036572123748481455,0,0,0,4,0,0.5,0.33962264150943394,0.5430218937600555,0.3022096519908748,0.8688979955186352,0.5530332268366012,0.0,0.39622641509433965,0.03326642896501048
793,105,99.05660377358491,106,1,99,6,0,0.009433962264150943,1.8157916639713587,1.786291507421947,5.875180963238717,1.3632370878014977,0.4843122118175535,1.1944151130335179,8.349056603773585,3.567999827489257,0.5057189262834278,0.16605067884363925,0.0003524884030300153,0.14285714285714285,0.11168393260848394,0.005773878675592988,0,1,0,6,0,0.42857142857142855,0.330188679245283,0.5494800666248163,0.29106917823733136,0.8637521342047748,0.5528722460617339,0.009433962264150943,0.37735849056603776,0.0333991067903703
794,105,99.05660377358491,106,0,101,5,0,0.0,1.8261253283777332,1.795838879484788,5.829802301000767,1.3658572133580726,0.506856040174957,1.216688621365604,8.349056603773585,3.567999827489257,0.5054235155016797,0.14544159227356995,0.00045893616028784133,0.0,0.14544159227356995,0.004635429779489553,0,0,0,5,0,0.2,0.32075471698113206,0.5467249262788697,0.2897571662755603,0.8669132466287229,0.5485582376554539,0.0,0.41509433962264153,0.03349751815007147
795,104,98.11320754716981,106,1,101,4,0,0.009433962264150943,1.831586392207882,1.8054536295143178,6.041213464547017,1.368524669885485,0.4963890929555906,1.2002920455313186,8.349056603773585,3.567999827489257,0.5082553606801623,0.16397748792252687,0.00040065645941972746,0.0,0.16397748792252687,0.011165316168191575,0,1,0,4,0,0.2,0.3018867924528302,0.5566344163102152,0.2898337329334076,0.8650450160272136,0.5476274798841889,0.009433962264150943,0.4339622641509434,0.033572410891370426
796,104,98.11320754716981,106,0,101,5,0,0.0,1.8326549368761917,1.8065511114844932,5.9232470033054385,1.3712619044578407,0.4953851896882001,1.1498873189448635,8.349056603773585,3.567999827489257,0.5063693958766791,0.08653412459790019,0.0005238693459390998,0.0,0.08653412459790019,0.0012364424103131766,0,0,0,5,0,0.2,0.3113207547169811,0.5522250232759595,0.28337386818617954,0.8865126282160519,0.5482852369981109,0.0,0.4339622641509434,0.033626585877121785
797,104,98.11320754716981,106,0,100,6,0,0.0,1.848947396432354,1.8224155864590967,6.429512965719917,1.3743543100571576,0.4830451569828957,1.1305989209652394,8.349056603773585,3.567999827489257,0.5091863982188669,0.10401038959288367,0.0004235029770645661,0.0,0.10401038959288367,0.009385801909308553,0,0,0,6,0,0.3333333333333333,0.3113207547169811,0.5675252153539186,0.2671831952975524,0.8945366737963915,0.5525865302700848,0.0,0.4339622641509434,0.03376321668812705
798,105,99.05660377358491,106,0,102,4,0,0.0,1.8414826121395789,1.815499694062495,6.025077615487136,1.377138971407001,0.49779911246425007,1.1355748223598012,8.349056603773585,3.567999827489257,0.5076526562915611,0.13037984700320343,0.0004753704829683206,0.0,0.13037984700320343,0.015309767136727936,0,0,0,4,0,0.25,0.3018867924528302,0.5551988947984265,0.281663312501774,0.9021220531234685,0.5510940103053027,0.0,0.4339622641509434,0.03377557112274246
799,105,99.05660377358491,106,0,104,2,0,0.0,1.8243198601569315,1.7990764529080423,5.681722907602289,1.3793554910718393,0.528935963426867,1.1643784441568998,8.349056603773585,3.567999827489257,0.5031419841841787,0.02486339009178214,0.00036301702817825404,0.0,0.02486339009178214,-0.006887866217167915,0,0,0,2,0,1.0,0.32075471698113206,0.541438648518534,0.2856697526051116,0.9007478648021215,0.5475628944720601,0.0,0.4339622641509434,0.03372930007173807
800,105,99.05660377358491,106,1,104,1,0,0.009433962264150943,1.8290075077935093,1.8047544845241452,5.690523016661613,1.3816304645336894,0.5357414024341864,1.1710323716941986,8.349056603773585,3.567999827489257,0.5051825439755133,0.07117075234539023,0.0006674615421889987,0.0,0.07117075234539023,0.002915151451772735,0,1,0,1,0,0.5,0.3113207547169811,0.5440254098825626,0.29169952369208935,0.9063712525389777,0.550791898876892,0.009433962264150943,0.41509433962264153,0.03379332383451808
801,104,98.11320754716981,106,1,102,3,0,0.009433962264150943,1.8441626106256575,1.825429339470086,6.055282531899041,1.3842814028082016,0.5241813637822844,1.1667618853337756,8.349056603773585,3.567999827489257,0.5080594131416396,0.08621275625997654,0.0005308382855334459,0.0,0.08621275625997654,0.004848089499515346,0,1,0,3,0,0.25,0.3113207547169811,0.5544441599335103,0.2847501218720418,0.8906096762268487,0.5504669885626098,0.009433962264150943,0.37735849056603776,0.03391639208520954
802,104,98.11320754716981,106,0,103,3,0,0.0,1.8284494642362166,1.8100295695346569,5.617583269159287,1.38655572627884,0.5610674698325644,1.178621699781102,8.349056603773585,3.567999827489257,0.5039352373107957,0.11169777427191047,0.0006101528828920051,0.0,0.11169777427191047,0.006294353229850909,0,0,0,3,0,0.3333333333333333,0.33962264150943394,0.5373750610181879,0.2924059940692635,0.8941978231938364,0.545489974706646,0.0,0.37735849056603776,0.033878400282016795
803,104,98.11320754716981,106,0,103,3,0,0.0,1.8149305843454604,1.7968843546624735,5.50623011683805,1.3883736848967994,0.5730161446539213,1.194142513830866,8.349056603773585,3.567999827489257,0.502915365832604,0.13938053464475755,0.0006961446119684332,0.0,0.13938053464475755,0.0008910383119175395,0,0,0,3,0,0.3333333333333333,0.33962264150943394,0.5343461852405222,0.2880376813612157,0.9090731083819942,0.5477959744845217,0.0,0.37735849056603776,0.03384323826273933
804,104,98.11320754716981,106,0,104,2,0,0.0,1.7844503575618997,1.7671331294228059,4.963382131198664,1.3892775598222242,0.6201960199449512,1.2427361555024907,8.349056603773585,3.567999827489257,0.4952812591658009,0.023971306860363296,0.0004942194962855612,0.0,0.023971306860363296,-0.008676339827586588,0,0,0,2,0,1.0,0.32075471698113206,0.5101898697709764,0.2848337036558633,0.9090731083819942,0.5475681234447592,0.0,0.37735849056603776,0.03370696225671146
805,105,99.05660377358491,106,0,103,3,0,0.0,1.775280670509403,1.757976383181174,4.666221718277056,1.3898878143397853,0.6329867932886135,1.3026408958586613,8.349056603773585,3.567999827489257,0.4923720024786531,0.09039771866099679,0.0007582551041378016,0.0,0.09039771866099679,0.005347594748828177,0,0,0,3,0,0.3333333333333333,0.330188679245283,0.49866807870794205,0.29787581913232586,0.9042488020126421,0.5476227726206965,0.0,0.37735849056603776,0.033672000761515886
806,106,100.0,106,0,103,3,0,0.0,1.7713910780217128,1.7541993428936882,4.60180647477338,1.390368483144459,0.6373504707068003,1.3050561461199246,8.349056603773585,3.567999827489257,0.48813630767422733,0.04748692946936358,0.0006272974774239917,0.0,0.04748692946936358,0.0009006841304752452,0,0,0,3,0,0.6666666666666666,0.3113207547169811,0.49122889850117607,0.29435530582870706,0.9042488020126421,0.550134372311505,0.0,0.37735849056603776,0.033661127930138215
807,105,99.05660377358491,106,1,103,2,0,0.009433962264150943,1.7835573266803215,1.7629385869439005,4.643500899690429,1.3911796340681077,0.6429847214300166,1.261492631486202,8.349056603773585,3.567999827489257,0.4854914392773828,0.10088697237084221,0.0005821121939440278,0.0,0.10088697237084221,-0.007912764242311984,0,1,0,2,0,0.6666666666666666,0.3113207547169811,0.48730826128268606,0.2890302251800416,0.8885003951013135,0.5452436091208017,0.009433962264150943,0.3584905660377359,0.03373643010520949
808,104,98.11320754716981,106,1,103,2,0,0.009433962264150943,1.7811963399417776,1.7572260338398713,4.760648746206995,1.3917988850597998,0.643603173848537,1.2564547932435148,8.349056603773585,3.567999827489257,0.488597589082429,0.27407100093978365,0.001192555527349117,0.3333333333333333,0.12258170992776468,0.0027561087914032742,0,1,0,2,0,0.3333333333333333,0.2830188679245283,0.4951170014661779,0.29061951501899064,0.8906965294866198,0.5445057969596476,0.009433962264150943,0.41509433962264153,0.03373567260867442
809,104,98.11320754716981,106,0,104,2,0,0.0,1.7831270021821952,1.7588943481387889,4.89875171039346,1.3923453810877164,0.63746332081812,1.2615596915622391,8.349056603773585,3.567999827489257,0.4893663718953958,0.04853084587001941,0.0005903057798989315,0.0,0.04853084587001941,0.0018653490353121027,0,0,0,2,0,0.5,0.3018867924528302,0.49872098217307426,0.2783139760503672,0.8918003833602559,0.5496956258695559,0.0,0.37735849056603776,0.03375507540854316
810,104,98.11320754716981,106,0,105,1,0,0.0,1.797642785642208,1.7732969112828298,5.069071578237086,1.393283484880807,0.6255978254623024,1.2485275548287948,8.349056603773585,3.567999827489257,0.49216077204945385,0.012650074943093816,0.0005636355023178779,0.0,0.012650074943093816,-0.014721143483600319,0,0,0,1,0,1.0,0.29245283018867924,0.5037907402149505,0.27368563886386726,0.8895113763668154,0.554707592602566,0.0,0.37735849056603776,0.033844390096702794
811,104,98.11320754716981,106,0,105,1,0,0.0,1.8092516457537253,1.7849868343516824,5.055238379726228,1.3945217942801227,0.6167476441341506,1.2305115109872922,8.349056603773585,3.567999827489257,0.4933715895982831,0.01391818269869364,0.0005544100126642795,0.0,0.01391818269869364,-0.010497903320952129,0,0,0,1,0,1.0,0.3018867924528302,0.5036178178678647,0.2880914098871895,0.888108553498186,0.5514466681273839,0.0,0.41509433962264153,0.03392452583587606
812,105,99.05660377358491,106,0,101,5,0,0.0,1.8162691877014985,1.7920711373445255,5.284174419262341,1.3959181351370578,0.6199280718630771,1.231963044037546,8.349056603773585,3.567999827489257,0.4953081214241508,0.10490587989874309,0.00059222974793665,0.0,0.10490587989874309,-0.002001817317534238,0,0,0,5,0,0.4,0.29245283018867924,0.5107894773623344,0.2843629220683864,0.9046433173588964,0.5507851257184453,0.0,0.37735849056603776,0.03398452426529823
813,106,100.0,106,0,103,3,0,0.0,1.8150909617474398,1.790861301652842,5.2139130092271175,1.3972301210063127,0.6248537891767361,1.2458462314532623,8.349056603773585,3.567999827489257,0.495442139837899,0.13570815027357921,0.0006179428567565209,0.0,0.13570815027357921,-0.0032375171669858003,0,0,0,3,0,0.3333333333333333,0.2830188679245283,0.5078332082206619,0.28360683348777344,0.8881860630272616,0.5535495026738166,0.0,0.339622641509434,0.03400203896230379
814,105,99.05660377358491,106,1,103,2,0,0.009433962264150943,1.8051731839446852,1.7796265124289254,5.034960086225829,1.3982036386325793,0.6363268486433769,1.2437051206107468,8.349056603773585,3.567999827489257,0.4935141394792577,0.13365074911787583,0.0006681611261872495,0.0,0.13365074911787583,-0.008594771312843696,0,1,0,2,0,0.3333333333333333,0.3018867924528302,0.5038604767314179,0.29961518755485184,0.8910434519555035,0.5389830524042045,0.009433962264150943,0.3584905660377359,0.033969817626902904
815,105,99.05660377358491,106,0,104,2,0,0.0,1.8032405959268516,1.7780648424934975,5.091497954036607,1.3990688156284725,0.6600503330546884,1.2784534528046045,8.349056603773585,3.567999827489257,0.48988600692811146,0.015970703171496382,0.0003985728117064725,0.0,0.015970703171496382,0.005359366769608742,0,0,0,2,0,1.0,0.3018867924528302,0.499905453549915,0.29909828962874624,0.8996801627448139,0.5352729957359865,0.0,0.39622641509433965,0.0339755894436742
816,105,99.05660377358491,106,0,105,1,0,0.0,1.8140461809125374,1.7883232598758236,5.192913353409626,1.4001959393622483,0.6526695053898433,1.2708998070850195,8.349056603773585,3.567999827489257,0.4910899107676696,0.002740652382991815,0.0005282502228102329,0.0,0.002740652382991815,-0.005511673925838623,0,0,0,1,0,1.0,0.2830188679245283,0.5027467837699986,0.30494205459115514,0.884037344214291,0.5366209975966085,0.0,0.4716981132075472,0.03404972525504099
817,105,99.05660377358491,106,0,104,2,0,0.0,1.8058823391292635,1.7803923129960475,5.061536538610137,1.4010564663863565,0.6526103145290274,1.275748303432524,8.349056603773585,3.567999827489257,0.4890627943008705,0.013903000938881829,0.00039062559399822996,0.0,0.013903000938881829,0.0012561323891079335,0,0,0,2,0,1.0,0.2830188679245283,0.4979327592761571,0.30868114378948774,0.9005531386117422,0.5354344677587725,0.0,0.4339622641509434,0.03402425784749246
818,105,99.05660377358491,106,0,105,1,0,0.0,1.8090209135489506,1.7832292519957296,5.164924612138437,1.4019672673906205,0.6518103429507083,1.2703923527903063,8.349056603773585,3.567999827489257,0.4898846486665922,0.002077836552390084,0.0005059001260127563,0.0,0.002077836552390084,-0.006131486753049753,0,0,0,1,0,1.0,0.27358490566037735,0.5016780379460033,0.30361135046095655,0.9175214180303346,0.5376401661171646,0.0,0.39622641509433965,0.034056199408721344
819,106,100.0,106,0,105,1,0,0.0,1.8216273971007768,1.794995257851151,5.169351292839326,1.403181419871523,0.6420924317202427,1.2647896937432028,8.349056603773585,3.567999827489257,0.4881483806216278,0.0027365216262855738,0.0004823304619267833,0.0,0.0027365216262855738,-0.0029006783559145655,0,0,0,1,0,1.0,0.2641509433962264,0.4983897942416436,0.3060517863108753,0.8854818862736136,0.5346464885100632,0.0,0.4339622641509434,0.034140892305692505
820,106,100.0,106,0,103,3,0,0.0,1.8559037184212752,1.828361818418229,5.7498538239629955,1.4053046664527795,0.6073679485091583,1.2382674511377136,8.349056603773585,3.567999827489257,0.49498752838907656,0.15144372529456548,0.0007650577881882513,0.0,0.15144372529456548,0.003841498888394431,0,0,0,3,0,0.3333333333333333,0.2830188679245283,0.518769956798487,0.2934757158003045,0.8738643406912776,0.5400310486466222,0.0,0.4339622641509434,0.034350152629473205
821,106,100.0,106,0,103,3,0,0.0,1.8254229960479296,1.79914491970085,5.22712509213761,1.4065181884830122,0.6424265969446076,1.2683302064161377,8.349056603773585,3.567999827489257,0.4892036512893483,0.06050289375512117,0.0006327613915684027,0.0,0.06050289375512117,-0.006555668637531875,0,0,0,3,0,0.6666666666666666,0.29245283018867924,0.500858678575551,0.30577063539349425,0.8830583042097753,0.5308798446559494,0.0,0.4716981132075472,0.0342193982495791
822,106,100.0,106,0,103,3,0,0.0,1.8423645955809247,1.8157877669685796,5.745883554992462,1.408163465458741,0.6095713444613565,1.232785417652109,8.349056603773585,3.567999827489257,0.4958215592373072,0.10345934948159796,0.0006834658897147839,0.0,0.10345934948159796,-0.0055847353140582685,0,0,0,3,0,0.6666666666666666,0.29245283018867924,0.5209488789762359,0.2851364333221639,0.897768853689572,0.5412964270433587,0.0,0.4339622641509434,0.034333457987071936
823,106,100.0,106,0,102,4,0,0.0,1.8776671741560238,1.850119942312264,6.419208654672591,1.4107300165204435,0.5613500481526054,1.1856301280028811,8.349056603773585,3.567999827489257,0.5049609736966043,0.21467320424167344,0.0008368101360045325,0.0,0.21467320424167344,0.0019746837628262792,0,0,0,4,0,0.5,0.2830188679245283,0.5458149236094902,0.27606992570156463,0.8886959421562075,0.5481281559101946,0.0,0.4339622641509434,0.03455575814867441
824,104,98.11320754716981,106,2,101,2,1,0.018867924528301886,1.8724825866078074,1.8610038710841628,6.341900769064557,1.4130669321893499,0.5740542777500741,1.269570383261748,8.349056603773585,3.567999827489257,0.5015766178584664,0.21739360573541605,0.00089020942782444,0.0,0.21739360573541605,0.0019189548879108508,0,3,0,2,0,0.4,0.2641509433962264,0.5404467584025828,0.28027102784014735,0.9019874851727099,0.5366775332187549,0.018867924528301886,0.37735849056603776,0.034571525784450906
825,104,98.11320754716981,106,0,103,3,0,0.0,1.8571923776306714,1.8459405778283955,5.844981497397822,1.4153392317925033,0.6002766949167585,1.2943206157882163,8.349056603773585,3.567999827489257,0.49678591308119,0.036620184825950204,0.00038875668999673925,0.0,0.036620184825950204,-0.006046661171743887,0,0,0,3,0,0.6666666666666666,0.25471698113207547,0.5230255222952097,0.29439344346810487,0.9044210684078623,0.5310875844473603,0.0,0.37735849056603776,0.034535612562525506
826,104,98.11320754716981,106,0,104,2,0,0.0,1.8566442632761626,1.8452086536750454,5.593631756728693,1.4175095637077129,0.6277923823257212,1.2653659241069615,8.349056603773585,3.567999827489257,0.4938521409082406,0.016998256134528583,0.00042316313146778463,0.0,0.016998256134528583,-0.004299700186192024,0,0,0,2,0,1.0,0.27358490566037735,0.5100139273456505,0.29626251922826036,0.906384058501469,0.5293491644751949,0.0,0.37735849056603776,0.03457159071024827
827,104,98.11320754716981,106,0,104,2,0,0.0,1.8544605657353868,1.8431837861594738,5.49155637256711,1.419544660368362,0.641497782036928,1.259554780244329,8.349056603773585,3.567999827489257,0.4932495748344987,0.0597286284784787,0.00048012442232258105,0.0,0.0597286284784787,-0.015028155587255398,0,0,0,2,0,0.5,0.3113207547169811,0.5065000834963553,0.30457642422742454,0.8728085544987594,0.5276249681492273,0.0,0.41509433962264153,0.03459697834521499
828,104,98.11320754716981,106,0,105,1,0,0.0,1.8739713949291064,1.8623094488819456,5.611983751167168,1.4220530676740248,0.6307717926040987,1.2615605328231594,8.349056603773585,3.567999827489257,0.4952807986431538,0.004112958732578838,0.0004426082796505085,0.0,0.004112958732578838,-0.003930939668964295,0,0,0,1,0,1.0,0.32075471698113206,0.5109890470543641,0.3129956427312051,0.8943205439012452,0.5285604498814618,0.0,0.41509433962264153,0.03473928247535298
829,106,100.0,106,0,104,2,0,0.0,1.8607889747262691,1.8496107599625327,5.426676378907061,1.4241095036523586,0.664622260235082,1.2867971580323456,8.349056603773585,3.567999827489257,0.4935599868365388,0.019085032975963128,0.00047827417807101995,0.0,0.019085032975963128,-0.009888197344612493,0,0,0,2,0,1.0,0.32075471698113206,0.5039329173445691,0.3188684340890076,0.893216260895539,0.5264424119662864,0.0,0.41509433962264153,0.03471005719041848
830,106,100.0,106,0,104,2,0,0.0,1.826429158700272,1.8157450437730596,4.8409189094818,1.4251259030423584,0.6817924260176806,1.3505855410974892,8.349056603773585,3.567999827489257,0.4838055792205529,0.0630206595994026,0.000587972396140776,0.0,0.0630206595994026,-0.005703024306204119,0,0,0,2,0,0.5,0.3113207547169811,0.4806732857480933,0.32862036454135707,0.9010146544704778,0.5194774687524235,0.0,0.41509433962264153,0.0345563906745294
831,106,100.0,106,0,103,3,0,0.0,1.823972689730362,1.813448295613958,4.876962722465339,1.4260404789275927,0.6894056720159533,1.3631961434278013,8.349056603773585,3.567999827489257,0.48217129212397514,0.012134948366561066,0.00044844696463868,0.0,0.012134948366561066,-0.006347641369792305,0,0,0,3,0,1.0,0.3113207547169811,0.47868056245328405,0.31674176282774436,0.9147905217588868,0.5174223228016239,0.0,0.37735849056603776,0.03456042436268355
832,106,100.0,106,0,102,4,0,0.0,1.8586813371607247,1.847747391241366,5.2165742983519126,1.4279014560850727,0.6529588487574911,1.312010503343321,8.349056603773585,3.567999827489257,0.48785873070585883,0.052361209933174294,0.0005943953506701476,0.0,0.052361209933174294,-0.014009473610308854,0,0,0,4,0,0.75,0.32075471698113206,0.4902371081728664,0.3157956831757411,0.9040948163630472,0.5246346296260276,0.0,0.41509433962264153,0.034767167430719614
833,106,100.0,106,0,102,4,0,0.0,1.8322804762048182,1.821500778631729,4.587315190351016,1.4289468503066771,0.6671538957665599,1.3147895064906499,8.349056603773585,3.567999827489257,0.4808434320907953,0.07668517153154995,0.0005817333051790405,0.0,0.07668517153154995,-0.01092219222805707,0,0,0,4,0,0.5,0.330188679245283,0.46741312631691323,0.33777140629684493,0.903880440143772,0.5224657377651936,0.0,0.41509433962264153,0.0346538129579518
834,105,99.05660377358491,106,1,101,4,0,0.009433962264150943,1.8393721770869746,1.8435183251421046,4.633403549323492,1.4301584239770855,0.6593544556287144,1.3050915129387737,8.349056603773585,3.567999827489257,0.48172787935149786,0.06850919913527127,0.0006100870498751918,0.0,0.06850919913527127,-0.01996957268074384,0,1,0,4,0,0.4,0.32075471698113206,0.4674753949169645,0.3472094675066189,0.8974823184444521,0.5134139011281633,0.009433962264150943,0.4339622641509434,0.03471088593559762
835,105,99.05660377358491,106,0,102,4,0,0.0,1.836439560470245,1.8408535405748976,4.455487292615843,1.431675694798394,0.67251029616096,1.3308567443862154,8.349056603773585,3.567999827489257,0.47944866454203083,0.08347125674704775,0.0008362029129202022,0.0,0.08347125674704775,-0.023543273080935623,0,0,0,4,0,0.5,0.3113207547169811,0.4598134865324132,0.360185314701521,0.910965875456436,0.5110430505974255,0.0,0.39622641509433965,0.03472329096265739
836,105,99.05660377358491,106,0,102,4,0,0.0,1.8646320968003116,1.8690742390958848,4.795119121424964,1.4339443609790514,0.6518119151685384,1.2946204261037935,8.349056603773585,3.567999827489257,0.48639694906571873,0.09272675148560267,0.0009353125501786418,0.0,0.09272675148560267,-0.02193159042481868,0,0,0,4,0,0.5,0.3113207547169811,0.4745115419066992,0.3586460993596576,0.90800187595557,0.5184923379090851,0.0,0.3584905660377359,0.0349047266470138
837,104,98.11320754716981,106,1,102,3,0,0.009433962264150943,1.880675561809826,1.8830890752080771,4.929314662886557,1.4365857841761631,0.6305228900490952,1.3031416052035496,8.349056603773585,3.567999827489257,0.4892626701916174,0.09199371908249468,0.00046559233844657884,0.0,0.09199371908249468,-0.015130761579290677,0,1,0,3,0,0.5,0.32075471698113206,0.4815121254323063,0.36836475234098953,0.905167808362504,0.5176480746009854,0.009433962264150943,0.39622641509433965,0.03503206695961948
838,103,97.16981132075472,106,1,101,4,0,0.009433962264150943,1.8842636650716975,1.8911134243374266,4.816083684034963,1.4391776505381209,0.6257415588257637,1.3027053869493745,8.349056603773585,3.567999827489257,0.48772566952984486,0.07929070367604155,0.00042130699774958324,0.0,0.07929070367604155,-0.002475203267408621,0,1,0,4,0,0.6,0.330188679245283,0.47582135276405874,0.3812362539647065,0.8943207600747924,0.5121552277519666,0.009433962264150943,0.4339622641509434,0.035096246369590536
839,104,98.11320754716981,106,0,102,4,0,0.0,1.8810123872348439,1.8878376446912477,4.748527330719401,1.4417142295743457,0.6282269826143303,1.3058610967614621,8.349056603773585,3.567999827489257,0.487577803145675,0.07090373952458169,0.0005898305640771656,0.0,0.07090373952458169,-0.004584788771726647,0,0,0,4,0,0.5,0.33962264150943394,0.47381653190513384,0.3821947713962362,0.8922504761795489,0.5171601482116357,0.0,0.4339622641509434,0.035125242548224585
840,103,97.16981132075472,106,1,102,3,0,0.009433962264150943,1.880616890568982,1.8815345108467831,4.808846380571228,1.4441540953579184,0.627673095266702,1.327822792968143,8.349056603773585,3.567999827489257,0.488138018042519,0.08069676512984153,0.0005711339715565503,0.0,0.08069676512984153,-0.00015674910037662138,0,1,0,3,0,0.5,0.330188679245283,0.47701758725453797,0.37685823413471414,0.8951789280792527,0.5173852159982931,0.009433962264150943,0.4339622641509434,0.03516679226836969
841,103,97.16981132075472,106,0,103,3,0,0.0,1.8938047739403534,1.8951192276358568,5.0802245203109315,1.446720960345079,0.6152828978239189,1.3084780649806553,8.349056603773585,3.567999827489257,0.48773684614132073,0.04377999268434249,0.0003228467478922984,0.0,0.04377999268434249,-0.0011606514045775507,0,0,0,3,0,0.6666666666666666,0.330188679245283,0.48188839209875894,0.3625743210037789,0.9106826287115365,0.5197770240758179,0.0,0.39622641509433965,0.03527852455438344
842,104,98.11320754716981,106,0,103,3,0,0.0,1.8726514610471308,1.8741014444083155,4.8560444986686395,1.4485963080184858,0.6513518358232875,1.3308432414025695,8.349056603773585,3.567999827489257,0.4844264015652564,0.049490411583821836,0.00033612754930514854,0.0,0.049490411583821836,-0.001068503273590445,0,0,0,3,0,0.6666666666666666,0.330188679245283,0.4736655911862616,0.361349787013318,0.9106826287115365,0.5141190992937225,0.0,0.39622641509433965,0.03520621419079332
843,104,98.11320754716981,106,1,103,2,0,0.009433962264150943,1.864794774499573,1.872445441278499,4.675309163480292,1.4501717392334532,0.6565254737906652,1.3289499937446794,8.349056603773585,3.567999827489257,0.48097010668592466,0.11830016723265056,0.000413458642385957,0.0,0.11830016723265056,0.007024053127106337,0,1,0,2,0,0.3333333333333333,0.330188679245283,0.46489277586987826,0.37019668459173544,0.9082676989315767,0.5077458147556837,0.009433962264150943,0.4150943396226414,0.03519503644957165
844,104,98.11320754716981,106,0,103,3,0,0.0,1.8463538083852198,1.853511266492212,4.188707600429097,1.4513362371120544,0.6733602114375752,1.350115189627657,8.349056603773585,3.567999827489257,0.4752161280120972,0.1309720037706431,0.0007413749777083625,0.0,0.1309720037706431,-0.001953221747048317,0,0,0,3,0,0.3333333333333333,0.330188679245283,0.4458481378814382,0.39580514259416993,0.9206327930246363,0.5095184047802931,0.0,0.37735849056603765,0.03512360626014969
845,104,98.11320754716981,106,1,102,3,0,0.009433962264150943,1.8636814284729621,1.869291260209775,4.437824549184204,1.4529489034506686,0.6512507027011896,1.3443891233334857,8.349056603773585,3.567999827489257,0.4777235360183343,0.1024807802878879,0.0006522034289883898,0.0,0.1024807802878879,-0.004235755376470363,0,1,0,3,0,0.5,0.32075471698113206,0.45494757635059874,0.3883287842710026,0.914510238000835,0.5158074436792704,0.009433962264150943,0.3396226415094339,0.03523901432667827
846,103,97.16981132075472,106,1,101,4,0,0.009433962264150943,1.8721776023273344,1.8754121072311973,4.304273629182227,1.4547034874461025,0.6683787029146323,1.3703966434502235,8.349056603773585,3.567999827489257,0.4771899725199362,0.24649617607223834,0.0009356796287799216,0.2,0.056314930226188865,0.007234928331176204,0,1,0,4,0,0.6,0.3113207547169811,0.45033234211482676,0.41095447045406,0.9012104257426179,0.5159047250714321,0.009433962264150943,0.3584905660377359,0.03531279697291524
847,103,97.16981132075472,106,0,104,2,0,0.0,1.889646072392387,1.8926807528511118,4.560914822567351,1.4568243463208654,0.6359013022286257,1.339085130077436,8.349056603773585,3.567999827489257,0.4803322937797392,0.059618466506827596,0.0003701275502898374,0.0,0.059618466506827596,-0.0034065929725420607,0,0,0,2,0,0.5,0.27358490566037735,0.4593913638527197,0.4074062692734029,0.9131157841652324,0.5166735367969358,0.0,0.3584905660377359,0.03543797544373692
848,104,98.11320754716981,106,0,103,3,0,0.0,1.8828245911098829,1.8858842048599422,4.347722195888166,1.4586755322981553,0.6395254098725667,1.3269830353658871,8.349056603773585,3.567999827489257,0.4776420119296618,0.02589514158551875,0.0003192265237461147,0.0,0.02589514158551875,-0.005976749255766263,0,0,0,3,0,0.6666666666666666,0.2830188679245283,0.4500246307433964,0.4146563012396998,0.9032871169767713,0.5185077411236401,0.0,0.3584905660377359,0.03543689319356251
849,104,98.11320754716981,106,0,103,3,0,0.0,1.858494677816328,1.861307430973097,3.9722523851466596,1.4597591485630608,0.6671460927302627,1.357763171914924,8.349056603773585,3.567999827489257,0.4718599881217218,0.028939837812251453,0.0004466373615502567,0.0,0.028939837812251453,-0.008680339966097406,0,0,0,3,0,0.6666666666666666,0.32075471698113206,0.43457460071329795,0.42776180556584675,0.9145944651350562,0.512748348597154,0.0,0.39622641509433965,0.03533457534032597
850,105,99.05660377358491,106,0,104,2,0,0.0,1.87462335174537,1.8776775521208018,4.185723526204155,1.461271370116952,0.6544553064386993,1.3463857066830867,8.349056603773585,3.567999827489257,0.47687732633834545,0.022085541334822233,0.0005006436779932674,0.0,0.022085541334822233,-0.012839004765756001,0,0,0,2,0,1.0,0.3018867924528302,0.44507849850655756,0.4233906735993053,0.9139255469060225,0.5124135094807929,0.0,0.39622641509433965,0.035442196741188224
851,106,100.0,106,0,105,1,0,0.0,1.89293947330159,1.8960150331786436,4.377446232034247,1.4632530606424168,0.6549823361780699,1.341460378782442,8.349056603773585,3.567999827489257,0.4790208654116579,0.10329913782606732,0.0008235652868137243,0.0,0.10329913782606732,-0.030956310101532658,0,0,0,1,0,0.0,0.29245283018867924,0.4506895463563736,0.42078688785773954,0.9151268721411787,0.5149371776902337,0.0,0.39622641509433965,0.035569130706234305
852,105,99.05660377358491,106,1,104,1,0,0.009433962264150943,1.9015638581078411,1.9007751807613633,4.380043710909228,1.4654071851896102,0.656731805552382,1.3509218893229749,8.349056603773585,3.567999827489257,0.4787733081203118,0.10756998005632083,0.0007419261419970406,0.0,0.10756998005632083,-0.014417998008634525,0,1,0,1,0,0.0,0.3113207547169811,0.44906093263268937,0.42298369375610423,0.9134217883451103,0.5088418098244984,0.009433962264150943,0.39622641509433965,0.035650682210329444
853,105,99.05660377358491,106,0,103,3,0,0.0,1.918380824914343,1.917746920855597,4.777564991890574,1.4678616248122767,0.6347123466689677,1.3422231217241987,8.349056603773585,3.567999827489257,0.4836279182901666,0.051866724855123995,0.0007342906877617184,0.0,0.051866724855123995,-0.00535609129283184,0,0,0,3,0,0.6666666666666666,0.3113207547169811,0.46469120596440344,0.4076503529317066,0.8840307772092503,0.5129343548154377,0.0,0.4339622641509434,0.03577855424511324
854,105,99.05660377358491,106,0,104,2,0,0.0,1.9229110852881164,1.922678893399996,4.848180042315612,1.4703692682509408,0.6334891203234242,1.3154318580893878,8.349056603773585,3.567999827489257,0.4825510848943251,0.10901917653216792,0.0005979944814379571,0.0,0.10901917653216792,-0.005979290867915682,0,0,0,2,0,0.5,0.3113207547169811,0.4654156077467325,0.40218478758794374,0.865504332088174,0.508824700322384,0.0,0.4339622641509434,0.035845941903764895
855,105,99.05660377358491,106,0,104,2,0,0.0,1.9428795923062654,1.9429674036272966,5.05552633285932,1.4733665541839678,0.6454078485265682,1.32983342629277,8.349056603773585,3.567999827489257,0.4859219049963379,0.023632405005440872,0.0007266898879930052,0.0,0.023632405005440872,-0.007028679559964557,0,0,0,2,0,1.0,0.3018867924528302,0.4738097745880155,0.39985120227304083,0.8969871294754137,0.5082419777335505,0.0,0.39622641509433965,0.03599925601731552
856,104,98.11320754716981,106,1,104,1,0,0.009433962264150943,1.937208843746067,1.9443210524044403,5.055318952665766,1.4760964995588983,0.6416626119661908,1.340391363414722,8.349056603773585,3.567999827489257,0.48705884118012577,0.10636702051098082,0.0006148851789950378,0.0,0.10636702051098082,-0.004498270872857757,0,1,0,1,0,0.5,0.3018867924528302,0.4753865894294102,0.40876468014262424,0.8845236538595225,0.5035767166701259,0.009433962264150943,0.4150943396226415,0.036019604497648565
857,105,99.05660377358491,106,0,103,3,0,0.0,1.9450600135691611,1.9523861765582722,5.124506824928448,1.4791582873302802,0.6439183536366113,1.3258136413398165,8.349056603773585,3.567999827489257,0.4882100117528019,0.01887590787232402,0.0007636109970717598,0.0,0.01887590787232402,-0.00949402359561069,0,0,0,3,0,1.0,0.3018867924528302,0.47759675962550896,0.4060146111849378,0.8961746184788595,0.5080754789582653,0.0,0.4150943396226414,0.03611348263796453
858,105,99.05660377358491,106,0,103,3,0,0.0,1.9554881658472925,1.9627930078872182,5.19163909945295,1.4824078830983525,0.6489834439554811,1.3226545252928712,8.349056603773585,3.567999827489257,0.48725255597958084,0.07112332025974442,0.000767567477685458,0.0,0.07112332025974442,-0.006262308700714055,0,0,0,3,0,0.6666666666666666,0.32075471698113206,0.47642593114974896,0.39916431221750326,0.9061726964347063,0.5120136178789241,0.0,0.4150943396226414,0.03622359618505465
859,104,98.11320754716981,106,1,103,2,0,0.009433962264150943,1.9507236428200039,1.9531077920181934,5.1423140199414235,1.4854009725888604,0.6686574568292002,1.3378060051896263,8.349056603773585,3.567999827489257,0.4875740873587555,0.3513102180443788,0.0013323393015596677,0.3333333333333333,0.026297621911088285,0.013934935431281733,0,1,0,2,0,0.6666666666666666,0.32075471698113206,0.47740020402332367,0.3989512469817278,0.8948361760516287,0.5097878744042702,0.009433962264150943,0.4339622641509434,0.03625317028384716
860,104,98.11320754716981,106,0,102,4,0,0.0,1.9345011928371927,1.937129291212538,4.919793684316586,1.487695284264332,0.6714463632045656,1.350129356158004,8.349056603773585,3.567999827489257,0.48671497284946463,0.1172146646135197,0.0007000699533416615,0.0,0.1172146646135197,-0.000969627451721633,0,0,0,4,0,0.25,0.3113207547169811,0.4726290657043392,0.40880436725249064,0.896973654705791,0.5081158788889876,0.0,0.4339622641509434,0.03621298855224456
861,104,98.11320754716981,106,1,102,3,0,0.009433962264150943,1.9307260321430553,1.930144687465846,4.9644251179319605,1.4898042060496428,0.6864358631821188,1.3393004265900883,8.349056603773585,3.567999827489257,0.48365115243466383,0.09433532383510843,0.0006755224754711625,0.0,0.09433532383510843,-0.00861572361115695,0,1,0,3,0,0.5,0.3490566037735849,0.46909578257547424,0.39392937316612797,0.8806004293708565,0.5050179305641189,0.009433962264150943,0.4528301886792453,0.03623173591160475
862,103,97.16981132075472,106,1,104,1,0,0.009433962264150943,1.9197736835415418,1.9173143168118827,4.685393302384256,1.4914259935386447,0.7053466042203234,1.361235139670919,8.349056603773585,3.567999827489257,0.4818922206171854,0.09565646942427644,0.000774928210066305,0.0,0.09565646942427644,-0.010860241579016716,0,1,0,1,0,0.5,0.330188679245283,0.46091700065126495,0.41421936747742694,0.8761927951787745,0.49960066410762166,0.009433962264150943,0.4528301886792453,0.0362059068560021
863,103,97.16981132075472,106,0,104,2,0,0.0,1.926806330831614,1.9243643105527057,4.973339088362763,1.4931409688866843,0.6804681815990258,1.3389603768125666,8.349056603773585,3.567999827489257,0.4862460717733865,0.04693655587844717,0.00042312344485564946,0.0,0.04693655587844717,-0.0025357088605770794,0,0,0,2,0,0.5,0.330188679245283,0.4734701307352619,0.3980404151526814,0.8915889873884981,0.5066449991779508,0.0,0.4528301886792453,0.03627166525118223
864,104,98.11320754716981,106,0,104,2,0,0.0,1.9289702179894603,1.9269002254117935,5.067047465996838,1.4948671390675021,0.6947194258180838,1.3575080076061394,8.349056603773585,3.567999827489257,0.4826860933780286,0.049412848094595736,0.0006580185669327188,0.0,0.049412848094595736,-0.0009579465061231307,0,0,0,2,0,0.5,0.3113207547169811,0.46990680714604727,0.3917897068326026,0.8910619992133225,0.5030890921397815,0.0,0.4528301886792453,0.03631327956150834
865,104,98.11320754716981,106,0,105,1,0,0.0,1.8984390398965616,1.8964892505922666,4.572322683022175,1.495663668675968,0.7028479510402174,1.365167533375061,8.349056603773585,3.567999827489257,0.4759160057858749,0.04345391969992797,0.0005522147856568131,0.0,0.04345391969992797,-0.005727280485983144,0,0,0,1,0,1.0,0.32075471698113206,0.4520726223622556,0.41222494048994307,0.8952144765281631,0.49765433353465366,0.0,0.4528301886792453,0.03617483375857183
866,105,99.05660377358491,106,0,104,2,0,0.0,1.9119807923602274,1.9104504669048181,4.998157319958811,1.496830287048535,0.6833931313935022,1.3520918784947074,8.349056603773585,3.567999827489257,0.48033758424938977,0.0661667361629113,0.00045225019989046834,0.0,0.0661667361629113,0.006119921999073297,0,0,0,2,0,0.5,0.330188679245283,0.46536016383682716,0.3890188770522945,0.8857086734937907,0.5043666668378323,0.0,0.41509433962264153,0.03626335499165048
867,106,100.0,106,0,103,3,0,0.0,1.9373462797941168,1.935837920123927,5.3680414697293415,1.498679939909231,0.6513595368164573,1.3257541918244613,8.349056603773585,3.567999827489257,0.4841140820694376,0.13505696911044185,0.0006007246147591655,0.0,0.13505696911044185,0.006261716452322319,0,0,0,3,0,0.0,0.33962264150943394,0.47626061599580116,0.3818636639764425,0.8835144018837138,0.5098938458371046,0.0,0.41509433962264153,0.03642318023425932
868,105,99.05660377358491,106,1,103,2,0,0.009433962264150943,1.9563887231513113,1.9513813860373248,5.860917387983616,1.5009966759874425,0.6446491776363678,1.3415847166164756,8.349056603773585,3.567999827489257,0.4890062123672263,0.10367232007439649,0.00042773103290860053,0.0,0.10367232007439649,0.005242204018427825,0,1,0,2,0,0.3333333333333333,0.3113207547169811,0.49346635424787705,0.3631567576470772,0.875087087412677,0.5117835544954874,0.009433962264150943,0.41509433962264153,0.03655972302068227
869,105,99.05660377358491,106,0,105,1,0,0.0,1.9655859516342753,1.9602649287753773,5.7241424422423135,1.5033949165992213,0.6564642389557351,1.351062040765728,8.349056603773585,3.567999827489257,0.48894546074567957,0.27987394297535995,0.0005958825059772379,0.0,0.27987394297535995,0.005607011499532355,0,0,0,1,0,0.0,0.3113207547169811,0.4911599363617959,0.36619169150951564,0.891001098786707,0.5112478228645637,0.0,0.41509433962264153,0.036648493773542616
870,105,99.05660377358491,106,0,104,2,0,0.0,2.0021676791278016,1.997103893826259,6.549572275046518,1.5067591193576806,0.6173053387351656,1.3370124147200373,8.349056603773585,3.567999827489257,0.4971365650236528,0.28079753026313076,0.0009613015719028865,0.0,0.28079753026313076,0.025299435098407097,0,0,0,2,0,0.0,0.3113207547169811,0.5154970928370403,0.3535737871718788,0.891001098786707,0.5174737754810258,0.0,0.41509433962264153,0.03689141978531936
871,105,99.05660377358491,106,0,106,0,0,0.0,2.0205204050062795,2.015185781932301,6.697047956462997,1.510519416756666,0.6142197493167676,1.3311858813111002,8.349056603773585,3.567999827489257,0.5021299994305735,0.0,0.0,0.0,0.0,0.0,0,0,0,0,0,0.0,0.330188679245283,0.5242501959713478,0.3591384815638545,0.8728730117660568,0.5213457796288766,0.0,0.41509433962264153,0.03705026711706619
872,105,99.05660377358491,106,0,105,1,0,0.0,2.0002306721074556,1.9946326625546567,6.372888295476952,1.513558878539792,0.6240482770946016,1.336493452281563,8.349056603773585,3.567999827489257,0.5002417996817585,0.34821694610652176,0.0012417132339164344,0.0,0.34821694610652176,0.046460447587994946,0,0,0,1,0,0.0,0.32075471698113206,0.517524088561691,0.361334733802259,0.8728730117660568,0.5211952491122007,0.0,0.41509433962264153,0.037003042448161334
873,106,100.0,106,0,105,1,0,0.0,2.016222641048923,2.01075624671134,6.567451227667647,1.516950123895656,0.6237183841939419,1.3409497628545135,8.349056603773585,3.567999827489257,0.5012018148606476,0.04682650685261755,0.0005774821198162558,0.0,0.04682650685261755,0.0014910840513164825,0,0,0,1,0,1.0,0.32075471698113206,0.5200959625413205,0.35927705973109814,0.8720268113875187,0.5204836224038757,0.0,0.41509433962264153,0.03714350210709215
874,106,100.0,106,0,105,1,0,0.0,2.0082568819618,2.0025298857800418,6.52560392899478,1.5199855563880031,0.637255170181264,1.3495494594410964,8.349056603773585,3.567999827489257,0.49868523876707704,0.05431303961349931,0.00035616529126155933,0.0,0.05431303961349931,0.009403524610854141,0,0,0,1,0,0.0,0.32075471698113206,0.5177385683485446,0.3516636154125481,0.8765541155047725,0.520955476334411,0.0,0.41509433962264153,0.03715782542470179
875,106,100.0,106,0,105,1,0,0.0,2.028322146677327,2.0228321551559243,7.082093721038843,1.523492192603306,0.6149874734012238,1.3393506579490848,8.349056603773585,3.567999827489257,0.5023455645713053,0.06455868098578574,0.0004273400216256505,0.0,0.06455868098578574,0.006019021645909284,0,0,0,1,0,0.0,0.3113207547169811,0.5313129722376558,0.33075692621068553,0.8781860314893652,0.5268387966468501,0.0,0.41509433962264153,0.03732071013533576
876,106,100.0,106,0,105,1,0,0.0,2.0318231018409394,2.026101292907997,7.000623669126949,1.5269670263079798,0.6148806608439875,1.3451302239843734,8.349056603773585,3.567999827489257,0.5036349108769063,0.038963772321273425,0.00021065111537457221,0.0,0.038963772321273425,0.006072064814515166,0,0,0,1,0,1.0,0.32075471698113206,0.5322647296433156,0.34060746971549005,0.8718253495245587,0.527144851031832,0.0,0.4528301886792453,0.037400205941447974
877,106,100.0,106,0,105,1,0,0.0,2.049753633622801,2.043888319590124,7.492771666695264,1.530825590817132,0.5760247145452344,1.3157588272650285,8.349056603773585,3.567999827489257,0.5086497386769666,0.07876140997241826,0.00027779970298434995,0.0,0.07876140997241826,0.004337440877978049,0,0,0,1,0,0.0,0.330188679245283,0.5482600967393301,0.33297799340517326,0.8552760345444156,0.5307526912320268,0.0,0.4528301886792453,0.037558695387872335
878,106,100.0,106,0,105,1,0,0.0,2.053789478012695,2.047976719621579,7.319019890618356,1.5346631810361098,0.5753934853349364,1.318766868923085,8.349056603773585,3.567999827489257,0.5086609680826575,0.08223260118670528,0.00026592357555589265,0.0,0.08223260118670528,0.005318717442920562,0,0,0,1,0,0.0,0.330188679245283,0.5433967806271778,0.3462209716249425,0.8638824398049612,0.53112090088104,0.0,0.4528301886792453,0.03764733721601825
879,106,100.0,106,0,105,1,0,0.0,2.060233719850172,2.054520750826745,7.145186329514673,1.5385506388603836,0.5902589279752147,1.3318182269300307,8.349056603773585,3.567999827489257,0.507934573838495,0.14268257124321013,0.0003047280072559027,0.0,0.14268257124321013,0.008254468785186597,0,0,0,1,0,0.0,0.32075471698113206,0.5394423044677348,0.3555860645771301,0.8892513052910602,0.52601497193342,0.0,0.41509433962264153,0.03774891066943753
880,106,100.0,106,0,105,1,0,0.0,2.0665171176923147,2.0600312347036493,7.165828791309783,1.542456683440371,0.5855521386642409,1.3325133456730593,8.349056603773585,3.567999827489257,0.5097888870014153,0.1428528301986699,0.00030804818541324834,0.0,0.1428528301986699,0.006856463483251862,0,0,0,1,0,0.0,0.330188679245283,0.5410024726212646,0.36639857090140104,0.8839448203053395,0.5312102463910631,0.0,0.41509433962264153,0.037850011490586054
881,106,100.0,106,0,105,1,0,0.0,2.0718514561372325,2.0654358667455233,7.285944553430436,1.5463776301660273,0.575102106228549,1.3278685017927083,8.349056603773585,3.567999827489257,0.5082451929563003,0.16551288549219054,0.00042229629455337297,0.0,0.16551288549219054,0.01051771081960473,0,0,0,1,0,0.0,0.32075471698113206,0.5405354455157209,0.361607323214614,0.8978062177157906,0.5306011078699738,0.0,0.37735849056603776,0.03794663286901432
882,106,100.0,106,0,105,1,0,0.0,2.0676142143744785,2.0614186706948168,7.272584146720566,1.550044010680749,0.5744777802981147,1.3370203697267473,8.349056603773585,3.567999827489257,0.5081762898610438,0.19000623116945575,0.000620271658042212,0.0,0.19000623116945575,0.005229925218712017,0,0,0,1,0,0.0,0.3490566037735849,0.5389939135276531,0.3669923191021161,0.8781554864082252,0.5279254459365604,0.0,0.37735849056603776,0.037990854885420734
883,106,100.0,106,0,104,2,0,0.0,2.0766187338247226,2.0704381500316065,7.759803453184279,1.553837026750772,0.5489503610015057,1.3095804393136476,8.349056603773585,3.567999827489257,0.5094689450268539,0.08064496054977834,0.0003249293165115622,0.0,0.08064496054977834,-0.006394404738895104,0,0,0,2,0,0.0,0.32075471698113206,0.5497681586442857,0.35690532754401627,0.8786234787345538,0.5237566434115516,0.0,0.339622641509434,0.03810354488608948
884,106,100.0,106,0,104,2,0,0.0,2.092480905742463,2.0861506277475823,8.270023890451814,1.5579432049561999,0.5451002914538086,1.317125125342147,8.349056603773585,3.567999827489257,0.5132506474902516,0.1625122395974931,0.00012057489959350566,0.0,0.1625122395974931,0.03895703481371576,0,0,0,2,0,0.0,0.330188679245283,0.5638432482572728,0.34285079464066864,0.8671965289390735,0.5279370336343656,0.0,0.339622641509434,0.03825610996132123
885,105,99.05660377358491,106,1,103,2,0,0.009433962264150943,2.117990440615452,2.112690500485799,8.718588770998066,1.5626249282284623,0.5250936986990705,1.302096881651467,8.349056603773585,3.567999827489257,0.5144392219729865,0.1259243349654197,0.00014629791190636415,0.0,0.1259243349654197,0.030694164646231554,0,1,0,2,0,0.3333333333333333,0.3113207547169811,0.5700228215178179,0.3220160572572897,0.8737141470051328,0.5453415215259817,0.009433962264150943,0.3584905660377359,0.038467179574825094
886,103,97.16981132075472,106,2,102,2,0,0.018867924528301886,2.138352146959746,2.1318509259924525,9.043734778251139,1.5677459518358432,0.5131968053809056,1.3197942125512958,8.349056603773585,3.567999827489257,0.519215095694078,0.2474685407729873,0.0008668894365708909,0.0,0.2474685407729873,0.0047459100962121414,0,2,0,2,0,0.25,0.29245283018867924,0.5808303095819789,0.32506201737977575,0.8665605993132539,0.5460034357548811,0.018867924528301886,0.3584905660377359,0.03866034716328508
887,103,97.16981132075472,106,0,103,3,0,0.0,2.137974805538051,2.1313678999243106,9.377772838025978,1.572646541372839,0.49814759279920373,1.3205289773755184,8.349056603773585,3.567999827489257,0.517465066636589,0.3346490735571857,0.0008254951324084088,0.0,0.3346490735571857,0.03106952854899207,0,0,0,3,0,0.0,0.2641509433962264,0.5845942967501631,0.31513109903204034,0.8665605993132539,0.5451060256562424,0.0,0.3584905660377359,0.038745886969289586
888,100,94.33962264150944,106,3,102,1,0,0.02830188679245283,2.130710953381611,2.1251317270677017,8.448575779990314,1.577180218845428,0.5821507808116257,1.3776074365529267,8.349056603773585,3.567999827489257,0.5123251138935114,0.42510336414696,0.0006338036086920259,0.5,0.33593643053024896,0.05974637046359997,0,3,0,1,0,0.0,0.2830188679245283,0.5590788665757341,0.3264419210622725,0.8466943136544054,0.5347232252962036,0.02830188679245283,0.3584905660377359,0.038790448510707835
889,98,92.45283018867924,106,2,103,1,0,0.018867924528301886,2.1243215966776146,2.1170739727708705,8.529396333013572,1.5813928668940285,0.6100043516658301,1.4055515870357456,8.349056603773585,3.567999827489257,0.5112447556884623,0.7259597678104628,0.002273296652814316,0.6666666666666666,0.15437167652095038,0.07944825297995069,0,2,0,1,0,0.3333333333333333,0.2830188679245283,0.5607436527773061,0.32083135189346146,0.8884680486569093,0.5165969044887551,0.018867924528301886,0.37735849056603776,0.038833655364741246
890,99,93.39622641509433,106,0,105,1,0,0.0,2.086728876055345,2.0802033959714787,7.502264767630489,1.5843460949950725,0.6750306717887253,1.4441050030090672,8.349056603773585,3.567999827489257,0.5063724647611554,0.15525020958762303,0.0012697600633053618,0.0,0.15525020958762303,0.003074917389312759,0,0,0,1,0,0.0,0.27358490566037735,0.5380887696474727,0.33537864591477246,0.8724140083397937,0.5109621202937583,0.0,0.37735849056603776,0.038698377348405213
891,101,95.28301886792453,106,0,104,2,0,0.0,2.0924489437926406,2.086121932289143,7.401978222589592,1.5873628906150492,0.6800896274661672,1.4185649785887604,8.349056603773585,3.567999827489257,0.5039396080778027,0.156462287231467,0.0010409245065753042,0.0,0.156462287231467,-0.004462452370477266,0,0,0,2,0,0.0,0.29245283018867924,0.5316532137448226,0.33482137140738805,0.8760083343819365,0.5131979868428376,0.0,0.339622641509434,0.03878079731834992
892,101,95.28301886792453,106,0,104,2,0,0.0,2.0718724380370754,2.066166967063855,7.0697885872843,1.5897024524726588,0.7139242944748987,1.4618012948851278,8.349056603773585,3.567999827489257,0.5021585203994963,0.23587168668142477,0.0009102563334230055,0.0,0.23587168668142477,0.008137384058015007,0,0,0,2,0,0.0,0.3113207547169811,0.5243547941982998,0.3369640177878934,0.9073101136654359,0.5099718417776542,0.0,0.30188679245283023,0.03871965257109385
893,104,98.11320754716981,106,0,105,1,0,0.0,2.0768167135093534,2.07045503921708,7.1439753479165935,1.592080937492848,0.7125071221242867,1.4784140851370147,8.349056603773585,3.567999827489257,0.5045334195346984,0.27377535543633214,0.001399768431679784,0.0,0.27377535543633214,0.01929982627316984,0,0,0,1,0,0.0,0.3113207547169811,0.5285228705950902,0.34503910316980935,0.89483074948737,0.507915071939252,0.0,0.30188679245283023,0.038786806119163846
894,105,99.05660377358491,106,1,105,0,0,0.009433962264150943,2.072871968636574,2.061841143045979,7.038633681318777,1.5942672329492775,0.7256728912526847,1.4993040219637916,8.349056603773585,3.567999827489257,0.5038349031256484,0.955737960020826,0.005062182507577584,1.0,0.044262039979173995,0.0549124882484624,0,1,0,0,0,1.0,0.2830188679245283,0.5268968409978863,0.34952811059093897,0.8971694997998136,0.5088459325843541,0.009433962264150943,0.339622641509434,0.038806085903856855
895,105,99.05660377358491,106,0,105,1,0,0.0,2.0751692737376475,2.0644558767336507,6.666327226849169,1.5963116065242882,0.7455482104179741,1.5018686932954477,8.349056603773585,3.567999827489257,0.502558182022951,0.22666789133127993,0.00041697962569098475,0.0,0.22666789133127993,0.006637088490814236,0,0,0,1,0,0.0,0.27358490566037735,0.516414226571575,0.35512819791117395,0.9001472884781836,0.5100820738315499,0.0,0.30188679245283023,0.03885404405217703
896,105,99.05660377358491,106,0,105,1,0,0.0,2.0891045794307592,2.0776015861926034,7.1474897415252014,1.5986582679663237,0.73490619612062,1.491486017111038,8.349056603773585,3.567999827489257,0.5063031362823094,0.25395694770737104,0.0004571916397996436,0.0,0.25395694770737104,0.007987748955858742,0,0,0,1,0,0.0,0.24528301886792453,0.5285665314797233,0.3342476024220729,0.9237168202773195,0.5187322528143747,0.0,0.339622641509434,0.038965585018744385
897,105,99.05660377358491,106,0,106,0,0,0.0,2.0885680812336043,2.0773057140271036,7.241335767475786,1.600912755157472,0.7190741902503641,1.4793884819090122,8.349056603773585,3.567999827489257,0.5074418446127564,0.0,0.0,0.0,0.0,0.0,0,0,0,0,0,0.0,0.2830188679245283,0.5323506467872038,0.3327797300345495,0.9000552645758322,0.5206207513420166,0.0,0.37735849056603776,0.03900312257730408
898,105,99.05660377358491,106,0,106,0,0,0.0,2.0815839499780946,2.0701647198500415,7.150656742837427,1.6028829697215938,0.7231052957913445,1.482480292789639,8.349056603773585,3.567999827489257,0.5084792592857463,0.0,0.0,0.0,0.0,0.0,0,0,0,0,0,0.0,0.2641509433962264,0.5327320266718493,0.33371048013077675,0.9162545013860641,0.5251975050157996,0.0,0.37735849056603776,0.039003350547151046
899,106,100.0,106,0,106,0,0,0.0,2.084121504611038,2.072956884509881,7.338677508285664,1.6048625865776642,0.7204530799669908,1.4829287219264942,8.349056603773585,3.567999827489257,0.5104441337709011,0.0,0.0,0.0,0.0,0.0,0,0,0,0,0,0.0,0.29245283018867924,0.5402420914470726,0.3287257078591564,0.9162545013860641,0.5289009431064567,0.0,0.37735849056603776,0.039051354683320535
900,106,100.0,106,0,105,1,0,0.0,2.088371455929854,2.076948248241597,7.479214026266188,1.6068855001885747,0.7249414951572987,1.482635892828576,8.349056603773585,3.567999827489257,0.5116329555980026,0.2249171908133598,0.0003937531660270118,0.0,0.2249171908133598,0.008158291946535057,0,0,0,1,0,0.0,0.29245283018867924,0.5420601336670241,0.3248589750795442,0.9188417935007352,0.5278330012441211,0.0,0.339622641509434,0.039108693216988386
901,106,100.0,106,0,106,0,0,0.0,2.089362108869053,2.0784951717113493,7.182878158963399,1.6088803916267231,0.7340818154916252,1.480905790577042,8.349056603773585,3.567999827489257,0.5084483172520611,0.0,0.0,0.0,0.0,0.0,0,0,0,0,0,0.0,0.27358490566037735,0.5313500575396873,0.32814604021337634,0.9211464981896895,0.526925393240707,0.0,0.339622641509434,0.03914923534322025
902,105,99.05660377358491,106,1,104,1,0,0.009433962264150943,2.0796159895614523,2.0709398800241074,7.167438657990311,1.6105251997322174,0.7281952785327777,1.4739237732645383,8.349056603773585,3.567999827489257,0.5053887333939608,0.13677027734303174,0.0005816732634177028,0.0,0.13677027734303174,0.006529009924922113,0,1,0,1,0,0.5,0.27358490566037735,0.5268107044914538,0.3209937253059751,0.9247019595328773,0.5246742982037511,0.009433962264150943,0.339622641509434,0.039129848121865526
903,105,99.05660377358491,106,0,105,1,0,0.0,2.078953946183729,2.0701025755776925,7.419006690038962,1.6121506684444709,0.7231751664092537,1.4684852620872368,8.349056603773585,3.567999827489257,0.5067417907620948,0.05200638741509443,0.0008690745445338085,0.0,0.05200638741509443,0.001143791060982946,0,0,0,1,0,0.0,0.3113207547169811,0.5327063098606261,0.31458788604330484,0.9242830723682104,0.5285067462862137,0.0,0.3018867924528302,0.039155536265401455
904,105,99.05660377358491,106,0,104,2,0,0.0,2.0826320857113974,2.0737882287052662,6.727977359668376,1.6138233437136627,0.7471867990541758,1.4836288656747052,8.349056603773585,3.567999827489257,0.5038336520956017,0.06914637097411101,0.001307401495069106,0.0,0.06914637097411101,-0.001838532914173241,0,0,0,2,0,0.0,0.29245283018867924,0.5160220652582207,0.339942312738291,0.9233092175060592,0.5260862894354311,0.0,0.3018867924528302,0.039203767488399405
905,105,99.05660377358491,106,0,105,1,0,0.0,2.0979266133714707,2.0898404727905744,6.987041022858205,1.6158945331651522,0.7444173743224822,1.4754569727015823,8.349056603773585,3.567999827489257,0.5038572666209766,0.05886296986282538,0.0009179264179163301,0.0,0.05886296986282538,0.003979084783559683,0,0,0,1,0,0.0,0.2830188679245283,0.519580190177218,0.3335586541349436,0.9102123510154122,0.5241203795765047,0.0,0.339622641509434,0.039317190144727836
906,105,99.05660377358491,106,0,105,1,0,0.0,2.1031931353996036,2.0951028359222272,6.9550218754149205,1.6180420314665536,0.7468402830009415,1.4678604783617097,8.349056603773585,3.567999827489257,0.5042084169687309,0.06791867212233757,0.0009467574205553676,0.0,0.06791867212233757,0.0013855455761325741,0,0,0,1,0,0.0,0.32075471698113206,0.5179657828417688,0.3409578709095468,0.9100354610426264,0.5269234214836661,0.0,0.339622641509434,0.03938183412271317
907,106,100.0,106,0,104,2,0,0.0,2.129663560038456,2.1218300856434267,7.319052604905407,1.6208758096114213,0.7342512679474285,1.437636917024504,8.349056603773585,3.567999827489257,0.5089649425363443,0.21891829675536928,0.0012180334417324296,0.0,0.21891829675536928,0.011980226445599151,0,0,0,2,0,0.0,0.3018867924528302,0.5301483513849149,0.3415347233825647,0.91486207123798,0.5296387342138361,0.0,0.339622641509434,0.03956474084556759
908,106,100.0,106,0,105,1,0,0.0,2.135056349483036,2.1269897272647937,7.546809032355819,1.6237557553602884,0.7122832966847611,1.4212715813819568,8.349056603773585,3.567999827489257,0.5106626988856893,0.06570452227289299,0.0009230212671289549,0.0,0.06570452227289299,-0.0003525769749667118,0,0,0,1,0,0.0,0.3018867924528302,0.5370198227999587,0.33144837123290866,0.9121989549405707,0.5343036843767931,0.0,0.339622641509434,0.03964308302246616
909,106,100.0,106,0,105,1,0,0.0,2.1299895557109516,2.1224396017187273,7.800177187803413,1.6264030658724966,0.7193695190175257,1.4259604189818034,8.349056603773585,3.567999827489257,0.5130024698238944,0.06485406501869839,0.0009587830933225185,0.0,0.06485406501869839,-0.0019644113271417574,0,0,0,1,0,0.0,0.3113207547169811,0.5461745851977169,0.31884567112487516,0.922994757581397,0.5350215295709327,0.0,0.339622641509434,0.03966497707086009
910,105,99.05660377358491,106,1,105,0,0,0.009433962264150943,2.1349217972879964,2.1189731644658734,8.12243686378732,1.6291053033980518,0.7178972916151677,1.4523386959339446,8.349056603773585,3.567999827489257,0.5158278642360024,0.30743519237635697,0.0021339941269774487,0.0,0.30743519237635697,-0.0020811970983278805,0,1,0,0,0,0.0,0.3018867924528302,0.5567620874261052,0.2992665672588052,0.9158905087890625,0.5438750635691197,0.009433962264150943,0.30188679245283023,0.0397378461938704
911,105,99.05660377358491,106,0,106,0,0,0.0,2.1655161050125895,2.1485568586324293,9.286954944059394,1.632307232990802,0.6452273922418904,1.3999440854409961,8.349056603773585,3.567999827489257,0.5209991860742229,0.0,0.0,0.0,0.0,0.0,0,0,0,0,0,0.0,0.3018867924528302,0.5811767977455926,0.2714531319632054,0.9170887800374172,0.5516336843846478,0.0,0.30188679245283023,0.03994794015366619
912,105,99.05660377358491,106,0,105,1,0,0.0,2.186014505900974,2.1693645422602335,9.498490608158162,1.6359888522339618,0.6514097306917024,1.3990640594899444,8.349056603773585,3.567999827489257,0.520879984503879,0.06428838524960302,0.0006738869203285951,0.0,0.06428838524960302,0.0003777997855773929,0,0,0,1,0,0.0,0.2641509433962264,0.5797220958227741,0.2700485782836215,0.9273073054393574,0.5521336419826622,0.0,0.3018867924528302,0.04011611224223049
913,105,99.05660377358491,106,0,105,1,0,0.0,2.166606233518121,2.1502019594689954,8.516752575796726,1.6389921345721303,0.6854985973676962,1.417064088802928,8.349056603773585,3.567999827489257,0.5169573835542145,0.057635102897378145,0.0005395605450452076,0.0,0.057635102897378145,0.00413963993748212,0,0,0,1,0,0.0,0.2641509433962264,0.5590123937276406,0.28128907722845276,0.9273073054393574,0.553180661442853,0.0,0.3018867924528302,0.04007264943463866
914,105,99.05660377358491,106,0,105,1,0,0.0,2.1582380218712944,2.1414248874290975,8.242227069977845,1.64163772706946,0.6861162784285892,1.4201424391283148,8.349056603773585,3.567999827489257,0.5154873426115565,0.6161642885093148,0.0018998543166275743,1.0,0.3838357114906852,0.029671506020140237,0,0,0,1,0,0.0,0.2830188679245283,0.5525330572631677,0.290083737680572,0.9241527752292429,0.5527915293372436,0.0,0.3018867924528302,0.04007800574427492
915,105,99.05660377358491,106,1,105,0,0,0.009433962264150943,2.1566814425874203,2.137970569225942,7.974207505659388,1.6441324064743088,0.6992221070520733,1.426548948391533,8.349056603773585,3.567999827489257,0.5129875820812329,0.6069933127221583,0.0019519467681268937,1.0,0.3930066872778417,0.021891761807329768,0,1,0,0,0,0.0,0.3113207547169811,0.543559083004501,0.2934470520092374,0.8960187468165421,0.555173794267441,0.009433962264150943,0.3018867924528302,0.04011472792628626
916,105,99.05660377358491,106,0,105,1,0,0.0,2.143673216349284,2.124372536900615,7.989318610368164,1.6461078518090848,0.7100861002897287,1.434459588859176,8.349056603773585,3.567999827489257,0.5114714053100318,0.07539508808820497,0.0004991191195178181,0.0,0.07539508808820497,0.005921741939466041,0,0,0,1,0,0.0,0.3018867924528302,0.5407840439505561,0.2864175046978806,0.8948224401216078,0.5571540573593285,0.0,0.26415094339622636,0.04008492873816405
917,104,98.11320754716981,106,1,103,2,0,0.009433962264150943,2.1600875455223854,2.1448694763275538,8.498213986902252,1.6484860019871983,0.686727980238315,1.4043717227951356,8.349056603773585,3.567999827489257,0.515519782672667,0.15773073344035324,0.0008010858181939426,0.0,0.15773073344035324,-0.006545825372440121,0,1,0,2,0,0.3333333333333333,0.3018867924528302,0.5538497504984049,0.2740037392622557,0.9091161641299628,0.5669891596311298,0.009433962264150943,0.2641509433962264,0.04020942658115582
918,103,97.16981132075472,106,2,102,2,0,0.018867924528301886,2.187666268523648,2.170984548051105,8.866768427019645,1.6516623084448723,0.692249019004688,1.4034605007321184,8.349056603773585,3.567999827489257,0.5196721764052865,0.2733872418863317,0.001375712308791654,0.25,0.2640578767337789,0.007697018826973934,0,2,0,2,0,0.0,0.29245283018867924,0.5621209305013994,0.2729517999067033,0.9266822767743881,0.5723193951996538,0.018867924528301886,0.3018867924528301,0.0404039855006273
919,103,97.16981132075472,106,0,105,1,0,0.0,2.1794726126716473,2.1627257023932573,8.543832106353578,1.65446383959322,0.7231082926111404,1.4196988978139367,8.349056603773585,3.567999827489257,0.5177774738635657,0.15693141058631466,0.0010279462559802588,0.0,0.15693141058631466,-0.0035143170987146366,0,0,0,1,0,0.0,0.3018867924528302,0.5554473124254323,0.27301421054953035,0.9187575619169532,0.5707570869354159,0.0,0.26415094339622636,0.040412996534637355
920,103,97.16981132075472,106,0,103,3,0,0.0,2.2041028455159637,2.1872386326159052,9.439603415639471,1.6578651091614724,0.6687195258662615,1.3709249839281201,8.349056603773585,3.567999827489257,0.5232831217923963,0.08379885081303595,0.0006061871820760103,0.0,0.08379885081303595,0.008499787077425824,0,0,0,3,0,0.0,0.330188679245283,0.5767220195389058,0.2563452977083699,0.915780281589261,0.5827832350966607,0.0,0.3018867924528301,0.04059682634502278
921,103,97.16981132075472,106,0,103,3,0,0.0,2.2131224449487696,2.196190369461892,9.411372231725695,1.6614005398015756,0.6648868904093594,1.3504374092754603,8.349056603773585,3.567999827489257,0.5242873126460883,0.16956683355173563,0.0011344896073885052,0.0,0.16956683355173563,-0.0012568319634637115,0,0,0,3,0,0.3333333333333333,0.330188679245283,0.5763955572387569,0.26365832553668744,0.8954670809127498,0.5856708785599853,0.0,0.3018867924528301,0.040704996421756755
922,104,98.11320754716981,106,0,102,4,0,0.0,2.247854328551079,2.230632957015747,10.474238681668929,1.665792955454142,0.6376409861181253,1.314483117069687,8.349056603773585,3.567999827489257,0.5294445027077384,0.0776002155173784,0.0007105455635983154,0.0,0.0776002155173784,-0.006035343713676811,0,0,0,4,0,0.5,0.330188679245283,0.5941829245053398,0.2412975561747411,0.8840270939063636,0.5924125372023046,0.0,0.3018867924528301,0.040957016531221385
923,106,100.0,106,0,103,3,0,0.0,2.2777868615956507,2.2597336365068266,11.2178975518502,1.6708592994790343,0.6161147151059834,1.2761229636833713,8.349056603773585,3.567999827489257,0.5330916442475913,0.07875366448978709,0.0004229090247806666,0.0,0.07875366448978709,0.011339318143705665,0,0,0,3,0,0.0,0.3113207547169811,0.6049399865569873,0.23700344847823035,0.9077480032276638,0.5955361868595127,0.0,0.26415094339622636,0.041197062769478335
924,105,99.05660377358491,106,1,101,4,0,0.009433962264150943,2.2714046964216523,2.250816480242358,10.174828767812043,1.6755721604059766,0.6755461963938747,1.3181272833074873,8.349056603773585,3.567999827489257,0.530203549676237,0.31014170312179795,0.0012566180304133243,0.2,0.20085925529328938,0.0021439885068012866,0,1,0,4,0,0.2,0.330188679245283,0.5865969920076551,0.2584361218155023,0.9269559194174589,0.5882860183301079,0.009433962264150943,0.26415094339622636,0.04124922937847989
925,105,99.05660377358491,106,0,104,2,0,0.0,2.246852821891563,2.2265431600049554,9.744190963218827,1.6793421934995936,0.6833368273074111,1.3290429487443822,8.349056603773585,3.567999827489257,0.5273516917915706,0.10678648133052285,0.000496721070105085,0.0,0.10678648133052285,0.0036120859939001715,0,0,0,2,0,0.0,0.33962264150943394,0.5794375395775603,0.2566982981478429,0.9130862318676047,0.5825329047504949,0.0,0.26415094339622636,0.04119372739296771
926,105,99.05660377358491,106,0,103,3,0,0.0,2.241089061681581,2.2211414235018228,10.355388297388533,1.6828235246596441,0.6662664509830654,1.3294684978820608,8.349056603773585,3.567999827489257,0.5278624892963475,0.06520333998455212,0.0007426370523743328,0.0,0.06520333998455212,-0.009835581152316123,0,0,0,3,0,0.6666666666666666,0.330188679245283,0.5878468114999925,0.24112533952639886,0.9124603650786176,0.5831465905023231,0.0,0.26415094339622636,0.041227015536810276
927,101,95.28301886792453,106,4,102,0,0,0.03773584905660377,2.249392918456911,2.2321182446220407,10.001356529220331,1.6864116135361353,0.6895533991960217,1.3368764445164931,8.349056603773585,3.567999827489257,0.5273179935891301,0.2143411081633603,0.0009572254209897124,0.0,0.2143411081633603,0.008033619747994741,0,4,0,0,0,0.25,0.33962264150943394,0.5813308231473224,0.2485363467662002,0.9024813263614823,0.5828163987552929,0.03773584905660377,0.26415094339622636,0.04133254632314861
928,101,95.28301886792453,106,0,103,3,0,0.0,2.246189069666147,2.228876164390192,9.876481827518324,1.6898614882347203,0.688627175567165,1.3366477269826422,8.349056603773585,3.567999827489257,0.5270662520489251,0.08019242483071404,0.0003171727854675138,0.0,0.08019242483071404,0.0022798180090383333,0,0,0,3,0,0.6666666666666666,0.3018867924528302,0.5793687970611033,0.2560637663978088,0.9007108551613663,0.5820143010352522,0.0,0.3018867924528301,0.04137807284084184
929,102,96.22641509433963,106,0,105,1,0,0.0,2.2261961700498865,2.2086237041128784,10.017402827920352,1.6926101852118056,0.6896563159602144,1.3419130459185484,8.349056603773585,3.567999827489257,0.5247906432728633,0.16161538032950007,0.0003189332746723304,0.0,0.16161538032950007,0.00034012638486879965,0,0,0,1,0,0.0,0.32075471698113206,0.5777024171381102,0.24812603624103946,0.8825070848115357,0.5833137076558322,0.0,0.3018867924528301,0.04132714509446084
930,99,93.39622641509433,106,3,100,3,0,0.02830188679245283,2.2299954506933792,2.204651529107655,9.557660181466149,1.6953934743084984,0.7302735785969104,1.4010286083932884,8.349056603773585,3.567999827489257,0.5229184225601935,0.4046486657269989,0.0017321978683578147,0.3333333333333333,0.12919418247469258,0.017550493892699193,0,3,0,3,0,0.3333333333333333,0.32075471698113206,0.5689159965052661,0.25664109509876515,0.8807779535290756,0.5711062887855927,0.02830188679245283,0.26415094339622636,0.04139579537276257
931,98,92.45283018867924,106,1,104,1,0,0.009433962264150943,2.228173133894865,2.2120979604875624,10.388539897680259,1.6977756736011946,0.7164224811567529,1.3870675185421038,8.349056603773585,3.567999827489257,0.5242460718333313,0.22845278085842669,0.0005915858699012265,0.0,0.22845278085842669,-0.003020798023741056,0,1,0,1,0,0.5,0.3113207547169811,0.5805268119515056,0.2431635567266678,0.8901567128248007,0.5663302459862066,0.009433962264150943,0.28301886792452824,0.041429182222096926
932,102,96.22641509433963,106,0,105,1,0,0.0,2.1854406289702495,2.1704505817211106,9.747626965899384,1.6991523789051883,0.7327778994308491,1.399508193901971,8.349056603773585,3.567999827489257,0.5168205747222947,0.007424345295193187,0.0005871828944248489,0.0,0.007424345295193187,-0.00815867454748187,0,0,0,1,0,1.0,0.330188679245283,0.5658383539296453,0.23997698749029023,0.9084443433780363,0.5626807826608031,0.0,0.320754716981132,0.04124008011890961
933,102,96.22641509433963,106,0,105,1,0,0.0,2.15713978156278,2.142172068249636,9.071072664552894,1.6996727815168076,0.7521747020221726,1.435957185025864,8.349056603773585,3.567999827489257,0.5128487576205945,0.05004998815326454,0.00045709890178860724,0.0,0.05004998815326454,0.008680880976063454,0,0,0,1,0,0.0,0.32075471698113206,0.5534758430485176,0.2486350025978668,0.9253651471281168,0.5568463224557005,0.0,0.28301886792452824,0.041107859864014676
934,102,96.22641509433963,106,0,105,1,0,0.0,2.1577722586684227,2.1429680042733206,8.786931795209194,1.700197335360904,0.7685318952479591,1.43081515081368,8.349056603773585,3.567999827489257,0.5090842639380315,0.005907795346425994,0.0006011982331209367,0.0,0.005907795346425994,-0.004887581751610748,0,0,0,1,0,1.0,0.32075471698113206,0.5420541931005224,0.25361779958711833,0.9104135794794808,0.554093461596,0.0,0.28301886792452824,0.04112038028966911
935,105,99.05660377358491,106,0,105,1,0,0.0,2.1660370128522977,2.150663353592492,8.68800418851863,1.7009228291650935,0.7538320798739979,1.4187133698863437,8.349056603773585,3.567999827489257,0.5076059012674605,0.005282428851428045,0.000571607839616718,0.0,0.005282428851428045,-0.007683966703508571,0,0,0,1,0,1.0,0.3018867924528302,0.5378901359757738,0.26139305537203744,0.9147061203259064,0.5488287298859548,0.0,0.28301886792452824,0.041174646869429454
936,106,100.0,106,0,104,2,0,0.0,2.142810427663901,2.127597672640805,8.167226823939721,1.7009640505863493,0.7890613048649134,1.4468178608221145,8.349056603773585,3.567999827489257,0.5032525293587955,0.14253286469248672,0.0010036652361457795,0.0,0.14253286469248672,0.007854622411934797,0,0,0,2,0,0.5,0.3113207547169811,0.5259371067483338,0.2709572765301563,0.9147061203259064,0.5416897383106288,0.0,0.28301886792452824,0.04105924933360711
937,106,100.0,106,0,104,2,0,0.0,2.1321711534804573,2.11691693438394,8.801569748890355,1.7006989302493016,0.7576387162397146,1.4362157631881467,8.349056603773585,3.567999827489257,0.5021984271446422,0.1520895892005719,0.000984828415413514,0.0,0.1520895892005719,0.005548772705965377,0,0,0,2,0,0.5,0.33962264150943394,0.5363119826548628,0.25043015524079054,0.8917366622180115,0.5415883677728451,0.0,0.320754716981132,0.041001323216105647
938,105,99.05660377358491,106,1,104,1,0,0.009433962264150943,2.172839116968183,2.1506803886690675,9.291848100550968,1.7015989854002402,0.734896794515572,1.423580339273275,8.349056603773585,3.567999827489257,0.5043537383332206,0.14671036274266136,0.0010179467980765576,0.0,0.14671036274266136,0.002261435389553146,0,1,0,1,0,0.5,0.3113207547169811,0.5426264237544701,0.2513345618176975,0.8823298330405125,0.5355069003672795,0.009433962264150943,0.3396226415094339,0.041220720016660675
939,104,98.11320754716981,106,1,103,2,0,0.009433962264150943,2.1798834132744362,2.158551208885891,9.619843778466183,1.7024443691160618,0.7477650624347135,1.43927095198311,8.349056603773585,3.567999827489257,0.5048458015705803,0.12133306031807568,0.0007680607975822491,0.0,0.12133306031807568,0.007105852783707863,0,1,0,2,0,0.3333333333333333,0.32075471698113206,0.5463508518382945,0.2517271955020811,0.8928941002440368,0.5361330129610051,0.009433962264150943,0.3018867924528301,0.04127102314295301
940,104,98.11320754716981,106,0,104,2,0,0.0,2.1713041541134324,2.1494318364888905,9.310966449994764,1.7030545363372385,0.7481359403355732,1.4454124271685092,8.349056603773585,3.567999827489257,0.5037595248119329,0.21030022911070306,0.0011232165756482637,0.0,0.21030022911070306,0.0041497333034141715,0,0,0,2,0,0.5,0.3113207547169811,0.5410648795847465,0.26369068355012876,0.8902891889189088,0.5299601156512733,0.0,0.3018867924528301,0.04123901222984748
941,104,98.11320754716981,106,0,103,3,0,0.0,2.1794367974506748,2.15660935405874,9.752270193941213,1.7038478078446242,0.7329269471652073,1.4295876486051924,8.349056603773585,3.567999827489257,0.5048087722345473,0.13690308233608997,0.0008123753304641394,0.0,0.13690308233608997,0.003740668332642675,0,0,0,3,0,0.3333333333333333,0.29245283018867924,0.5472018773045918,0.2590834002165722,0.9027998416806282,0.5308960948042656,0.0,0.3018867924528301,0.04129382740954121
942,103,97.16981132075472,106,1,104,1,0,0.009433962264150943,2.1618777129004503,2.138278413646677,9.160133549483957,1.7041247678675342,0.7678610869800083,1.4525039888067826,8.349056603773585,3.567999827489257,0.5008720421048158,0.19107228226150952,0.0007247098950195175,0.0,0.19107228226150952,0.007633772395121974,0,1,0,1,0,0.5,0.29245283018867924,0.5338440182699281,0.25924369309897904,0.8969632864610633,0.5332238136340577,0.009433962264150943,0.32075471698113206,0.04121097295335992
943,103,97.16981132075472,106,1,104,1,0,0.009433962264150943,2.1231565194894952,2.0926741775953066,7.707573512988074,1.7032720902075673,0.8382474734370395,1.5031287939052735,8.349056603773585,3.567999827489257,0.49374057478143096,0.4946585837192879,0.003977321893499543,0.5,0.009810432529482953,0.012145390066861994,0,1,0,1,0,1.0,0.32075471698113206,0.5054978659903124,0.28669701757964206,0.8861497079099867,0.5185763940653577,0.009433962264150943,0.32075471698113206,0.04100215521758681
944,104,98.11320754716981,106,0,105,1,0,0.0,2.1140636656341916,2.082985282259598,7.414081127690276,1.701956073989408,0.8523597717157794,1.5037059695179806,8.349056603773585,3.567999827489257,0.49084018454970035,0.4661150904817066,0.004526449263345405,0.0,0.4661150904817066,0.010075802038321813,0,0,0,1,0,0.0,0.33962264150943394,0.4980298505598964,0.2947744088090223,0.901504109608984,0.5168645735020186,0.0,0.28301886792452824,0.040933213220113465
945,104,98.11320754716981,106,0,105,1,0,0.0,2.108562460587747,2.0772730550666076,7.118309421595117,1.7005239634225287,0.8458771248890257,1.492157172303384,8.349056603773585,3.567999827489257,0.4921348076452159,0.4556683368380002,0.0043301361924488,0.0,0.4556683368380002,0.008727578534011071,0,0,0,1,0,0.0,0.330188679245283,0.49565655856244956,0.29993390393171776,0.8998820739649109,0.5201355544158212,0.0,0.28301886792452824,0.04088015834360338
946,103,97.16981132075472,106,1,105,0,0,0.009433962264150943,2.0987553780283945,2.064923293909041,6.993243656610353,1.6988922691951973,0.8623855258768686,1.5152416922370209,8.349056603773585,3.567999827489257,0.4890859989737142,0.48148144327711206,0.004197052523553612,0.0,0.48148144327711206,0.007551499753475133,0,1,0,0,0,0.0,0.32075471698113206,0.49052236616056993,0.2917789024520707,0.8959891095008695,0.5220718666728499,0.009433962264150943,0.3018867924528301,0.040802013507198455
947,104,98.11320754716981,106,0,106,0,0,0.0,2.0869344078732674,2.0539788772183645,6.124983447108234,1.696904566197738,0.886551183147122,1.5286120268875503,8.349056603773585,3.567999827489257,0.48489691665182555,0.0,0.0,0.0,0.0,0.0,0,0,0,0,0,0.0,0.330188679245283,0.4705742507287461,0.3165665732937681,0.8850351325464079,0.5200094672038771,0.0,0.3018867924528301,0.040707448036662645
948,105,99.05660377358491,106,0,104,2,0,0.0,2.0876357116489297,2.05434459215417,5.877002435702868,1.694998223406422,0.8760262128225824,1.5259351590084984,8.349056603773585,3.567999827489257,0.48353098175853226,0.4073249414371476,0.0021045059495924633,0.0,0.4073249414371476,0.0023170582202732826,0,0,0,2,0,0.0,0.330188679245283,0.46522462871552195,0.33341787235620046,0.8771910806791341,0.51774523306532,0.0,0.3396226415094339,0.040676945401788206
949,103,97.16981132075472,106,2,103,1,0,0.018867924528301886,2.097406513085127,2.0591820748425143,5.694637348223812,1.6934354763795,0.8780146264069545,1.5286508855519823,8.349056603773585,3.567999827489257,0.48181324732409836,0.30681136393840575,0.0018092344193201121,0.0,0.30681136393840575,0.003903640170147845,0,2,0,1,0,0.0,0.3113207547169811,0.45913112090715175,0.3401837806117647,0.8864498789619555,0.5136723547351815,0.018867924528301886,0.320754716981132,0.040697920003356855
950,103,97.16981132075472,106,0,105,1,0,0.0,2.1120552294108172,2.0734791105257644,6.196669935844411,1.6921990863729055,0.8531960501667639,1.5045812105615832,8.349056603773585,3.567999827489257,0.4850074892609195,0.16568505990039412,0.0013891122107884605,0.0,0.16568505990039412,0.006463701398214283,0,0,0,1,0,0.0,0.3113207547169811,0.470534117700593,0.32024599121473896,0.8883348939517501,0.5179896156915152,0.0,0.320754716981132,0.040749106388334115
951,104,98.11320754716981,106,0,105,1,0,0.0,2.120960435053053,2.0819772996111365,6.684669462054962,1.691249383057138,0.8342914933384656,1.4887127350056875,8.349056603773585,3.567999827489257,0.48850892674820057,0.12593269422745582,0.0013368334631423452,0.0,0.12593269422745582,0.004711321523226175,0,0,0,1,0,0.0,0.330188679245283,0.48201461108992266,0.2946245130189323,0.8771454166253789,0.5239322319902905,0.0,0.320754716981132,0.04077668971021117
952,104,98.11320754716981,106,0,105,1,0,0.0,2.1289934229923215,2.090209505217464,6.574598635365571,1.6905685452195047,0.8251885965619326,1.4759107421032138,8.349056603773585,3.567999827489257,0.4916526489898383,0.13010828398490965,0.001039213433914,0.0,0.13010828398490965,0.012906274233682513,0,0,0,1,0,0.0,0.33962264150943394,0.4822986262458587,0.2986213905983689,0.8746957702853375,0.5287463781817262,0.0,0.320754716981132,0.0408047085034714
953,104,98.11320754716981,106,0,106,0,0,0.0,2.1180799621586837,2.0799387603926323,6.354201709923164,1.6896188315486382,0.8510157541977134,1.4957392832914123,8.349056603773585,3.567999827489257,0.487435089430005,0.0,0.0,0.0,0.0,0.0,0,0,0,0,0,0.0,0.32075471698113206,0.4732515973309768,0.296851093373552,0.874065664519822,0.5236007072859303,0.0,0.320754716981132,0.04073319830823413
954,106,100.0,106,0,105,1,0,0.0,2.1143986317733616,2.0763673152082154,5.973351677909999,1.688601060333495,0.8548522361180437,1.5092655494256542,8.349056603773585,3.567999827489257,0.48626176740465143,0.089660778458895,0.002039852739041933,0.0,0.089660778458895,0.011833923230888832,0,0,0,1,0,0.0,0.330188679245283,0.46377779153776966,0.31337142855769,0.8681943848379959,0.5214562791123458,0.0,0.35849056603773577,0.04069663461870725
955,106,100.0,106,0,105,1,0,0.0,2.130302430336686,2.09175188925068,6.263683835340323,1.6880587404537881,0.8402791075646965,1.4970363908969289,8.349056603773585,3.567999827489257,0.488090792311195,0.0684528524405188,0.0008224826946690254,0.0,0.0684528524405188,0.023629708108647063,0,0,0,1,0,0.0,0.330188679245283,0.46953976137416936,0.31226132131774814,0.8647305978076941,0.5174487852109269,0.0,0.35849056603773577,0.04076647862533768
956,106,100.0,106,0,104,2,0,0.0,2.1654521525915524,2.1256529912067914,6.7100723873735735,1.6885034435539026,0.8160429119305519,1.4709237237348354,8.349056603773585,3.567999827489257,0.4908043570702474,0.22138133947372668,0.0014708392564079583,0.0,0.22138133947372668,0.008008037911952759,0,0,0,2,0,0.0,0.330188679245283,0.4772712838973371,0.3121794678150273,0.8681943848379959,0.5213223791964701,0.0,0.35849056603773577,0.04095016073953447
957,105,99.05660377358491,106,1,104,1,0,0.009433962264150943,2.157803636466153,2.115590364309072,6.1694959509033245,1.688727002967891,0.8266461906407779,1.4802586602574919,8.349056603773585,3.567999827489257,0.48823404895945566,0.08069476389819616,0.0003675584931681986,0.0,0.08069476389819616,0.005760011943448107,0,1,0,1,0,0.5,0.37735849056603776,0.4646860207274036,0.33421661919396894,0.8815941842340507,0.515883358017036,0.009433962264150943,0.339622641509434,0.040915906458660195
958,104,98.11320754716981,106,1,103,2,0,0.009433962264150943,2.1281046717726926,2.0814135252828003,5.584620729237893,1.6880551013886798,0.8654192511640217,1.5045488260912658,8.349056603773585,3.567999827489257,0.480385516566358,0.1359883965485633,0.0005248669544431519,0.0,0.1359883965485633,0.007086771022598766,0,1,0,2,0,0.3333333333333333,0.3490566037735849,0.44481443910110885,0.33606965263673516,0.8750700006874336,0.51156826897423,0.009433962264150943,0.339622641509434,0.040755424911599315
959,104,98.11320754716981,106,0,104,2,0,0.0,2.1433329144103843,2.095530370205695,6.352031014674663,1.6876401142783475,0.8404297696637938,1.4824537516510012,8.349056603773585,3.567999827489257,0.48580894155648924,0.13254797176754804,0.00017079570117321759,0.0,0.13254797176754804,0.007652881292779634,0,0,0,2,0,0.5,0.36792452830188677,0.46473745399703537,0.30591883826658384,0.8659597458718502,0.5188900089583574,0.0,0.339622641509434,0.04082416275509739
960,104,98.11320754716981,106,0,103,3,0,0.0,2.1736129281354097,2.124925214476014,6.7640457816850645,1.688078980301681,0.8102771936108883,1.4645587719280946,8.349056603773585,3.567999827489257,0.4881585988691506,0.13215138360684156,0.00015005281010935811,0.0,0.13215138360684156,0.008121197162846094,0,0,0,3,0,0.3333333333333333,0.3584905660377358,0.47292377529645424,0.30038496789088986,0.8928011439904329,0.5240099483870042,0.0,0.339622641509434,0.04098339219320024
961,104,98.11320754716981,106,0,103,3,0,0.0,2.1710322941154088,2.1233091666648765,6.2943164595358,1.6884560591195674,0.820706565625565,1.469682036332759,8.349056603773585,3.567999827489257,0.48566403038155004,0.11930646164510017,0.00014207355668008578,0.0,0.11930646164510017,0.009573496104687773,0,0,0,3,0,0.3333333333333333,0.3490566037735849,0.46142970708565495,0.32053328160488775,0.9114390754755466,0.5213044795959011,0.0,0.3018867924528302,0.04097721610888608
962,105,99.05660377358491,106,0,100,6,0,0.0,2.179025311594288,2.130576261986338,6.375394089238983,1.689027115724709,0.8168391513388812,1.4649482192919352,8.349056603773585,3.567999827489257,0.4852489583921251,0.06197719978472891,0.0009692778786768285,0.0,0.06197719978472891,0.004113043769810865,0,0,0,6,0,0.6666666666666666,0.3490566037735849,0.46148611688028107,0.3193540240375223,0.8853273365981622,0.5185456517794776,0.0,0.3018867924528302,0.041027368845623635
963,105,99.05660377358491,106,1,99,6,0,0.009433962264150943,2.200752852685297,2.154232179997137,7.0914751942812435,1.6901661126832515,0.8150868330112624,1.460175028026494,8.349056603773585,3.567999827489257,0.48807005131319947,0.07947840950411175,0.0006715613833558197,0.0,0.07947840950411175,0.004032603896756692,0,1,0,6,0,0.42857142857142855,0.330188679245283,0.4742696045660883,0.2905001780805618,0.9049755478165744,0.5291370690906007,0.009433962264150943,0.3207547169811321,0.04115632625583664
964,104,98.11320754716981,106,1,98,7,0,0.009433962264150943,2.188869509016872,2.1454762711876114,6.647568241932302,1.6910197583702553,0.8347552745128839,1.4626557028112812,8.349056603773585,3.567999827489257,0.4839032627578195,0.20346906491110892,0.0005995732644319479,0.125,0.07922382541453729,0.016819972244403514,0,1,0,7,0,0.375,0.3490566037735849,0.4620341370179445,0.30772637922520535,0.8919795459148174,0.5240021230753402,0.009433962264150943,0.3018867924528302,0.04111213857581434
965,103,97.16981132075472,106,1,98,7,0,0.009433962264150943,2.1908902132232684,2.15133420991561,5.987332274135069,1.6919812378842014,0.8448293227211033,1.4772703632428676,8.349056603773585,3.567999827489257,0.47831724849554424,0.08985068360697458,0.0004883221925714226,0.0,0.08985068360697458,0.0019631291034956228,0,1,0,7,0,0.5,0.32075471698113206,0.44363143463067795,0.33599740029989494,0.8881273724058771,0.5201485969840238,0.009433962264150943,0.3018867924528302,0.04113939489054579
966,102,96.22641509433963,106,1,103,2,0,0.009433962264150943,2.204892680231329,2.1699126216207483,6.601142032634106,1.6933899240299752,0.8211977762188277,1.445128184755934,8.349056603773585,3.567999827489257,0.4840946459797286,0.16250861451721074,0.0013964465681973208,0.0,0.16250861451721074,-0.006103845578097992,0,1,0,2,0,0.0,0.32075471698113206,0.46022887768751,0.3176925703791346,0.8810640300662584,0.5324734526785699,0.009433962264150943,0.3018867924528302,0.04123453818521164
967,102,96.22641509433963,106,0,103,3,0,0.0,2.210351486380341,2.1747794504339457,6.686846467835378,1.695046676093669,0.8188145095754484,1.4422127392528137,8.349056603773585,3.567999827489257,0.48044521821927066,0.2067180354206899,0.0018930820793095007,0.0,0.2067180354206899,-0.016718149619116957,0,0,0,3,0,0.0,0.29245283018867924,0.45682107933057975,0.31129180180679544,0.9060492730148206,0.5323794293338447,0.0,0.3018867924528302,0.04129138867134396
968,103,97.16981132075472,106,0,102,4,0,0.0,2.223267377088222,2.1872465448862903,7.044067439912093,1.6970001759734308,0.8086308306645166,1.4330349957569684,8.349056603773585,3.567999827489257,0.48176098907856324,0.29207714218481445,0.002058548560154848,0.25,0.1796018656325758,-0.010641696741615941,0,0,0,4,0,0.25,0.2830188679245283,0.46314437224960453,0.29437775473394867,0.8799820186059653,0.5369956284652951,0.0,0.3018867924528302,0.04139081856105331
969,102,96.22641509433963,106,2,103,1,0,0.018867924528301886,2.2435062757408413,2.2063881185784604,7.531379121493322,1.6994072209933153,0.7999753544647542,1.4591223800678255,8.349056603773585,3.567999827489257,0.48750344863814843,0.17926908505088665,0.0016350787223499673,0.0,0.17926908505088665,-0.021296603288397404,0,2,0,1,0,0.0,0.2641509433962264,0.47745604500535943,0.2989003512622124,0.886735801642512,0.537818140869892,0.018867924528301886,0.3584905660377359,0.04153495473539494
970,103,97.16981132075472,106,0,105,1,0,0.0,2.268953539722149,2.230779221041253,7.978929461258859,1.7024477332866683,0.7919956017986765,1.4499499097205875,8.349056603773585,3.567999827489257,0.491004122462694,0.05271240408376389,0.0009843849807990106,0.0,0.05271240408376389,-0.018071685168806417,0,0,0,1,0,0.0,0.27358490566037735,0.4882714935279508,0.29003028726773156,0.8932526502476974,0.5458931781570863,0.0,0.3584905660377359,0.04171643379199229
971,103,97.16981132075472,106,1,103,2,0,0.009433962264150943,2.276502853949821,2.2343867457934214,7.936128136717128,1.7055840912456213,0.8033433652131383,1.4621208090362956,8.349056603773585,3.567999827489257,0.4926624090664211,0.1731861644354189,0.0007906468329692268,0.0,0.1731861644354189,0.008571942189999718,0,1,0,2,0,0.6666666666666666,0.27358490566037735,0.48914068260152654,0.2919081924117605,0.892820007095067,0.5552412672754764,0.009433962264150943,0.39622641509433965,0.0418101329864131
972,103,97.16981132075472,106,0,105,1,0,0.0,2.2752577238635707,2.233289225623423,8.0197010281189,1.7084758583863575,0.7898932816278302,1.4228155975993864,8.349056603773585,3.567999827489257,0.49345757848772354,0.1000887118087778,0.0009879829504867623,0.0,0.1000887118087778,-0.02177236845782482,0,0,0,1,0,0.0,0.29245283018867924,0.49239563350835147,0.29377287266052504,0.8829607434005267,0.5530348839239302,0.0,0.39622641509433965,0.041855496459278274
973,103,97.16981132075472,106,0,103,3,0,0.0,2.281359075257837,2.238603496719836,8.774241063379971,1.7114161378273423,0.759462390840847,1.4424317526577513,8.349056603773585,3.567999827489257,0.49944797040398026,0.1143102789101772,0.0006093244189626315,0.0,0.1143102789101772,0.008410266406134367,0,0,0,3,0,0.3333333333333333,0.25471698113207547,0.5119627926436722,0.28651783404875614,0.895157364546306,0.5497714531919244,0.0,0.39622641509433965,0.04193845779894062
974,104,98.11320754716981,106,1,103,2,0,0.009433962264150943,2.2891668103416984,2.240086291121694,9.439498986549578,1.714485314704996,0.7445437526680515,1.430649517925146,8.349056603773585,3.567999827489257,0.5024973071227083,0.47896931195018017,0.0031211120484920933,0.3333333333333333,0.14767870328491012,0.006928574886182259,0,1,0,2,0,0.6666666666666666,0.27358490566037735,0.5250871062846796,0.2713838579112364,0.8916748732116859,0.549001465289013,0.009433962264150943,0.39622641509433965,0.04203225058720995
975,104,98.11320754716981,106,0,103,3,0,0.0,2.269552333238433,2.221362329129673,8.680994536748152,1.716719044891,0.7696991936913592,1.4479181233398053,8.349056603773585,3.567999827489257,0.49828614690088435,0.19915819156804995,0.0012962071348319069,0.3333333333333333,0.17280607463372188,0.006254388027171043,0,0,0,3,0,0.6666666666666666,0.3113207547169811,0.5097432705213538,0.28007008091714053,0.90016780864224,0.5474380681257511,0.0,0.39622641509433965,0.041974027946285214
976,104,98.11320754716981,106,1,104,1,0,0.009433962264150943,2.277442634363067,2.2250916994287455,8.212005301914521,1.719095709708861,0.7803303483669898,1.4569370633578014,8.349056603773585,3.567999827489257,0.4991915019708053,0.38290533357633894,0.0018855203345842341,0.5,0.35936339292394526,0.005604929124957192,0,1,0,1,0,0.0,0.29245283018867924,0.5037677146472076,0.2915564771726615,0.8879536928958665,0.5444194675124899,0.009433962264150943,0.39622641509433965,0.04205587915020903
977,103,97.16981132075472,106,1,105,0,0,0.009433962264150943,2.2960206185775185,2.237534133055263,8.846460426448333,1.721779500716054,0.7682995929605463,1.4538799836395904,8.349056603773585,3.567999827489257,0.5043306912419789,0.41848446314347526,0.001472949251143235,0.0,0.41848446314347526,0.006566905549255653,0,1,0,0,0,0.0,0.32075471698113206,0.5195851020874176,0.27841926797250593,0.885001591851696,0.5517700166340019,0.009433962264150943,0.37735849056603776,0.04219664790053469
978,103,97.16981132075472,106,0,104,2,0,0.0,2.299172096848199,2.2399912031149207,8.581405323184137,1.7242847169110915,0.7799199841122162,1.4657106384118272,8.349056603773585,3.567999827489257,0.5054566561014802,0.018901137171759574,0.00044644026976429466,0.0,0.018901137171759574,0.0030915053880377075,0,0,0,2,0,1.0,0.3113207547169811,0.5185053921008288,0.29253485007797375,0.8745742758267314,0.5507934128658343,0.0,0.37735849056603776,0.042257098346646677
979,104,98.11320754716981,106,0,105,1,0,0.0,2.2843705296897374,2.2262519988910983,8.214519404118567,1.7263083751702084,0.7882381263363856,1.4773177105665785,8.349056603773585,3.567999827489257,0.5029828133503507,0.0024824416359247796,0.00024055713211928244,0.0,0.0024824416359247796,-0.0009848387426808491,0,0,0,1,0,1.0,0.33962264150943394,0.5113847615756612,0.30046007319996215,0.8731311243288855,0.5487761088342907,0.0,0.41509433962264153,0.042219192572451505
980,104,98.11320754716981,106,0,104,2,0,0.0,2.23621515557117,2.1810568189918857,6.596400616679063,1.7269697781534614,0.8531861299973073,1.5222935921656546,8.349056603773585,3.567999827489257,0.48892058266328653,0.013172859754922831,0.00035691256672700617,0.0,0.013172859754922831,0.004073681193467349,0,0,0,2,0,1.0,0.32075471698113206,0.47107543262249385,0.33147224899641353,0.8634699304718001,0.535908800321364,0.0,0.41509433962264153,0.041990215130509406
981,105,99.05660377358491,106,0,105,1,0,0.0,2.219862877631824,2.165230179202273,6.154192097801365,1.7271558266951004,0.8621646982815682,1.5459217408248342,8.349056603773585,3.567999827489257,0.4841765970590297,0.005818652064747116,0.0002535978087755471,0.0,0.005818652064747116,0.004739754302319099,0,0,0,1,0,1.0,0.3490566037735849,0.45938241936484187,0.3437175160929619,0.8848552156333824,0.5337658145648972,0.0,0.41509433962264153,0.04191177284663504
982,106,100.0,106,0,106,0,0,0.0,2.222107791472047,2.1668530008748967,6.318953227951444,1.7273815588446784,0.8441148505599989,1.5452398251650545,8.349056603773585,3.567999827489257,0.4883656307736759,0.0,0.0,0.0,0.0,0.0,0,0,0,0,0,0.0,0.33962264150943394,0.46874753102697775,0.351515488731807,0.8634699304718001,0.5321068813018249,0.0,0.41509433962264153,0.04192702447718992
983,106,100.0,106,0,106,0,0,0.0,2.178063311763558,2.124938183464096,5.51222478742053,1.7264028203812207,0.8850115162904602,1.578237336159658,8.349056603773585,3.567999827489257,0.47858860879380094,0.0,0.0,0.0,0.0,0.0,0,0,0,0,0,0.0,0.3490566037735849,0.4442442435159891,0.368714166566993,0.8809111965788865,0.5228377973945966,0.0,0.41509433962264153,0.0416893413853036
984,106,100.0,106,0,104,2,0,0.0,2.1969061533384058,2.142755045218612,5.792735872450604,1.7259675677817827,0.858830395765263,1.5778065147941336,8.349056603773585,3.567999827489257,0.4781547481127624,0.06819236623010713,0.000276246416465839,0.0,0.06819236623010713,0.005685010730353102,0,0,0,2,0,0.0,0.32075471698113206,0.44784124768289174,0.3714456931016841,0.8869064495021167,0.5180638302982911,0.0,0.41509433962264153,0.04177579068717929
985,106,100.0,106,0,105,1,0,0.0,2.200797402854408,2.146090744828855,5.742216530691452,1.7256430591994139,0.8600365185710669,1.5649903153995401,8.349056603773585,3.567999827489257,0.4801637219389454,0.04900489034446048,0.0002596044430340595,0.0,0.04900489034446048,0.004348143670838578,0,0,0,1,0,1.0,0.32075471698113206,0.4501196166526271,0.3764778874459826,0.8883070658910605,0.5189421720153347,0.0,0.37735849056603776,0.04178945770192975
986,106,100.0,106,0,104,2,0,0.0,2.215800490356987,2.1601015319853634,5.917749340130658,1.7257300529719628,0.8515079736498895,1.5625458114026909,8.349056603773585,3.567999827489257,0.48341018096842303,0.07381645902862476,0.00068577875237991,0.0,0.07381645902862476,9.254205405534455e-05,0,0,0,2,0,0.5,0.3113207547169811,0.4561514722342971,0.38282048461518275,0.864625518585633,0.5174007339271729,0.0,0.339622641509434,0.04186602510826988
987,106,100.0,106,0,103,3,0,0.0,2.1992290892531603,2.1448234794044487,5.607966092609978,1.7253778460950726,0.8659750926003156,1.5617248783620903,8.349056603773585,3.567999827489257,0.479854228528247,0.12765346924789853,0.0007361348548138184,0.0,0.12765346924789853,0.0017775543079427785,0,0,0,3,0,0.6666666666666666,0.3490566037735849,0.44522440851274175,0.3815061538317795,0.8868220211527365,0.5193440480754672,0.0,0.339622641509434,0.04177688473237083
988,105,99.05660377358491,106,1,103,2,0,0.009433962264150943,2.2064155108680885,2.1574212277848734,5.67053013119147,1.7252350788928685,0.8658046592896397,1.566573608004332,8.349056603773585,3.567999827489257,0.48209252005741643,0.1409750990849903,0.0007586814193924757,0.0,0.1409750990849903,0.0011740155423702325,0,1,0,2,0,0.6666666666666666,0.330188679245283,0.44788578091497006,0.37315001589659896,0.9029929391973573,0.5228173399054145,0.009433962264150943,0.339622641509434,0.04181026987368129
989,105,99.05660377358491,106,0,105,1,0,0.0,2.21491145356585,2.165542490924251,6.051191136010494,1.7254919361264935,0.8417023698196953,1.545824020497351,8.349056603773585,3.567999827489257,0.4858696485455132,0.009587932743873064,0.0008029782295402767,0.0,0.009587932743873064,-0.02444181579170679,0,0,0,1,0,1.0,0.32075471698113206,0.45882082174695504,0.3546492849058199,0.9016021344817035,0.5285017216203611,0.0,0.339622641509434,0.04185733191999642
990,105,99.05660377358491,106,0,104,2,0,0.0,2.246931564957176,2.1960874647983792,6.687852001710376,1.726611504386575,0.8099513295816441,1.496036769281412,8.349056603773585,3.567999827489257,0.4930174722107272,0.04566519109970614,0.00034801882154491333,0.0,0.04566519109970614,-0.006791358699183736,0,0,0,2,0,0.5,0.3584905660377358,0.47837435020957314,0.3365760685768034,0.9029929391973573,0.5429043730610331,0.0,0.339622641509434,0.042037405573747216
991,105,99.05660377358491,106,0,105,1,0,0.0,2.2259372166408524,2.175264051285908,6.438743558822723,1.7270967429665058,0.8301987751824773,1.5255976950699566,8.349056603773585,3.567999827489257,0.4930714666087259,0.005788066000353901,0.00034516481213029933,0.0,0.005788066000353901,-0.016239344677098755,0,0,0,1,0,1.0,0.37735849056603776,0.47718185771798866,0.33730169921442943,0.9016021344817035,0.5380573198545557,0.0,0.339622641509434,0.04194109048801302
992,105,99.05660377358491,106,0,105,1,0,0.0,2.198147771296805,2.1481667327462715,5.946570739359909,1.7267912024117433,0.86501843761485,1.5482672443012824,8.349056603773585,3.567999827489257,0.4890671367731314,0.008174566769683549,0.0008372766685426588,0.0,0.008174566769683549,-0.035535768305351545,0,0,0,1,0,1.0,0.330188679245283,0.46430273035056413,0.34219784093220257,0.8992191488798793,0.5336060558785307,0.0,0.339622641509434,0.04179669241805936
993,105,99.05660377358491,106,1,105,0,0,0.009433962264150943,2.1829819979218716,2.128556333518435,5.651811441772565,1.7260859912978448,0.8706839937443326,1.586149110571746,8.349056603773585,3.567999827489257,0.4880745205013901,0.6195256395949469,0.0025755057432668895,1.0,0.3804743604050531,0.004324966686560128,0,1,0,0,0,0.0,0.3490566037735849,0.45985320100241034,0.3588506596868744,0.9071577871486974,0.5257188690769479,0.009433962264150943,0.339622641509434,0.04170828258552103
994,105,99.05660377358491,106,0,106,0,0,0.0,2.1845273798231593,2.129708720525562,5.708322549096271,1.725289648885522,0.8615841438584564,1.5806487905357118,8.349056603773585,3.567999827489257,0.48758580941219365,0.0,0.0,0.0,0.0,0.0,0,0,0,0,0,0.0,0.33962264150943394,0.46158951013572685,0.35816668297886023,0.9020972468388855,0.5290284785105647,0.0,0.339622641509434,0.04170180274707851
995,105,99.05660377358491,106,0,105,1,0,0.0,2.2099035857752987,2.153648688112253,6.439849485538443,1.7252050623708524,0.8222464464850376,1.5410576577364543,8.349056603773585,3.567999827489257,0.4940308326258849,0.03246240220335017,0.0003815997946792687,0.0,0.03246240220335017,0.0006375521407510076,0,0,0,1,0,1.0,0.3584905660377358,0.4830225237382401,0.32897905220117374,0.8924011981656682,0.5423970317819073,0.0,0.3207547169811321,0.041827174753490466
996,105,99.05660377358491,106,0,105,1,0,0.0,2.1731908288247817,2.119337472785164,5.544063497977441,1.7241441146199366,0.8642587392537546,1.5585773559384708,8.349056603773585,3.567999827489257,0.48455718218396204,0.03894044484009264,0.00038886221106122933,0.0,0.03894044484009264,-0.00791562193289752,0,0,0,1,0,1.0,0.3584905660377358,0.45438331209858285,0.34861829521444343,0.91078716492299,0.535515436181047,0.0,0.339622641509434,0.04162468366177667
997,105,99.05660377358491,106,0,105,1,0,0.0,2.1760947518551568,2.122103558276386,5.620381826387433,1.723199976623387,0.864123525645956,1.5577523417544086,8.349056603773585,3.567999827489257,0.4853289991065932,0.038947936897743354,0.00037393180228833416,0.0,0.038947936897743354,-0.009973241456116,0,0,0,1,0,1.0,0.36792452830188677,0.4564791189988889,0.34017602738601505,0.9134389527473704,0.5431424946665367,0.0,0.3207547169811321,0.041622359855884465
998,106,100.0,106,0,105,1,0,0.0,2.1726211559551425,2.118623298249948,5.5787046977286385,1.7221901849315338,0.8827840335481031,1.5840742852665932,8.349056603773585,3.567999827489257,0.4855641540034379,0.27825024580114,0.0005122184712822743,0.0,0.27825024580114,0.005788925257558031,0,0,0,1,0,0.0,0.3584905660377358,0.45593087883807604,0.34201319768641564,0.9170004861861594,0.540593656204172,0.0,0.339622641509434,0.041586977193472735
999,106,100.0,106,0,105,1,0,0.0,2.1659956967690333,2.112832096387586,5.238575960606095,1.7210511185475368,0.8914979173528371,1.594703912002874,8.349056603773585,3.567999827489257,0.481562857852766,0.5822930444145127,0.0012017442874910401,1.0,0.4177069555854873,-0.003575936927987633,0,0,0,1,0,0.0,0.3584905660377358,0.4439427484384016,0.3566599778877493,0.9116474922099864,0.5400878244441516,0.0,0.339622641509434,0.04153352895423419
1000,105,99.05660377358491,106,1,105,0,0,0.009433962264150943,2.2104377274155027,2.149384240881365,5.918447226053832,1.7211551534301601,0.8722374771971905,1.5797360235986866,8.349056603773585,3.567999827489257,0.49149253150324435,0.9589085091935015,0.003509312982159325,1.0,0.04109149080649854,-0.001505904065352004,0,1,0,0,0,1.0,0.33962264150943394,0.4668547636021692,0.34091695398379945,0.9153818141849941,0.5452446554606785,0.009433962264150943,0.3207547169811321,0.0417575950896828
1001,104,98.11320754716981,106,1,103,2,0,0.009433962264150943,2.217866991364007,2.153029791792556,5.861207633889066,1.7213001531007484,0.8912849039643045,1.5936893465565287,8.349056603773585,3.567999827489257,0.49137647481580826,0.1948486525936106,0.001001735007274728,0.3333333333333333,0.15602540232683024,0.004667801267605927,0,1,0,2,0,0.6666666666666666,0.36792452830188677,0.46462263508140594,0.34571644085559805,0.9116340066776221,0.5467546207113533,0.009433962264150943,0.3207547169811321,0.041797328203423544
1002,104,98.11320754716981,106,0,104,2,0,0.0,2.2155009022486567,2.151181329334193,5.854379944537054,1.7212874835032412,0.8868983942991779,1.585577771267613,8.349056603773585,3.567999827489257,0.4889092860781856,0.04797830403415187,0.0002557428007542406,0.0,0.04797830403415187,0.003773635758719085,0,0,0,2,0,0.5,0.3113207547169811,0.46101113183756576,0.3353232832680131,0.910037618727326,0.5481858930036767,0.0,0.3207547169811321,0.04178527173223819
1003,104,98.11320754716981,106,0,103,3,0,0.0,2.219090575889226,2.1552716243154917,5.975347154031383,1.7213920193312529,0.8589119699711449,1.5439787498861288,8.349056603773585,3.567999827489257,0.4904931509202488,0.03361343481190914,0.00023621003444145353,0.0,0.03361343481190914,0.005549207502557311,0,0,0,3,0,0.6666666666666666,0.3584905660377358,0.4652395294868631,0.323960888810919,0.9193662217757934,0.5529291282835039,0.0,0.3207547169811321,0.041805085019522605
1004,104,98.11320754716981,106,0,102,4,0,0.0,2.2453193897100663,2.1798964362415316,6.576462129010243,1.722195715918734,0.821398501823944,1.4858733594021472,8.349056603773585,3.567999827489257,0.4966338537911932,0.02996755964972895,0.00034585233991947376,0.0,0.02996755964972895,-7.113582941196961e-05,0,0,0,4,0,0.75,0.3584905660377358,0.48293977431068386,0.3098572568096373,0.909492338045851,0.5600374931723218,0.0,0.3584905660377359,0.04195056703505424
1005,104,98.11320754716981,106,1,101,4,0,0.009433962264150943,2.2456355430108363,2.187180777476721,6.7030556706613025,1.7229633464026457,0.8058745292810615,1.4763786258644258,8.349056603773585,3.567999827489257,0.4948903516026504,0.040191295895202386,0.00026389401635368,0.0,0.040191295895202386,0.0015028696564283405,0,1,0,4,0,0.8,0.33962264150943394,0.48411817985195194,0.3097761808261395,0.9137584838601929,0.5515032424132773,0.009433962264150943,0.3584905660377359,0.04196584232872895
1006,105,99.05660377358491,106,0,103,3,0,0.0,2.2756115350136703,2.2152825520699455,7.549757763713798,1.7247210392843004,0.7718634674502052,1.4470427335804217,8.349056603773585,3.567999827489257,0.5000051611804841,0.19204879353647208,0.0010618767349724822,0.3333333333333333,0.18450845986346875,0.0010833680956764402,0,0,0,3,0,0.6666666666666666,0.33962264150943394,0.5048741774691929,0.28985152306858303,0.9080690843661254,0.5613351797790095,0.0,0.3584905660377359,0.04214707952823574
1007,104,98.11320754716981,106,1,103,2,0,0.009433962264150943,2.2930655684455497,2.240589238704869,7.893770093607296,1.7268855235680634,0.7664538888243101,1.4315116234711742,8.349056603773585,3.567999827489257,0.5020352246517548,0.24080217614971813,0.0009938764551508153,0.0,0.24080217614971813,-0.006260827881474677,0,1,0,2,0,0.3333333333333333,0.330188679245283,0.5107166324041891,0.28834405595273427,0.9065847945755582,0.5661817317901793,0.009433962264150943,0.30188679245283023,0.04227296409315048
1008,103,97.16981132075472,106,1,103,2,0,0.009433962264150943,2.3262337007236935,2.265916100449592,8.533580547974088,1.7301636528965272,0.7597339415730084,1.464184541145578,8.349056603773585,3.567999827489257,0.5078788159338206,0.4585285854053009,0.00248082787515823,0.6666666666666666,0.22420027686685504,0.007965453368774375,0,1,0,2,0,0.3333333333333333,0.330188679245283,0.5269171840641835,0.28407637355338133,0.8997518919157207,0.5667393634130453,0.009433962264150943,0.3207547169811321,0.042497286578933424
1009,103,97.16981132075472,106,0,104,2,0,0.0,2.3215204725244987,2.2617172363379807,8.742258864481993,1.7329898704185647,0.7356373223389598,1.4451792801973742,8.349056603773585,3.567999827489257,0.511935355560502,0.3451546653462737,0.0005498909198064378,0.5,0.1806166863671502,0.031182655443236063,0,0,0,2,0,0.5,0.3113207547169811,0.5352882589634352,0.2731294231392691,0.8997518919157207,0.5745641169698825,0.0,0.3207547169811321,0.04252414015609284
1010,103,97.16981132075472,106,1,104,1,0,0.009433962264150943,2.3125117414718255,2.2582145595752112,9.015389779512002,1.7354554264136808,0.7449235975159821,1.4530839121676824,8.349056603773585,3.567999827489257,0.5106755745076224,0.4294251196608894,0.0015700119228633687,0.0,0.4294251196608894,-0.0015764890447529933,0,1,0,1,0,0.0,0.32075471698113206,0.5394098284047015,0.27815785103217217,0.8893623194180895,0.5676442874383729,0.009433962264150943,0.32075471698113206,0.04252308201765567
1011,102,96.22641509433963,106,1,104,1,0,0.009433962264150943,2.3235803990943467,2.2674596597385652,8.987135350937569,1.7382812353138384,0.7389162093409178,1.4333839111955622,8.349056603773585,3.567999827489257,0.5092553314390265,0.2146190826714427,0.0011356152750306504,0.0,0.2146190826714427,-0.01080105623840405,0,1,0,1,0,0.5,0.33962264150943394,0.5360414039638637,0.28040841720980797,0.8927845907372313,0.559126485580117,0.009433962264150943,0.339622641509434,0.04262883773410968
1012,103,97.16981132075472,106,0,105,1,0,0.0,2.327119390650997,2.2696504532664536,9.520964936372948,1.7410442632422871,0.7082087236318324,1.4146137875261435,8.349056603773585,3.567999827489257,0.5123206904653761,0.037275219076005284,0.0009895613676527268,0.0,0.037275219076005284,-0.0006057419332288205,0,0,0,1,0,1.0,0.32075471698113206,0.5494481099143191,0.27074383077824454,0.905086617853513,0.5654210644977902,0.0,0.339622641509434,0.04269582510775319
1013,103,97.16981132075472,106,1,104,1,0,0.009433962264150943,2.3264194084639223,2.2807457567788414,9.725316024361907,1.74370107219408,0.6989843899217987,1.4059380787932807,8.349056603773585,3.567999827489257,0.5120810103130742,0.24931431214194258,0.0007632108491043801,0.0,0.24931431214194258,0.008706339810691688,0,1,0,1,0,0.5,0.3113207547169811,0.550712979769142,0.25980834253600404,0.922405028173618,0.5607119107972481,0.009433962264150943,0.3207547169811321,0.042739722666226165
1014,102,96.22641509433963,106,1,103,1,1,0.009433962264150943,2.322842145671972,2.2748275964543874,9.893632488496465,1.746481292295025,0.7031632766582773,1.4061494465718014,8.349056603773585,3.567999827489257,0.5117943859854883,0.47462675562162165,0.0006548399671931826,0.6666666666666666,0.20098355103663976,0.06713971875682866,0,2,0,1,0,0.3333333333333333,0.330188679245283,0.5562155926447288,0.2726365198672915,0.8980586804263424,0.5647575247553837,0.009433962264150943,0.339622641509434,0.04277143547646918
1015,102,96.22641509433963,106,2,104,0,0,0.018867924528301886,2.334298660383886,2.2760538366262533,9.961568110224992,1.749407787122137,0.723728880522536,1.4331766669262853,8.349056603773585,3.567999827489257,0.513700432374036,0.7019835613555924,0.003933492276532592,0.5,0.21953191570099898,0.010068509593434749,0,2,0,0,0,0.5,0.330188679245283,0.5595086167345223,0.26961422071384694,0.899984913758446,0.5752908669459642,0.018867924528301886,0.339622641509434,0.04288092671522017
1016,102,96.22641509433963,106,0,106,0,0,0.0,2.338924477785092,2.2810693004141704,9.626051352843223,1.7520997592584862,0.7446344584699254,1.447385490892277,8.349056603773585,3.567999827489257,0.5116692108460081,0.0,0.0,0.0,0.0,0.0,0,0,0,0,0,0.0,0.330188679245283,0.5495334874585779,0.2764353816060141,0.8993382588173283,0.5739717305750093,0.0,0.339622641509434,0.0429520805828167
1017,102,96.22641509433963,106,0,105,1,0,0.0,2.347316024791594,2.288331981083522,10.314833458081942,1.7549029877806566,0.7022461376661006,1.4275617936103846,8.349056603773585,3.567999827489257,0.5164547188320763,0.022880325376699456,0.00031525662358209056,0.0,0.022880325376699456,0.005110187380164555,0,0,0,1,0,1.0,0.33962264150943394,0.5685930802369088,0.2747485177614007,0.889861906226004,0.5804731660510656,0.0,0.339622641509434,0.04304404791226679
1018,103,97.16981132075472,106,0,105,1,0,0.0,2.375926230301248,2.3155691977297193,10.807413723914527,1.758383656188352,0.6824551240558325,1.4075068118289344,8.349056603773585,3.567999827489257,0.5203558024248491,0.02453092107261024,0.00032478112748243434,0.0,0.02453092107261024,0.004810298010571201,0,0,0,1,0,1.0,0.330188679245283,0.577024231364958,0.276827059634149,0.887873602448541,0.586002757847637,0.0,0.33962264150943394,0.04324919406120609
1019,103,97.16981132075472,106,1,103,2,0,0.009433962264150943,2.424402565235572,2.3549858000356596,11.940705005674435,1.763057115345917,0.6571963003579485,1.4067541578325198,8.349056603773585,3.567999827489257,0.5263445972343217,0.36590567653999445,0.0005153130458256369,0.3333333333333333,0.03262682311158676,0.04695074815142216,0,1,0,2,0,0.6666666666666666,0.3113207547169811,0.5987087737342296,0.26053227034534865,0.8890465115221979,0.5942229347505763,0.009433962264150943,0.3584905660377359,0.04357495024321756
1020,105,99.05660377358491,106,0,104,2,0,0.0,2.3953302614309195,2.3277443537025855,10.669680726289622,1.7665943721314366,0.7029924509497154,1.4396413991135948,8.349056603773585,3.567999827489257,0.5184311367650343,0.05162021456004562,0.0003862038504298809,0.0,0.05162021456004562,-0.0034534688210968167,0,0,0,2,0,0.5,0.29245283018867924,0.5701796146960283,0.2843095075867656,0.8946865136610878,0.5855044153168785,0.0,0.32075471698113206,0.04349269338219689
1021,105,99.05660377358491,106,0,104,2,0,0.0,2.396728267543702,2.328047970294509,10.586976610522086,1.7700140860325324,0.6894166269055694,1.4392177060220999,8.349056603773585,3.567999827489257,0.5188677407543842,0.16473710459256913,0.0007434523810541912,0.0,0.16473710459256913,-0.00044436540563091986,0,0,0,2,0,0.0,0.29245283018867924,0.5709829655989865,0.2969314941309551,0.9059019985495218,0.5824145774713091,0.0,0.32075471698113206,0.04356069110580666
1022,105,99.05660377358491,106,0,103,3,0,0.0,2.3848663238357513,2.316935587894428,10.334220768911544,1.7729945927196447,0.7072907166457296,1.4490042497425708,8.349056603773585,3.567999827489257,0.5150823039000916,0.08678633691238384,0.00039407300794290804,0.0,0.08678633691238384,0.0026864569235405997,0,0,0,3,0,0.0,0.3018867924528302,0.5625306335551905,0.30126177535988463,0.9165525897913821,0.579635142962864,0.0,0.32075471698113206,0.043554553623994144
1023,105,99.05660377358491,106,0,104,2,0,0.0,2.3498616654148825,2.2840755029035127,9.484404319809334,1.774930796712671,0.7286843669337473,1.469644049697489,8.349056603773585,3.567999827489257,0.5098294732515887,0.05072592603127246,0.0003898180177920941,0.0,0.05072592603127246,-0.006987632660127419,0,0,0,2,0,0.5,0.3113207547169811,0.5458314413722923,0.31019538060838775,0.919190023839439,0.5756252682915238,0.0,0.32075471698113206,0.04341407220945531
1024,106,100.0,106,0,104,2,0,0.0,2.368508426409238,2.302002571952485,10.248899667534847,1.7773096271847595,0.7049656139280253,1.4510891143892584,8.349056603773585,3.567999827489257,0.5130214352696405,0.16760151268838547,0.0006820952312600452,0.0,0.16760151268838547,0.00026428052736099383,0,0,0,2,0,0.0,0.3113207547169811,0.5598996927038102,0.30202502617474986,0.9177518907062172,0.577776846609232,0.0,0.32075471698113206,0.04354974434799728
1025,106,100.0,106,0,104,2,0,0.0,2.367684232344146,2.301422334233786,9.555670129053599,1.779587018685066,0.7239436786957696,1.461568419493273,8.349056603773585,3.567999827489257,0.5107265793630889,0.10602774499442515,0.0003716371948460836,0.0,0.10602774499442515,0.0027737427741371667,0,0,0,2,0,0.5,0.3113207547169811,0.5451574680150786,0.3181315639624575,0.9021395713158233,0.5735804774848847,0.0,0.32075471698113206,0.043586252040072916
1026,106,100.0,106,0,103,3,0,0.0,2.393355797961598,2.3248106828464996,10.18033361494181,1.7824507498510935,0.6945284393786839,1.4407831301583516,8.349056603773585,3.567999827489257,0.5155056275355665,0.11198237741499872,0.00034078916852116147,0.0,0.11198237741499872,0.01040713852476268,0,0,0,3,0,0.0,0.32075471698113206,0.5560470291717347,0.3215604922936449,0.8969471762657864,0.5784547391086586,0.0,0.32075471698113206,0.04376569882969198
1027,105,99.05660377358491,106,1,104,1,0,0.009433962264150943,2.354727113344774,2.2839197992018243,9.417785178418631,1.7841650526692585,0.7470429024116458,1.482925979028377,8.349056603773585,3.567999827489257,0.5098302856275885,0.17070761567593315,0.0004960188791461337,0.0,0.17070761567593315,0.008705844670701401,0,1,0,1,0,0.5,0.3113207547169811,0.5419610108432669,0.3273205217878221,0.9017856601224066,0.5724925606421163,0.009433962264150943,0.32075471698113206,0.04360313856740525
1028,104,98.11320754716981,106,1,103,2,0,0.009433962264150943,2.3336142711803207,2.2697225426153738,8.873411061989533,1.7851328000717754,0.7747669856394547,1.5073799194350066,8.349056603773585,3.567999827489257,0.504934757048062,0.0952018448409538,0.0002922382186170106,0.0,0.0952018448409538,0.0069426413560515115,0,1,0,2,0,0.6666666666666666,0.29245283018867924,0.5270157319237974,0.3335167813096234,0.9073663050519218,0.5608237430899121,0.009433962264150943,0.32075471698113206,0.04351483896940915
1029,104,98.11320754716981,106,0,105,1,0,0.0,2.3535903529686077,2.288079848110265,9.322255720928043,1.786750212871473,0.7603948506923142,1.5015877050106134,8.349056603773585,3.567999827489257,0.50762688600072,0.020185389415726784,0.0003446539259497159,0.0,0.020185389415726784,0.004121718991503265,0,0,0,1,0,1.0,0.32075471698113206,0.5362092687538402,0.3358218865377723,0.9135308432141807,0.558476071313693,0.0,0.32075471698113206,0.04364357402130209
1030,104,98.11320754716981,106,0,105,1,0,0.0,2.3764786051778084,2.310059273235241,9.823008912624152,1.7889372970657014,0.7247005053195477,1.4698491646812197,8.349056603773585,3.567999827489257,0.511483005637654,0.019963158664871007,0.0003568372582390131,0.0,0.019963158664871007,0.0038626703552335773,0,0,0,1,0,1.0,0.3113207547169811,0.5460201546264923,0.3303271446771492,0.9187918445947862,0.5665216306718094,0.0,0.32075471698113206,0.04379703286248665
1031,104,98.11320754716981,106,0,105,1,0,0.0,2.386321666645807,2.3192233020830715,9.809415937682063,1.791307924126438,0.7309507253973452,1.4701779612112678,8.349056603773585,3.567999827489257,0.5086409566731143,0.02455101923031105,0.00039792464674538025,0.0,0.02455101923031105,0.0037947877792885443,0,0,0,1,0,1.0,0.330188679245283,0.5416282095587811,0.3304522148734125,0.9173691763018861,0.5623356831771062,0.0,0.3584905660377358,0.04388854015454539
1032,105,99.05660377358491,106,0,105,1,0,0.0,2.380134189879545,2.3131225599511978,9.802385351206444,1.793419827642744,0.7334833789654086,1.470444454076312,8.349056603773585,3.567999827489257,0.5070519369384656,0.02678707547099786,0.0003981473350410381,0.0,0.02678707547099786,0.0006172331706778555,0,0,0,1,0,1.0,0.330188679245283,0.5395097340939085,0.3259505751055433,0.9087083141993344,0.5633881668811119,0.0,0.3584905660377358,0.04389527912762335
1033,106,100.0,106,0,104,2,0,0.0,2.3683801617403493,2.3031695916790613,9.325702094557537,1.795172280932608,0.7678789939733225,1.4787898429390398,8.349056603773585,3.567999827489257,0.5012288972888204,0.046137878271785226,0.0008903167245602444,0.0,0.046137878271785226,0.0024632992521138597,0,0,0,2,0,0.5,0.330188679245283,0.5251360815675414,0.32631549361053985,0.9173691763018861,0.5609658388491262,0.0,0.3584905660377358,0.04386777275210696
1034,106,100.0,106,0,104,2,0,0.0,2.380077943621108,2.3133661711114413,9.798628057206093,1.7971532578413585,0.7494613039689431,1.46662598477153,8.349056603773585,3.567999827489257,0.5034069117715234,0.0433135659705113,0.0006977948934334731,0.0,0.0433135659705113,0.011160780967410022,0,0,0,2,0,0.5,0.33962264150943394,0.5347212870932087,0.3289895421478328,0.9192523667819927,0.5630250797890041,0.0,0.32075471698113206,0.04396160228785415
1035,106,100.0,106,0,102,4,0,0.0,2.3771569124624583,2.3106876876605345,9.31509929938813,1.798987098869496,0.7811009498506459,1.4970729432310876,8.349056603773585,3.567999827489257,0.5009647305030369,0.05569365567486417,0.000549005068029515,0.0,0.05569365567486417,0.010393656200926082,0,0,0,4,0,0.75,0.330188679245283,0.5241676218222269,0.34283510287748187,0.9220137620088875,0.5567530638635221,0.0,0.32075471698113206,0.043979712854421094
1036,106,100.0,106,0,103,3,0,0.0,2.3773554473836693,2.311394309300826,8.750059823156725,1.8007756782600384,0.7781218914624544,1.4856500303860334,8.349056603773585,3.567999827489257,0.5008042839071534,0.04231511011514789,0.0010673110292383106,0.0,0.04231511011514789,-0.0010892793350063916,0,0,0,3,0,0.6666666666666666,0.3584905660377358,0.5162095503304519,0.35469294367445275,0.9199871278098979,0.5609550256106894,0.0,0.3584905660377358,0.04401261378381168
1037,106,100.0,106,0,103,3,0,0.0,2.3911010653044396,2.3246725991638324,8.647592943948478,1.8028794566285362,0.7745143220381623,1.467866319258537,8.349056603773585,3.567999827489257,0.5016459401421653,0.047343409734089646,0.0010405542449896563,0.0,0.047343409734089646,-0.0003822319321493313,0,0,0,3,0,0.6666666666666666,0.3490566037735849,0.5138923219129233,0.36257139984082,0.9143581266263736,0.5622259855508297,0.0,0.3584905660377358,0.04411887327769491
1038,106,100.0,106,0,104,2,0,0.0,2.3715527578431623,2.307273477772755,8.029564451239008,1.8044115316915008,0.810638369538144,1.4935348209416,8.349056603773585,3.567999827489257,0.4967115566811644,0.10323605408052762,0.0015313787290482923,0.0,0.10323605408052762,-0.000348933803076934,0,0,0,2,0,0.5,0.330188679245283,0.49863204270751277,0.36303864498375327,0.9212121549011902,0.5579904422872141,0.0,0.3584905660377358,0.044048463958190315
1039,106,100.0,106,0,102,4,0,0.0,2.3873746497317745,2.322773463947921,8.158947780508027,1.8063313739028541,0.802908876405435,1.4827731821034036,8.349056603773585,3.567999827489257,0.4966350529208954,0.14073141111565463,0.0011111037576059077,0.0,0.14073141111565463,0.007296960745373837,0,0,0,4,0,0.5,0.3490566037735849,0.4983051340740041,0.35786391424708275,0.9217414794450571,0.561560049060523,0.0,0.3584905660377358,0.04416182340102796
1040,106,100.0,106,0,102,4,0,0.0,2.4130071025087028,2.3470034744877504,8.449229183821405,1.8088743375348277,0.8006824243946769,1.4825891931367254,8.349056603773585,3.567999827489257,0.49999051990338095,0.04511120685434046,0.0007218652811487139,0.0,0.04511120685434046,0.006054972405547421,0,0,0,4,0,0.75,0.33962264150943394,0.5057799592100182,0.3626140611432797,0.9151958493527842,0.561545503824453,0.0,0.3584905660377358,0.04433535213391356
1041,106,100.0,106,0,104,2,0,0.0,2.445774670648043,2.377800936311169,9.106565992949038,1.812205650936584,0.7696062376167143,1.464105899355479,8.349056603773585,3.567999827489257,0.5042845265239857,0.04785308081600333,0.0013295222599471507,0.0,0.04785308081600333,-0.00753162039956401,0,0,0,2,0,0.5,0.330188679245283,0.5171937312161327,0.36410724141694506,0.9175078689776539,0.5678790543712415,0.0,0.3584905660377359,0.04455862060282416
1042,105,99.05660377358491,106,1,103,2,0,0.009433962264150943,2.4447800332643843,2.3727623710533505,9.3491987777561,1.815384302930069,0.7685720630523656,1.4667756216314773,8.349056603773585,3.567999827489257,0.5078811029195784,0.3118050162935992,0.002054712229009339,0.3333333333333333,0.10726599421074258,0.004870688797491363,0,1,0,2,0,0.3333333333333333,0.3490566037735849,0.527561875476872,0.35603393884917073,0.9178213736450238,0.572500590303273,0.009433962264150943,0.3584905660377358,0.04461035456472788
1043,105,99.05660377358491,106,0,104,2,0,0.0,2.4215350398133517,2.3501490694974967,8.978737284832027,1.8176940459295858,0.7824428594431039,1.4773989128787977,8.349056603773585,3.567999827489257,0.5068908316381093,0.1784172860842162,0.0005172675440505963,0.0,0.1784172860842162,0.0284240081133513,0,0,0,2,0,0.0,0.3490566037735849,0.522505073904744,0.3641084091052726,0.9143235606364098,0.5753045927129465,0.0,0.3584905660377358,0.04453533541059182
1044,105,99.05660377358491,106,0,104,2,0,0.0,2.3697325612962437,2.301270522009853,7.996221134847624,1.8185261881108339,0.8343424490991413,1.511564753131367,8.349056603773585,3.567999827489257,0.5009663917751479,0.08608312180763163,0.0013529911724299592,0.0,0.08608312180763163,-0.000632677676818183,0,0,0,2,0,0.0,0.36792452830188677,0.5045011876298785,0.3787257088479262,0.9136921406964725,0.5695677081093082,0.0,0.3584905660377358,0.04429116843380198
1045,105,99.05660377358491,106,0,104,2,0,0.0,2.3629304287382866,2.2940837848577185,8.227991910684215,1.819123501245138,0.8346687352935326,1.513280386636046,8.349056603773585,3.567999827489257,0.5000151350764781,0.22871367538703996,0.0006261223989462868,0.0,0.22871367538703996,0.0032217961280002483,0,0,0,2,0,0.0,0.39622641509433965,0.5075084324469996,0.36708576390474856,0.8993551918051673,0.571469216369153,0.0,0.3584905660377359,0.04426781383681297
1046,104,98.11320754716981,106,1,104,1,0,0.009433962264150943,2.3237244291219716,2.2522194629835575,7.10698623986334,1.8186582122640844,0.9133959928071315,1.5793726478384296,8.349056603773585,3.567999827489257,0.4915776843868247,0.4140636503270732,0.002424269609541469,0.5,0.1410893923646985,0.0015511372006279944,0,1,0,1,0,0.0,0.36792452830188677,0.48017448722938305,0.3848052992039062,0.9144371681982222,0.5594192492715702,0.009433962264150943,0.3584905660377358,0.044063483083710726
1047,104,98.11320754716981,106,1,104,1,0,0.009433962264150943,2.294266385068601,2.2270473400191992,6.306428296363814,1.8172636180177997,0.954134879711848,1.6026964881397314,8.349056603773585,3.567999827489257,0.48580246314975084,0.18142395062756597,0.0006027736493338186,0.0,0.18142395062756597,-0.0029346733404586323,0,1,0,1,0,0.5,0.36792452830188677,0.45969699571545514,0.4136781020324259,0.9103079352496709,0.5450014305888461,0.009433962264150943,0.3584905660377358,0.043891313303293066
1048,104,98.11320754716981,106,0,104,2,0,0.0,2.2861752678691145,2.2203073803538893,5.861992898474693,1.815800106062506,0.9881688338492367,1.6163829601875204,8.349056603773585,3.567999827489257,0.4787804551813599,0.018419893027983678,0.0002130907092939187,0.0,0.018419893027983678,0.005099009903271112,0,0,0,2,0,1.0,0.3490566037735849,0.4411634149835775,0.4117143506768377,0.9169906664663177,0.5459825730108933,0.0,0.32075471698113206,0.043824748665275554
1049,103,97.16981132075472,106,1,104,1,0,0.009433962264150943,2.2832501985694433,2.22253072421442,6.305337649845746,1.8142796254971725,0.9710763831759045,1.6151456020658692,8.349056603773585,3.567999827489257,0.484966855382732,0.02309731068900335,0.0002155899594635354,0.0,0.02309731068900335,0.00500767354046408,0,1,0,1,0,1.0,0.39622641509433965,0.4580238530743791,0.3946408590494151,0.9169906664663177,0.5487669099250744,0.009433962264150943,0.32075471698113206,0.04378299794680315
1050,102,96.22641509433963,106,1,104,1,0,0.009433962264150943,2.2824121875443404,2.2182763320078003,6.141548385291513,1.8129563295035227,0.9703136596275075,1.6206636872704754,8.349056603773585,3.567999827489257,0.48519736111598033,0.18996472458687472,0.0010396426325485224,0.0,0.18996472458687472,-0.0057472066302197145,0,1,0,1,0,0.5,0.3867924528301887,0.45621743038418466,0.4077449078726337,0.9277864504511395,0.5413753469296785,0.009433962264150943,0.3018867924528302,0.04375520029229233
1051,103,97.16981132075472,106,0,106,0,0,0.0,2.3074254449684535,2.242595234904587,6.5108487650651155,1.812282686084524,0.9549053800254501,1.6051111295259577,8.349056603773585,3.567999827489257,0.4854094561455695,0.0,0.0,0.0,0.0,0.0,0,0,0,0,0,0.0,0.3584905660377358,0.46029499945131436,0.39509762894417,0.9224843808783307,0.542568662213651,0.0,0.3018867924528302,0.043868248781399014
1052,104,98.11320754716981,106,0,106,0,0,0.0,2.3016702034053953,2.2379275878174054,6.255239680638132,1.811499844949538,0.9713550002972637,1.6394541878547684,8.349056603773585,3.567999827489257,0.48431555215364774,0.0,0.0,0.0,0.0,0.0,0,0,0,0,0,0.0,0.37735849056603776,0.45380024313806994,0.39942901431534966,0.9142727143286709,0.5415491421447844,0.0,0.3018867924528302,0.043825506688410815
1053,104,98.11320754716981,106,0,104,2,0,0.0,2.295917644961667,2.2327004630514424,6.1805953918942755,1.8105957325427926,0.9509987313354936,1.6182095209746634,8.349056603773585,3.567999827489257,0.4849258414941635,0.499405437960338,0.0030226922282838983,0.5,0.4591289343203776,0.009682113622945576,0,0,0,2,0,0.0,0.36792452830188677,0.45487524025601905,0.3959747335644535,0.9101682886184173,0.5433027280709234,0.0,0.3018867924528302,0.04378061453163568
1054,104,98.11320754716981,106,1,105,0,0,0.009433962264150943,2.2892906201188246,2.2254900480395188,6.239238815857993,1.809551756447942,0.9860165090856985,1.6413120052214436,8.349056603773585,3.567999827489257,0.48373985489050186,0.149946065131894,0.0010726377852729497,0.0,0.149946065131894,0.004573630360345415,0,1,0,0,0,0.0,0.36792452830188677,0.45648698662922593,0.38553203176074047,0.9118548064847455,0.5390365226653963,0.009433962264150943,0.3018867924528302,0.04372885487478982
1055,104,98.11320754716981,106,1,104,1,0,0.009433962264150943,2.3132950623617456,2.25519132014593,7.272835677079338,1.8091400547591696,0.9457658212071517,1.6124993622075021,8.349056603773585,3.567999827489257,0.4905666785813634,0.3099207240354445,0.0033980807810309694,0.5,0.24119956047874608,-0.001313065581714068,0,1,0,1,0,0.0,0.3113207547169811,0.48146931574842294,0.364918827362109,0.9155758911689917,0.5343568407414434,0.009433962264150943,0.2830188679245283,0.04384153232823183
1056,104,98.11320754716981,106,0,106,0,0,0.0,2.2929551662573817,2.235464207109601,6.965919480603856,1.808399027968927,0.9426769786464992,1.60858502192852,8.349056603773585,3.567999827489257,0.4917881788466194,0.0,0.0,0.0,0.0,0.0,0,0,0,0,0,0.0,0.36792452830188677,0.48000140983098816,0.37428916858802413,0.9334235509497123,0.53816899024806,0.0,0.2830188679245283,0.043726612930411274
1057,104,98.11320754716981,106,0,106,0,0,0.0,2.297257908983694,2.238502879552873,7.117345585894197,1.8077711768753093,0.9289829970044838,1.6156823407030954,8.349056603773585,3.567999827489257,0.49359994376732685,0.0,0.0,0.0,0.0,0.0,0,0,0,0,0,0.0,0.330188679245283,0.4851213906855679,0.3724533447328633,0.9316944341810508,0.5389130005461575,0.0,0.2830188679245283,0.04373692578107424
1058,104,98.11320754716981,106,0,106,0,0,0.0,2.2981679152767014,2.2401699459421245,6.864749167588946,1.807213312248343,0.9307885094563109,1.6073678418865194,8.349056603773585,3.567999827489257,0.49238559000229754,0.0,0.0,0.0,0.0,0.0,0,0,0,0,0,0.0,0.33962264150943394,0.47853972360367575,0.37788449579596445,0.9316944341810508,0.5374995571692087,0.0,0.2830188679245283,0.04373152350807539
1059,105,99.05660377358491,106,0,106,0,0,0.0,2.345893043191689,2.2853633426995565,8.30226675331344,1.807965352484977,0.8752485104567176,1.5687373453574571,8.349056603773585,3.567999827489257,0.5013894771848895,0.0,0.0,0.0,0.0,0.0,0,0,0,0,0,0.0,0.330188679245283,0.5107367582011527,0.34154862250729784,0.9230915762466589,0.5476389071118695,0.0,0.2830188679245283,0.04398356554482321
1060,106,100.0,106,0,105,1,0,0.0,2.360754971950443,2.2992527110072496,8.452330410365233,1.8090870180370724,0.845007250757543,1.5451880956983202,8.349056603773585,3.567999827489257,0.5048143912821033,0.048460923419975904,0.0018799661529018586,0.0,0.048460923419975904,0.0011158089196199317,0,0,0,1,0,1.0,0.33962264150943394,0.5171245199309241,0.34391108390423847,0.9316944341810508,0.5507804798843827,0.0,0.2830188679245283,0.044077885701098864
1061,106,100.0,106,0,105,1,0,0.0,2.3396809751943923,2.2794771810915955,8.00719345678477,1.809604189865583,0.8662716275691691,1.5577509311340891,8.349056603773585,3.567999827489257,0.49952780283753695,0.17262099889838983,0.002272479810292277,0.0,0.17262099889838983,0.0061498342152541685,0,0,0,1,0,0.0,0.330188679245283,0.5036814384703496,0.3417043758133499,0.9346829037719788,0.5453323175649345,0.0,0.2830188679245283,0.04398174206229315
1062,106,100.0,106,0,105,1,0,0.0,2.3273194551983494,2.2680956422947243,7.6942015083743565,1.8097780343764343,0.8871681194282941,1.5743993998194725,8.349056603773585,3.567999827489257,0.49546409603881547,0.2032064494554488,0.0023322042150248808,0.0,0.2032064494554488,0.008328169488570403,0,0,0,1,0,0.0,0.3018867924528302,0.49402782948849844,0.3466883294150426,0.9354494981899255,0.5429483219425928,0.0,0.2830188679245283,0.04392303584823657
1063,106,100.0,106,0,106,0,0,0.0,2.324493235295458,2.2649154114385994,7.621793322847013,1.8098548996102701,0.8853188827851025,1.570478492630922,8.349056603773585,3.567999827489257,0.4944311133735433,0.0,0.0,0.0,0.0,0.0,0,0,0,0,0,0.0,0.330188679245283,0.4922126836201354,0.35569832001479285,0.9333472243542372,0.5392174937823744,0.0,0.32075471698113206,0.043910276024427444
1064,106,100.0,106,0,106,0,0,0.0,2.3237746720692125,2.2655662290107172,7.603819886345053,1.8099475992285756,0.8821538586034532,1.561290541779417,8.349056603773585,3.567999827489257,0.4935312630982651,0.0,0.0,0.0,0.0,0.0,0,0,0,0,0,0.0,0.33962264150943394,0.4907316076565035,0.3509606783219803,0.9259842952017677,0.53975282139874,0.0,0.2830188679245283,0.043908336969406825
1065,105,99.05660377358491,106,1,105,0,0,0.009433962264150943,2.344120892635401,2.2888113929577467,7.784333989868519,1.810593280089918,0.8644738048377621,1.541252269365555,8.349056603773585,3.567999827489257,0.49376860899568253,0.11520251500364045,0.002041613513051539,0.0,0.11520251500364045,0.0042901236353434236,0,1,0,0,0,0.0,0.3113207547169811,0.4928409643972162,0.35419939435379916,0.9232537061099926,0.548124902912163,0.009433962264150943,0.3018867924528302,0.04402158701824718
1066,105,99.05660377358491,106,0,106,0,0,0.0,2.35251417369833,2.2965932568480527,8.276222860100441,1.8115452697337526,0.8497256239038504,1.531789068623815,8.349056603773585,3.567999827489257,0.49687939554027816,0.0,0.0,0.0,0.0,0.0,0,0,0,0,0,0.0,0.330188679245283,0.504584869219398,0.3390161904213468,0.9232537061099926,0.5530252164825953,0.0,0.3018867924528302,0.0440805369179867
1067,104,98.11320754716981,106,1,105,0,0,0.009433962264150943,2.3419268868463616,2.28587030781156,8.173247250464133,1.8121936187996899,0.8801541495820284,1.5571574502137162,8.349056603773585,3.567999827489257,0.49229362926563125,0.9996581038654655,0.0011185703284269915,1.0,0.00034189613453450285,0.10942522559845909,0,1,0,0,0,1.0,0.32075471698113206,0.49802376453650443,0.33354662602645696,0.9292743815400473,0.5380921942271324,0.009433962264150943,0.3018867924528302,0.04403916703050394
1068,104,98.11320754716981,106,0,105,1,0,0.0,2.3420570943608467,2.2855657157174867,8.143754910745553,1.8127737382423084,0.8622083594073816,1.5470871879693395,8.349056603773585,3.567999827489257,0.4935456114359822,0.5372198249533398,0.0011789697759992347,1.0,0.46278017504666025,0.054790471806540286,0,0,0,1,0,0.0,0.33962264150943394,0.4989983219864928,0.3450772509633022,0.9233703702242082,0.537475214716018,0.0,0.32075471698113206,0.044050167398432295
1069,103,97.16981132075472,106,1,104,1,0,0.009433962264150943,2.318187462443091,2.2696799024481003,7.619443350989251,1.8127039837019239,0.8872811076102993,1.5671117079208883,8.349056603773585,3.567999827489257,0.48934347794438615,0.41268017442556093,0.0009456338368378746,0.5,0.40912664526698717,0.024764224915096833,0,1,0,1,0,0.0,0.3018867924528302,0.48518434965779594,0.34949580460027546,0.9361480085462304,0.531361187054455,0.009433962264150943,0.24528301886792453,0.04392957481790322
1070,103,97.16981132075472,106,1,104,1,0,0.009433962264150943,2.3030545686006403,2.251202390818349,7.304669458826264,1.812418571089292,0.9065328150564791,1.5873630431375862,8.349056603773585,3.567999827489257,0.48673935605666774,0.23604189267941586,0.0007732252152513326,0.0,0.23604189267941586,0.024985150835875325,0,1,0,1,0,0.5,0.3113207547169811,0.47800280454136773,0.34168133196465383,0.9396013922359713,0.5369515104456344,0.009433962264150943,0.26415094339622636,0.0438488185879278
1071,103,97.16981132075472,106,0,103,3,0,0.0,2.3029102715788485,2.250770068147528,7.366488622032141,1.81199745731839,0.8829057551634949,1.568365339449103,8.349056603773585,3.567999827489257,0.4878650137682299,0.18190561274049696,0.0007888903513816747,0.0,0.18190561274049696,0.01675162541861101,0,0,0,3,0,0.3333333333333333,0.330188679245283,0.47994511777162985,0.34141879360843147,0.9416389460977916,0.5384443002208831,0.0,0.2264150943396226,0.04384058443350919
1072,103,97.16981132075472,106,1,103,2,0,0.009433962264150943,2.3144906913566325,2.2526017037465547,7.301895337568318,1.8119058579031226,0.8967401291357995,1.5820719581490057,8.349056603773585,3.567999827489257,0.4890884913271494,0.49472362057258906,0.0025659068220577155,0.6666666666666666,0.3022155938445667,0.023884788019474728,0,1,0,2,0,0.0,0.32075471698113206,0.48059897786720274,0.3560371006438153,0.9293990597234231,0.5385280082277583,0.009433962264150943,0.2830188679245283,0.043896852398908746
1073,103,97.16981132075472,106,0,104,2,0,0.0,2.270278617123853,2.2104232285359666,6.7038894058062475,1.810351377603628,0.9339202728137602,1.619147836465019,8.349056603773585,3.567999827489257,0.48300283843887626,0.30056673335131184,0.0010952099980047105,0.5,0.2697402726055593,0.014596268866813367,0,0,0,2,0,0.0,0.32075471698113206,0.46626329296746355,0.3607675848042978,0.930370632897817,0.5286580175497065,0.0,0.28301886792452824,0.04364806010054269
1074,102,96.22641509433963,106,2,103,1,0,0.018867924528301886,2.2674125063631414,2.215118525996278,6.377012664038947,1.8087627119605874,0.935167893519908,1.650793752592466,8.349056603773585,3.567999827489257,0.48338266586174083,0.2743943586704729,0.001060097883794345,0.3333333333333333,0.23645111146227457,0.02977504187252981,0,2,0,1,0,0.0,0.3584905660377358,0.46046473383611475,0.38706574917963604,0.9207772073492184,0.5324128348792213,0.018867924528301886,0.32075471698113206,0.043605387753037586
1075,103,97.16981132075472,106,0,104,2,0,0.0,2.242003866419981,2.1915656156913284,5.751050616250771,1.8067821074278878,0.9468613119442828,1.6555547218280524,8.349056603773585,3.567999827489257,0.480174806700963,0.26820256355281596,0.002537211454182691,0.0,0.26820256355281596,-0.011025535516644425,0,0,0,2,0,0.0,0.37735849056603776,0.4457586862943294,0.40301394368238197,0.9240790505079055,0.5321461209563176,0.0,0.24528301886792453,0.04344301057016681
1076,103,97.16981132075472,106,0,104,2,0,0.0,2.2321866564034174,2.1823689270103785,5.59232510508686,1.8046096605924815,0.9573278663632858,1.6601637955377064,8.349056603773585,3.567999827489257,0.4762858689503182,0.1098412096481213,0.001666751646519088,0.0,0.1098412096481213,-0.009301953613504499,0,0,0,2,0,0.5,0.3584905660377358,0.4382814075239455,0.40158671438372917,0.917404076485421,0.5295736384206181,0.0,0.2830188679245283,0.043355168070414195
1077,104,98.11320754716981,106,0,105,1,0,0.0,2.2537586870409863,2.203253845306639,5.83904390000432,1.8031108657354407,0.9476914347881975,1.6406844989610543,8.349056603773585,3.567999827489257,0.47965970233327493,0.24788018053161093,0.002469489911902628,0.0,0.24788018053161093,-0.06107918824377179,0,0,0,1,0,0.0,0.36792452830188677,0.4446489637541094,0.38908674058165527,0.9091268885783564,0.5368717752394632,0.0,0.2830188679245283,0.04343628972464522
1078,104,98.11320754716981,106,0,105,1,0,0.0,2.2718812213310478,2.2194210733085753,6.501398471777486,1.8021270252100878,0.9146354136254485,1.6169846899234104,8.349056603773585,3.567999827489257,0.4849890528023424,0.15680085565420138,0.0023072897795344584,0.0,0.15680085565420138,-0.06624018665010523,0,0,0,1,0,0.0,0.37735849056603776,0.46148807433859035,0.3670916572246251,0.914728372751439,0.539536748616056,0.0,0.2830188679245283,0.04350935068197184
1079,105,99.05660377358491,106,1,105,0,0,0.009433962264150943,2.2866620522944663,2.2320250755719835,6.547391439596686,1.8015678311975862,0.9267849964542958,1.6318791519628792,8.349056603773585,3.567999827489257,0.48772530795747304,0.1770306609354618,0.0023197164622143123,0.0,0.1770306609354618,-0.07057449886422362,0,1,0,0,0,0.0,0.3490566037735849,0.46461973776852744,0.3730332916999308,0.9129211597955147,0.540775981706308,0.009433962264150943,0.2830188679245283,0.043573278816088246
1080,105,99.05660377358491,106,0,104,2,0,0.0,2.290204555822352,2.235869256338314,6.212408489203244,1.8011085430555835,0.9407007480870241,1.6449018373934765,8.349056603773585,3.567999827489257,0.4873188002336375,0.1804120293198356,0.0004155067413296531,0.0,0.1804120293198356,0.025295012801096473,0,0,0,2,0,0.5,0.32075471698113206,0.45717025485013535,0.3896371566171986,0.8874968180788284,0.5363834159707392,0.0,0.2641509433962264,0.043582797633670504
1081,105,99.05660377358491,106,1,105,0,0,0.009433962264150943,2.2829712184726065,2.2298198362388186,5.959173461928229,1.8004921984785571,0.9449937188524695,1.6507766814196685,8.349056603773585,3.567999827489257,0.48634477614832594,0.4761242385880913,0.0006375375746250341,0.0,0.4761242385880913,0.04738552381364447,0,1,0,0,0,0.0,0.330188679245283,0.45148058650850553,0.39773443675776077,0.9012416744041261,0.5373318776257097,0.009433962264150943,0.24528301886792453,0.04353563536019926
1082,105,99.05660377358491,106,0,106,0,0,0.0,2.3016763354922416,2.2476107512652783,6.266952089685809,1.800406438125105,0.9155346362186849,1.6294090405015094,8.349056603773585,3.567999827489257,0.4887588253429396,0.0,0.0,0.0,0.0,0.0,0,0,0,0,0,0.0,0.330188679245283,0.45994037002786115,0.39671580688689206,0.9052177023639252,0.541033063199549,0.0,0.24528301886792453,0.04362763098066583
1083,105,99.05660377358491,106,0,104,2,0,0.0,2.3211700437911156,2.266245164676386,6.713882522299199,1.8008556383716054,0.8971617955103403,1.6135716005977672,8.349056603773585,3.567999827489257,0.4896898696827192,0.02582721927741132,0.0007180659853774358,0.0,0.02582721927741132,0.010157587112591182,0,0,0,2,0,1.0,0.3490566037735849,0.4680488637877227,0.3770228926534131,0.908545231162833,0.5457076618997949,0.0,0.2641509433962264,0.0437331132541703
1084,105,99.05660377358491,106,0,106,0,0,0.0,2.312394822132428,2.2573120042267076,6.662657196614757,1.8010338230345386,0.904700715849273,1.623125982564941,8.349056603773585,3.567999827489257,0.48883748973883057,0.0,0.0,0.0,0.0,0.0,0,0,0,0,0,0.0,0.33962264150943394,0.4672686433404252,0.37729907917672745,0.894424744840699,0.5463742260128404,0.0,0.24528301886792453,0.0436924159601099
1085,105,99.05660377358491,106,0,106,0,0,0.0,2.305809346804708,2.2507237644063536,6.5763704915451475,1.8010175953606657,0.8998563913199943,1.6245239294169866,8.349056603773585,3.567999827489257,0.48771442627808503,0.0,0.0,0.0,0.0,0.0,0,0,0,0,0,0.0,0.3490566037735849,0.4651752000967714,0.3817560111488613,0.894424744840699,0.5428497956453503,0.0,0.24528301886792453,0.043659199081783395
1086,106,100.0,106,0,103,3,0,0.0,2.2973859034965516,2.242728350595291,6.26986823000311,1.8007737256093799,0.8930556814625981,1.6233255792191739,8.349056603773585,3.567999827489257,0.48485335700587284,0.09731028662542564,0.001068909154856746,0.0,0.09731028662542564,0.007105929953419632,0,0,0,3,0,0.3333333333333333,0.33962264150943394,0.4561380718954116,0.3894793148337399,0.8974378146341424,0.5439514746038024,0.0,0.2830188679245283,0.043612731229090027
1087,105,99.05660377358491,106,1,105,0,0,0.009433962264150943,2.307913888464522,2.250212172801127,6.560981154292078,1.8008179379427671,0.9131970264127588,1.6363217393226983,8.349056603773585,3.567999827489257,0.4871533810173161,0.19116738804575067,0.0008568508002868487,0.0,0.19116738804575067,0.010287586858512388,0,1,0,0,0,0.0,0.33962264150943394,0.46376523718680507,0.3780153169013268,0.896447066327305,0.5423336219639123,0.009433962264150943,0.22641509433962265,0.043666159901919376
1088,105,99.05660377358491,106,0,106,0,0,0.0,2.3237398119941575,2.2649251161083908,6.976050208688012,1.8012147764119806,0.8934270122148655,1.6258958516994841,8.349056603773585,3.567999827489257,0.48613458995177217,0.0,0.0,0.0,0.0,0.0,0,0,0,0,0,0.0,0.330188679245283,0.46887271483511284,0.36787439017136814,0.8884362708181266,0.5391003018636189,0.0,0.22641509433962265,0.043752369117516024
1089,104,98.11320754716981,106,1,105,0,0,0.009433962264150943,2.2931918604994275,2.234955792720646,5.883763799813095,1.8008081971771757,0.966925034799206,1.6664694248797427,8.349056603773585,3.567999827489257,0.4762733100906693,0.4227490145633479,0.0029217049605275817,0.0,0.4227490145633479,-0.00024894203403325044,0,1,0,0,0,0.0,0.3490566037735849,0.43803583812597036,0.3917663872565974,0.8824569155150519,0.5287940626355687,0.009433962264150943,0.2641509433962264,0.04359237598684415
1090,104,98.11320754716981,106,0,106,0,0,0.0,2.293579007575777,2.235213012202501,5.913198382947451,1.8003572809440038,0.950728467288523,1.6578472577003025,8.349056603773585,3.567999827489257,0.4775873736354479,0.0,0.0,0.0,0.0,0.0,0,0,0,0,0,0.0,0.33962264150943394,0.4400471318963288,0.39130982838544764,0.893129535525908,0.5314995574605009,0.0,0.2641509433962264,0.043586267377015056
1091,104,98.11320754716981,106,0,106,0,0,0.0,2.300129860027649,2.2412079118296506,6.307694118357874,1.8000935718079376,0.913253808913569,1.6288721294992934,8.349056603773585,3.567999827489257,0.47797951303186426,0.0,0.0,0.0,0.0,0.0,0,0,0,0,0,0.0,0.33962264150943394,0.44749506091506186,0.3712251510242512,0.8853763734456861,0.5360716331664126,0.0,0.2641509433962264,0.04361431706851446
1092,105,99.05660377358491,106,0,106,0,0,0.0,2.3180186248936403,2.257029537318742,6.871199479014946,1.8002908842695164,0.8859129329119371,1.618863017414841,8.349056603773585,3.567999827489257,0.48219286527449157,0.0,0.0,0.0,0.0,0.0,0,0,0,0,0,0.0,0.33962264150943394,0.4629794453066825,0.3687887429537627,0.8853763734456861,0.5362975444250105,0.0,0.2641509433962264,0.04370728094698879
1093,105,99.05660377358491,106,0,106,0,0,0.0,2.3216408425979482,2.2592461201162006,7.22263143949208,1.8005444267591184,0.8666679674325357,1.605318278773521,8.349056603773585,3.567999827489257,0.48562731644805246,0.0,0.0,0.0,0.0,0.0,0,0,0,0,0,0.0,0.36792452830188677,0.47334623889788735,0.3704509765612789,0.873875767976056,0.5341519312235748,0.0,0.2641509433962264,0.04372991523330613
1094,106,100.0,106,0,106,0,0,0.0,2.301599738547517,2.2388674761621687,7.108567119660529,1.8002072348682288,0.8826081614326853,1.611344375907968,8.349056603773585,3.567999827489257,0.48424335424946907,0.0,0.0,0.0,0.0,0.0,0,0,0,0,0,0.0,0.3490566037735849,0.47206036462941103,0.37214794493229,0.8747037534348301,0.5345245128336491,0.0,0.2641509433962264,0.043623694210011346
1095,106,100.0,106,0,106,0,0,0.0,2.3315065083511284,2.2667043479827194,7.768425737482737,1.8006766496142532,0.8634060768111845,1.6073021661849074,8.349056603773585,3.567999827489257,0.4889133763105544,0.0,0.0,0.0,0.0,0.0,0,0,0,0,0,0.0,0.330188679245283,0.48742551943616175,0.36181262916292484,0.873875767976056,0.5405781298820004,0.0,0.2641509433962264,0.04378160241769359
1096,106,100.0,106,0,105,1,0,0.0,2.318968542503709,2.254498553235424,7.514074872285083,1.8007809134545276,0.8691944469471741,1.6074754173505705,8.349056603773585,3.567999827489257,0.4873723002634658,0.2302569539345331,0.0018882473365848026,0.0,0.2302569539345331,0.005352163094196172,0,0,0,1,0,0.0,0.32075471698113206,0.4827967944129962,0.3676837423417414,0.873875767976056,0.5392204244312038,0.0,0.2641509433962264,0.04372077265527705
1097,106,100.0,106,0,105,1,0,0.0,2.313293555498526,2.249220115276013,7.015125131573567,1.800730789435332,0.892497953974574,1.6211977411339025,8.349056603773585,3.567999827489257,0.4854378687721137,0.09741561258835905,0.0011180799733281424,0.0,0.09741561258835905,0.009138735908875484,0,0,0,1,0,0.0,0.330188679245283,0.47086182401991833,0.3916866503429817,0.872779113616905,0.5334930073057862,0.0,0.2641509433962264,0.04369150350779192
1098,106,100.0,106,0,105,1,0,0.0,2.298776851053096,2.235347072685822,6.942713602563298,1.8002864617325065,0.910367363691859,1.6353896182145269,8.349056603773585,3.567999827489257,0.4832200933798101,0.08359213890167402,0.0011484758128616841,0.0,0.08359213890167402,-0.004239223272165971,0,0,0,1,0,0.0,0.32075471698113206,0.46913381759384065,0.3883319091868383,0.873875767976056,0.5369530929000853,0.0,0.2641509433962264,0.04361099317972962
1099,106,100.0,106,0,104,2,0,0.0,2.29626216566777,2.2332135143490395,6.847579170139126,1.7997970873551306,0.9254217392200125,1.6507301619133168,8.349056603773585,3.567999827489257,0.47996555149651243,0.0472536327890727,0.0016336087695136784,0.0,0.0472536327890727,-0.029037068908749797,0,0,0,2,0,0.5,0.32075471698113206,0.4641301919691106,0.3839281181246934,0.8845838478877164,0.531145029561796,0.0,0.2641509433962264,0.043589689314332714
1100,106,100.0,106,0,104,2,0,0.0,2.344761892747563,2.2780991910762562,8.034266549864565,1.8006063905492506,0.8704558956647499,1.6048853438641946,8.349056603773585,3.567999827489257,0.4879471860310707,0.05755589015632043,0.001580041902497125,0.0,0.05755589015632043,-0.0228496264435451,0,0,0,2,0,0.5,0.3018867924528302,0.4912954987533433,0.3653550743360503,0.872779113616905,0.5375757544250683,0.0,0.2641509433962264,0.04384662591801672
1101,105,99.05660377358491,106,1,104,1,0,0.009433962264150943,2.3528704811696297,2.281231774022925,8.039537067342035,1.801608656201189,0.8908957106473482,1.604982474063337,8.349056603773585,3.567999827489257,0.48958408945227316,0.3021390777860138,0.0024468155460621167,0.5,0.2730402982861748,-0.015140541796468954,0,1,0,1,0,0.0,0.32075471698113206,0.4929531316588638,0.36653410274575116,0.8796289052006117,0.5366949514572352,0.009433962264150943,0.2830188679245283,0.04390504927849312
1102,105,99.05660377358491,106,0,106,0,0,0.0,2.4079286896611367,2.332012285158066,9.4553971375747,1.8038922179050736,0.8279594481920667,1.567180319635174,8.349056603773585,3.567999827489257,0.4973250787923229,0.0,0.0,0.0,0.0,0.0,0,0,0,0,0,0.0,0.29245283018867924,0.521561592209628,0.3501648381954199,0.8629438869984947,0.5450074574268928,0.0,0.32075471698113206,0.04422107905977826
1103,105,99.05660377358491,106,0,106,0,0,0.0,2.3783151891898147,2.304670132108198,8.980236885241961,1.8053138477523822,0.8554405117657622,1.6077545698767541,8.349056603773585,3.567999827489257,0.4926920930764429,0.0,0.0,0.0,0.0,0.0,0,0,0,0,0,0.0,0.29245283018867924,0.5117968391937093,0.34749739071427943,0.886909274666898,0.5416021143052314,0.0,0.32075471698113206,0.04409837343267141
1104,105,99.05660377358491,106,0,106,0,0,0.0,2.35025169536879,2.27831467323168,8.475432736339286,1.8059324636673924,0.8706044683016014,1.6206957022291655,8.349056603773585,3.567999827489257,0.48883661612519136,0.0,0.0,0.0,0.0,0.0,0,0,0,0,0,0.0,0.29245283018867924,0.5010969885954686,0.3527933322344824,0.8903075816657073,0.5356056783981168,0.0,0.2830188679245283,0.04396909207095648
1105,105,99.05660377358491,106,0,106,0,0,0.0,2.32721088600291,2.256927784883553,7.853822639495134,1.805918540056129,0.9041916447182372,1.6457152081605215,8.349056603773585,3.567999827489257,0.4848496711846484,0.0,0.0,0.0,0.0,0.0,0,0,0,0,0,0.0,0.3113207547169811,0.48660197381113074,0.3664525546352589,0.873304416892874,0.5263369527879193,0.0,0.2830188679245283,0.04385363962691415
1106,106,100.0,106,0,106,0,0,0.0,2.3426274059837615,2.272249089525968,7.855670889270159,1.8063424445378602,0.8855986757457012,1.6252262896839205,8.349056603773585,3.567999827489257,0.48604521018928426,0.0,0.0,0.0,0.0,0.0,0,0,0,0,0,0.0,0.33962264150943394,0.4863514166395381,0.3625126021733925,0.8822112815949126,0.531300658257436,0.0,0.32075471698113206,0.04393828468240685
1107,106,100.0,106,0,106,0,0,0.0,2.345831508410715,2.2755054447374876,7.682801493806285,1.806844173507078,0.8816853602459939,1.6147568134970836,8.349056603773585,3.567999827489257,0.48653554561416157,0.0,0.0,0.0,0.0,0.0,0,0,0,0,0,0.0,0.330188679245283,0.4817546577463653,0.3685802763036423,0.875960140990309,0.5311499718292525,0.0,0.3584905660377358,0.04396325603891969
1108,106,100.0,106,0,105,1,0,0.0,2.3731021251644333,2.3014319176363984,8.025747312971795,1.8080680459941851,0.8725769129306294,1.614415723817452,8.349056603773585,3.567999827489257,0.4906503986520232,0.01577483104211249,0.0004670975799633081,0.0,0.01577483104211249,0.005943533227066311,0,0,0,1,0,1.0,0.3113207547169811,0.49043793228942373,0.3715468932117154,0.8770386004554258,0.5322669518779123,0.0,0.32075471698113206,0.044121443006802624
1109,106,100.0,106,0,106,0,0,0.0,2.371888787131232,2.300842814588134,7.971915715795872,1.8092314353564674,0.8707063955953922,1.6175062934666204,8.349056603773585,3.567999827489257,0.48744858654406253,0.0,0.0,0.0,0.0,0.0,0,0,0,0,0,0.0,0.32075471698113206,0.4848518652904384,0.3720838485544399,0.889859719141539,0.5263286582406623,0.0,0.32075471698113206,0.04413613118185625
1110,106,100.0,106,0,106,0,0,0.0,2.3828395005257716,2.309843816657982,8.541938991680949,1.8106102395789694,0.8283690214123064,1.5968410795305807,8.349056603773585,3.567999827489257,0.4930204223585646,0.0,0.0,0.0,0.0,0.0,0,0,0,0,0,0.0,0.330188679245283,0.5007154151664335,0.3693631011182669,0.8692753270929969,0.533569181078772,0.0,0.32075471698113206,0.04421548261496908
1111,106,100.0,106,0,106,0,0,0.0,2.3830688102592084,2.310873832021755,8.3266909677255,1.8119692488263135,0.838726201939026,1.6083307435476448,8.349056603773585,3.567999827489257,0.4895863118653858,0.0,0.0,0.0,0.0,0.0,0,0,0,0,0,0.0,0.3113207547169811,0.4920118309738019,0.37178833006526263,0.859405069178682,0.5275438071979057,0.0,0.3584905660377358,0.044240873887436666
1112,106,100.0,106,0,105,1,0,0.0,2.3899738756284252,2.3173091418164278,8.536844266327135,1.8134634580999545,0.8117150580916448,1.5448334620963495,8.349056603773585,3.567999827489257,0.49223208858190914,0.09265119571666991,0.0023181839913224266,0.0,0.09265119571666991,-0.07590338918133144,0,0,0,1,0,0.0,0.3018867924528302,0.4975293835101392,0.37118583081958323,0.859405069178682,0.5289308885454811,0.0,0.3584905660377358,0.04430205590643567
1113,106,100.0,106,0,105,1,0,0.0,2.404970622058468,2.331664148685565,9.05605815821483,1.8153141032855515,0.7844514825031892,1.5181149163942997,8.349056603773585,3.567999827489257,0.49365361654552364,0.09578218413614961,0.002280483662587576,0.0,0.09578218413614961,-0.07708909114333218,0,0,0,1,0,0.0,0.32075471698113206,0.5064259883761519,0.35060518317977607,0.892464859164763,0.5364185178818186,0.0,0.3584905660377358,0.044410055147100655
1114,106,100.0,106,0,106,0,0,0.0,2.3933918636601783,2.32098966222049,8.545495663576668,1.816794024927191,0.7874296540380931,1.513056532704018,8.349056603773585,3.567999827489257,0.4918306297593871,0.0,0.0,0.0,0.0,0.0,0,0,0,0,0,0.0,0.32075471698113206,0.49647063071446895,0.36112270131670204,0.9004546692800895,0.5370647778823424,0.0,0.3584905660377358,0.044378563155919544
1115,106,100.0,106,0,105,1,0,0.0,2.378277686413568,2.307226637266737,8.134398736966984,1.8178282912019246,0.8103888410007946,1.5236589337796147,8.349056603773585,3.567999827489257,0.48678935271780954,0.02045106477316284,0.0002788706462093925,0.0,0.02045106477316284,0.014092728279574085,0,0,0,1,0,1.0,0.3113207547169811,0.48391955412900656,0.3668694154020696,0.895327474846793,0.530107814908103,0.0,0.3584905660377358,0.04432144357913563
1116,106,100.0,106,0,104,2,0,0.0,2.390027250798145,2.3187597310051453,8.312865914658595,1.819154855469512,0.7970626763232642,1.5009550835334642,8.349056603773585,3.567999827489257,0.48612381707694396,0.03188075077643071,0.0010669396713558898,0.0,0.03188075077643071,-0.014192473269089734,0,0,0,2,0,1.0,0.330188679245283,0.4850247558014505,0.35820996296783786,0.9011108849732353,0.5338529521648756,0.0,0.3584905660377359,0.044403857306448045
1117,106,100.0,106,0,106,0,0,0.0,2.4254557645271273,2.3503581215365275,9.674661462658062,1.82133603234204,0.728582941264543,1.4751802247151449,8.349056603773585,3.567999827489257,0.4944377964922375,0.0,0.0,0.0,0.0,0.0,0,0,0,0,0,0.0,0.330188679245283,0.5147403514115715,0.33746588623103835,0.9011108849732353,0.5365835453726934,0.0,0.3584905660377358,0.04461991206861747
1118,106,100.0,106,0,105,1,0,0.0,2.4216265803049746,2.3470438329316963,9.694700921545168,1.8233447817781565,0.731358563588126,1.4699072985963777,8.349056603773585,3.567999827489257,0.4936353078930116,0.008529149872790251,0.00026262111995527335,0.0,0.008529149872790251,0.01546221745727372,0,0,0,1,0,1.0,0.330188679245283,0.514230090564673,0.33425519117891334,0.907517192289855,0.536395533653026,0.0,0.3584905660377358,0.044636602235714376
1119,106,100.0,106,0,105,1,0,0.0,2.4463663678772845,2.3719119865697595,9.66829419363066,1.8259916955809823,0.7242904040708114,1.4300902126631323,8.349056603773585,3.567999827489257,0.4944691886550652,0.009747869527545435,0.0003720541561716527,0.0,0.009747869527545435,0.011315696399557651,0,0,0,1,0,1.0,0.3490566037735849,0.511863320653165,0.32360050120882644,0.9011108849732353,0.5460985694864285,0.0,0.3584905660377358,0.044807522113535225
1120,106,100.0,106,0,104,2,0,0.0,2.4636942654381095,2.3887837415531177,9.905153040427038,1.8290257548548499,0.7115447917296241,1.390882787287072,8.349056603773585,3.567999827489257,0.4964597080940403,0.034501445556345184,0.0015898689170547003,0.0,0.034501445556345184,-0.05506129834792417,0,0,0,2,0,0.5,0.33962264150943394,0.5161309186157356,0.32349299601124104,0.9044484821361586,0.5517604575749807,0.0,0.3584905660377358,0.044948289216168114
1121,106,100.0,106,0,104,2,0,0.0,2.43079251469016,2.358895772568103,8.648685838181686,1.8310984367535996,0.7661134782123759,1.4215287809354913,8.349056603773585,3.567999827489257,0.48932113340976224,0.03683592451889273,0.001553152294360796,0.0,0.03683592451889273,-0.06176153332899692,0,0,0,2,0,0.5,0.33962264150943394,0.49133163524028595,0.33631373881501153,0.9167992286093835,0.5454502933812728,0.0,0.3584905660377358,0.04482075710571426
1122,106,100.0,106,0,104,2,0,0.0,2.4531248409128605,2.3805807231911573,8.749620354984385,1.8337161405664353,0.7462942228352064,1.3786970519828328,8.349056603773585,3.567999827489257,0.48944472667805883,0.04716177678357792,0.0015022176830922149,0.0,0.04716177678357792,-0.022556973364440847,0,0,0,2,0,0.5,0.32075471698113206,0.4911611488346633,0.3327163978497328,0.9037758271093738,0.5489206506026804,0.0,0.3584905660377358,0.04497911857059084
1123,106,100.0,106,0,104,2,0,0.0,2.4633770512076643,2.389390709944072,9.10383092450279,1.8364919169614613,0.748932307952829,1.4046093905706347,8.349056603773585,3.567999827489257,0.49078561533468146,0.03720758218866711,0.0015888693925793648,0.0,0.03720758218866711,-0.0599667832064984,0,0,0,2,0,0.5,0.3490566037735849,0.4973671555171841,0.3319477515681904,0.9037758271093738,0.5419795942212933,0.0,0.32075471698113206,0.04507989947055787
1124,105,99.05660377358491,106,1,103,2,0,0.009433962264150943,2.440596114058178,2.366192211837639,8.564688788549462,1.8385543724305746,0.7845635404233453,1.5132553110555202,8.349056603773585,3.567999827489257,0.4885457440832268,0.08709398559586003,0.0015792030800568216,0.0,0.08709398559586003,-0.043781841494371664,0,1,0,2,0,0.3333333333333333,0.3113207547169811,0.48868820897698456,0.3353280654420568,0.9022165397778499,0.5429516140569985,0.009433962264150943,0.33962264150943394,0.04500278898860044
1125,104,98.11320754716981,106,1,104,1,0,0.009433962264150943,2.4277716559066547,2.3589935066260566,8.426562117696099,1.8401441485930665,0.7900659597225507,1.5025878669085313,8.349056603773585,3.567999827489257,0.486779755834988,0.07788465865668034,0.0016740352449608816,0.0,0.07788465865668034,-0.021223036027429698,0,1,0,1,0,0.0,0.3018867924528302,0.48563387629690136,0.33899069755712374,0.8995914780457872,0.5381967276902065,0.009433962264150943,0.33962264150943394,0.04496702830321041
1126,103,97.16981132075472,106,1,103,0,2,0.009433962264150943,2.4693615978142955,2.3910085420197964,9.176462600121507,1.8429312797464013,0.7571004411280107,1.4718643437423204,8.349056603773585,3.567999827489257,0.49184358708768783,0.9443348512659808,0.004291493167069953,1.0,0.0556651487340191,0.03742419466761978,0,3,0,0,0,0.6666666666666666,0.3018867924528302,0.4997660426028972,0.3362476185136269,0.9068027971363141,0.5355214936567665,0.009433962264150943,0.33962264150943394,0.04522470043012006
1127,102,96.22641509433963,106,1,103,1,1,0.009433962264150943,2.4832657605115163,2.4089093292805126,10.024433341119707,1.845805388403905,0.7117816513870517,1.4410891639800423,8.349056603773585,3.567999827489257,0.4946290280257539,0.3411173803341874,0.0009722089339140533,0.3333333333333333,0.27799109308831915,-0.023252610669324752,0,2,0,1,0,0.0,0.3113207547169811,0.5143586771960316,0.31072300368561023,0.8953625021224747,0.5436310536852836,0.009433962264150943,0.3584905660377359,0.04534549533957695
1128,102,96.22641509433963,106,1,103,2,0,0.009433962264150943,2.4841633978756157,2.4031061420554702,9.983809550608804,1.848723503472205,0.7139280383676093,1.4401707527792187,8.349056603773585,3.567999827489257,0.49561348325780363,0.2772380331862397,0.002675025356379139,0.3333333333333333,0.26825122685450925,-0.030590348935930045,0,1,0,2,0,0.0,0.33962264150943394,0.5158249143779953,0.30681449359778334,0.9052292541640914,0.5490887794196495,0.009433962264150943,0.3584905660377358,0.04540204269669889
1129,102,96.22641509433963,106,0,106,0,0,0.0,2.509454946180426,2.4254544271988814,10.940475610542789,1.8519932198801925,0.6704127213331013,1.4407016023524428,8.349056603773585,3.567999827489257,0.5030449389051965,0.0,0.0,0.0,0.0,0.0,0,0,0,0,0,0.0,0.330188679245283,0.5357647434531015,0.31124294613610515,0.9070996823744187,0.5546922270389006,0.0,0.39622641509433965,0.04558683217612113
1130,103,97.16981132075472,106,0,105,1,0,0.0,2.511932165772014,2.426757165446364,11.617867724744785,1.8551834581711222,0.6522150426134133,1.4663592888553438,8.349056603773585,3.567999827489257,0.5079424690254255,0.03555749447537941,0.0007660933091566829,0.0,0.03555749447537941,0.017037184793532334,0,0,0,1,0,1.0,0.3584905660377358,0.5523895631676511,0.2984921391996661,0.9070996823744187,0.5594178302316536,0.0,0.39622641509433965,0.04565613212243751
1131,104,98.11320754716981,106,0,105,1,0,0.0,2.5310157370533743,2.445362157087355,11.576155023395572,1.858790929621059,0.650463372159801,1.4612631394285274,8.349056603773585,3.567999827489257,0.5078505427658666,0.04331228572309606,0.0005794702957864655,0.0,0.04331228572309606,0.022303057324555287,0,0,0,1,0,1.0,0.33962264150943394,0.5496433881677104,0.3007612971919888,0.9129485778969367,0.5603383125092033,0.0,0.39622641509433965,0.045815907266399544
1132,105,99.05660377358491,106,0,105,1,0,0.0,2.5858175128738434,2.49618504984548,13.186230300940942,1.8637203750766331,0.5869351070919488,1.4350595775758703,8.349056603773585,3.567999827489257,0.5162611418883793,0.0933438975127656,0.0006957119110605767,0.0,0.0933438975127656,0.019162466321211546,0,0,0,1,0,0.0,0.33962264150943394,0.5775549438832966,0.28613909543452615,0.8956386334523655,0.5695663260148565,0.0,0.39622641509433965,0.04617785744817742
1133,106,100.0,106,0,105,1,0,0.0,2.572475397929945,2.484843019738394,12.556367994034089,1.8681501910351324,0.6218002331390002,1.4796436139973614,8.349056603773585,3.567999827489257,0.514517528451234,0.0815816886775785,0.0009781070478883987,0.0,0.0815816886775785,0.012217147316856747,0,0,0,1,0,0.0,0.3490566037735849,0.5651158679836469,0.28323181580292667,0.9052135937011281,0.571862817635317,0.0,0.3584905660377358,0.0461901747863366
1134,106,100.0,106,0,105,1,0,0.0,2.5620388901163853,2.4748600619983483,11.638901935037595,1.87213699763592,0.6784137478732593,1.5386870908209362,8.349056603773585,3.567999827489257,0.5109834047972437,0.0270383529148679,0.00034097594803230287,0.0,0.0270383529148679,0.009864490666856573,0,0,0,1,0,1.0,0.330188679245283,0.5489681407622503,0.3083482888536092,0.9128693894924547,0.5606313148448745,0.0,0.3584905660377358,0.046209116873588016
1135,106,100.0,106,0,104,2,0,0.0,2.565131552056393,2.477449384167471,12.112050192525214,1.8760554645924907,0.678225786820606,1.5427208799138186,8.349056603773585,3.567999827489257,0.5133468030048178,0.09921820325219174,0.00039631716387537256,0.0,0.09921820325219174,0.0107670504227933,0,0,0,2,0,0.5,0.33962264150943394,0.5594010641147722,0.294210032880589,0.9065396921300798,0.5646706040900157,0.0,0.3584905660377358,0.04629448563041339
1136,106,100.0,106,0,106,0,0,0.0,2.555699582168306,2.468860699188543,11.451304031422298,1.8795889652426259,0.7057099083808508,1.544875561996754,8.349056603773585,3.567999827489257,0.5113040267127857,0.0,0.0,0.0,0.0,0.0,0,0,0,0,0,0.0,0.3584905660377358,0.5498417540460112,0.3073557378970563,0.9177104096569455,0.5643083125930258,0.0,0.3584905660377358,0.046310363429523535
1137,106,100.0,106,0,105,1,0,0.0,2.5502152911912317,2.4640951385802414,11.291315011721629,1.8828603624402331,0.7174075827189634,1.5487501024118506,8.349056603773585,3.567999827489257,0.5106960755166341,0.1801971951226047,0.00045836055242929106,0.0,0.1801971951226047,0.010109909107520187,0,0,0,1,0,0.0,0.330188679245283,0.5473002405952339,0.30441816844960057,0.9141694254976962,0.5677841401150058,0.0,0.3584905660377358,0.04634130369782172
1138,106,100.0,106,0,105,1,0,0.0,2.5591419234033133,2.4717238162979793,11.346082341528106,1.8862327891577204,0.7015155872270891,1.5379492229663834,8.349056603773585,3.567999827489257,0.5131790808323111,0.14585058639807452,0.00042244291318672077,0.0,0.14585058639807452,0.00814939157807859,0,0,0,1,0,0.0,0.3584905660377358,0.5500943142437656,0.31575638459100264,0.9135894513094953,0.5657066713802488,0.0,0.3584905660377358,0.0464461009486132
1139,106,100.0,106,0,105,1,0,0.0,2.5328627863950053,2.44755967109178,10.203600770352711,1.888795146368328,0.74581368078833,1.5535681184698957,8.349056603773585,3.567999827489257,0.5105625612651985,0.3196423232946697,0.0006072804868781938,0.0,0.3196423232946697,0.011711169879013772,0,0,0,1,0,0.0,0.3584905660377358,0.5332256925181148,0.33166963587011405,0.9014680220600229,0.5670610998088043,0.0,0.3584905660377358,0.04636041771399873
1140,106,100.0,106,0,105,1,0,0.0,2.5365338079266175,2.4522554911423144,9.38260797866298,1.8914001161591236,0.7941133482600328,1.5376766767675514,8.349056603773585,3.567999827489257,0.5079578798253799,0.1561354252731686,0.0004298601885986221,0.0,0.1561354252731686,0.01010987030672017,0,0,0,1,0,0.0,0.3490566037735849,0.5168008411266314,0.3540107416298186,0.9023426197857571,0.5668382850819699,0.0,0.3584905660377358,0.04642524548047766
1141,106,100.0,106,0,105,1,0,0.0,2.5247267887188727,2.4413271126149088,9.286226199538348,1.8936002010106734,0.7921781363789253,1.5678994412000786,8.349056603773585,3.567999827489257,0.5055797622510967,0.06832215574860487,0.0003841075046839869,0.0,0.06832215574860487,0.0059196896399119625,0,0,0,1,0,0.0,0.3490566037735849,0.5131858637014628,0.35124583789667635,0.9072995462280533,0.5649768699302684,0.0,0.32075471698113206,0.04640545989629289
1142,105,99.05660377358491,106,1,105,0,0,0.009433962264150943,2.5303404584343596,2.4517658441569856,9.112315117079667,1.8958797071316364,0.7862677042321199,1.5510223351674766,8.349056603773585,3.567999827489257,0.5062774450097236,0.0611859649633054,0.0003454054122380908,0.0,0.0611859649633054,0.005049791863633968,0,1,0,0,0,0.0,0.3490566037735849,0.5097081564703899,0.35532278183309507,0.9058700612334056,0.573024568166492,0.009433962264150943,0.33962264150943394,0.0464741946321021
1143,105,99.05660377358491,106,0,106,0,0,0.0,2.5067454622488357,2.429431525440129,8.950358440558118,1.8975804125611144,0.8199004075118259,1.5854813831031083,8.349056603773585,3.567999827489257,0.502919852277824,0.0,0.0,0.0,0.0,0.0,0,0,0,0,0,0.0,0.33962264150943394,0.5050783577500092,0.3462642371879165,0.9147958663236546,0.569934747574518,0.0,0.33962264150943394,0.04638656023456943
1144,105,99.05660377358491,106,0,106,0,0,0.0,2.511746919672705,2.4344278822714127,9.4370401985966,1.8993630528262995,0.8110841798428199,1.5887265923390237,8.349056603773585,3.567999827489257,0.5030738327450421,0.0,0.0,0.0,0.0,0.0,0,0,0,0,0,0.0,0.33962264150943394,0.5122148140512194,0.3188841698365626,0.9114466259349729,0.5727811594955053,0.0,0.37735849056603776,0.04644336982248205
1145,105,99.05660377358491,106,0,106,0,0,0.0,2.4922128855022705,2.4162350682781253,9.203950664192726,1.9005627928323814,0.8407935797255499,1.6223199277166627,8.349056603773585,3.567999827489257,0.5002817598077225,0.0,0.0,0.0,0.0,0.0,0,0,0,0,0,0.0,0.3490566037735849,0.5072603862299006,0.31965242261647575,0.9264594683656006,0.573695275043813,0.0,0.33962264150943394,0.04636710301230354
1146,105,99.05660377358491,106,0,106,0,0,0.0,2.5235755591313893,2.444298769089645,9.799874002240784,1.9025207763543492,0.8097216968845333,1.5828721893201894,8.349056603773585,3.567999827489257,0.5068128540716421,0.0,0.0,0.0,0.0,0.0,0,0,0,0,0,0.0,0.33962264150943394,0.523467500620146,0.3307425273303096,0.9265241912783346,0.5751210016881443,0.0,0.33962264150943394,0.04655884680479218
1147,106,100.0,106,0,106,0,0,0.0,2.487283810516501,2.410727147326463,9.125629567472226,1.9034506307023547,0.8461785321870771,1.6115791686695342,8.349056603773585,3.567999827489257,0.5031433008544657,0.0,0.0,0.0,0.0,0.0,0,0,0,0,0,0.0,0.37735849056603776,0.5113450139449086,0.3264905691236013,0.9246672933579754,0.5721431485258747,0.0,0.33962264150943394,0.0463939766624841
1148,106,100.0,106,0,104,2,0,0.0,2.4974644758547098,2.4211649907692947,9.277053821263705,1.9046452456376546,0.82585537706087,1.5860116297454243,8.349056603773585,3.567999827489257,0.5026831983471918,0.026351182290842684,0.0007153430513631035,0.0,0.026351182290842684,-0.011999067099421501,0,0,0,2,0,1.0,0.3490566037735849,0.5111667277510821,0.3129880750036418,0.9131548714448076,0.5771984582188312,0.0,0.41509433962264153,0.04646619191859047
1149,106,100.0,106,0,105,1,0,0.0,2.513396932850507,2.437241765061797,9.816001469566071,1.9062561321373415,0.8025269692610145,1.564414249725708,8.349056603773585,3.567999827489257,0.5042520809637951,0.0212770395571601,0.0006532445857901673,0.0,0.0212770395571601,0.009586298910592483,0,0,0,1,0,1.0,0.3584905660377358,0.5184359690539186,0.2856778718568011,0.9237864421496511,0.585864727337541,0.0,0.37735849056603776,0.0465745924173344
1150,106,100.0,106,0,105,1,0,0.0,2.505564694604479,2.429869847230953,9.421737028805927,1.9075991181971088,0.8508378471955792,1.6317048083727006,8.349056603773585,3.567999827489257,0.5035209239528047,0.011083473006488098,0.0006212443498072499,0.0,0.011083473006488098,-0.038549931283486605,0,0,0,1,0,1.0,0.33962264150943394,0.5124286366641714,0.2966676412573017,0.9228506942795653,0.5840702449240354,0.0,0.37735849056603776,0.04655939009625211
1151,106,100.0,106,0,104,2,0,0.0,2.5000027380336864,2.4241437553336156,9.125470361601973,1.9087307409573657,0.8523724367986685,1.609710016385578,8.349056603773585,3.567999827489257,0.5017168788124069,0.060068708260641014,0.000914140223167789,0.0,0.060068708260641014,-0.009883621999030867,0,0,0,2,0,0.5,0.36792452830188677,0.5070476571973135,0.3104752804870181,0.927508748460709,0.5833066691420061,0.0,0.33962264150943394,0.046551768462465046
1152,105,99.05660377358491,106,1,104,1,0,0.009433962264150943,2.5029065472329535,2.424301418846965,9.059127994685129,1.9098931666419898,0.8437710930137412,1.5898989104617476,8.349056603773585,3.567999827489257,0.5006797186527439,0.10025932339082878,0.0008856316989751046,0.0,0.10025932339082878,-0.013201876979640648,0,1,0,1,0,0.5,0.3490566037735849,0.5050011777550831,0.31617836445117964,0.9309866783292351,0.5736306939200161,0.009433962264150943,0.33962264150943394,0.046587025181672424
1153,105,99.05660377358491,106,0,105,1,0,0.0,2.5150437306818207,2.4356881779005537,9.21067695587389,1.9112724617395092,0.8466100440587484,1.5820932227676765,8.349056603773585,3.567999827489257,0.5027818076028256,0.011706193668182253,0.0005878754807233503,0.0,0.011706193668182253,-0.03583150091168441,0,0,0,1,0,1.0,0.3584905660377358,0.5088281840988875,0.31833108823051687,0.9309866783292351,0.5763739929735783,0.0,0.33962264150943394,0.046672317722266786
1154,105,99.05660377358491,106,0,106,0,0,0.0,2.528726894292034,2.4487284350759535,9.17337395843912,1.9129747646731463,0.8453294271888145,1.5733303107851444,8.349056603773585,3.567999827489257,0.5038378535944932,0.0,0.0,0.0,0.0,0.0,0,0,0,0,0,0.0,0.3584905660377358,0.507774906292398,0.32554105464598576,0.9231819345084962,0.5757075648625959,0.0,0.33962264150943394,0.04677110262318561
1155,105,99.05660377358491,106,0,106,0,0,0.0,2.561700545908893,2.4810595477255,9.3068064805796,1.9155391886758966,0.8246418174262556,1.5479333894149907,8.349056603773585,3.567999827489257,0.5060910474375102,0.0,0.0,0.0,0.0,0.0,0,0,0,0,0,0.0,0.3490566037735849,0.5083935352457579,0.3307386038007068,0.9324957688403304,0.5815579287593793,0.0,0.33962264150943394,0.04698172020326702
1156,105,99.05660377358491,106,0,106,0,0,0.0,2.5472182719649803,2.467486289535095,8.879016685624062,1.917624678971598,0.8267568200257892,1.5341773015912523,8.349056603773585,3.567999827489257,0.507208477004603,0.0,0.0,0.0,0.0,0.0,0,0,0,0,0,0.0,0.3490566037735849,0.5037590668478302,0.331207650886293,0.9279519158370584,0.5861775247593257,0.0,0.37735849056603776,0.04694651397862393
1157,106,100.0,106,0,105,1,0,0.0,2.554270061464941,2.473451962922935,9.28416798228466,1.919806043150096,0.8256825418997066,1.5126630294870291,8.349056603773585,3.567999827489257,0.5092437079213512,0.019091998130094517,0.0005958014509385887,0.0,0.019091998130094517,0.01153587595749761,0,0,0,1,0,1.0,0.3584905660377358,0.5117382139743819,0.32009931727111324,0.9279519158370584,0.585981796326373,0.0,0.37735849056603776,0.04702068846118658
1158,106,100.0,106,0,105,1,0,0.0,2.578787947081356,2.4958547590276523,10.209084661750426,1.922549041639563,0.7899154020807168,1.4962460319562807,8.349056603773585,3.567999827489257,0.5154845546928688,0.029781642495258304,0.0006351908245779692,0.0,0.029781642495258304,0.008641197369897435,0,0,0,1,0,1.0,0.3867924528301887,0.5306251833861924,0.29943398993453163,0.9282118630052323,0.5934503672203599,0.0,0.37735849056603776,0.04719221297995477
1159,106,100.0,106,0,105,1,0,0.0,2.5946690633966893,2.5105941422899547,10.976695404393416,1.925614890883156,0.8069764985504004,1.5223740752610204,8.349056603773585,3.567999827489257,0.5171592017944207,0.04070719077877457,0.0005499750651852437,0.0,0.04070719077877457,0.013614744504833465,0,0,0,1,0,1.0,0.37735849056603776,0.5414326855716742,0.2805738233906222,0.9208122110880574,0.5943434253725464,0.0,0.37735849056603776,0.04732631330939267
1160,106,100.0,106,0,104,2,0,0.0,2.6110036795237606,2.525731776090866,11.501667154984645,1.9290034392293485,0.8248267796799238,1.5233475814540702,8.349056603773585,3.567999827489257,0.5180845182671567,0.19202050502743534,0.0006063117945472185,0.0,0.19202050502743534,0.02025290228882054,0,0,0,2,0,0.5,0.4056603773584906,0.5467318177159993,0.27154047616819293,0.9208122110880574,0.5938410359440112,0.0,0.37735849056603776,0.04746843808960129
1161,106,100.0,106,0,105,1,0,0.0,2.626420480152306,2.5402229843282016,11.875484969204999,1.9326847212043219,0.7994781609350107,1.5205483462882798,8.349056603773585,3.567999827489257,0.5211855423774137,0.012381017722836493,0.00044668498360098737,0.0,0.012381017722836493,0.011028265650992464,0,0,0,1,0,1.0,0.3867924528301887,0.556607268659293,0.2736443298850827,0.9193912353265776,0.6008868828100699,0.0,0.37735849056603776,0.04761119616000224
1162,106,100.0,106,0,105,1,0,0.0,2.6447796909523498,2.55675902228071,12.671022159130883,1.9367066596892735,0.7836063157729296,1.537460238261853,8.349056603773585,3.567999827489257,0.5261607423771744,0.035679241599472764,0.0007215833163437041,0.0,0.035679241599472764,0.014484822092341032,0,0,0,1,0,1.0,0.36792452830188677,0.573130723666918,0.27079831211942135,0.9153952364428337,0.6043544544130165,0.0,0.37735849056603776,0.047774743593104865
1163,106,100.0,106,0,104,2,0,0.0,2.5895466234431486,2.5048768184340426,11.150682416276002,1.9391041698610236,0.8434363299975376,1.559616795143232,8.349056603773585,3.567999827489257,0.5177210258501621,0.023693493902340605,0.0005460418301036156,0.0,0.023693493902340605,-0.007044619431596788,0,0,0,2,0,1.0,0.39622641509433965,0.5477034595375234,0.2925386168150718,0.9170811409333013,0.5894327088884392,0.0,0.33962264150943394,0.04754134983495491
1164,106,100.0,106,0,105,1,0,0.0,2.5895672041967526,2.5043146827904166,11.773440649007592,1.9414000912749452,0.839365717387286,1.568309256676319,8.349056603773585,3.567999827489257,0.5204734413444219,0.06209678646478024,0.0007624923980615154,0.0,0.06209678646478024,-0.0035894642188396553,0,0,0,1,0,0.0,0.3867924528301887,0.5597593112539319,0.28043915162958194,0.9196445771873504,0.5894382477696628,0.0,0.37735849056603776,0.047582411974766925
1165,106,100.0,106,0,104,2,0,0.0,2.613172810182994,2.526715398739796,12.640071126609593,1.9442535002219232,0.8463879465483645,1.5872000253983571,8.349056603773585,3.567999827489257,0.5233363833721933,0.15619573672320855,0.0008466783177739988,0.0,0.15619573672320855,0.001433848745037991,0,0,0,2,0,0.0,0.39622641509433965,0.5712186438345335,0.265156505608381,0.9104033243964801,0.5920382814637973,0.0,0.33962264150943394,0.047751344817851
1166,106,100.0,106,0,105,1,0,0.0,2.597054014015925,2.5117145837112345,11.44908292165439,1.9465769162991227,0.8551261591134681,1.5812594594890377,8.349056603773585,3.567999827489257,0.5204494721563384,0.06683945672203884,0.000786699006772235,0.0,0.06683945672203884,0.005266743913195704,0,0,0,1,0,0.0,0.4056603773584906,0.5544071365253733,0.29757000091796226,0.9148524872423883,0.5863769299592826,0.0,0.37735849056603776,0.04771220057782882
1167,106,100.0,106,0,105,1,0,0.0,2.6027404361504,2.5168179020865233,11.744623948623127,1.9489631020073572,0.8385526352844741,1.5752186098628251,8.349056603773585,3.567999827489257,0.5218495347805949,0.056733702637901,0.000645984908320161,0.0,0.056733702637901,-0.0015680934783164346,0,0,0,1,0,0.0,0.41509433962264153,0.5597385851187328,0.2963156035512019,0.9115362518989665,0.5909578057717735,0.0,0.37735849056603776,0.047783202239477886
1168,106,100.0,106,0,105,1,0,0.0,2.6130634279784215,2.527254850002097,12.076373568866456,1.9515620608405364,0.8266755566310168,1.547019351089719,8.349056603773585,3.567999827489257,0.5209026290243892,0.003924771819993064,0.0005821033672893372,0.0,0.003924771819993064,-0.03342941236448549,0,0,0,1,0,1.0,0.4056603773584906,0.5610744511544988,0.28797000043872484,0.9148524872423883,0.5973427650628114,0.0,0.37735849056603776,0.04788118262196017
1169,106,100.0,106,0,104,2,0,0.0,2.620447788358865,2.5353446969138846,11.586108259665346,1.9542992054061163,0.8395384442032057,1.5523627117257437,8.349056603773585,3.567999827489257,0.5153137202075835,0.1464201423442579,0.0006358512179150249,0.0,0.1464201423442579,0.0064819621012418005,0,0,0,2,0,0.0,0.39622641509433965,0.5458064174523811,0.2978804806368757,0.918351911010597,0.5906189986360969,0.0,0.41509433962264153,0.0479669350805514
1170,106,100.0,106,0,105,1,0,0.0,2.623964699594379,2.5393301523774694,11.246125428937102,1.957052449493571,0.8261212201892125,1.5341102889663887,8.349056603773585,3.567999827489257,0.5147382714315643,0.09331396762194327,0.0008229497217996924,0.0,0.09331396762194327,-0.0007428026726977732,0,0,0,1,0,0.0,0.4056603773584906,0.5402495030068866,0.30982206229950476,0.9123381190315459,0.5931961395557378,0.0,0.41509433962264153,0.04803363750887434
1171,105,99.05660377358491,106,1,104,1,0,0.009433962264150943,2.6261813562058727,2.539849785952943,10.59192005345431,1.9597982967597665,0.8601104035257424,1.5514599518688055,8.349056603773585,3.567999827489257,0.5096229417964662,0.17460769382511704,0.000804539804462831,0.0,0.17460769382511704,-0.0029748053573313005,0,1,0,1,0,0.0,0.4056603773584906,0.5236292089645838,0.32139184756852807,0.9200697455827158,0.5878887049714758,0.009433962264150943,0.37735849056603776,0.0480937067047923
1172,104,98.11320754716981,106,1,105,0,0,0.009433962264150943,2.633214715864199,2.5436830359586,10.68990180360707,1.9625808697700462,0.898566437686358,1.598428517717122,8.349056603773585,3.567999827489257,0.5077272533745547,0.721598786674813,0.002260191488182563,1.0,0.27840121332518697,0.011446462621862219,0,1,0,0,0,0.0,0.36792452830188677,0.5203822877322345,0.3149808011102091,0.914506763049183,0.5790501598424733,0.009433962264150943,0.3584905660377358,0.0481785146031872
1173,104,98.11320754716981,106,0,106,0,0,0.0,2.6392182962892208,2.549107140583489,10.498912206928281,1.9653176984251421,0.9035442813168736,1.593016921538556,8.349056603773585,3.567999827489257,0.5085941371576137,0.0,0.0,0.0,0.0,0.0,0,0,0,0,0,0.0,0.37735849056603776,0.5184723376876423,0.32972491305807566,0.9137340270690422,0.5775232779490207,0.0,0.3962264150943396,0.04825735752615856
1174,103,97.16981132075472,106,1,104,1,0,0.009433962264150943,2.652221267292217,2.5582622872602627,11.123586078742273,1.968298000772396,0.9262477385684958,1.6304782408468517,8.349056603773585,3.567999827489257,0.5093084820735092,0.3862536308591252,0.0022413548939885786,0.0,0.3862536308591252,-5.9505642082680055e-06,0,1,0,1,0,0.0,0.37735849056603776,0.5258876073154009,0.3197509452102499,0.9103202030441105,0.5709714921322006,0.009433962264150943,0.39622641509433965,0.048375540972477885
1175,103,97.16981132075472,106,0,106,0,0,0.0,2.6432922581475604,2.550876319611485,10.40662681325816,1.9708813416469242,0.9186641270950702,1.5826418175779209,8.349056603773585,3.567999827489257,0.503571044141754,0.0,0.0,0.0,0.0,0.0,0,0,0,0,0,0.0,0.36792452830188677,0.5106632230708665,0.32934135613689347,0.9176304430434811,0.5624396952798371,0.0,0.39622641509433965,0.04837698272572791
1176,104,98.11320754716981,106,0,106,0,0,0.0,2.668499439698787,2.573893851903434,10.899686190182921,1.9740295213334809,0.9007975862290271,1.5877133900971583,8.349056603773585,3.567999827489257,0.5088737985841114,0.0,0.0,0.0,0.0,0.0,0,0,0,0,0,0.0,0.36792452830188677,0.5224649092300693,0.33330867542657394,0.926015666433491,0.5710368710190629,0.0,0.3584905660377358,0.04855918215637674
1177,105,99.05660377358491,106,0,106,0,0,0.0,2.663971764718341,2.5701432263260697,10.892628428040608,1.9769583161229476,0.9091152986758478,1.6037644820214678,8.349056603773585,3.567999827489257,0.5072467789124189,0.0,0.0,0.0,0.0,0.0,0,0,0,0,0,0.0,0.3867924528301887,0.5196896383590637,0.32148904739958684,0.9352034862858515,0.5732096139231436,0.0,0.32075471698113206,0.04858879347799235
1178,105,99.05660377358491,106,0,106,0,0,0.0,2.6878623221827986,2.5914230166339975,11.125820455302952,1.9803900218245607,0.8812599388966482,1.6057226400433897,8.349056603773585,3.567999827489257,0.5115754236415895,0.0,0.0,0.0,0.0,0.0,0,0,0,0,0,0.0,0.37735849056603776,0.5285629723908221,0.32792878863891745,0.9372651938150784,0.5776974140456249,0.0,0.3584905660377358,0.048769467892071386
1179,106,100.0,106,0,105,1,0,0.0,2.706918058290136,2.6099233114583043,11.546033472150128,1.9842273566625934,0.8787470530600603,1.5905921628479784,8.349056603773585,3.567999827489257,0.5142148627382153,0.21350559411597028,0.0015682045279596026,0.0,0.21350559411597028,0.0015342266974711638,0,0,0,1,0,0.0,0.3867924528301887,0.5352707803617368,0.3200213175035075,0.9382349953086827,0.579195946510247,0.0,0.32075471698113206,0.048933204622808674
1180,106,100.0,106,0,106,0,0,0.0,2.692046233611212,2.596662648782715,11.807299433529993,1.9875492630631137,0.8791513345288072,1.581866054824071,8.349056603773585,3.567999827489257,0.5114056659930564,0.0,0.0,0.0,0.0,0.0,0,0,0,0,0,0.0,0.3867924528301887,0.5345408453694827,0.29088726862884756,0.9512714435666492,0.5834977146332557,0.0,0.2830188679245283,0.04891810830673401
1181,106,100.0,106,0,106,0,0,0.0,2.6846646919352954,2.5913544248144653,11.083042471025307,1.99060112591137,0.8908904263631006,1.5849998525312923,8.349056603773585,3.567999827489257,0.5051914014685088,0.0,0.0,0.0,0.0,0.0,0,0,0,0,0,0.0,0.36792452830188677,0.5177321703500818,0.2950601725590391,0.9419354501250192,0.582113389033733,0.0,0.2830188679245283,0.04893564582893493
1182,106,100.0,106,0,105,1,0,0.0,2.682955974669418,2.5894949402109373,10.850419560413814,1.9934910211725088,0.8744302279947009,1.5681527168731473,8.349056603773585,3.567999827489257,0.506707543179026,0.060343360041727245,0.000703078515648649,0.0,0.060343360041727245,0.02193412671870676,0,0,0,1,0,0.0,0.39622641509433965,0.5177047072344885,0.30464433556420145,0.9410837139382711,0.5864521330193608,0.0,0.32075471698113206,0.04897865797157156
1183,106,100.0,106,0,104,2,0,0.0,2.6913489964086437,2.596648771909463,11.461279141334945,1.996482003937845,0.8858015529974852,1.5886324604930824,8.349056603773585,3.567999827489257,0.5101743215154597,0.0813506804659512,0.0004980170902625931,0.0,0.0813506804659512,0.01583577367910871,0,0,0,2,0,0.5,0.37735849056603776,0.528308324227166,0.2958813812187358,0.9454203726450698,0.589701048216422,0.0,0.32075471698113206,0.049073982210221405
1184,106,100.0,106,0,105,1,0,0.0,2.6844664271936676,2.5902924589011236,10.440472665545071,1.9991848338535358,0.874593745849346,1.5495681857146089,8.349056603773585,3.567999827489257,0.5068081818831123,0.021317618771153592,0.0003973134698510196,0.0,0.021317618771153592,-0.004474604017674411,0,0,0,1,0,1.0,0.39622641509433965,0.5125781820591312,0.3217598881042672,0.9411320107066956,0.5870682652160661,0.0,0.3584905660377358,0.04908778784751111
1185,106,100.0,106,0,105,1,0,0.0,2.7063947919242093,2.610816678402465,11.072636570229461,2.0023770700956187,0.8446328528701156,1.5338326320592413,8.349056603773585,3.567999827489257,0.5105544602457073,0.07475812856801337,0.00038206445525545757,0.0,0.07475812856801337,0.01167854716646155,0,0,0,1,0,0.0,0.39622641509433965,0.5231858918897332,0.3076937241175651,0.9404912084986219,0.5916935768313422,0.0,0.2830188679245283,0.049254379162969104
1186,106,100.0,106,0,104,2,0,0.0,2.774394490393538,2.6747135232716217,12.618568429363023,2.0072792788058536,0.7991954230397551,1.4946808076381422,8.349056603773585,3.567999827489257,0.5174670587802241,0.1904077441717595,0.00046690973549792444,0.0,0.1904077441717595,0.01996137173329976,0,0,0,2,0,0.0,0.42452830188679247,0.5451597495609942,0.28986412646879073,0.9404912084986219,0.5998923240696742,0.0,0.2830188679245283,0.04968183305447792
1187,106,100.0,106,0,104,2,0,0.0,2.778634544639757,2.67969714942765,12.145768206013386,2.0121488293358833,0.796762020361103,1.502102059249895,8.349056603773585,3.567999827489257,0.514507396556219,0.2654305199376859,0.0014596445901143417,0.0,0.2654305199376859,0.006718208488910193,0,0,0,2,0,0.0,0.39622641509433965,0.535616488138397,0.2977661099515635,0.9250113078012507,0.6022403148359877,0.0,0.32075471698113206,0.0497899061029645
1188,106,100.0,106,0,105,1,0,0.0,2.7887906770351565,2.6894798487118954,12.730278627315327,2.017123871666271,0.8203841295822164,1.5561455211516058,8.349056603773585,3.567999827489257,0.515096929819346,0.08515526489788494,0.0004657117670306739,0.0,0.08515526489788494,0.006627497994506126,0,0,0,1,0,0.0,0.3867924528301887,0.5430606911323915,0.28368816752971254,0.9139697387462244,0.6011055442646087,0.0,0.3207547169811321,0.04992944151582437
1189,106,100.0,106,0,105,1,0,0.0,2.7744544362207115,2.675858099854013,12.15220085355017,2.021532585314293,0.8271488884924754,1.5399044568078335,8.349056603773585,3.567999827489257,0.5140925988497309,0.051820368414490905,0.00039001023616405764,0.0,0.051820368414490905,0.007817107213778929,0,0,0,1,0,0.0,0.4056603773584906,0.536476484457935,0.2954002356274984,0.922935708268622,0.5972527584128431,0.0,0.3207547169811321,0.0499364117594301
1190,106,100.0,106,0,105,1,0,0.0,2.800940287686871,2.700326962689036,12.951718163111753,2.0264824352539526,0.812242098318414,1.537817891769319,8.349056603773585,3.567999827489257,0.5163980065451419,0.03053105684739622,0.00042227678800778274,0.0,0.03053105684739622,-0.006770908417374821,0,0,0,1,0,1.0,0.39622641509433965,0.5464313104588159,0.2868537394270229,0.9199679475637446,0.597413312413366,0.0,0.2830188679245283,0.05015714633541492
1191,105,99.05660377358491,106,1,104,1,0,0.009433962264150943,2.7987250829912864,2.6953161028575017,12.525107908669009,2.031223351837258,0.8154869305208823,1.5466803846177979,8.349056603773585,3.567999827489257,0.516045794811709,0.35077768593430014,0.0010883286532263692,0.0,0.35077768593430014,0.012190528742200668,0,1,0,1,0,0.0,0.41509433962264153,0.5412401093493191,0.29333272104714336,0.9350078521516041,0.5968784992290177,0.009433962264150943,0.2830188679245283,0.05023064825969387
1192,104,98.11320754716981,106,1,103,2,0,0.009433962264150943,2.8545607374279856,2.7594124770188717,14.46830561781373,2.0371358723935247,0.7725615098074131,1.5457532647579384,8.349056603773585,3.567999827489257,0.525524539899217,0.2510712056460928,0.000738708276626573,0.0,0.2510712056460928,0.004767245351457357,0,1,0,2,0,0.0,0.3584905660377358,0.5711721302359611,0.2838100074461128,0.9296296485784684,0.5984729720659147,0.009433962264150943,0.2830188679245283,0.05061530589350129
1193,103,97.16981132075472,106,1,101,4,0,0.009433962264150943,2.884230419331524,2.8015219937202365,15.675720640185848,2.0440197946946377,0.7736256962024377,1.5450795097787897,8.349056603773585,3.567999827489257,0.5288050542696026,0.266696076832302,0.0017034414741259295,0.2,0.13570481830274916,0.0010575226120556724,0,1,0,4,0,0.2,0.36792452830188677,0.5829216000297979,0.27309282765491016,0.9370985107205714,0.5997166019607972,0.009433962264150943,0.2830188679245283,0.05088646347093309
1194,102,96.22641509433963,106,1,102,3,0,0.009433962264150943,2.87525939153005,2.785756174353668,16.23777647864122,2.0508278750075495,0.8269401929723021,1.5691668217784913,8.349056603773585,3.567999827489257,0.5293451660771276,0.4399544471254463,0.001874661428683293,0.25,0.1899544471547825,0.02065956716748943,0,1,0,3,0,0.5,0.39622641509433965,0.5898761501726323,0.2657813319306973,0.9324348496341014,0.5787281551096779,0.009433962264150943,0.2830188679245283,0.05096306447883573
1195,102,96.22641509433963,106,0,103,3,0,0.0,2.860799848612657,2.771686923668042,15.680153450271249,2.0567693676891934,0.8460909857159592,1.6058264902701285,8.349056603773585,3.567999827489257,0.528135233793503,0.16530720628164,0.0013784472050832471,0.0,0.16530720628164,0.004791553617441176,0,0,0,3,0,0.0,0.39622641509433965,0.5851748674685479,0.2700865083452185,0.9343457457271009,0.5789830673246763,0.0,0.2830188679245283,0.05099676298856444
1196,102,96.22641509433963,106,1,103,2,0,0.009433962264150943,2.891318377767885,2.8071963492049448,16.452509938986978,2.063303594196658,0.8292661868430504,1.576227013714994,8.349056603773585,3.567999827489257,0.5328134805298836,0.24802232760919576,0.0017154571616419863,0.3333333333333333,0.16280796694933541,0.01217280231966078,0,1,0,2,0,0.0,0.39622641509433965,0.5968916708508206,0.275459429227978,0.9119777067200191,0.5891124592456706,0.009433962264150943,0.32075471698113206,0.05126592622959762
1197,103,97.16981132075472,106,0,106,0,0,0.0,2.8684947989352043,2.785443690914628,15.671836404087019,2.069192626384457,0.8758355167809961,1.61385930765199,8.349056603773585,3.567999827489257,0.5273853538084468,0.0,0.0,0.0,0.0,0.0,0,0,0,0,0,0.0,0.36792452830188677,0.5841892116878237,0.28347933671368475,0.9271146319935346,0.5796666657859112,0.0,0.32075471698113206,0.05125686866458495
1198,104,98.11320754716981,106,0,105,1,0,0.0,2.885882991026188,2.8010080716814367,15.794638607075347,2.0753158075770823,0.8490182193091851,1.5865089258721898,8.349056603773585,3.567999827489257,0.5294606378792797,0.02704898720435866,0.0013992291943750383,0.0,0.02704898720435866,-0.026181482703899306,0,0,0,1,0,1.0,0.36792452830188677,0.5891292261924146,0.2900312624922271,0.9505818828596965,0.5813575300696432,0.0,0.2830188679245283,0.051453047172234735
1199,104,98.11320754716981,106,1,103,2,0,0.009433962264150943,2.8544798117276877,2.7622042578245343,14.597296038543943,2.080375999693891,0.9200294167325052,1.6644445680795978,8.349056603773585,3.567999827489257,0.5229984312272777,0.35824428027101995,0.002463374162153252,0.3333333333333333,0.024929786736590336,0.023533132642750587,0,1,0,2,0,0.6666666666666666,0.3584905660377358,0.5711442293052935,0.2970208574986298,0.9503206634944,0.5633431462321679,0.009433962264150943,0.24528301886792453,0.051386305098741404
1200,103,97.16981132075472,106,1,103,2,0,0.009433962264150943,2.835861378817291,2.7408889487602206,14.031183009384012,2.0844667639279004,0.9352606805362494,1.7004321517252403,8.349056603773585,3.567999827489257,0.5217219177710979,0.07892215288238623,0.0013678750676659548,0.0,0.07892215288238623,-0.023085919777110348,0,1,0,2,0,0.3333333333333333,0.33962264150943394,0.5659166577426255,0.30621535050740556,0.9290613846597224,0.566084736747582,0.009433962264150943,0.2641509433962264,0.05136619216459565
1201,103,97.16981132075472,106,1,104,1,0,0.009433962264150943,2.8158471502485236,2.7204210273849463,13.23074463347882,2.087795963227517,0.9806811892753142,1.7403650356135978,8.349056603773585,3.567999827489257,0.5189500084656227,0.5544771008117212,0.0017078518025150375,0.5,0.05447720628124926,0.03733887807296782,0,1,0,1,0,0.5,0.330188679245283,0.5548998080132664,0.31704518262996084,0.9438928356481762,0.5691064763959699,0.009433962264150943,0.24528301886792453,0.051325513934385364
1202,103,97.16981132075472,106,0,105,1,0,0.0,2.8419752035153913,2.74437795912718,13.4302698739559,2.0916389275390808,0.9448176164903028,1.709346978370184,8.349056603773585,3.567999827489257,0.5187691421617127,0.16161236221704972,0.0008665644483149837,0.0,0.16161236221704972,-0.00298984172189265,0,0,0,1,0,0.0,0.330188679245283,0.5556389292057591,0.32921294120330946,0.9313017375333354,0.5680336820926852,0.0,0.24528301886792453,0.051524712680723235
1203,103,97.16981132075472,106,0,105,1,0,0.0,2.845809818240482,2.7497808683409417,12.884602141506212,2.095498995523778,0.9599481591375131,1.6752623748517652,8.349056603773585,3.567999827489257,0.5148069429445099,0.26205862346587894,0.001121943599661726,0.0,0.26205862346587894,-0.0009292304589715306,0,0,0,1,0,0.0,0.33962264150943394,0.54211172647123,0.3289827788218782,0.9538500645675101,0.5658251236293437,0.0,0.24528301886792453,0.05161274936386617
1204,104,98.11320754716981,106,0,105,1,0,0.0,2.822456787602384,2.7284083848070675,12.62294672349643,2.0986112801489454,0.9789718352391541,1.6839354149110943,8.349056603773585,3.567999827489257,0.5119515829830052,0.19374117025027382,0.0005388070438689419,0.0,0.19374117025027382,0.006688280310156891,0,0,0,1,0,0.0,0.3490566037735849,0.5376016414746656,0.32575317839160545,0.948340644167087,0.5644754549343808,0.0,0.2830188679245283,0.05155150736570415
1205,105,99.05660377358491,106,0,104,2,0,0.0,2.8330810906990993,2.7404057742470336,12.319446384081964,2.1019549719316726,0.9841175610658007,1.6685071853934916,8.349056603773585,3.567999827489257,0.5080455636464425,0.13810875259351618,0.0008971415561741278,0.0,0.13810875259351618,0.004628384109128025,0,0,0,2,0,0.0,0.36792452830188677,0.5265729475667904,0.32295885012401127,0.956991021547573,0.5642089024784686,0.0,0.24528301886792453,0.05166428033970747
1206,106,100.0,106,0,103,3,0,0.0,2.83106813835129,2.7394920622856374,12.488693837573713,2.1051532798043957,0.9942103872836455,1.667381568759156,8.349056603773585,3.567999827489257,0.5058713517993079,0.12808733557546856,0.0008662156476316676,0.0,0.12808733557546856,0.004851131380892733,0,0,0,3,0,0.3333333333333333,0.3584905660377358,0.5245431781639762,0.30507400670575796,0.9498809116383954,0.5652126699326048,0.0,0.2830188679245283,0.051711273387659094
1207,106,100.0,106,0,103,3,0,0.0,2.8292163498005656,2.7384799235022115,12.368398023914358,2.1082085815697,1.0145501213539925,1.6908675530629442,8.349056603773585,3.567999827489257,0.5040350422727853,0.13375562525425208,0.0010212246452488759,0.0,0.13375562525425208,0.0018933539436685558,0,0,0,3,0,0.3333333333333333,0.33962264150943394,0.5208228986932676,0.30634648986826424,0.9498809116383954,0.5642063402761833,0.0,0.2830188679245283,0.051756521025763134
1208,106,100.0,106,0,105,1,0,0.0,2.813645147884462,2.7235168765918893,12.372189455797493,2.1107277649829306,1.0186487670396613,1.6991782937929085,8.349056603773585,3.567999827489257,0.504468862829885,0.3372523499231689,0.00237292427815462,0.0,0.3372523499231689,-0.001113890156062558,0,0,0,1,0,0.0,0.3490566037735849,0.5235503875250017,0.30249423762827915,0.9500037448740791,0.5661930168139825,0.0,0.2830188679245283,0.05172360724610172
1209,106,100.0,106,0,104,2,0,0.0,2.7755966264566685,2.6885575595977973,11.073385656161708,2.112159185240291,1.043414098979955,1.7278959236880946,8.349056603773585,3.567999827489257,0.4974867648915924,0.23176527652720483,0.0012898706854525806,0.0,0.23176527652720483,0.0010770860677860594,0,0,0,2,0,0.0,0.3490566037735849,0.5015664800676856,0.31883333570492567,0.9500037448740791,0.5553979916330443,0.0,0.2830188679245283,0.051558901175119375
1210,106,100.0,106,0,103,3,0,0.0,2.8395883368189376,2.7496636812667736,12.804539516833916,2.1152837454779254,0.9857760672139287,1.6631030308440617,8.349056603773585,3.567999827489257,0.5050388988538361,0.17033436205938676,0.0012753367302703387,0.0,0.17033436205938676,-0.002545651925209761,0,0,0,3,0,0.3333333333333333,0.3490566037735849,0.5251138979424119,0.28429439426317904,0.9487752811766524,0.5659556415707353,0.0,0.2830188679245283,0.051934601878875025
1211,105,99.05660377358491,106,1,103,2,0,0.009433962264150943,2.802695969295793,2.7122190611217873,11.523441689768534,2.117323379787683,1.0356411253283628,1.714465683563162,8.349056603773585,3.567999827489257,0.49730602758178,0.13957397620286996,0.0011739380930318641,0.0,0.13957397620286996,-0.005454093171998557,0,1,0,2,0,0.3333333333333333,0.3584905660377358,0.5032296276437267,0.30386252514050266,0.9405352944706051,0.5521348254262762,0.009433962264150943,0.24528301886792453,0.05178652711558608
1212,105,99.05660377358491,106,0,104,2,0,0.0,2.8016425475666327,2.7112862424799986,11.784479879733466,2.1191682360130097,1.0184283023393386,1.688370191979817,8.349056603773585,3.567999827489257,0.4987128320615388,0.11859585807730569,0.0007368688680888746,0.0,0.11859585807730569,-0.003885448807028069,0,0,0,2,0,0.5,0.3584905660377358,0.5076097659418022,0.2880362531544065,0.9447245895120153,0.5593509864209578,0.0,0.24528301886792453,0.05181417224040882
1213,105,99.05660377358491,106,0,104,2,0,0.0,2.880636160996047,2.785274528912024,14.00035456525019,2.123059189317205,0.9656243546989534,1.6400826447017554,8.349056603773585,3.567999827489257,0.5074929679347666,0.11192642099547102,0.0009704720522337494,0.0,0.11192642099547102,-0.015065103492711784,0,0,0,2,0,0.5,0.33962264150943394,0.5358778463696949,0.26376897088616674,0.9464835966491831,0.5712030712977177,0.0,0.22641509433962265,0.05227855491114659
1214,105,99.05660377358491,106,0,103,3,0,0.0,2.9185777401846167,2.821640850344,15.296398379286288,2.1278493536429846,0.9455429290303877,1.6257510997500397,8.349056603773585,3.567999827489257,0.510887414763981,0.10249569782945116,0.0010411177585120523,0.0,0.10249569782945116,-0.010090131537285699,0,0,0,3,0,0.0,0.3113207547169811,0.5506965634713429,0.25229339791319194,0.9472802912076856,0.5753668570667702,0.0,0.2830188679245283,0.05255371933452956
1215,105,99.05660377358491,106,0,104,2,0,0.0,2.9071981765701334,2.810900322982508,14.578038462191413,2.1321620273157005,0.9397496303417145,1.6231566394097852,8.349056603773585,3.567999827489257,0.5083598062725225,0.3284099759284366,0.0014759321963940236,0.0,0.3284099759284366,-0.006131489691367675,0,0,0,2,0,0.0,0.3113207547169811,0.5432033359601178,0.2595130788901074,0.9284159955985979,0.5737689419857129,0.0,0.32075471698113206,0.052573759611058486
1216,103,97.16981132075472,106,3,102,1,0,0.02830188679245283,2.9478737534277255,2.8646213303731645,15.689692648699195,2.1374298517755816,0.9214231913985604,1.6205166389175094,8.349056603773585,3.567999827489257,0.5129713619961018,0.20052211382775811,0.0009367827278160142,0.0,0.20052211382775811,-0.0021271464353949388,0,3,0,1,0,0.25,0.330188679245283,0.5546131789571368,0.2510259476248641,0.9347129836836062,0.5748136713134107,0.02830188679245283,0.2641509433962264,0.052871115479166945
1217,102,96.22641509433963,106,1,101,4,0,0.009433962264150943,2.953794175945557,2.8683355353427102,15.130964219068645,2.143104914895984,0.9268001774778306,1.6518580307925315,8.349056603773585,3.567999827489257,0.511591625481846,0.23776705286361519,0.0016875306876108277,0.2,0.11222209149573008,-0.008704087502105762,0,1,0,4,0,0.4,0.3113207547169811,0.5461997603943385,0.2637774273580002,0.9245850262324562,0.5704243193153318,0.009433962264150943,0.2641509433962264,0.053001960712929036
1218,101,95.28301886792453,106,2,99,5,0,0.018867924528301886,2.909036901257489,2.8118616616149423,12.779274740350228,2.1473726871842738,1.0412124273421393,1.7058241194632053,8.349056603773585,3.567999827489257,0.501580967913106,0.37801174282217814,0.0018585666387330424,0.42857142857142855,0.15609426945129248,0.015276204925569867,0,2,0,5,0,0.42857142857142855,0.3113207547169811,0.5109915910435928,0.286135987136912,0.9086972989616466,0.5463816192439112,0.018867924528301886,0.2830188679245283,0.0528543113934306
1219,100,94.33962264150944,106,1,100,5,0,0.009433962264150943,2.923574271775746,2.822334501560416,13.306017560712172,2.151394103410593,1.0220348794007057,1.7294036017707217,8.349056603773585,3.567999827489257,0.5004786024340364,0.11899138163371449,0.0006225768385241163,0.0,0.11899138163371449,0.0007884562563559109,0,1,0,5,0,0.16666666666666666,0.3113207547169811,0.5153583347110826,0.28192555967412203,0.9086972989616466,0.5405294113348375,0.009433962264150943,0.2830188679245283,0.05299874030803073
1220,100,94.33962264150944,106,0,101,5,0,0.0,2.9286866221171297,2.8272268896854023,13.361142447870764,2.1553327259496533,0.9968994707192977,1.7082790898891025,8.349056603773585,3.567999827489257,0.5005674653605783,0.04694820607534265,0.0004297950859763083,0.0,0.04694820607534265,0.004028109491697629,0,0,0,5,0,0.6,0.3018867924528302,0.5172338973632944,0.2863267747421226,0.9036917108107152,0.5419525049412779,0.0,0.2641509433962264,0.05309456708243722
1221,102,96.22641509433963,106,0,102,4,0,0.0,2.9502402923769284,2.8468886324098728,13.299134258675043,2.159692043200507,1.018109306991087,1.6977292014952197,8.349056603773585,3.567999827489257,0.499343483347783,0.04246881746877841,0.0008850410528393744,0.0,0.04246881746877841,-0.0026862476129240476,0,0,0,4,0,0.75,0.29245283018867924,0.512531102588883,0.3017724734113442,0.9128184541360262,0.5371202691566946,0.0,0.2641509433962264,0.05328010564973129
1222,101,95.28301886792453,106,2,100,4,0,0.018867924528301886,2.924315162341866,2.8407567435014185,12.669468521141596,2.1632205839312197,1.0680197998412793,1.7486570803068913,8.349056603773585,3.567999827489257,0.49532412417256233,0.10213735921650574,0.0008237515639915169,0.0,0.10213735921650574,0.0040936437551247025,0,2,0,4,0,0.3333333333333333,0.2830188679245283,0.5006581921648904,0.3031215095545583,0.8709909925707613,0.5279236721978788,0.018867924528301886,0.2830188679245283,0.05321342916314834
1223,102,96.22641509433963,106,1,103,2,0,0.009433962264150943,2.925405749643283,2.8374122256177983,12.666596041810191,2.1671805918215696,1.1051151967818242,1.7958132605532005,8.349056603773585,3.567999827489257,0.4930046399581509,0.17887404498403972,0.0021202938529548874,0.0,0.17887404498403972,-0.005979268599861383,0,1,0,2,0,0.0,0.2641509433962264,0.4968577760844868,0.2975641101250287,0.8709909925707613,0.5290445444835081,0.009433962264150943,0.2830188679245283,0.05328952863700355
1224,102,96.22641509433963,106,1,104,1,0,0.009433962264150943,2.9132491057694256,2.8207937280776103,12.007467103846574,2.170544305429296,1.1184588752075193,1.825209591493372,8.349056603773585,3.567999827489257,0.4891856949451303,0.371806423294502,0.0019594826547835085,0.5,0.20342421441558822,0.008621890383110342,0,1,0,1,0,0.0,0.27358490566037735,0.48597771852305655,0.30481656670949797,0.8819170196293504,0.52550541534997,0.009433962264150943,0.2830188679245283,0.053288754065494714
1225,102,96.22641509433963,106,0,105,1,0,0.0,2.904290485231913,2.811809707244151,11.505979301999968,2.1733595807590396,1.1393869767103197,1.8379444935794755,8.349056603773585,3.567999827489257,0.48958040799406377,0.07402928604528723,0.0004928343465132646,0.0,0.07402928604528723,0.011016288192690737,0,0,0,1,0,0.0,0.27358490566037735,0.4804925585966479,0.3198528920429031,0.8819170196293504,0.524013883288835,0.0,0.2830188679245283,0.05329418547226145
1226,102,96.22641509433963,106,0,105,1,0,0.0,2.902397772852669,2.810694491990462,11.576970079719061,2.176042574367211,1.1408163723248756,1.8248063851732894,8.349056603773585,3.567999827489257,0.4895948975775979,0.057327357496164244,0.0004629325240461613,0.0,0.057327357496164244,0.002178784864401262,0,0,0,1,0,0.0,0.29245283018867924,0.4801414818935369,0.3113447414940238,0.8648141124649316,0.531247533599247,0.0,0.2830188679245283,0.053332586514020786
1227,104,98.11320754716981,106,0,104,2,0,0.0,2.918294757484688,2.8249798260353205,12.319698587505291,2.1790375993233337,1.1390323622560576,1.8248022119488156,8.349056603773585,3.567999827489257,0.49322969532795735,0.06596766864574362,0.0012330334056770797,0.0,0.06596766864574362,-0.006377493248620414,0,0,0,2,0,0.5,0.27358490566037735,0.49202833647986555,0.30654006478591034,0.8991300748236545,0.5316773987863312,0.0,0.2641509433962264,0.05346550267981474
1228,105,99.05660377358491,106,0,105,1,0,0.0,2.9083991650935874,2.816361560399071,12.409411634477289,2.181679762031761,1.153850523496299,1.834227349339294,8.349056603773585,3.567999827489257,0.4903106411076108,0.08585623570144879,0.0005049340323168705,0.0,0.08585623570144879,0.0055388910972791194,0,0,0,1,0,0.0,0.24528301886792453,0.4884206047376154,0.29409536900564365,0.9089409068088651,0.5302847502453946,0.0,0.2641509433962264,0.05346316089829858
1229,105,99.05660377358491,106,1,105,0,0,0.009433962264150943,2.9261378463124705,2.8421741014558295,12.092049188569996,2.184714469431355,1.151501085008737,1.838563924516985,8.349056603773585,3.567999827489257,0.4907732266053255,0.12888038973126076,0.0005591502699579645,0.0,0.12888038973126076,0.006203595546700247,0,1,0,0,0,0.0,0.2830188679245283,0.4833269003262321,0.31107401634259657,0.9085996821230922,0.5304805534084381,0.009433962264150943,0.3018867924528302,0.05360599348178415
1230,105,99.05660377358491,106,0,106,0,0,0.0,2.9784384364005048,2.8913849122419335,14.578631342125803,2.189295547875586,1.1120166834376632,1.8147005519096555,8.349056603773585,3.567999827489257,0.4980142542387771,0.0,0.0,0.0,0.0,0.0,0,0,0,0,0,0.0,0.27358490566037735,0.5132152443783297,0.27000200582993605,0.9162492106102911,0.5397491706419785,0.0,0.3018867924528302,0.053949222867717965
1231,105,99.05660377358491,106,0,106,0,0,0.0,3.017764877211173,2.930222190746576,14.685616928323094,2.1948217446728657,1.1015013414751254,1.8246885656693024,8.349056603773585,3.567999827489257,0.5012578596704014,0.0,0.0,0.0,0.0,0.0,0,0,0,0,0,0.0,0.24528301886792453,0.5125468737059515,0.26673369638080374,0.8982920479400558,0.5481934197691748,0.0,0.2641509433962264,0.05424444241786815
1232,105,99.05660377358491,106,0,105,1,0,0.0,2.999675366056848,2.9125132488336476,14.066946728473933,2.199645282764431,1.1239731589906385,1.8361473317886297,8.349056603773585,3.567999827489257,0.5002693310915876,0.29836208280433163,0.0025699376910464093,0.0,0.29836208280433163,-0.037446174271103416,0,0,0,1,0,0.0,0.27358490566037735,0.5074087825891591,0.2789811698774883,0.8976938331686057,0.543799855921636,0.0,0.3018867924528302,0.054240046777489476
1233,105,99.05660377358491,106,0,105,1,0,0.0,3.0038988539256426,2.9167374477275048,13.87470019756528,2.204417292552606,1.1370426775878655,1.8440423729366218,8.349056603773585,3.567999827489257,0.4989131420506201,0.10817733662575088,0.0019078683638603846,0.0,0.10817733662575088,-0.056918639742298716,0,0,0,1,0,0.0,0.27358490566037735,0.5048827917251861,0.28604059158548173,0.8976938331686057,0.5444871464166932,0.0,0.3018867924528302,0.054346296867338384
1234,105,99.05660377358491,106,1,105,0,0,0.009433962264150943,2.9780774547058124,2.901004956132428,13.879645426892676,2.208303986635341,1.175537060187919,1.8632556197269678,8.349056603773585,3.567999827489257,0.497262322072342,0.16157830217626445,0.0024583833592372152,0.0,0.16157830217626445,-0.048396356919464534,0,1,0,0,0,0.0,0.29245283018867924,0.5032690708476246,0.28473286254076746,0.9034227616771602,0.5451688528357539,0.009433962264150943,0.2830188679245283,0.05428652849032274
1235,105,99.05660377358491,106,0,106,0,0,0.0,2.980784808300684,2.904278173982816,14.430902252539935,2.212411416391766,1.1689822291056362,1.8924702870554895,8.349056603773585,3.567999827489257,0.5002105436107485,0.0,0.0,0.0,0.0,0.0,0,0,0,0,0,0.0,0.2830188679245283,0.5106721676553904,0.2731478240665354,0.9006749025485107,0.5495117169865344,0.0,0.2830188679245283,0.05437334180160884
1236,105,99.05660377358491,106,0,105,1,0,0.0,2.986507125054794,2.909901422499241,14.50828078653637,2.216532803059459,1.1734820275980187,1.8859033683556856,8.349056603773585,3.567999827489257,0.4998762769247971,0.038794667612042644,0.0017001511200577363,0.0,0.038794667612042644,-0.06222693922878819,0,0,0,1,0,1.0,0.2830188679245283,0.5095427173870177,0.27140182338283936,0.9045871648564282,0.5504771138798727,0.0,0.24528301886792453,0.05447547891997611
1237,105,99.05660377358491,106,0,105,1,0,0.0,2.9628072133175727,2.8861331855131263,15.038389477728648,2.2198286981342297,1.1789499086995656,1.8870819691290555,8.349056603773585,3.567999827489257,0.5005353151543481,0.043181546817178826,0.0016495862291909177,0.0,0.043181546817178826,-0.05844528594057574,0,0,0,1,0,1.0,0.27358490566037735,0.5183765942929764,0.2622566747831688,0.8983744615831604,0.5524274418516785,0.0,0.2830188679245283,0.05441577812658103
1238,105,99.05660377358491,106,0,105,1,0,0.0,2.961890983070007,2.8834768652265166,16.236651964720714,2.222931173675824,1.153082529493824,1.8808576557755807,8.349056603773585,3.567999827489257,0.5058132042771346,0.16276866057609218,0.0020415451541783607,0.0,0.16276866057609218,-0.015115937321670714,0,0,0,1,0,0.0,0.29245283018867924,0.5381385142732835,0.2547609036470535,0.8986643374108707,0.5551744049544779,0.0,0.24528301886792447,0.05446654513632919
1239,106,100.0,106,0,105,1,0,0.0,3.000840664614186,2.9206546945874132,17.115915980518732,2.2269841568054134,1.1367009928308496,1.833576329837182,8.349056603773585,3.567999827489257,0.5082577332843798,0.1318991966107192,0.0018193839723357895,0.0,0.1318991966107192,-0.008177220118842143,0,0,0,1,0,0.0,0.2641509433962264,0.5462532004743086,0.25302450318370057,0.8804860108260124,0.5549398971611859,0.0,0.24528301886792453,0.05473359875958605
1240,106,100.0,106,0,105,1,0,0.0,3.018023735981077,2.938561397396985,16.700978373593543,2.231403658404216,1.145766218690642,1.827554508347642,8.349056603773585,3.567999827489257,0.5042134748649452,0.07318829614160174,0.0017818047421107527,0.0,0.07318829614160174,-0.019032570316406483,0,0,0,1,0,0.0,0.2830188679245283,0.5352752197146103,0.2569657534779298,0.905556539759232,0.5552385908313889,0.0,0.2830188679245283,0.05489835802113108
1241,106,100.0,106,0,104,2,0,0.0,3.0280422827614553,2.948184890692374,16.926211201305975,2.2359401651729387,1.133824603520484,1.816938956539929,8.349056603773585,3.567999827489257,0.5043515753220995,0.08617932709499466,0.0013957462969371739,0.0,0.08617932709499466,0.0015230230907337106,0,0,0,2,0,0.5,0.2830188679245283,0.5376057704434382,0.2554364086580529,0.8932490948806271,0.5551133298920446,0.0,0.2830188679245283,0.055029382031874005
1242,106,100.0,106,0,104,2,0,0.0,3.0733579656466907,2.9909265882127998,17.222666798010103,2.241534828343016,1.0993790777679897,1.7946432387426146,8.349056603773585,3.567999827489257,0.5069814572639368,0.11979599755092157,0.0018786973216051313,0.0,0.11979599755092157,-0.03224027226271298,0,0,0,2,0,0.0,0.2830188679245283,0.5421690005871586,0.2619850527170199,0.9188911010692988,0.5555856802714868,0.0,0.2830188679245283,0.055355769232428666
1243,106,100.0,106,0,105,1,0,0.0,3.0767751838914443,2.993935231487867,16.36434462730759,2.2470157526503267,1.1128226509730526,1.8584158857175201,8.349056603773585,3.567999827489257,0.5059380881828328,0.060731366888801284,0.0011103163569424095,0.0,0.060731366888801284,-0.007760478452928821,0,0,0,1,0,0.0,0.29245283018867924,0.5323752356726423,0.27694437623530244,0.9173730029360944,0.5538479184035275,0.0,0.2641509433962264,0.05547063500856727
1244,106,100.0,106,0,105,1,0,0.0,3.0521199920779503,2.9724554387926214,15.584229396163307,2.2516879984147598,1.1607522877431822,1.8889059351612372,8.349056603773585,3.567999827489257,0.4981218408323953,0.1414572244875028,0.0021219809642213858,0.0,0.1414572244875028,-0.005125011397062229,0,0,0,1,0,0.0,0.27358490566037735,0.5139156178461687,0.27501638057298133,0.8983744615831604,0.5451192134363321,0.0,0.2830188679245283,0.05543071190990722
1245,106,100.0,106,0,105,1,0,0.0,3.035761145986059,2.958482746183122,14.002415842749574,2.255794701939815,1.201354048838046,1.8958417957639158,8.349056603773585,3.567999827489257,0.4915209851063891,0.08554680577886865,0.00199024694010612,0.0,0.08554680577886865,-0.009903212282353913,0,0,0,1,0,0.0,0.2641509433962264,0.4907677814850162,0.2948172637655651,0.9233594359473873,0.5378441609068907,0.0,0.24528301886792453,0.05542218126679249
1246,106,100.0,106,0,105,1,0,0.0,3.080786184702853,3.002591816991717,15.388969543296104,2.261013927546468,1.1733081362771522,1.8321413622990237,8.349056603773585,3.567999827489257,0.49413301053652914,0.23664694416347434,0.002355283897038725,0.0,0.23664694416347434,0.004102206591923618,0,0,0,1,0,0.0,0.2358490566037736,0.5027188139344402,0.2747066020534781,0.9095939698741098,0.5387044750556588,0.0,0.2830188679245283,0.055740417440697285
1247,106,100.0,106,0,103,3,0,0.0,3.0960597179828486,3.0161156691402136,16.482354609823435,2.2664329560095413,1.1309610063167919,1.8001558567109395,8.349056603773585,3.567999827489257,0.49928596673422865,0.06376250690519372,0.0013083575053815374,0.0,0.06376250690519372,0.004645311626109964,0,0,0,3,0,0.3333333333333333,0.24528301886792453,0.517270702129729,0.27167636319755123,0.9110824462357747,0.5440214543711059,0.0,0.2830188679245283,0.0559134605702043
1248,106,100.0,106,0,103,3,0,0.0,3.087362389222567,3.0085262754488706,15.218606769776757,2.2714420019033486,1.159175438377202,1.8228581907813588,8.349056603773585,3.567999827489257,0.49461192498373396,0.08919837134771429,0.0016148863318685592,0.0,0.08919837134771429,0.004393585487641127,0,0,0,3,0,0.6666666666666666,0.2641509433962264,0.5000713052757758,0.2864131339723458,0.8961599529338731,0.5406491597460965,0.0,0.2830188679245283,0.05595933530082784
1249,105,99.05660377358491,106,1,104,1,0,0.009433962264150943,3.0749144486688977,2.9914258216363323,14.262588076637554,2.2759308786810943,1.1750253766579384,1.828955136491984,8.349056603773585,3.567999827489257,0.49081288016392155,0.13609582240625506,0.0015663826361296614,0.0,0.13609582240625506,0.003082553705028468,0,1,0,1,0,0.5,0.27358490566037735,0.48923999590119044,0.2988282786031106,0.8895134000216399,0.5330717493327258,0.009433962264150943,0.2830188679245283,0.05597717715590258
1250,105,99.05660377358491,106,0,105,1,0,0.0,3.0895042760035554,3.0061864339210476,12.965831672074136,2.2805342502770247,1.1852568639131724,1.875134564762954,8.349056603773585,3.567999827489257,0.4872123441299092,0.4674379565874802,0.0023040182331404042,0.0,0.4674379565874802,0.003551302848503468,0,0,0,1,0,0.0,0.29245283018867924,0.4710712307547802,0.3322652304119883,0.8826485211143515,0.5290935408767625,0.0,0.32075471698113206,0.056132250437876605
1251,105,99.05660377358491,106,0,105,1,0,0.0,3.13363487567143,3.047868935447765,14.60626401816698,2.2861631588484066,1.1483373146425022,1.847230538835727,8.349056603773585,3.567999827489257,0.4928624995443345,0.26196942118811184,0.0015523225685948674,0.0,0.26196942118811184,0.005204222534219927,0,0,0,1,0,0.0,0.2830188679245283,0.4907754328700772,0.3128745109064682,0.9133986713858955,0.5344063490209189,0.0,0.2830188679245283,0.0564533231602742
1252,105,99.05660377358491,106,0,104,2,0,0.0,3.1563452149681224,3.0695858282864763,16.504438960191305,2.2922111149308897,1.1233044566380546,1.8355190567196036,8.349056603773585,3.567999827489257,0.49585462727739715,0.05461636994368444,0.0014207302508415132,0.0,0.05461636994368444,-0.010511034908102235,0,0,0,2,0,0.5,0.25471698113207547,0.5088783041527154,0.27402267582700923,0.9133986713858955,0.5407415436167334,0.0,0.2830188679245283,0.05667477038805248
1253,104,98.11320754716981,106,1,104,1,0,0.009433962264150943,3.16015270164907,3.084390815563292,15.975515945153935,2.2981523400999713,1.1280681078108328,1.833550541768153,8.349056603773585,3.567999827489257,0.49584550354531864,0.06937403486676148,0.00088812007125417,0.0,0.06937403486676148,0.012635037119175352,0,1,0,1,0,0.5,0.25471698113207547,0.503075697173458,0.28590045098073036,0.8895796225638264,0.5429828514905317,0.009433962264150943,0.3018867924528302,0.056799799273349
1254,103,97.16981132075472,106,2,103,1,0,0.018867924528301886,3.149120215031158,3.0617512021207323,16.863244184371112,2.3038771539616083,1.1709474697759235,1.8819193105939935,8.349056603773585,3.567999827489257,0.4990157753595412,0.3438652455663045,0.002856660729013614,0.3333333333333333,0.24067259690786455,0.009036829888899941,0,2,0,1,0,0.0,0.24528301886792453,0.5189241222943533,0.2762116406157311,0.8786256116061605,0.5309910778130013,0.018867924528301886,0.33962264150943394,0.05684676751461309
1255,103,97.16981132075472,106,0,106,0,0,0.0,3.150610429251511,3.0632179348565365,16.828749930176084,2.3091113095877343,1.1870479083411958,1.9060254299558503,8.349056603773585,3.567999827489257,0.5008343383176503,0.0,0.0,0.0,0.0,0.0,0,0,0,0,0,0.0,0.25471698113207547,0.5209586565875326,0.28089653944407855,0.8659579460383929,0.5310757816466923,0.0,0.3773584905660377,0.05694759591757019
1256,103,97.16981132075472,106,0,106,0,0,0.0,3.1122449945388686,3.025876537506521,16.37385618837787,2.3130928377557254,1.1972699559060798,1.9107190259662172,8.349056603773585,3.567999827489257,0.499306054450237,0.0,0.0,0.0,0.0,0.0,0,0,0,0,0,0.0,0.2830188679245283,0.5180581655256817,0.2796001649407485,0.876357406063322,0.5275295015043275,0.0,0.339622641509434,0.05682679920308967
1257,103,97.16981132075472,106,0,106,0,0,0.0,3.1363961419611246,3.047843831808893,18.058525556058637,2.317559339423802,1.1886769097261838,1.9013847809152278,8.349056603773585,3.567999827489257,0.504408823862522,0.0,0.0,0.0,0.0,0.0,0,0,0,0,0,0.0,0.3018867924528302,0.5362211606195482,0.26394469264746934,0.8918632521555382,0.532590907315124,0.0,0.339622641509434,0.05702723732610684
1258,104,98.11320754716981,106,0,105,1,0,0.0,3.145370866870485,3.0567953550895086,17.677850050390173,2.322121988588234,1.195284707942521,1.9151053978229224,8.349056603773585,3.567999827489257,0.503908751837328,0.7829498162512655,0.004105595465783629,1.0,0.21705018374873453,0.06496557078766396,0,0,0,1,0,0.0,0.3018867924528302,0.5325632532826152,0.2680840512027495,0.8633884462544821,0.5316990456914598,0.0,0.339622641509434,0.05715350860781158
1259,106,100.0,106,0,106,0,0,0.0,3.1039776755732325,3.017729886485443,14.946890857770404,2.3254067577564297,1.2012981152691709,1.9130259370194176,8.349056603773585,3.567999827489257,0.49841499407184364,0.0,0.0,0.0,0.0,0.0,0,0,0,0,0,0.0,0.32075471698113206,0.5063748219206384,0.31092982607006686,0.8474322588066071,0.5265259461342943,0.0,0.37735849056603776,0.05700514293045263
1260,106,100.0,106,0,105,1,0,0.0,3.1227179054019776,3.0362228917374576,14.429076369815625,2.329102190682762,1.225891101854492,1.9265879759046027,8.349056603773585,3.567999827489257,0.49617153688243687,0.609029078625328,0.003124513729992437,1.0,0.39097092137467204,0.05983654632308055,0,0,0,1,0,0.0,0.29245283018867924,0.4972817706975031,0.3288081134531019,0.848699926228168,0.522587782037617,0.0,0.37735849056603776,0.05716477059981462
1261,106,100.0,106,0,106,0,0,0.0,3.1304054017759007,3.043980230653847,14.759024517898123,2.3328871960399815,1.2232928624403188,1.916810200847436,8.349056603773585,3.567999827489257,0.49683762489517713,0.0,0.0,0.0,0.0,0.0,0,0,0,0,0,0.0,0.3018867924528302,0.5012333628249254,0.32636573499005395,0.8618300605452585,0.5280416206251941,0.0,0.37735849056603776,0.05727073257399226
1262,106,100.0,106,0,106,0,0,0.0,3.130905755054306,3.045128716609211,14.607827970508573,2.33656993479411,1.234132103517917,1.9276819362165645,8.349056603773585,3.567999827489257,0.49490443430946307,0.0,0.0,0.0,0.0,0.0,0,0,0,0,0,0.0,0.29245283018867924,0.4970694853224058,0.32838905819898945,0.8853758988872702,0.5267463423863741,0.0,0.3773584905660377,0.05733893439658137
1263,106,100.0,106,0,105,1,0,0.0,3.0854731956651733,3.0022351627398574,12.754245921715611,2.338896919893394,1.2974511430654019,1.9699865703800294,8.349056603773585,3.567999827489257,0.48856239565288107,0.05676573747057392,0.001808696990204469,0.0,0.05676573747057392,-0.016631311197560228,0,0,0,1,0,0.0,0.3018867924528302,0.4728434339746375,0.3529444421628203,0.8892953140564163,0.5179293282899219,0.0,0.3773584905660377,0.057153285011799795
1264,106,100.0,106,0,106,0,0,0.0,3.1035488804825238,3.0208207308828237,12.533519361000446,2.341671384599773,1.311845378150913,1.9684099989903268,8.349056603773585,3.567999827489257,0.4854633207829997,0.0,0.0,0.0,0.0,0.0,0,0,0,0,0,0.0,0.27358490566037735,0.4637613942764955,0.3567463609262594,0.8758500697335985,0.5182540893510031,0.0,0.3773584905660377,0.05729315988385522
1265,106,100.0,106,0,105,1,0,0.0,3.0942124970091216,3.0129721042961015,11.81504946125535,2.344122825223755,1.3090390045772164,1.963229866372925,8.349056603773585,3.567999827489257,0.482611834441667,0.03815702044779616,0.0019063641183439436,0.0,0.03815702044779616,-0.021025380682984984,0,0,0,1,0,1.0,0.2641509433962264,0.4530530950886573,0.3699495742911721,0.877238038207093,0.5180142441569994,0.0,0.3773584905660377,0.05729021166510555
1266,106,100.0,106,0,106,0,0,0.0,3.1031236405877474,3.021566447467146,12.294280859767108,2.346732115370117,1.3015181878713842,1.9625499559869637,8.349056603773585,3.567999827489257,0.4838647918921133,0.0,0.0,0.0,0.0,0.0,0,0,0,0,0,0.0,0.2641509433962264,0.458442946870197,0.3578705808869557,0.873507495855443,0.5189871705190408,0.0,0.3773584905660377,0.05738131711695912
1267,106,100.0,106,0,106,0,0,0.0,3.1418498144923968,3.0580908200567105,13.177780286119836,2.3502908576893464,1.251903332275836,1.9231808973987574,8.349056603773585,3.567999827489257,0.4871423658530234,0.0,0.0,0.0,0.0,0.0,0,0,0,0,0,0.0,0.27358490566037735,0.4690671826835358,0.354105123196163,0.8867478161467071,0.5235351400744332,0.0,0.3773584905660377,0.05763843594638782
1268,105,99.05660377358491,106,1,105,0,0,0.009433962264150943,3.1211074859851426,3.033913557292382,12.52891092191384,2.3531585785303566,1.2988120528082256,1.9624027092192207,8.349056603773585,3.567999827489257,0.4861025681525508,0.9999911724204578,0.0058670767536010615,1.0,8.827579542236563e-06,0.056758097756889114,0,1,0,0,0,1.0,0.27358490566037735,0.4630429605927854,0.3680604471096147,0.8790837867611702,0.5188376534611396,0.009433962264150943,0.37735849056603776,0.0575858844411816
1269,105,99.05660377358491,106,0,106,0,0,0.0,3.152596501022295,3.0633307810727426,13.328693946736097,2.3566375940951247,1.2659870749119577,1.9326026157599643,8.349056603773585,3.567999827489257,0.4890938306308612,0.0,0.0,0.0,0.0,0.0,0,0,0,0,0,0.0,0.27358490566037735,0.473881402905418,0.37028940867142907,0.8780332742333359,0.5219691613742913,0.0,0.41509433962264153,0.057805395151041994
1270,105,99.05660377358491,106,0,105,1,0,0.0,3.11854553489431,3.031732037591415,12.190537098210852,2.359090523900223,1.3097506820676017,1.9642752077313788,8.349056603773585,3.567999827489257,0.4840683726341639,0.03220769622956699,0.0019249794221473308,0.0,0.03220769622956699,-0.003195262890402173,0,0,0,1,0,1.0,0.27358490566037735,0.4582210453066427,0.387508147346314,0.8859297530302839,0.515361689287283,0.0,0.37735849056603776,0.05767890058600923
1271,105,99.05660377358491,106,0,106,0,0,0.0,3.08635847559737,3.0016664876085932,11.652835886647582,2.360597742156889,1.312475039945512,1.9671528865253192,8.349056603773585,3.567999827489257,0.4805832072503602,0.0,0.0,0.0,0.0,0.0,0,0,0,0,0,0.0,0.24528301886792453,0.45119566427126834,0.3892927571961107,0.8753682677734831,0.5136550645988074,0.0,0.37735849056603776,0.0575448540619234
1272,105,99.05660377358491,106,0,105,1,0,0.0,3.059679228764093,2.976210059943392,11.552898483564553,2.3613245546326147,1.3284565278408667,1.9564018118734896,8.349056603773585,3.567999827489257,0.47806272148398654,0.018597317073374062,0.0013975193932458786,0.0,0.018597317073374062,-0.007448166105079368,0,0,0,1,0,1.0,0.24528301886792453,0.44816810028565335,0.3774822285256264,0.8858419641725827,0.5123864453630106,0.0,0.37735849056603776,0.057424424161697046
1273,106,100.0,106,0,104,2,0,0.0,3.088548911761904,3.002047237748679,13.600451653544942,2.362762930808077,1.2844909085436393,1.9266024175525833,8.349056603773585,3.567999827489257,0.48308530409757067,0.027068467789882842,0.0025143443633037334,0.0,0.027068467789882842,-0.044794075553807655,0,0,0,2,0,1.0,0.25471698113207547,0.47285035139468945,0.3313764890924147,0.8941043670869446,0.5211514068625137,0.0,0.37735849056603776,0.05759443320641567
1274,106,100.0,106,0,105,1,0,0.0,3.0658809148145867,2.981175206114904,12.648647707096913,2.36355421448193,1.309304404609297,1.962876733057656,8.349056603773585,3.567999827489257,0.4793789227809224,0.048166956037056494,0.0015721833031360159,0.0,0.048166956037056494,0.003793424947800217,0,0,0,1,0,1.0,0.27358490566037735,0.46122223788277916,0.3488426359451628,0.8841840598480804,0.5154622043248934,0.0,0.3773584905660377,0.0574952097217381
1275,106,100.0,106,0,106,0,0,0.0,3.0745174490005946,2.98866145451878,12.702111200470734,2.364530952619775,1.2833064706781836,1.9367125559114557,8.349056603773585,3.567999827489257,0.481912128679296,0.0,0.0,0.0,0.0,0.0,0,0,0,0,0,0.0,0.27358490566037735,0.46466705587150775,0.35420421453677026,0.8929621430420763,0.5185628738758625,0.0,0.3773584905660377,0.057555817400204795
1276,106,100.0,106,0,106,0,0,0.0,3.0532466532175118,2.9678405773156378,11.643059140649266,2.364878529652393,1.3333313236934252,1.9754035084633237,8.349056603773585,3.567999827489257,0.47992676349845054,0.0,0.0,0.0,0.0,0.0,0,0,0,0,0,0.0,0.3018867924528302,0.4527228857899875,0.37868395185064646,0.8855439971777617,0.5104704559071216,0.0,0.37735849056603776,0.05745566419525149
1277,106,100.0,106,0,105,1,0,0.0,3.0855360859401713,2.99800858830322,12.358691223696274,2.3660748208010824,1.304392078508802,1.9548622157519577,8.349056603773585,3.567999827489257,0.4836622466907643,0.018576682407797546,0.0033519987234465667,0.0,0.018576682407797546,-0.08160639794392766,0,0,0,1,0,1.0,0.3018867924528302,0.46292902022159454,0.3759797826327594,0.8921523370794364,0.5163248661074857,0.0,0.33962264150943394,0.057638453191925544
1278,106,100.0,106,0,103,3,0,0.0,3.1361746207081715,3.0465787980157093,13.825955631898319,2.3686148162826535,1.2403151918733204,1.907050769485873,8.349056603773585,3.567999827489257,0.4890385351767226,0.06723661082324749,0.002702404455952686,0.0,0.06723661082324749,-0.03214292456470854,0,0,0,3,0,0.6666666666666666,0.3018867924528302,0.48127535381428954,0.34843502896281914,0.8764434144142295,0.5266883198759457,0.0,0.37735849056603776,0.05793695938296589
1279,106,100.0,106,0,104,2,0,0.0,3.1744488203556966,3.0825568082403865,14.38688572776691,2.3720911410040237,1.2519148359049266,1.9248439100944537,8.349056603773585,3.567999827489257,0.49282039554319357,0.031061412976979973,0.0020973123263076415,0.0,0.031061412976979973,-0.01106621599861779,0,0,0,2,0,1.0,0.3584905660377358,0.48645929048509284,0.35061905574741553,0.8860079944304118,0.5282416391052547,0.0,0.37735849056603776,0.05819034801123424
1280,106,100.0,106,0,105,1,0,0.0,3.143355342300513,3.0531169330172014,13.608185334956758,2.3746030987075915,1.2904331264896716,1.947437838018207,8.349056603773585,3.567999827489257,0.48893747548820143,0.035111057332766704,0.0033908721464322215,0.0,0.035111057332766704,-0.02538787026314293,0,0,0,1,0,1.0,0.33962264150943394,0.47569687618376827,0.3593433049661472,0.8769918325782379,0.523119356679267,0.0,0.41509433962264153,0.05807969394422327
1281,106,100.0,106,0,103,3,0,0.0,3.215470338440704,3.121467888529762,15.872469276016636,2.378976439344449,1.2284761769189732,1.9001379555957743,8.349056603773585,3.567999827489257,0.49517038189100404,0.0595840022869231,0.0024785055720671525,0.0,0.0595840022869231,-0.029261607973334398,0,0,0,3,0,0.6666666666666666,0.33962264150943394,0.49899394866405833,0.3248648275708656,0.8991285173584127,0.5372141425932793,0.0,0.37735849056603776,0.05851828931811353
1282,106,100.0,106,0,105,1,0,0.0,3.2153586473312736,3.121835403563465,16.035672777317764,2.383204229543544,1.234417484631878,1.883847254624526,8.349056603773585,3.567999827489257,0.4948348113512562,0.21308333689894976,0.0016753533338762473,0.0,0.21308333689894976,0.019118993319829913,0,0,0,1,0,0.0,0.3113207547169811,0.4980382551905714,0.3126469674586624,0.8979862933135445,0.5419864466307381,0.0,0.3773584905660377,0.05859315463607153
1283,106,100.0,106,0,105,1,0,0.0,3.2204534860244554,3.1272836951792864,15.732844635527458,2.387436688223991,1.2148709711178896,1.870909273233403,8.349056603773585,3.567999827489257,0.49678319827774353,0.12430406746289227,0.0018726736967291666,0.0,0.12430406746289227,0.01066778160136761,0,0,0,1,0,0.0,0.330188679245283,0.4980806890848648,0.3136718031885516,0.8953318233610821,0.5474604466317701,0.0,0.37735849056603776,0.05869413588874589
1284,105,99.05660377358491,106,1,103,2,0,0.009433962264150943,3.1898776859724682,3.091101518167827,14.811818342534714,2.390677632318248,1.2339076949534418,1.8527985909040314,8.349056603773585,3.567999827489257,0.49617365279673487,0.2634414512277904,0.003353574733248548,0.3333333333333333,0.14675454294523374,-0.02609869269653246,0,1,0,2,0,0.3333333333333333,0.3490566037735849,0.4927429752115616,0.32930548752860567,0.8878733235864413,0.5514264405491833,0.009433962264150943,0.41509433962264153,0.058599075328332015
1285,105,99.05660377358491,106,0,103,3,0,0.0,3.1735044794948073,3.075271355252821,13.823161611686645,2.3931587998415065,1.2575470214500362,1.8511962327921634,8.349056603773585,3.567999827489257,0.4951641334081647,0.027897458259566955,0.0018199058019448284,0.0,0.027897458259566955,-0.019690386277590937,0,0,0,3,0,0.6666666666666666,0.33962264150943394,0.48303008209107895,0.34925386789030277,0.8772932080056318,0.5476527707218382,0.0,0.41509433962264153,0.0585614733224185
1286,104,98.11320754716981,106,1,103,2,0,0.009433962264150943,3.147909862908527,3.0594463335008277,12.912229383111624,2.394872036294297,1.2688524168194177,1.8471034710338041,8.349056603773585,3.567999827489257,0.4932876940423503,0.10271778549141002,0.002042393332902307,0.0,0.10271778549141002,-0.022531895450934147,0,1,0,2,0,0.3333333333333333,0.33962264150943394,0.47335550940155235,0.364898729676234,0.8878733235864413,0.5428676935345601,0.009433962264150943,0.41509433962264153,0.05846406437632712
1287,104,98.11320754716981,106,0,104,2,0,0.0,3.1203919714915718,3.033743467538026,11.847315670862043,2.3960181755213057,1.3205751374866668,1.8964236528700744,8.349056603773585,3.567999827489257,0.4879359933358407,0.08848303235469539,0.0029891072644168378,0.0,0.08848303235469539,-0.03551301956832409,0,0,0,2,0,0.5,0.33962264150943394,0.4582209731300367,0.3910619032106604,0.895355915414952,0.534033706175736,0.0,0.41509433962264153,0.05834692204206358
1288,104,98.11320754716981,106,0,104,2,0,0.0,3.123785534022741,3.0376129209200777,11.24928211033228,2.39723387017467,1.2985901057856408,1.8646849084415718,8.349056603773585,3.567999827489257,0.4865520537321675,0.054726653216704904,0.0030432777169370215,0.0,0.054726653216704904,-0.04604673795897807,0,0,0,2,0,0.5,0.330188679245283,0.450555216773811,0.39928480368295327,0.9021475331824111,0.5360015597425127,0.0,0.3773584905660377,0.05838557784628684
1289,105,99.05660377358491,106,0,104,2,0,0.0,3.1761095353852804,3.087724049725913,12.306030712221105,2.399836560836376,1.2553129377001504,1.8377634173328479,8.349056603773585,3.567999827489257,0.4909268445258168,0.04294458981537233,0.0026395096592230004,0.0,0.04294458981537233,-0.04592763245230291,0,0,0,2,0,0.5,0.33962264150943394,0.46272213731627215,0.3795380068793343,0.9106994544802132,0.5418484624496203,0.0,0.3773584905660377,0.05869362985225941
1290,104,98.11320754716981,106,1,104,1,0,0.009433962264150943,3.1896137368043886,3.1140374995030236,12.276894454567648,2.402743810954774,1.2580846835530162,1.8530580183329992,8.349056603773585,3.567999827489257,0.49066993780442103,0.2312094687592478,0.0036163164658053696,0.0,0.2312094687592478,-0.04460280878029299,0,1,0,1,0,0.5,0.32075471698113206,0.45953576150908854,0.38768724498664014,0.881101291884357,0.5386266339982195,0.009433962264150943,0.39622641509433965,0.05881301619895951
1291,105,99.05660377358491,106,0,104,2,0,0.0,3.1724164205089656,3.0984657307693877,11.67255056894176,2.4054565174678313,1.243103325924876,1.8119568045029901,8.349056603773585,3.567999827489257,0.4871607136669913,0.1550947118986402,0.003312808219832272,0.0,0.1550947118986402,-0.08227245329797916,0,0,0,2,0,0.5,0.29245283018867924,0.4507058696083784,0.3896137178624866,0.8819301620822501,0.5389184565505395,0.0,0.4339622641509434,0.05877542429933548
1292,105,99.05660377358491,106,0,106,0,0,0.0,3.1131877427253527,3.0424332736821516,10.28673814951177,2.4064730442394136,1.2648790084502468,1.843538704714442,8.349056603773585,3.567999827489257,0.48219545430097566,0.0,0.0,0.0,0.0,0.0,0,0,0,0,0,0.0,0.3018867924528302,0.4340381987455202,0.40302198111986803,0.8796921332925046,0.5335342487493767,0.0,0.3773584905660377,0.05849741574714564
1293,105,99.05660377358491,106,0,106,0,0,0.0,3.1447587829338124,3.0721237392671377,10.127503621884676,2.4083007859462233,1.2374272052098254,1.7925667092294446,8.349056603773585,3.567999827489257,0.4855420871289473,0.0,0.0,0.0,0.0,0.0,0,0,0,0,0,0.0,0.32075471698113206,0.4351336454858159,0.426102786398208,0.9052030570134412,0.5343137820018116,0.0,0.37735849056603776,0.0586878778586609
1294,103,97.16981132075472,106,2,104,0,0,0.018867924528301886,3.1525095622473636,3.0674587341219453,10.01787658076955,2.41028302575303,1.2546044907640796,1.855248003019407,8.349056603773585,3.567999827489257,0.48703985641153924,0.5554954423298286,0.0055351290078313135,0.5,0.055495442389679614,-0.0021496753606459196,0,2,0,0,0,0.5,0.32075471698113206,0.43638090835867666,0.42180806192809,0.891025039939692,0.531448189946358,0.018867924528301886,0.37735849056603776,0.058761994911672305
1295,102,96.22641509433963,106,2,103,0,1,0.018867924528301886,3.158448605856874,3.0819976440843924,10.426877357926667,2.4120126653259213,1.2518970855484117,1.84866158135745,8.349056603773585,3.567999827489257,0.48745973377867324,0.7880509836015941,0.0035498100919296935,0.6666666666666666,0.123684341550422,0.03353564182771459,0,3,0,0,0,0.6666666666666666,0.330188679245283,0.440328495020151,0.40976866728281647,0.8850122916452537,0.5278317350940047,0.018867924528301886,0.39622641509433965,0.058822546898208324
1296,102,96.22641509433963,106,0,105,1,0,0.0,3.1605776548515783,3.0845867240304616,10.590972188609161,2.4139984967818044,1.2528888809405432,1.8230573742177192,8.349056603773585,3.567999827489257,0.48692193812692675,0.024775243193115408,0.0012626941095865414,0.0,0.024775243193115408,-0.015357074572356133,0,0,0,1,0,1.0,0.3113207547169811,0.44069058251213566,0.40583118413275865,0.8761547471453478,0.528087531566693,0.0,0.39622641509433965,0.05886861937464191
1297,102,96.22641509433963,106,0,105,1,0,0.0,3.168315028566112,3.0921632935490493,10.7597607713697,2.41612973936465,1.2609329841182066,1.8412941615802654,8.349056603773585,3.567999827489257,0.4885746575192744,0.009285437727579563,0.0014261515881808604,0.0,0.009285437727579563,-0.031875970362739814,0,0,0,1,0,1.0,0.330188679245283,0.44393509830979694,0.4029357759791788,0.8977988896247915,0.5261375179656589,0.0,0.3584905660377358,0.05894532760905424
1298,102,96.22641509433963,106,0,105,1,0,0.0,3.197992611587386,3.120970387994307,10.999624771347058,2.419007208879905,1.247334638795745,1.8176601410129043,8.349056603773585,3.567999827489257,0.4882421263251211,0.3945080406617826,0.0025409586505822867,0.0,0.3945080406617826,0.005464385517734316,0,0,0,1,0,0.0,0.3113207547169811,0.4446600443602679,0.4068401206856144,0.8894543738260847,0.5244657508059386,0.0,0.3584905660377358,0.05914504957783078
1299,104,98.11320754716981,106,1,103,2,0,0.009433962264150943,3.218791669806607,3.140397709516916,10.513300377729047,2.4224066578260963,1.2303168120948726,1.8128248473558917,8.349056603773585,3.567999827489257,0.4874194764005382,0.18878633169416734,0.001476884128512607,0.0,0.18878633169416734,0.017278587234835514,0,1,0,2,0,0.3333333333333333,0.3113207547169811,0.43709946599657784,0.423970350307221,0.8846847580893501,0.5242246988710345,0.009433962264150943,0.32075471698113206,0.059309691035194734
1300,105,99.05660377358491,106,0,104,2,0,0.0,3.201083721773333,3.124718790555322,10.127624225566086,2.4251671612990036,1.2695514587839953,1.8482394663237294,8.349056603773585,3.567999827489257,0.48438818548929174,0.02716959122784901,0.001514611400256122,0.0,0.02716959122784901,-0.001758739423270872,0,0,0,2,0,1.0,0.3113207547169811,0.42907833775745347,0.41570145633756,0.8723866490458109,0.5231596265032976,0.0,0.32075471698113206,0.059270398674603944
1301,105,99.05660377358491,106,0,106,0,0,0.0,3.212091616270307,3.1361374942738096,9.972409168429843,2.428155105475941,1.2733152922088038,1.8526523737430411,8.349056603773585,3.567999827489257,0.4838360553525667,0.0,0.0,0.0,0.0,0.0,0,0,0,0,0,0.0,0.29245283018867924,0.42591923883724536,0.4117995768886911,0.860292425733997,0.5243699312995023,0.0,0.3584905660377359,0.059378743068628115
1302,105,99.05660377358491,106,0,105,1,0,0.0,3.2237651384904473,3.1471528292987565,9.992320903007563,2.4313508615175503,1.2849160361231022,1.8460960688868782,8.349056603773585,3.567999827489257,0.48220893799347864,0.01193268730348035,0.001636530587956249,0.0,0.01193268730348035,-0.023051344084209502,0,0,0,1,0,1.0,0.3018867924528302,0.4232035594432649,0.41526988513607704,0.8631018474292185,0.5267614449173332,0.0,0.3584905660377359,0.05949412296475462
1303,105,99.05660377358491,106,0,105,1,0,0.0,3.2286725171268142,3.1521160779783317,10.925342553401931,2.434574263952568,1.2713801496475485,1.8396291538098217,8.349056603773585,3.567999827489257,0.48305200762557865,0.022513564468652568,0.0018697123091601677,0.0,0.022513564468652568,-0.027839566366240076,0,0,0,1,0,1.0,0.330188679245283,0.43365394471765417,0.38033820033541815,0.8513649941035242,0.5327154126546085,0.0,0.3584905660377359,0.059576165354596804
1304,106,100.0,106,0,103,3,0,0.0,3.2168286135119457,3.1394325056247987,11.2931130926749,2.4373206155225104,1.2806672705267659,1.8535484263149211,8.349056603773585,3.567999827489257,0.4833545353457074,0.32830815617357056,0.002756886798789776,0.0,0.32830815617357056,0.015325110088917793,0,0,0,3,0,0.3333333333333333,0.330188679245283,0.43865946438733056,0.3686404875725122,0.8363108558425423,0.5353652953576231,0.0,0.3584905660377359,0.05956594074616137
1305,106,100.0,106,0,103,3,0,0.0,3.198326710265267,3.1221086151587807,10.61992675321634,2.439474484167621,1.3065587360055704,1.868186387916629,8.349056603773585,3.567999827489257,0.4804283677401886,0.3763470133129456,0.0029000585086839865,0.6666666666666666,0.29478160849780993,0.012325492941146857,0,0,0,3,0,0.3333333333333333,0.3113207547169811,0.4302879710225974,0.3922476241209549,0.8363108558425423,0.5319926112174808,0.0,0.3584905660377359,0.059511856244698916
1306,105,99.05660377358491,106,1,103,2,0,0.009433962264150943,3.2066986551915067,3.129673032620632,10.412184057177072,2.4418193315403576,1.310582457806961,1.8676379275178976,8.349056603773585,3.567999827489257,0.47547905302021687,0.35539662825501234,0.0028071338066201074,0.6666666666666666,0.32037212875430426,0.008197162552698941,0,1,0,2,0,0.3333333333333333,0.3018867924528302,0.42076794574274023,0.3903809665905861,0.8641471221066213,0.5323589341799861,0.009433962264150943,0.3584905660377359,0.059595548044437174
1307,105,99.05660377358491,106,0,105,1,0,0.0,3.2311165305985328,3.1528406495011727,10.577645598079105,2.4446899011515684,1.291276703149609,1.8230693644245022,8.349056603773585,3.567999827489257,0.4758177036546911,0.0540193561856884,0.0034551730023247825,0.0,0.0540193561856884,-0.07675362720733414,0,0,0,1,0,0.0,0.3018867924528302,0.42143068796938216,0.3960288689388522,0.8671196716381695,0.535289173251849,0.0,0.3584905660377359,0.05976884838086029
1308,105,99.05660377358491,106,0,104,2,0,0.0,3.1789204292041684,3.1027375258915764,10.204156876327785,2.446027905352838,1.346566602760047,1.881044323070024,8.349056603773585,3.567999827489257,0.4688119151780241,0.17085238759143992,0.0024045296419117914,0.0,0.17085238759143992,-0.040621331991426646,0,0,0,2,0,0.0,0.3018867924528302,0.4122718488622113,0.38664898732928704,0.8641471221066213,0.5272547513680806,0.0,0.3584905660377359,0.059531737867685015
1309,105,99.05660377358491,106,0,105,1,0,0.0,3.175236631059092,3.097865776370487,10.611077189607144,2.447179110354908,1.3246306097406346,1.8620889592084444,8.349056603773585,3.567999827489257,0.4710268890235856,0.4549633146901603,0.0015636411055445065,0.0,0.4549633146901603,0.015687531253650078,0,0,0,1,0,0.0,0.330188679245283,0.41947911210182187,0.3762702908335604,0.894218363994879,0.5335506878735115,0.0,0.3207547169811321,0.05953385637320359
1310,105,99.05660377358491,106,0,105,1,0,0.0,3.157362773299228,3.0825457654350585,9.600867894505646,2.447851945993492,1.3300494930561542,1.8376075886678698,8.349056603773585,3.567999827489257,0.4660048923734126,0.4325245387883667,0.0014342717775228143,0.0,0.4325245387883667,0.016536588367591087,0,0,0,1,0,0.0,0.3018867924528302,0.4033628036816718,0.4029076976535766,0.8956848954183779,0.5281904281494777,0.0,0.3207547169811321,0.059456490471616254
1311,104,98.11320754716981,106,2,104,0,0,0.018867924528301886,3.158321022626038,3.0777079466543604,10.069029178658983,2.448486107575725,1.3084308853011297,1.8498476693803585,8.349056603773585,3.567999827489257,0.46992832590442823,0.3177211889062313,0.002697279244312363,0.0,0.3177211889062313,-0.019535890532979994,0,2,0,0,0,0.0,0.32075471698113206,0.41387647901689695,0.392307963036285,0.9062421567383568,0.527338626513351,0.018867924528301886,0.339622641509434,0.059472595160330335
1312,104,98.11320754716981,106,0,105,1,0,0.0,3.1740495587595565,3.0937267705163367,9.466854638529304,2.449431460149334,1.3148655403939504,1.8439223880600866,8.349056603773585,3.567999827489257,0.4685048145630528,0.14050791402487428,0.00048115002963910515,0.0,0.14050791402487428,0.014158050321083526,0,0,0,1,0,0.0,0.3113207547169811,0.40427948251731244,0.41601549881687655,0.9011542973441743,0.5272036652816973,0.0,0.37735849056603776,0.05956810293009569
1313,104,98.11320754716981,106,0,105,1,0,0.0,3.175256505179466,3.096497643944931,9.126320105242847,2.4504221743520698,1.3521143496311112,1.8697461131659288,8.349056603773585,3.567999827489257,0.4634856664949878,0.12934263435009705,0.0004912990167573409,0.0,0.12934263435009705,0.014366958525193207,0,0,0,1,0,0.0,0.3018867924528302,0.39361669625553153,0.4125799826207338,0.8869284782695135,0.5249579926882021,0.0,0.37735849056603776,0.05959181200271751
1314,104,98.11320754716981,106,0,105,1,0,0.0,3.1585037631632304,3.081903112189883,8.485959581027904,2.4509609535794863,1.3687822079913934,1.862370245987948,8.349056603773585,3.567999827489257,0.4559908871596756,0.16633028054450943,0.0004944994364962422,0.0,0.16633028054450943,0.013936528068686949,0,0,0,1,0,0.0,0.29245283018867924,0.3783669688101974,0.42133367815013284,0.8906944020935784,0.5198434783275457,0.0,0.37735849056603776,0.05951766011358871
1315,104,98.11320754716981,106,0,104,2,0,0.0,3.15675367148937,3.0792722171492315,8.879878291391314,2.4514054129005887,1.374532734692694,1.9061692505462826,8.349056603773585,3.567999827489257,0.4587617349716866,0.24555723343595737,0.001733343945394118,0.0,0.24555723343595737,-0.008703060131211693,0,0,0,2,0,0.0,0.2830188679245283,0.38654826696946704,0.41101898796972763,0.8992686872099889,0.5221570322865604,0.0,0.37735849056603776,0.059516838809124506
1316,105,99.05660377358491,106,1,104,1,0,0.009433962264150943,3.1790582742089963,3.097859155695669,9.620870414801923,2.452454560929903,1.364730756213288,1.8858102942171031,8.349056603773585,3.567999827489257,0.4603730955788836,0.14612906697406297,0.0010277582583557304,0.0,0.14612906697406297,-0.015920937944243818,0,1,0,1,0,0.0,0.2830188679245283,0.3947121836031472,0.3782216692295469,0.8828966761939743,0.5286348388143258,0.009433962264150943,0.41509433962264153,0.059647078622660665
1317,105,99.05660377358491,106,0,105,1,0,0.0,3.1851885048420345,3.104434087347621,9.580920230187434,2.4535639487315364,1.3711071576123983,1.912926909693349,8.349056603773585,3.567999827489257,0.45836778664640754,0.4342686129937612,0.0032723688751167715,0.0,0.4342686129937612,-0.031793704359534214,0,0,0,1,0,0.0,0.25471698113207547,0.39191327612685045,0.3800345582723445,0.8828966761939743,0.5236704531361153,0.0,0.41509433962264153,0.059697521253250084
1318,105,99.05660377358491,106,0,104,2,0,0.0,3.185263511600792,3.1037209913341433,10.007233408019202,2.454613398966697,1.357274706416336,1.897535319168395,8.349056603773585,3.567999827489257,0.45900496444162275,0.3231030814947195,0.0024399330560857017,0.5,0.25808315435151025,-0.008166895617036707,0,0,0,2,0,0.0,0.27358490566037735,0.39658981174386915,0.36036488385154775,0.8840899116604358,0.5260527019915074,0.0,0.41509433962264153,0.05971661847833394
1319,104,98.11320754716981,106,1,104,1,0,0.009433962264150943,3.178636626900068,3.0955648027379348,9.797816176177994,2.4554410225221757,1.369452880917261,1.9778474341136805,8.349056603773585,3.567999827489257,0.4589783499335267,0.5386742094433064,0.003304129567886779,0.5,0.3909149328790511,0.0027896927217198053,0,1,0,1,0,0.0,0.2830188679245283,0.39426454732944527,0.36293141509757954,0.8976785579496722,0.5252802355080592,0.009433962264150943,0.41509433962264153,0.05969824885834618
1320,103,97.16981132075472,106,1,104,0,1,0.009433962264150943,3.1527091937114324,3.0827486978178174,8.793640648416766,2.4555445621665846,1.4009312317145477,1.969465733493458,8.349056603773585,3.567999827489257,0.450176049877675,0.2758861522322893,0.0014313316002633404,0.0,0.2758861522322893,0.008961756840001889,0,2,0,0,0,0.0,0.27358490566037735,0.37368900074718303,0.37591926376117557,0.9037923121292075,0.5122181189675021,0.009433962264150943,0.41509433962264153,0.05957045883956995
1321,104,98.11320754716981,106,0,104,2,0,0.0,3.1250014934424333,3.0568918842548776,8.378167532519166,2.4551866541499567,1.4461745870095966,2.003525420118221,8.349056603773585,3.567999827489257,0.4450347286167451,0.14897034144740287,0.0038146370639606506,0.0,0.14897034144740287,-0.04884610590671801,0,0,0,2,0,0.5,0.2830188679245283,0.36452770235443654,0.3756883522135858,0.8912452698239443,0.503614085859374,0.0,0.41509433962264153,0.05942553525951703
1322,104,98.11320754716981,106,0,105,1,0,0.0,3.126427854782146,3.0586192079571806,8.388461228450362,2.4548908210161198,1.4586378351440767,1.9727342820402458,8.349056603773585,3.567999827489257,0.44302427148501233,0.022451447290090683,0.0036579904937817775,0.0,0.022451447290090683,-0.0686841436907275,0,0,0,1,0,1.0,0.27358490566037735,0.36246738956742447,0.3643096779036299,0.8765884182921257,0.5060708128869711,0.0,0.41509433962264153,0.05942738940336311
1323,103,97.16981132075472,106,1,104,1,0,0.009433962264150943,3.1621475021582395,3.1006734031760788,9.050278047141305,2.455562313339396,1.4288546776038578,1.9431648781477417,8.349056603773585,3.567999827489257,0.447711907811033,0.12218406805525012,0.0020275838468721357,0.0,0.12218406805525012,-0.034874320593697855,0,1,0,1,0,0.5,0.27358490566037735,0.37263212485762914,0.35763791292893954,0.8885934189044695,0.5097483885787661,0.009433962264150943,0.37735849056603776,0.05961796706271163
1324,103,97.16981132075472,106,1,105,0,0,0.009433962264150943,3.152279568373857,3.0899463831824336,8.235954611346292,2.4562214701021903,1.4472542837152333,1.983638729554359,8.349056603773585,3.567999827489257,0.44373129756139384,0.09632989207020398,0.004177461192019983,0.0,0.09632989207020398,-0.07361571680602497,0,1,0,0,0,0.0,0.25471698113207547,0.35934610862969635,0.3716052178389077,0.8644821297108736,0.5097111125554378,0.009433962264150943,0.41509433962264153,0.05958038674986941
1325,104,98.11320754716981,106,0,105,1,0,0.0,3.1559282355490628,3.094300465221669,8.167021376388819,2.4569072004950767,1.4464730321708665,1.9790146667737727,8.349056603773585,3.567999827489257,0.4437930982286351,0.12315011956368378,0.0013565489957198988,0.0,0.12315011956368378,0.010231362828114765,0,0,0,1,0,0.0,0.27358490566037735,0.3580960266268704,0.37175187870211035,0.8682089179477659,0.5106262715917267,0.0,0.41509433962264153,0.05961086351536305
1326,104,98.11320754716981,106,0,106,0,0,0.0,3.172940953147869,3.109613777519674,8.71041242893265,2.4580055671938283,1.423741371611718,1.9660834729822665,8.349056603773585,3.567999827489257,0.44815996788742885,0.0,0.0,0.0,0.0,0.0,0,0,0,0,0,0.0,0.25471698113207547,0.3688270822281782,0.3644934806897547,0.867438230637261,0.5160239536924894,0.0,0.3773584905660377,0.05971552196431541
1327,104,98.11320754716981,106,0,106,0,0,0.0,3.126977513222977,3.0662627317475715,7.811238740536927,2.457827331979973,1.4768356509403577,2.0379773565999884,8.349056603773585,3.567999827489257,0.4418513243810003,0.0,0.0,0.0,0.0,0.0,0,0,0,0,0,0.0,0.24528301886792453,0.35426076150296304,0.38785963501627707,0.8632888942444121,0.5058178716829439,0.0,0.41509433962264153,0.059482525048629505
1328,104,98.11320754716981,106,1,105,0,0,0.009433962264150943,3.116328738179275,3.04887689995935,7.768110305942771,2.457367750621363,1.5122225246168335,2.0822624300769723,8.349056603773585,3.567999827489257,0.43951952716972675,0.9377977070075338,0.007742841071676109,1.0,0.06220229299246616,0.005679121266524145,0,1,0,0,0,0.0,0.25471698113207547,0.35198880233725666,0.3799488721510413,0.8672268068951112,0.4990814194824713,0.009433962264150943,0.39622641509433965,0.059421082242369805
1329,104,98.11320754716981,106,1,105,0,0,0.009433962264150943,3.1239610073013164,3.0619255885478425,7.766988853513177,2.456948040732881,1.4956227677241594,2.055181656387651,8.349056603773585,3.567999827489257,0.44224131730935223,0.8115175283327645,0.005688768721711658,1.0,0.18848247166723553,0.016205265613922437,0,1,0,0,0,0.0,0.2641509433962264,0.3535372742989204,0.37746304707128425,0.8699193345673963,0.502716501339024,0.009433962264150943,0.3584905660377358,0.05945175596393153
1330,103,97.16981132075472,106,1,103,0,2,0.009433962264150943,3.1212842850059084,3.0543048772901633,7.744871103875945,2.456612477293653,1.4898956308113664,2.0535894033770803,8.349056603773585,3.567999827489257,0.44307984898664965,0.9870941313504242,0.004420219511606346,1.0,0.012905868649575769,0.0676092481592853,0,3,0,0,0,1.0,0.27358490566037735,0.3550907511470708,0.3724584247603199,0.8836029231950799,0.5074002469846367,0.009433962264150943,0.37735849056603776,0.059432385900988094
1331,103,97.16981132075472,106,0,106,0,0,0.0,3.1404779120320048,3.0731847266701195,7.850830036565044,2.4566815289385486,1.4632606898054703,2.0257535644927156,8.349056603773585,3.567999827489257,0.443059684769443,0.0,0.0,0.0,0.0,0.0,0,0,0,0,0,0.0,0.2641509433962264,0.3550734493785688,0.36667104459640393,0.8867749403132017,0.5074300206769942,0.0,0.37735849056603776,0.059529585917403954
1332,103,97.16981132075472,106,0,106,0,0,0.0,3.132353085361274,3.0660709220923117,8.006108182465374,2.4565450603928225,1.4517356838102804,2.007174632369787,8.349056603773585,3.567999827489257,0.4412324827847005,0.0,0.0,0.0,0.0,0.0,0,0,0,0,0,0.0,0.29245283018867924,0.3540756418817468,0.3488324353375735,0.9126975331860124,0.5033678934887987,0.0,0.33962264150943394,0.05948652718531226
1333,104,98.11320754716981,106,0,105,1,0,0.0,3.125344728405849,3.0599712128321093,7.914483872015264,2.4562393509518667,1.446364015815698,2.002589443393469,8.349056603773585,3.567999827489257,0.4405156219974984,0.1975860999972794,0.001439771591462051,0.0,0.1975860999972794,0.002063036702687482,0,0,0,1,0,0.0,0.25471698113207547,0.3526104007104231,0.3490036049606732,0.9126975331860124,0.5038541967949024,0.0,0.33962264150943394,0.05944603154437217
1334,105,99.05660377358491,106,0,105,1,0,0.0,3.1235076678493505,3.057331732143754,8.263626061845573,2.4558692078901116,1.437618739701905,1.9993113882068985,8.349056603773585,3.567999827489257,0.44007251395825864,0.26120531515350853,0.0017293786277957923,0.0,0.26120531515350853,-0.004455467304841587,0,0,0,1,0,0.0,0.27358490566037735,0.35582104396032993,0.33119193431850635,0.8889148327114387,0.5071828504752532,0.0,0.33962264150943394,0.059430242889687235
1335,105,99.05660377358491,106,1,105,0,0,0.009433962264150943,3.142860426599403,3.0718948354348194,9.001602068890046,2.4560378298321925,1.4127093674297386,1.973801033749484,8.349056603773585,3.567999827489257,0.4429696576205455,0.5532755392908943,0.0032016522641200498,1.0,0.44672446070910565,-0.003169460686106129,0,1,0,0,0,0.0,0.27358490566037735,0.3654505888122567,0.30397094939487923,0.9104123722998152,0.5122156680846849,0.009433962264150943,0.32075471698113206,0.05953001489873878
1336,103,97.16981132075472,106,2,104,0,0,0.018867924528301886,3.1626280316108626,3.1070541461905004,8.949708810575194,2.4566787605730402,1.419126450114477,1.9417655048637201,8.349056603773585,3.567999827489257,0.4419080177788608,0.6067909848276056,0.0028903403385887906,0.5,0.3468564611908387,0.0048246861741542135,0,2,0,0,0,0.0,0.27358490566037735,0.3621114958623572,0.3082229266988725,0.8960853999043985,0.5074943591980888,0.018867924528301886,0.33962264150943394,0.059640287127659966
1337,103,97.16981132075472,106,0,106,0,0,0.0,3.2039515450379694,3.1476868642232696,9.34834244342683,2.45887203614214,1.3882833370714376,1.9192725274178353,8.349056603773585,3.567999827489257,0.446110274933851,0.0,0.0,0.0,0.0,0.0,0,0,0,0,0,0.0,0.2830188679245283,0.3679424059626037,0.3028830215302476,0.8754671325481291,0.5113488361686434,0.0,0.33962264150943394,0.05988603272905642
1338,103,97.16981132075472,106,0,105,1,0,0.0,3.1895896356236713,3.133923968878262,8.557647996981547,2.460594207576983,1.3980830402016076,1.9314485871101525,8.349056603773585,3.567999827489257,0.4433709472384346,0.15057887842292095,0.00138910760508347,0.0,0.15057887842292095,0.006504163292414322,0,0,0,1,0,0.0,0.2830188679245283,0.35779757931599004,0.3313933113162014,0.9070249568147363,0.504880526529634,0.0,0.33962264150943394,0.05984494671889706
1339,103,97.16981132075472,106,0,105,1,0,0.0,3.189289367006994,3.134028586545479,8.613648615737633,2.4622579181445516,1.3646323590528606,1.909898002585175,8.349056603773585,3.567999827489257,0.4429141134797019,0.16148365186315333,0.002477965288816676,0.0,0.16148365186315333,-0.0019296599089393407,0,0,0,1,0,0.0,0.2641509433962264,0.3568764484645383,0.33336753815524867,0.8807408743316739,0.5012312960023771,0.0,0.3773584905660377,0.059873125970904065
1340,104,98.11320754716981,106,0,105,1,0,0.0,3.2034806607381285,3.1483293557372285,8.848540021281451,2.4642704686580115,1.357832976995967,1.9267255917167252,8.349056603773585,3.567999827489257,0.44307308587529737,0.13760147436935913,0.0023497384205651006,0.0,0.13760147436935913,0.000870156392705157,0,0,0,1,0,0.0,0.25471698113207547,0.35829332862940205,0.32899778022796194,0.8850190485463412,0.5026445041817578,0.0,0.41509433962264153,0.05997998633898392
1341,105,99.05660377358491,106,1,104,1,0,0.009433962264150943,3.228888932412736,3.166812224208476,9.765682167284092,2.466873169270501,1.3241462121573542,1.9056304504055743,8.349056603773585,3.567999827489257,0.4468983431742932,0.24919348962033633,0.002789012710653619,0.0,0.24919348962033633,0.007532339379050235,0,1,0,1,0,0.0,0.27358490566037735,0.37064308299847754,0.30756792851609366,0.898848553829505,0.5127857289658214,0.009433962264150943,0.3584905660377359,0.06015345987403879
1342,104,98.11320754716981,106,1,105,0,0,0.009433962264150943,3.2299430619334615,3.1650757970213053,9.943360753423768,2.4692723346359284,1.311475085610103,1.9043075618504255,8.349056603773585,3.567999827489257,0.44689240639504746,0.16842768094242241,0.0040551099661884395,0.0,0.16842768094242241,-0.0269265711902138,0,1,0,0,0,0.0,0.25471698113207547,0.3727483557044618,0.3017939371558684,0.8895377751473469,0.5100364874548915,0.009433962264150943,0.3584905660377359,0.060201531629692245
1343,103,97.16981132075472,106,1,105,0,0,0.009433962264150943,3.2454904232878703,3.1750145722130383,9.816946287344187,2.4719681915677043,1.3241976722427022,1.8898319398417514,8.349056603773585,3.567999827489257,0.44595934071613974,0.39079012028489873,0.0019037098675180669,0.0,0.39079012028489873,0.010858755098150707,0,1,0,0,0,0.0,0.25471698113207547,0.3691917084253957,0.3014011966503192,0.8937848823139727,0.5088961262583729,0.009433962264150943,0.3584905660377359,0.06032736252180185
1344,103,97.16981132075472,106,0,104,2,0,0.0,3.226517716046515,3.157200995543713,9.658180791714626,2.4738875116165704,1.3226367041759448,1.8892248409158983,8.349056603773585,3.567999827489257,0.44834479649724224,0.15722022680019793,0.00021893269510259104,0.0,0.15722022680019793,0.01965768266430376,0,0,0,2,0,0.0,0.29245283018867924,0.3715893229299431,0.29649228710267134,0.8962584758963024,0.517159216754726,0.0,0.3584905660377359,0.060266739653611325
1345,101,95.28301886792453,106,2,102,2,0,0.018867924528301886,3.2177247962283966,3.155593129515494,9.690272025294865,2.475529486677075,1.323997461916477,1.8781032630538452,8.349056603773585,3.567999827489257,0.44750769861686357,0.314657276277973,0.001080199388467083,0.25,0.28063168145078776,0.015637286989341373,0,2,0,2,0,0.25,0.2641509433962264,0.37108588221672595,0.2924906950090377,0.8843625741547393,0.5172481870835085,0.018867924528301886,0.3584905660377358,0.060252067888183845
1346,102,96.22641509433963,106,0,105,1,0,0.0,3.215852416109754,3.154319241401051,10.187449991591174,2.4772394829363105,1.3073974527090275,1.8329952217732262,8.349056603773585,3.567999827489257,0.4500732965673713,0.2234420645700812,0.0006863725932058491,0.0,0.2234420645700812,0.008675791147030099,0,0,0,1,0,0.0,0.3018867924528302,0.379252504184629,0.27230253332473103,0.893444140280016,0.5245598805777936,0.0,0.32075471698113206,0.06027321231938043
1347,103,97.16981132075472,106,0,106,0,0,0.0,3.2039388874807813,3.1428127346405486,10.062931380352541,2.478560024818876,1.316577850487757,1.8423250713720445,8.349056603773585,3.567999827489257,0.4474883093836355,0.0,0.0,0.0,0.0,0.0,0,0,0,0,0,0.0,0.2830188679245283,0.37531976745228335,0.26954090044667306,0.8958738968327153,0.5200418057973947,0.0,0.32075471698113206,0.0602372031422815
1348,104,98.11320754716981,106,0,106,0,0,0.0,3.18969620398201,3.130411889586021,9.045691210966792,2.4794794800652267,1.3298066074391228,1.8449863092234602,8.349056603773585,3.567999827489257,0.4434863216806666,0.0,0.0,0.0,0.0,0.0,0,0,0,0,0,0.0,0.3018867924528302,0.3614303024149515,0.2962713991281768,0.8704712225167616,0.5178305671999893,0.0,0.33962264150943394,0.06018239280558946
1349,104,98.11320754716981,106,0,105,1,0,0.0,3.190711243668504,3.1295682388451427,9.435465716952681,2.4803420479843905,1.3327857969067085,1.8850252221755912,8.349056603773585,3.567999827489257,0.4475088499104365,0.22704096183681496,0.000672364019405665,0.0,0.22704096183681496,0.008308329883332077,0,0,0,1,0,0.0,0.29245283018867924,0.3702276018452244,0.29801708073813976,0.8900372436771261,0.5202979846577532,0.0,0.32075471698113206,0.0602028562149558
1350,106,100.0,106,0,106,0,0,0.0,3.156999734981671,3.0960941844700605,8.637071010577273,2.4802183561198015,1.3769838366410514,1.9284724362190364,8.349056603773585,3.567999827489257,0.4452935501918207,0.0,0.0,0.0,0.0,0.0,0,0,0,0,0,0.0,0.2830188679245283,0.36195929036327656,0.3248191342588463,0.8876074871244267,0.5115200956904535,0.0,0.32075471698113206,0.060032092008764054
1351,105,99.05660377358491,106,1,105,0,0,0.009433962264150943,3.1327661317462394,3.0667779651668465,8.177640000757343,2.479420435296769,1.4167598161081112,1.9956844276713228,8.349056603773585,3.567999827489257,0.4410135624177931,0.5937690607265029,0.003238207641717444,1.0,0.40623093927349707,0.0034630184608330783,0,1,0,0,0,0.0,0.2830188679245283,0.35390714315617927,0.33106414013968066,0.8878328725483627,0.5026437722059448,0.009433962264150943,0.3018867924528302,0.05989668908579225
1352,105,99.05660377358491,106,0,106,0,0,0.0,3.1081201198285684,3.044468332448146,7.667133851559174,2.4778560183224188,1.4255911038703588,1.9931156620209431,8.349056603773585,3.567999827489257,0.43836053855590906,0.0,0.0,0.0,0.0,0.0,0,0,0,0,0,0.0,0.29245283018867924,0.3466461655496718,0.33994281782995944,0.8860508213299859,0.5022751953871327,0.0,0.3018867924528302,0.05974554982873088
1353,105,99.05660377358491,106,0,105,1,0,0.0,3.1109126014121764,3.0478765179636955,7.644189352216194,2.476444702985667,1.4080400895124656,1.982259725057188,8.349056603773585,3.567999827489257,0.4376251001236706,0.20636527891520762,0.0007859400566629255,0.0,0.20636527891520762,0.005502692328306913,0,0,0,1,0,0.0,0.3018867924528302,0.3454729006253946,0.3425962028907928,0.8860508213299859,0.5029659211284552,0.0,0.3018867924528302,0.0597343343722586
1354,105,99.05660377358491,106,0,105,1,0,0.0,3.0865779827589104,3.0263320034631853,7.221860544564143,2.4744687767855265,1.4401270133772865,2.016067115220911,8.349056603773585,3.567999827489257,0.43374148384664046,0.2187639175953906,0.0003248751575926608,0.0,0.2187639175953906,0.022376586510996777,0,0,0,1,0,0.0,0.3113207547169811,0.33760278819814293,0.35113738239919423,0.8765501486805353,0.5010537595953133,0.0,0.3018867924528302,0.05957741075728611
1355,105,99.05660377358491,106,0,105,1,0,0.0,3.0510630481490755,2.99213145820736,6.87151379257029,2.4715871313122157,1.4415720054714487,2.033532855229212,8.349056603773585,3.567999827489257,0.4317376210430497,0.12727911118116017,0.00027626332793594647,0.0,0.12727911118116017,0.02144042653905115,0,0,0,1,0,0.0,0.3113207547169811,0.332621718887459,0.35259199834861765,0.8806187831713936,0.5010301359280922,0.0,0.33962264150943394,0.05934842753147865
1356,106,100.0,106,0,104,2,0,0.0,3.0954935138459754,3.0345763589117283,7.237681418317999,2.4700198501315493,1.408611888171876,1.880295679636046,8.349056603773585,3.567999827489257,0.43561163328621566,0.12180280000867016,0.0011467951544725402,0.0,0.12180280000867016,-0.0207508134233782,0,0,0,2,0,0.0,0.3113207547169811,0.33876820846253847,0.3405075252989164,0.8655320074664818,0.5149228048888902,0.0,0.33962264150943394,0.05954261956505193
1357,106,100.0,106,0,104,2,0,0.0,3.079983959370477,3.0202224504504915,6.860624426278184,2.4680987715973974,1.4252604047222734,1.9518278126871595,8.349056603773585,3.567999827489257,0.4319127903757316,0.06244929070709111,0.00039711898610304803,0.0,0.06244929070709111,0.010090813022438916,0,0,0,2,0,0.5,0.32075471698113206,0.330766115354632,0.3476292715873658,0.8576423673891442,0.5093826667904263,0.0,0.33962264150943394,0.05943079975328219
1358,106,100.0,106,0,104,2,0,0.0,3.109272226364763,3.049585722276558,6.779138231847107,2.46708438233251,1.4136210301444818,1.8808162663688344,8.349056603773585,3.567999827489257,0.4298695310230829,0.15880741285525943,0.0012762287467969868,0.0,0.15880741285525943,-0.029143851089312223,0,0,0,2,0,0.0,0.32075471698113206,0.32565805510366735,0.3520944060686807,0.8655320074664818,0.5107321491402282,0.0,0.33962264150943394,0.059559144384643
1359,105,99.05660377358491,106,1,103,2,0,0.009433962264150943,3.1047877682319354,3.0435663284179895,6.67971120328903,2.466008238004878,1.427254409332944,1.9436874207970183,8.349056603773585,3.567999827489257,0.42739991235240926,0.10304047162905383,0.001189063962342114,0.0,0.10304047162905383,-0.015067032762178042,0,1,0,2,0,0.3333333333333333,0.32075471698113206,0.322325555020845,0.36166717161770084,0.8903866605707902,0.5047614539662926,0.009433962264150943,0.2830188679245283,0.05951752368010214
1360,105,99.05660377358491,106,0,106,0,0,0.0,3.1210236654476553,3.058595177419543,6.873461909104454,2.4653256048501326,1.4358847054765496,1.9504797911791592,8.349056603773585,3.567999827489257,0.42988527036736124,0.0,0.0,0.0,0.0,0.0,0,0,0,0,0,0.0,0.330188679245283,0.3268771876332919,0.36370445573117227,0.9022117606905163,0.5105717107505259,0.0,0.2830188679245283,0.059586524991288886
1361,105,99.05660377358491,106,0,103,3,0,0.0,3.102531595732019,3.041689247051497,6.913301060550338,2.464184765192077,1.4389354136669246,1.9393461377561332,8.349056603773585,3.567999827489257,0.428588564876645,0.15135781343022048,0.0009549385758644037,0.0,0.15135781343022048,0.008640547526370982,0,0,0,3,0,0.0,0.32075471698113206,0.32690876165837485,0.3488483574639908,0.8982647882163306,0.5124620525683594,0.0,0.32075471698113206,0.05947371206419503
1362,103,97.16981132075472,106,2,103,1,0,0.018867924528301886,3.1184305738738303,3.063278913665833,6.811613702959334,2.463511259876172,1.438217346557687,1.9425945621474485,8.349056603773585,3.567999827489257,0.4296844963236255,0.5337476608390762,0.0022364371130702515,0.6666666666666666,0.18128191881029884,0.015267519009453038,0,2,0,1,0,0.3333333333333333,0.3018867924528302,0.3255601815490644,0.362614083107238,0.9168974671870034,0.5057566846955508,0.018867924528301886,0.3018867924528302,0.059541191620649275
1363,103,97.16981132075472,106,0,102,4,0,0.0,3.111692686131829,3.057049487255317,7.393746374928796,2.462873598718837,1.4058501997591928,1.9260599790723016,8.349056603773585,3.567999827489257,0.42896622712655463,0.13480175717421863,0.0006170856077175541,0.0,0.13480175717421863,0.016657008611673907,0,0,0,4,0,0.0,0.32075471698113206,0.33166986240046803,0.3263901586912217,0.9163297144092358,0.5097225222052224,0.0,0.3018867924528302,0.05949612630744242
1364,104,98.11320754716981,106,0,102,4,0,0.0,3.1221947610793177,3.068272094820298,7.265961306960136,2.4625790274053414,1.3813709093834494,1.8714932573287824,8.349056603773585,3.567999827489257,0.4274845041256743,0.1479068328292809,0.0005775933357070478,0.0,0.1479068328292809,0.016329727784746867,0,0,0,4,0,0.0,0.3018867924528302,0.327184390487735,0.32427930153238166,0.8941567316114559,0.5116030907753997,0.0,0.3018867924528302,0.059543381530201195
1365,103,97.16981132075472,106,1,100,5,0,0.009433962264150943,3.1538149929700925,3.1150785170623125,7.771763335114048,2.4632026871119765,1.3119187850837324,1.790781445272697,8.349056603773585,3.567999827489257,0.433499191447386,0.18368374479632812,0.0010882988354481925,0.0,0.18368374479632812,0.012823113499699418,0,1,0,5,0,0.0,0.3113207547169811,0.3376106532195639,0.3243499484435392,0.9050796906358016,0.5153303705771102,0.009433962264150943,0.3018867924528302,0.0597126087782835
1366,102,96.22641509433963,106,1,103,2,0,0.009433962264150943,3.158932804388663,3.1275197049504975,7.796392702800757,2.464375917151614,1.3482872492819071,1.8997598950861647,8.349056603773585,3.567999827489257,0.43319696747462877,0.1552258908665606,0.0023104662975912587,0.0,0.1552258908665606,-0.004965877896268234,0,1,0,2,0,0.0,0.3113207547169811,0.33764234364865164,0.3246103577356041,0.8994348991414309,0.5091871205922416,0.009433962264150943,0.2641509433962264,0.05975912825827151
1367,102,96.22641509433963,106,2,103,1,0,0.018867924528301886,3.113391018613694,3.07243877044793,7.574236495733148,2.464373415535981,1.3806132777305578,1.9595290238090015,8.349056603773585,3.567999827489257,0.4318447528686964,0.29941743934223464,0.0021673254824314393,0.0,0.29941743934223464,0.01779048338079851,0,2,0,1,0,0.0,0.3113207547169811,0.3367327097105303,0.32377127004923223,0.9181689335181907,0.506104566920361,0.018867924528301886,0.2641509433962264,0.05953137470057593
1368,102,96.22641509433963,106,0,104,2,0,0.0,3.1012380193577735,3.0585478047045025,8.318889351226433,2.4637477606373923,1.3544088693916156,1.9480403927904548,8.349056603773585,3.567999827489257,0.43390261239327876,0.16827322326664726,0.0019164664819894793,0.0,0.16827322326664726,0.006143080949180035,0,0,0,2,0,0.5,0.32075471698113206,0.3484004973527581,0.2846941760721222,0.9080876752560418,0.5170146574407304,0.0,0.3018867924528302,0.05945944802144516
1369,102,96.22641509433963,106,0,106,0,0,0.0,3.10236524940745,3.0593854290604483,8.54710121186068,2.463168338252966,1.3387188987622423,1.9586756212131076,8.349056603773585,3.567999827489257,0.43546851206045,0.0,0.0,0.0,0.0,0.0,0,0,0,0,0,0.0,0.3113207547169811,0.3534691646573511,0.27581882417800013,0.903539166246895,0.5175756849669605,0.0,0.3018867924528302,0.059454747276855166
1370,103,97.16981132075472,106,0,106,0,0,0.0,3.111949599520109,3.0670255633135524,9.396617463478252,2.462827669639794,1.2984493111067537,1.8658717769649424,8.349056603773585,3.567999827489257,0.44149297910471796,0.0,0.0,0.0,0.0,0.0,0,0,0,0,0,0.0,0.29245283018867924,0.3686934851189499,0.2635406875586638,0.9150078184033108,0.5227845636164145,0.0,0.2641509433962264,0.05949659149965332
1371,104,98.11320754716981,106,0,105,1,0,0.0,3.134701024251432,3.0903111111204824,9.490070088111938,2.4631638187266165,1.2842015576924113,1.8369395034807234,8.349056603773585,3.567999827489257,0.44299836309379836,0.023628581191217683,0.0007585734883927718,0.0,0.023628581191217683,-0.0025331893846933795,0,0,0,1,0,1.0,0.29245283018867924,0.36992040225732925,0.26574462899914875,0.9298637681668424,0.5267902810505494,0.0,0.2641509433962264,0.059616345522728896
1372,106,100.0,106,0,106,0,0,0.0,3.118902348867683,3.0753577107325505,9.264513441701173,2.463061144174565,1.2929670682187555,1.850798454213439,8.349056603773585,3.567999827489257,0.4402925174552823,0.0,0.0,0.0,0.0,0.0,0,0,0,0,0,0.0,0.29245283018867924,0.3653592210365204,0.266648919404385,0.9213868569144404,0.5231083232587986,0.0,0.2641509433962264,0.059535520431890115
1373,106,100.0,106,0,106,0,0,0.0,3.1399171271870907,3.0952773361056174,9.860282579778833,2.4635307188095115,1.2765001444959128,1.8826205327471979,8.349056603773585,3.567999827489257,0.4449307470287964,0.0,0.0,0.0,0.0,0.0,0,0,0,0,0,0.0,0.29245283018867924,0.375746555950714,0.25525189591811376,0.9312740840094227,0.5288533165660868,0.0,0.2641509433962264,0.059648971534569564
1374,106,100.0,106,0,106,0,0,0.0,3.1646098384309713,3.1190752914212703,10.87934767144373,2.464662827825981,1.2172975297714022,1.831446206284142,8.349056603773585,3.567999827489257,0.4499375852900025,0.0,0.0,0.0,0.0,0.0,0,0,0,0,0,0.0,0.2830188679245283,0.3897371952785432,0.23872202491814803,0.9282772044726335,0.5357157900451637,0.0,0.2641509433962264,0.05979263191466627
1375,105,99.05660377358491,106,1,103,2,0,0.009433962264150943,3.125337040498075,3.0740994369881527,9.751669133674664,2.4647117180477203,1.2738733832937095,1.853530276374545,8.349056603773585,3.567999827489257,0.44123219180756057,0.4755325822317351,0.003616676907486569,0.3333333333333333,0.1433794210177037,0.006645489512895268,0,1,0,2,0,0.6666666666666666,0.29245283018867924,0.37136567937279935,0.2528137306918792,0.912196499989854,0.525364025158403,0.009433962264150943,0.3018867924528302,0.05959714012651546
1376,105,99.05660377358491,106,0,105,1,0,0.0,3.118740931009722,3.069212662067944,8.716030065942888,2.46437841018996,1.2838021631256336,1.7571553852337334,8.349056603773585,3.567999827489257,0.43572455765466955,0.160124437513891,0.002333384750174949,0.0,0.160124437513891,-0.06420688497077753,0,0,0,1,0,0.0,0.29245283018867924,0.3540572874857201,0.27046438710717496,0.9305179902151757,0.520294945272497,0.0,0.2830188679245283,0.05955821336717875
1377,105,99.05660377358491,106,0,104,2,0,0.0,3.0887798550180734,3.04037493502414,8.092371613497512,2.4632338507150506,1.3051202164745654,1.7540705594314852,8.349056603773585,3.567999827489257,0.43152494394870233,0.08248681731229587,0.0021676144660355895,0.0,0.08248681731229587,-0.059796040476377654,0,0,0,2,0,0.5,0.2830188679245283,0.3438983825678405,0.28451353435963705,0.9183120977558658,0.5118742826312691,0.0,0.24528301886792453,0.05938798904717536
1378,104,98.11320754716981,106,1,104,1,0,0.009433962264150943,3.104866289351069,3.05035079024997,7.957627058551293,2.46261181473031,1.3205095660230306,1.7570416725262663,8.349056603773585,3.567999827489257,0.43082134571458597,0.2712978226492582,0.0026425337187869396,0.0,0.2712978226492582,-0.01592463788669285,0,1,0,1,0,0.0,0.2641509433962264,0.3409168245709981,0.28496007564744513,0.9152656335027668,0.5041976505701377,0.009433962264150943,0.22641509433962265,0.05945732409740911
1379,104,98.11320754716981,106,0,106,0,0,0.0,3.1094424567223307,3.0543242391932766,8.261221963564811,2.461928456297306,1.3105316298511798,1.757101711159942,8.349056603773585,3.567999827489257,0.4344033803755669,0.0,0.0,0.0,0.0,0.0,0,0,0,0,0,0.0,0.27358490566037735,0.3485953109462762,0.27299783067922356,0.929264004275769,0.5091597896771833,0.0,0.22641509433962265,0.05946801382041006
1380,105,99.05660377358491,106,0,106,0,0,0.0,3.1331396522294748,3.0782816617117166,8.922849731733114,2.4619533207273148,1.2738164887769317,1.7854589344527054,8.349056603773585,3.567999827489257,0.43756783437544744,0.0,0.0,0.0,0.0,0.0,0,0,0,0,0,0.0,0.2830188679245283,0.3576673035241526,0.25158729067932545,0.9326835775382976,0.520687392307404,0.0,0.18867924528301883,0.05958694337935569
1381,104,98.11320754716981,106,1,104,1,0,0.009433962264150943,3.112200030141291,3.0598923318214637,7.956607122527688,2.4614208427822115,1.3191695737273432,1.7801560831518468,8.349056603773585,3.567999827489257,0.43169069393506176,0.457298089566875,0.0024102852253588295,0.5,0.1268725414750764,0.026368847089881742,0,1,0,1,0,0.0,0.3018867924528302,0.3410806182798319,0.2760136176562092,0.9312610948805297,0.5209995770122858,0.009433962264150943,0.24528301886792453,0.059472745862833416
1382,104,98.11320754716981,106,0,106,0,0,0.0,3.1316781570323364,3.078156230669834,8.049947546165308,2.461460238558077,1.3055010746847955,1.8165520276372322,8.349056603773585,3.567999827489257,0.4343471426060801,0.0,0.0,0.0,0.0,0.0,0,0,0,0,0,0.0,0.3018867924528302,0.34381879163030316,0.2811294625377968,0.9312663293834478,0.5238672742974246,0.0,0.20754716981132076,0.05957083931789611
1383,105,99.05660377358491,106,0,106,0,0,0.0,3.109379392989963,3.056252745798428,8.294509754285352,2.4608730156507876,1.303025209971496,1.8188807875676984,8.349056603773585,3.567999827489257,0.4343292879851639,0.0,0.0,0.0,0.0,0.0,0,0,0,0,0,0.0,0.3018867924528302,0.348498791320143,0.2719329664410242,0.9384122735298734,0.5247445807457689,0.0,0.26415094339622647,0.05944886944152471
1384,105,99.05660377358491,106,0,106,0,0,0.0,3.117774381653473,3.06348769476193,8.562495780196826,2.4605132592290455,1.2998845456780264,1.810113118343023,8.349056603773585,3.567999827489257,0.43880926771696926,0.0,0.0,0.0,0.0,0.0,0,0,0,0,0,0.0,0.29245283018867924,0.35599053088045746,0.26790342475386086,0.9277214880026546,0.5287664045348185,0.0,0.2264150943396226,0.05948442633058869
1385,105,99.05660377358491,106,0,105,1,0,0.0,3.106894080517899,3.0528010109308608,8.151502049174129,2.4598612982272856,1.2852081131971584,1.7763341786665088,8.349056603773585,3.567999827489257,0.4407831140433176,0.676973546869637,0.004077149120395953,1.0,0.32302645313036304,0.03646191031307611,0,0,0,1,0,0.0,0.3018867924528302,0.35412551903428574,0.2832451305030526,0.9131884685725316,0.5278893533574813,0.0,0.2264150943396226,0.059418393841201775
1386,106,100.0,106,0,105,1,0,0.0,3.1191764892853575,3.0633325895101704,8.571153844112647,2.459533212557377,1.2594149722850974,1.7646401703846724,8.349056603773585,3.567999827489257,0.4443881219661783,0.16209608991331284,0.001962529527395028,0.0,0.16209608991331284,0.009658706972765385,0,0,0,1,0,0.0,0.3018867924528302,0.36178443336471067,0.2746706890844202,0.9202443688274049,0.534019207455613,0.0,0.18867924528301883,0.059473952836970885
1387,106,100.0,106,0,104,2,0,0.0,3.1324498331707615,3.0770436153465472,8.694273371170107,2.4596082004861564,1.2593613066055627,1.7499210077855851,8.349056603773585,3.567999827489257,0.4432286429614334,0.09545436741397859,0.0013668014322359096,0.0,0.09545436741397859,-0.0008050641981955375,0,0,0,2,0,0.5,0.3018867924528302,0.3611469630508417,0.26641578553326434,0.9383279414013157,0.5363300757812406,0.0,0.2641509433962264,0.05954165734098266
1388,106,100.0,106,0,105,1,0,0.0,3.099368381841335,3.0447403675819564,8.371990382464027,2.458758448986154,1.2755688807085865,1.7915901419672948,8.349056603773585,3.567999827489257,0.43964530985339345,0.16682684658770192,0.0012758221512044212,0.0,0.16682684658770192,0.005550433002806443,0,0,0,1,0,0.0,0.29245283018867924,0.3549639664411397,0.26214005295134674,0.9442105985531337,0.5305677560866385,0.0,0.20754716981132076,0.05936109051830843
1389,106,100.0,106,0,104,2,0,0.0,3.1098183882424286,3.0546571852023243,8.780817265017157,2.4582220822466767,1.2739473427409882,1.8020252011583442,8.349056603773585,3.567999827489257,0.4400490826107446,0.23061738665693138,0.00239739391724197,0.0,0.23061738665693138,-0.0006200700070747023,0,0,0,2,0,0.5,0.3018867924528302,0.3589337751632649,0.25269936345143124,0.936850995791864,0.5291406747568221,0.0,0.22641509433962265,0.05940377176814427
1390,105,99.05660377358491,106,1,104,1,0,0.009433962264150943,3.1329666670807277,3.088529271063248,9.279114700165229,2.458324218601293,1.2226600432338512,1.7226846656982893,8.349056603773585,3.567999827489257,0.44717706471219554,0.36026360498908744,0.0021670249640381003,0.5,0.15529856826382385,0.004038442038638956,0,1,0,1,0,0.5,0.3113207547169811,0.3707291812791462,0.2475927684265775,0.9142607595499505,0.5391498750621982,0.009433962264150943,0.20754716981132076,0.05952133527481401
1391,104,98.11320754716981,106,1,105,0,0,0.009433962264150943,3.1392052893405746,3.0891970898192165,10.035031551394253,2.4589190398150373,1.2141476394834323,1.8051604057039574,8.349056603773585,3.567999827489257,0.4502803576175394,0.47888641045993696,0.006972139027438639,0.0,0.47888641045993696,-0.10254265098206883,0,1,0,0,0,0.0,0.3113207547169811,0.38232379943365474,0.23424250307960398,0.9370454446788522,0.5369767560452974,0.009433962264150943,0.20754716981132076,0.059563139996053394
1392,104,98.11320754716981,106,0,105,1,0,0.0,3.0902669087284664,3.043114470244315,8.812974880234107,2.4580474679552307,1.2606479811246074,1.7980103423410039,8.349056603773585,3.567999827489257,0.43880635026909154,0.0007303234365756829,0.0023718288015288163,0.0,0.0007303234365756829,-0.05992617226264074,0,0,0,1,0,1.0,0.29245283018867924,0.35883277473937236,0.24844659313737558,0.9306801019922002,0.5220427421580357,0.0,0.20754716981132076,0.05930289925176567
1393,103,97.16981132075472,106,1,104,1,0,0.009433962264150943,3.0951289032152483,3.0432367441187593,9.381171697856987,2.4573562777844447,1.2596802026542626,1.7344090933569571,8.349056603773585,3.567999827489257,0.43997551503822274,0.5218976344266166,0.004622499032557998,0.5,0.032699426358868904,-0.03660607123178872,0,1,0,1,0,0.5,0.2830188679245283,0.3661679506550871,0.23188922990445662,0.9092423051728795,0.5219782353335853,0.009433962264150943,0.24528301886792453,0.05931487839214895
1394,103,97.16981132075472,106,0,105,1,0,0.0,3.1106402820215955,3.0582619723880047,8.980916042255483,2.4569728355514777,1.2422150450764293,1.806295237051291,8.349056603773585,3.567999827489257,0.4412522057024375,0.025612543056887923,0.0008416974930742604,0.0,0.025612543056887923,-0.008584486596796448,0,0,0,1,0,1.0,0.3018867924528302,0.3627837689275715,0.23934402312322062,0.9266169008909666,0.5314213696194657,0.0,0.24528301886792453,0.0593855946770753
1395,104,98.11320754716981,106,0,105,1,0,0.0,3.1180037747684115,3.0672017755921352,8.52029396713657,2.4568582522670437,1.2612641682035268,1.8220642079140275,8.349056603773585,3.567999827489257,0.4386585002993286,0.1059202797074901,0.0011624076114167055,0.0,0.1059202797074901,0.0036235158467770034,0,0,0,1,0,0.0,0.2830188679245283,0.35403308258425364,0.24987305389291192,0.9266169008909666,0.5271546783806443,0.0,0.24528301886792453,0.05942036797511391
1396,104,98.11320754716981,106,1,105,0,0,0.009433962264150943,3.135223090595474,3.0804448075259323,8.21591455333731,2.4572322725776305,1.2788626468699364,1.7690245955765795,8.349056603773585,3.567999827489257,0.43853389154630906,0.7755039337178947,0.004318315231033729,1.0,0.22449606628210528,0.027566872696153988,0,1,0,0,0,0.0,0.2641509433962264,0.3490701628002973,0.26648057416843746,0.9317117267051009,0.5218581097105061,0.009433962264150943,0.20754716981132076,0.05951313707626747
1397,104,98.11320754716981,106,0,105,1,0,0.0,3.1402159808868895,3.084339404815888,8.258789257765969,2.4575976090454614,1.262036894661483,1.7612514369357186,8.349056603773585,3.567999827489257,0.43742315094222683,0.04847131848263217,0.0009233502549305327,0.0,0.04847131848263217,0.0058509500086869615,0,0,0,1,0,1.0,0.2641509433962264,0.34834033746108223,0.2643384138679887,0.9087690443662144,0.5218770218854583,0.0,0.2075471698113207,0.059544619129995535
1398,105,99.05660377358491,106,0,104,2,0,0.0,3.144005668525032,3.0889231811449136,7.674651485393663,2.45808074961396,1.2694324291973904,1.7869151102302563,8.349056603773585,3.567999827489257,0.43253473049521585,0.06217675596564244,0.0009436660231870895,0.0,0.06217675596564244,0.007349527988262772,0,0,0,2,0,0.5,0.24528301886792453,0.33644053229301174,0.275747791756937,0.9069652319636153,0.517037309481305,0.0,0.24528301886792453,0.05957218679551153
1399,105,99.05660377358491,106,0,104,2,0,0.0,3.1716682244182834,3.1158184314379738,8.04296833888689,2.4593143497150565,1.24894626411106,1.7233950690398845,8.349056603773585,3.567999827489257,0.4345044172265058,0.053068258902708304,0.000941305192886365,0.0,0.053068258902708304,0.007558589654310888,0,0,0,2,0,0.5,0.2641509433962264,0.3417575659389988,0.26781798654250555,0.9174509361735841,0.5223547331614622,0.0,0.28301886792452835,0.0597325069997173
1400,105,99.05660377358491,106,0,105,1,0,0.0,3.2016436732756146,3.14441315135173,8.436439698127913,2.4613201426124274,1.2355142338791232,1.775348042804956,8.349056603773585,3.567999827489257,0.43739692891127446,0.0825695619440677,0.000985869517644876,0.0,0.0825695619440677,0.004941696571920007,0,0,0,1,0,0.0,0.29245283018867924,0.34828423129454034,0.2625968336414516,0.9254577031852651,0.5295271812643092,0.0,0.20754716981132076,0.05991816758756295
1401,105,99.05660377358491,106,1,104,1,0,0.009433962264150943,3.180754792969016,3.118476194605822,8.37542309886809,2.4626521618312247,1.2194975549457412,1.7594855975911512,8.349056603773585,3.567999827489257,0.43685445820987545,0.2886734980899747,0.0015084825555871932,0.0,0.2886734980899747,0.005334026324637753,0,1,0,1,0,0.0,0.32075471698113206,0.3485021792962195,0.25371378018084356,0.9102535875108506,0.5333039889291918,0.009433962264150943,0.24528301886792453,0.05983748640774436
1402,104,98.11320754716981,106,1,103,2,0,0.009433962264150943,3.2008121899564608,3.1351788855436284,9.180266397697967,2.464337372512108,1.194601982884509,1.751570525394818,8.349056603773585,3.567999827489257,0.44228849090909916,0.46614541608897464,0.002637010615752418,0.3333333333333333,0.19933059399636524,0.018090936549998233,0,1,0,2,0,0.0,0.3113207547169811,0.36238034100757355,0.2354564978614186,0.9073611249598601,0.5448317540366286,0.009433962264150943,0.24528301886792453,0.05996783754977496
1403,104,98.11320754716981,106,0,102,4,0,0.0,3.217116363147263,3.1516856653204597,9.638454758918174,2.466371530593433,1.1495913377289084,1.7082031428765254,8.349056603773585,3.567999827489257,0.4475430964078011,0.16017629585301058,0.001670494636017653,0.0,0.16017629585301058,0.0015529202222005212,0,0,0,4,0,0.25,0.33962264150943394,0.3717029682252786,0.22757923880910394,0.901709430290903,0.5559882382197946,0.0,0.2641509433962264,0.06008564779414523
1404,103,97.16981132075472,106,1,101,4,0,0.009433962264150943,3.2139217035914314,3.1538079512695307,9.65181619078949,2.4682808219106516,1.1551066420657234,1.7242307885813999,8.349056603773585,3.567999827489257,0.44871752613829896,0.1048965072833193,0.0007414752790765223,0.0,0.1048965072833193,0.00015985263409432627,0,1,0,4,0,0.4,0.33962264150943394,0.3733702531095368,0.22207423882928287,0.9007839059221467,0.5567217848290208,0.009433962264150943,0.28301886792452835,0.06010373625181839
1405,103,97.16981132075472,106,1,102,3,0,0.009433962264150943,3.218216197180599,3.158368404123508,9.414148575826667,2.470357251295059,1.1665131793442158,1.6999291524311386,8.349056603773585,3.567999827489257,0.4473202000785872,0.42946418178809,0.001235917392590633,0.5,0.34050803721568046,0.016287199286393786,0,1,0,3,0,0.0,0.33962264150943394,0.3690097784858701,0.23350517531042436,0.9033977808937768,0.5593993767867694,0.009433962264150943,0.24528301886792453,0.06016225221819102
1406,102,96.22641509433963,106,1,103,2,0,0.009433962264150943,3.202451291261093,3.138985534967666,9.075627430545499,2.4719453327630356,1.1767284882445075,1.6595886118654513,8.349056603773585,3.567999827489257,0.4456293390600634,0.3208519045012833,0.0021309778000905936,0.3333333333333333,0.2503718034641578,0.001303553228797642,0,1,0,2,0,0.0,0.3490566037735849,0.3642570750447159,0.2361146533183228,0.913415981919016,0.5523112250148838,0.009433962264150943,0.2641509433962264,0.06011175906061239
1407,101,95.28301886792453,106,2,102,2,0,0.018867924528301886,3.2052707242659886,3.1460053966632366,8.542182840988602,2.4734198130994742,1.204231146795871,1.6791960414956548,8.349056603773585,3.567999827489257,0.4449384859249774,0.39002645398708635,0.0022961327768122697,0.5,0.2073502866435177,0.019126049406972268,0,2,0,2,0,0.25,0.3490566037735849,0.357191774136856,0.255156272467348,0.9076597867275233,0.5505477723835088,0.018867924528301886,0.2830188679245283,0.06015216095356711
1408,100,94.33962264150944,106,1,104,1,0,0.009433962264150943,3.2218998086950843,3.169811937060158,8.574745055834459,2.475416432117705,1.2052258756187382,1.6881742434916245,8.349056603773585,3.567999827489257,0.4440580739541051,0.30435614022357255,0.002241005148993096,0.0,0.30435614022357255,-0.007631098394129787,0,1,0,1,0,0.0,0.33962264150943394,0.35520652169825273,0.26439307444161814,0.8816088310011506,0.5416875596188877,0.009433962264150943,0.2830188679245283,0.06027092605727563
1409,100,94.33962264150944,106,1,105,0,0,0.009433962264150943,3.173640037895703,3.116632986090578,8.39211310553809,2.4762184466693675,1.2417885952841914,1.730667295653132,8.349056603773585,3.567999827489257,0.44094928660859156,0.5077203998655879,0.005009217775343217,1.0,0.4922796001344121,-0.015472716973635725,0,1,0,0,0,0.0,0.330188679245283,0.35294683388686154,0.2501745409826688,0.894808795465203,0.541825746567327,0.009433962264150943,0.2641509433962264,0.060043935142188615
1410,101,95.28301886792453,106,0,106,0,0,0.0,3.1529695233984905,3.099075410711577,7.994513516673029,2.476326981010308,1.266829920653355,1.7489713528787432,8.349056603773585,3.567999827489257,0.4369291533364814,0.0,0.0,0.0,0.0,0.0,0,0,0,0,0,0.0,0.33962264150943394,0.3442645472230816,0.2467262213709664,0.9095924635193623,0.5417310481044572,0.0,0.2641509433962264,0.05994251882225131
1411,101,95.28301886792453,106,1,105,0,0,0.009433962264150943,3.185234600505587,3.136670208337635,8.567782775543153,2.4772642372410325,1.262281619301986,1.813865876207005,8.349056603773585,3.567999827489257,0.43925695337714066,0.5445935907795962,0.0011523225555088632,1.0,0.45540640922040376,0.006741878334699081,0,1,0,0,0,0.0,0.3584905660377358,0.3519047691851427,0.2405503070068728,0.9042383755269774,0.5394872401299946,0.009433962264150943,0.28301886792452835,0.06012056485813448
1412,103,97.16981132075472,106,0,106,0,0,0.0,3.1899869540450445,3.141691652066839,8.434079090889654,2.4785518957106105,1.2664362221151892,1.7532138121092606,8.349056603773585,3.567999827489257,0.43827983309248975,0.0,0.0,0.0,0.0,0.0,0,0,0,0,0,0.0,0.3490566037735849,0.3490235417906645,0.247579641441022,0.9088419947787125,0.5369504905855497,0.0,0.28301886792452835,0.06016729845181837
1413,104,98.11320754716981,106,0,106,0,0,0.0,3.2111547343157314,3.1627416186379427,8.501453894749355,2.480394460744971,1.2190713279150454,1.7141185324171275,8.349056603773585,3.567999827489257,0.4356852309704282,0.0,0.0,0.0,0.0,0.0,0,0,0,0,0,0.0,0.3113207547169811,0.3451784401232168,0.250710593737661,0.9131157596400792,0.5358660236089571,0.0,0.24528301886792447,0.060306008711795485
1414,104,98.11320754716981,106,1,105,0,0,0.009433962264150943,3.2417567471554998,3.1894463961529484,8.90601321520843,2.4830118592461483,1.2005174891839798,1.6992671034640252,8.349056603773585,3.567999827489257,0.43973320169869545,0.14174710066503343,0.0010147131904991915,0.0,0.14174710066503343,0.03344589888118832,0,1,0,0,0,0.0,0.33962264150943394,0.35319848946500043,0.24783216967167612,0.9017730794484211,0.5406766023444506,0.009433962264150943,0.3207547169811321,0.06050571316299768
1415,104,98.11320754716981,106,0,106,0,0,0.0,3.231783208746851,3.180275364986587,8.722408629430156,2.4851957760208316,1.1962702417792392,1.6901554472578515,8.349056603773585,3.567999827489257,0.43852700256374044,0.0,0.0,0.0,0.0,0.0,0,0,0,0,0,0.0,0.33962264150943394,0.35039993029204725,0.2435535467713372,0.8997324742082934,0.5433036730953508,0.0,0.339622641509434,0.060494806544331044
1416,105,99.05660377358491,106,0,106,0,0,0.0,3.224788817678479,3.1731074813828446,8.642746738364375,2.4870971705890694,1.2099352308613578,1.6950830009793503,8.349056603773585,3.567999827489257,0.43646655832612336,0.0,0.0,0.0,0.0,0.0,0,0,0,0,0,0.0,0.3490566037735849,0.34745446892347015,0.24524659538711172,0.8988203268214683,0.538558759262741,0.0,0.37735849056603776,0.06049375546644649
1417,104,98.11320754716981,106,1,105,0,0,0.009433962264150943,3.2242437890815068,3.16747279530445,8.403565172432645,2.4889330705528563,1.2439267324741323,1.7289442616286945,8.349056603773585,3.567999827489257,0.43485869785047737,0.6024338548032016,0.0023145819695551927,1.0,0.39756614519679845,0.012912815833843627,0,1,0,0,0,0.0,0.330188679245283,0.3433180637235447,0.24479863508327804,0.9099896107256108,0.5353121014271911,0.009433962264150943,0.2830188679245283,0.06052378277723203
1418,103,97.16981132075472,106,1,105,0,0,0.009433962264150943,3.227921766290698,3.1808532963712186,8.7147747779706,2.490636072567585,1.2330145830185664,1.7202520605307163,8.349056603773585,3.567999827489257,0.4380161461556993,0.43439976721904044,0.0008173453711494995,0.0,0.43439976721904044,0.011571718723876856,0,1,0,0,0,0.0,0.3490566037735849,0.3497553804309429,0.2406643516369435,0.9155787085690039,0.5382800877194319,0.009433962264150943,0.30188679245283023,0.06057255421775181
1419,104,98.11320754716981,106,0,106,0,0,0.0,3.2564097287778413,3.209162602675891,8.730412335065378,2.4933725146968486,1.2554043674872823,1.7382565301766295,8.349056603773585,3.567999827489257,0.4379254905715002,0.0,0.0,0.0,0.0,0.0,0,0,0,0,0,0.0,0.330188679245283,0.3488717974253302,0.25251135129175695,0.8940411998889617,0.534403892798484,0.0,0.32075471698113206,0.06076381215541326
1420,104,98.11320754716981,106,0,106,0,0,0.0,3.274045908849041,3.2264893683907765,8.44106911586205,2.496505895752314,1.2410286348160486,1.7195591208284833,8.349056603773585,3.567999827489257,0.43689789819721314,0.0,0.0,0.0,0.0,0.0,0,0,0,0,0,0.0,0.33962264150943394,0.34343528709134774,0.2686353046041615,0.9043159277705174,0.5317234299028534,0.0,0.3207547169811321,0.06090789257109606
1421,104,98.11320754716981,106,0,106,0,0,0.0,3.2809584413316326,3.232388274901743,8.869679266879032,2.4996958561564346,1.2218326893553035,1.7051245262835237,8.349056603773585,3.567999827489257,0.4387435848185395,0.0,0.0,0.0,0.0,0.0,0,0,0,0,0,0.0,0.330188679245283,0.3502147743636994,0.26188014285931094,0.9106322962473391,0.5346175039780556,0.0,0.28301886792452835,0.06099936412436701
1422,105,99.05660377358491,106,0,106,0,0,0.0,3.2549815484001074,3.2081907133243055,8.300463769423855,2.5020813036145673,1.2491456407122747,1.721911210718466,8.349056603773585,3.567999827489257,0.4371914197419331,0.0,0.0,0.0,0.0,0.0,0,0,0,0,0,0.0,0.3490566037735849,0.3432392616363654,0.2777037771801607,0.9147433017923758,0.5303287193497653,0.0,0.3018867924528302,0.0609120360403049
1423,105,99.05660377358491,106,1,105,0,0,0.009433962264150943,3.2478661298641875,3.199841228244254,8.439319370756245,2.5041812718580445,1.2442884435820265,1.7130328867234916,8.349056603773585,3.567999827489257,0.4350430612454168,0.04537717357197534,0.0013902862628454517,0.0,0.04537717357197534,-0.0018863954277090755,0,1,0,0,0,1.0,0.330188679245283,0.3439396771240799,0.2650654135838409,0.9149487403259005,0.5339825836588082,0.009433962264150943,0.32075471698113206,0.06091392237927759
1424,104,98.11320754716981,106,1,103,2,0,0.009433962264150943,3.2174817531377524,3.165959013843334,7.863498708684754,2.505363594375384,1.284947108096343,1.7462869331711783,8.349056603773585,3.567999827489257,0.43002030262039925,0.48169297405024286,0.0025612654565458485,0.3333333333333333,0.26374277798244655,0.027440815885050318,0,1,0,2,0,0.0,0.330188679245283,0.3341564208483043,0.26924509768742827,0.9265466901183903,0.5297585063206973,0.009433962264150943,0.3018867924528302,0.060783093128334936
1425,104,98.11320754716981,106,0,103,3,0,0.0,3.203839559793281,3.1525132218988787,7.464520406940129,2.505957558705234,1.316600789816993,1.7769600039531677,8.349056603773585,3.567999827489257,0.42504368851807683,0.20154534567852925,0.00121482886858243,0.0,0.20154534567852925,0.009363950078138913,0,0,0,3,0,0.3333333333333333,0.3113207547169811,0.32492110467718893,0.28084986507604026,0.9238951135999668,0.5232916338913203,0.0,0.3018867924528302,0.06072547848474478
1426,103,97.16981132075472,106,1,103,2,0,0.009433962264150943,3.2204657929382514,3.1653565723129735,7.30930250273116,2.507041145663782,1.2974640024022208,1.7546748990189638,8.349056603773585,3.567999827489257,0.425239670084949,0.18374777386582072,0.00116676261164985,0.0,0.18374777386582072,0.009562253804892543,0,1,0,2,0,0.3333333333333333,0.29245283018867924,0.32194513283594034,0.28912921026246174,0.9365116183022482,0.5248808015999274,0.009433962264150943,0.28301886792452824,0.06082794084087548
1427,102,96.22641509433963,106,1,104,1,0,0.009433962264150943,3.2541839238424712,3.2035714495182637,8.14434052821886,2.5088492523571615,1.2653268899998271,1.7390582741530578,8.349056603773585,3.567999827489257,0.4304349743753353,0.31793653726307924,0.0005643752628041562,0.0,0.31793653726307924,0.012591007012735522,0,1,0,1,0,0.0,0.2830188679245283,0.33550455683780256,0.27222975652811393,0.939570989338507,0.5327597995932629,0.009433962264150943,0.24528301886792447,0.06102878811724688
1428,103,97.16981132075472,106,0,105,1,0,0.0,3.2556642084019582,3.2047275947887566,8.317337654985796,2.5108092554039434,1.2623682275228585,1.751343986082572,8.349056603773585,3.567999827489257,0.42976232624116406,0.8845352744885782,0.0068474347992444895,1.0,0.11546472551142184,0.03795165904105158,0,0,0,1,0,0.0,0.2830188679245283,0.3358921449397278,0.2663120141273468,0.9252547123769901,0.5314093380112208,0.0,0.28301886792452824,0.06107115599270829
1429,103,97.16981132075472,106,1,105,0,0,0.009433962264150943,3.244942445887568,3.1866558536850857,7.850859788082857,2.512392831370726,1.3278728732487757,1.825942334615815,8.349056603773585,3.567999827489257,0.4257772326856457,0.9823045753259716,0.007553625597249211,1.0,0.017695424674028404,0.04028667946039621,0,1,0,0,0,1.0,0.2641509433962264,0.3273630246554179,0.2811080527847778,0.9275762403199125,0.5240534397735234,0.009433962264150943,0.28301886792452835,0.061045798174017826
1430,103,97.16981132075472,106,0,106,0,0,0.0,3.2771189337752653,3.217959383553362,8.166272283698307,2.514604087684653,1.3107768436004517,1.8165652730288497,8.349056603773585,3.567999827489257,0.4280811183483382,0.0,0.0,0.0,0.0,0.0,0,0,0,0,0,0.0,0.2641509433962264,0.33179040600802107,0.27997714093343934,0.9130571088154732,0.5257079953189013,0.0,0.28301886792452835,0.061246129424189444
1431,104,98.11320754716981,106,0,105,1,0,0.0,3.272177022587313,3.2134094082848255,8.213616887634934,2.516606571889328,1.3282678994258421,1.8257329863652325,8.349056603773585,3.567999827489257,0.42754458337526,0.348253109657123,0.0019374488970480674,0.0,0.348253109657123,0.04058978073613484,0,0,0,1,0,0.0,0.2641509433962264,0.33172292246212287,0.2720848900330519,0.9235837696958239,0.5256824128234268,0.0,0.24528301886792447,0.061257144184733825
1432,105,99.05660377358491,106,0,105,1,0,0.0,3.2971543547597824,3.2376543367115325,8.283037464886089,2.5192296546645863,1.316939378676692,1.7977567032916046,8.349056603773585,3.567999827489257,0.4289112667310848,0.21272841874948767,0.0016814734590731315,0.0,0.21272841874948767,0.03678189595911796,0,0,0,1,0,0.0,0.27358490566037735,0.3330657789478773,0.2742869992558449,0.9194063272550502,0.5316722653842004,0.0,0.24528301886792447,0.06142882664004423
1433,104,98.11320754716981,106,1,105,0,0,0.009433962264150943,3.286853760218066,3.224057936126678,7.836962355107033,2.5214887705614286,1.3265873339315306,1.8019294335467526,8.349056603773585,3.567999827489257,0.4257354018501789,0.5999044810899775,0.004113590667539798,1.0,0.4000955189100225,0.002860314905658745,0,1,0,0,0,0.0,0.27358490566037735,0.3250243686347263,0.28453201406828144,0.9087987270282156,0.5246154239031785,0.009433962264150943,0.30188679245283023,0.06141762629298671
1434,105,99.05660377358491,106,0,103,3,0,0.0,3.289789075502904,3.226545908079899,8.156516536377621,2.5236205775249574,1.3145246708017677,1.7776909449938099,8.349056603773585,3.567999827489257,0.42671474081461214,0.20379619818156658,0.0018790962750797457,0.3333333333333333,0.1606750556760553,0.0005251168156980013,0,0,0,3,0,0.6666666666666666,0.2830188679245283,0.33020691208329683,0.26613205072687773,0.9299643669182651,0.5302125011273758,0.0,0.26415094339622636,0.06147033430380146
1435,105,99.05660377358491,106,0,105,1,0,0.0,3.278163358946854,3.216382644981602,7.561657566455956,2.525386221451854,1.3697390656981383,1.8032855708743838,8.349056603773585,3.567999827489257,0.4236988106509927,0.0664057050842112,0.000890248740743774,0.0,0.0664057050842112,0.010741811398944368,0,0,0,1,0,0.0,0.27358490566037735,0.3204087157942794,0.2837169587428194,0.9356332234338918,0.5245503368455728,0.0,0.2264150943396226,0.06144370480715408
1436,105,99.05660377358491,106,0,104,2,0,0.0,3.245285473885476,3.185582736072184,6.939504508357222,2.5262097146490814,1.3624664691466608,1.807286445278556,8.349056603773585,3.567999827489257,0.4195053739395893,0.5065185838950761,0.0024876700347911396,0.5,0.2301482372856968,0.03344912179071835,0,0,0,2,0,0.0,0.25471698113207547,0.3098759384023295,0.29980023774616665,0.9086349650230726,0.5150936041446297,0.0,0.2641509433962264,0.06129400649977543
1437,105,99.05660377358491,106,0,105,1,0,0.0,3.2301482692959693,3.169423081725327,7.063295925606352,2.526542564459076,1.3900173347385354,1.8462705026660624,8.349056603773585,3.567999827489257,0.4197373595708487,0.4614398263040288,0.00214108807844927,0.0,0.4614398263040288,0.006496552387614596,0,0,0,1,0,0.0,0.24528301886792453,0.31302141842522174,0.2976048212004348,0.9290346815737911,0.5097190499189945,0.0,0.2264150943396226,0.06122425851715109
1438,106,100.0,106,0,105,1,0,0.0,3.2224710146477187,3.1626695551872226,6.956463490451322,2.5266707655362426,1.3885865324522737,1.8234203395794355,8.349056603773585,3.567999827489257,0.41965233019394277,0.19124386528420723,0.0021230102408787248,0.0,0.19124386528420723,-0.03891670667789171,0,0,0,1,0,0.0,0.29245283018867924,0.31210358471414335,0.2950653459764467,0.9069669535047371,0.5119269708991583,0.0,0.30188679245283023,0.0611881593510159
1439,105,99.05660377358491,106,1,105,0,0,0.009433962264150943,3.2136993329372703,3.1503615841439996,6.777613354427587,2.52658737207734,1.4315038820910078,1.8735313241521192,8.349056603773585,3.567999827489257,0.4160390702408292,0.8346998124799415,0.0060747937487171805,1.0,0.16530018752005848,-0.01868822885706445,0,1,0,0,0,0.0,0.2830188679245283,0.30589657705361833,0.2874898090294035,0.903651906142479,0.5091667108688438,0.009433962264150943,0.30188679245283023,0.061142813203228785
1440,105,99.05660377358491,106,0,106,0,0,0.0,3.229640671120096,3.1662056130669907,6.838693914130733,2.5268149076500035,1.4411536309825952,1.8820065107740687,8.349056603773585,3.567999827489257,0.4159069212803925,0.0,0.0,0.0,0.0,0.0,0,0,0,0,0,0.0,0.2641509433962264,0.3052331651794575,0.2914533632704917,0.9271689124374339,0.5061194903465777,0.0,0.26415094339622647,0.061226579128562955
1441,104,98.11320754716981,106,1,105,0,0,0.009433962264150943,3.27992334603751,3.2226522229262673,7.321462967986319,2.528401217533262,1.4127646899576152,1.8512506748321569,8.349056603773585,3.567999827489257,0.42231887800608914,0.16043551284886298,0.001225911508083778,0.0,0.16043551284886298,0.021448212119892007,0,1,0,0,0,0.0,0.25471698113207547,0.31459943438785304,0.2973231738054953,0.9030008245778739,0.5101139318912472,0.009433962264150943,0.26415094339622647,0.061506292270099086
1442,104,98.11320754716981,106,0,106,0,0,0.0,3.238776292684974,3.1828331784237642,7.074563817141706,2.529038652305784,1.4180140406016648,1.865255196399141,8.349056603773585,3.567999827489257,0.4188750610657077,0.0,0.0,0.0,0.0,0.0,0,0,0,0,0,0.0,0.29245283018867924,0.30973391064781913,0.2888145015625574,0.886442036661778,0.5115887987707871,0.0,0.30188679245283023,0.06131192883912838
1443,104,98.11320754716981,106,0,106,0,0,0.0,3.2296346454793334,3.1737898493469006,7.158320996931806,2.5293952106340325,1.3960427831800295,1.8285249630760645,8.349056603773585,3.567999827489257,0.4182691615887828,0.0,0.0,0.0,0.0,0.0,0,0,0,0,0,0.0,0.3018867924528302,0.3108837153462326,0.2806976484254937,0.8905452360601747,0.5139202346856117,0.0,0.30188679245283023,0.06127258160336857
1444,105,99.05660377358491,106,0,106,0,0,0.0,3.2678197629345735,3.2099708102129303,7.918911712282105,2.53077179625877,1.3676439060055035,1.846024856615585,8.349056603773585,3.567999827489257,0.42557349203864736,0.0,0.0,0.0,0.0,0.0,0,0,0,0,0,0.0,0.29245283018867924,0.3253604456936543,0.2724855367196338,0.9046803010056313,0.5208768312582951,0.0,0.3018867924528302,0.06148806547700272
1445,104,98.11320754716981,106,1,105,0,0,0.009433962264150943,3.3289774455469874,3.2677293181302676,8.9088876577892,2.533804043117279,1.3285603971800855,1.837605148953296,8.349056603773585,3.567999827489257,0.43225580450654455,0.9857221237951573,0.006141695680473601,1.0,0.014277876204842666,0.04530717137328577,0,1,0,0,0,1.0,0.2830188679245283,0.3390524019412439,0.25254208143194196,0.8963228346845777,0.5298972664388943,0.009433962264150943,0.3018867924528302,0.06184794917140511
1446,104,98.11320754716981,106,1,105,0,0,0.009433962264150943,3.349204023284972,3.2882888006581914,9.067440857451828,2.5372581363855,1.3020149981923743,1.7437545433918058,8.349056603773585,3.567999827489257,0.43527067792149476,0.9876659078861088,0.005780217195562277,1.0,0.012334092113891248,0.041499360285717435,0,1,0,0,0,1.0,0.27358490566037735,0.34233265918213746,0.25713819403093474,0.8823404029626285,0.5345815363062698,0.009433962264150943,0.2830188679245283,0.062010703081020746
1447,103,97.16981132075472,106,1,104,1,0,0.009433962264150943,3.3801849704156086,3.3251369677402103,9.483452856805682,2.5414390345378246,1.3164637223592357,1.838164936907011,8.349056603773585,3.567999827489257,0.4384110478253489,0.46996764193483487,0.0031644270307419004,0.5,0.04927266459588984,0.00565721580609535,0,1,0,1,0,0.5,0.2830188679245283,0.3474974525561863,0.2539454233365548,0.9009710707224512,0.5308779305904618,0.009433962264150943,0.3207547169811321,0.06224019503610516
1448,102,96.22641509433963,106,1,102,1,2,0.009433962264150943,3.338145114427158,3.27751947626795,8.259901392807716,2.5445164487585736,1.3600956218076727,1.865269400479512,8.349056603773585,3.567999827489257,0.43191886807317714,0.8493300978304458,0.005242934980552979,0.75,0.10914770322064041,0.019089245031639224,0,3,0,1,0,0.75,0.2830188679245283,0.3306851071453975,0.28580892726164264,0.9078013315891725,0.5232130161495145,0.009433962264150943,0.32075471698113206,0.06208489682320663
1449,101,95.28301886792453,106,1,105,0,0,0.009433962264150943,3.3209159180297187,3.2595715669114695,7.890949936343673,2.5467887493911707,1.3807623181633102,1.8431839724191996,8.349056603773585,3.567999827489257,0.43092268351818186,0.5208236344993495,0.0022851911139210924,1.0,0.47917636550065046,0.041450888967981436,0,1,0,0,0,0.0,0.29245283018867924,0.3272248598227301,0.30073026846756606,0.8909088743109708,0.5244701674107805,0.009433962264150943,0.37735849056603776,0.06203928868254499
1450,102,96.22641509433963,106,0,106,0,0,0.0,3.320751670383486,3.2586735986154722,8.62197856100953,2.548934905908009,1.36230049601695,1.8085020158338965,8.349056603773585,3.567999827489257,0.43696347286541104,0.0,0.0,0.0,0.0,0.0,0,0,0,0,0,0.0,0.29245283018867924,0.34126782612796797,0.27836212940279637,0.8964806289856149,0.5317056339559317,0.0,0.37735849056603776,0.06207675487472304
1451,103,97.16981132075472,106,0,106,0,0,0.0,3.313868560223117,3.2514100575971185,9.072093009170006,2.5507971570592245,1.34915891706357,1.8212119648173954,8.349056603773585,3.567999827489257,0.44068378666998287,0.0,0.0,0.0,0.0,0.0,0,0,0,0,0,0.0,0.3113207547169811,0.3505006124794388,0.2681198737474534,0.8947834988247014,0.5353734118635386,0.0,0.37735849056603776,0.062075561882852584
1452,103,97.16981132075472,106,1,105,0,0,0.009433962264150943,3.291064066327225,3.233467307914801,8.798289253275554,2.5519632284926983,1.3749394547043228,1.8451416138870926,8.349056603773585,3.567999827489257,0.43792338787242024,0.30340041857323286,0.0014385852832240276,0.0,0.30340041857323286,0.03451662051643378,0,1,0,0,0,0.0,0.3018867924528302,0.3453127481842818,0.26633571190622585,0.8924062405791513,0.5374553965223593,0.009433962264150943,0.339622641509434,0.0619823421267405
1453,104,98.11320754716981,106,0,106,0,0,0.0,3.3497470624492016,3.289948764720738,9.996207502340702,2.5548174779022665,1.322673404769776,1.807048329829946,8.349056603773585,3.567999827489257,0.44499425642992496,0.0,0.0,0.0,0.0,0.0,0,0,0,0,0,0.0,0.29245283018867924,0.36116259280022944,0.24753650936530736,0.9015291912215697,0.5475301462853915,0.0,0.30188679245283023,0.06232667691435514
1454,105,99.05660377358491,106,0,106,0,0,0.0,3.3388335028397953,3.279424960741757,9.44170435026266,2.5572694962515725,1.3635405400404579,1.8632082058532573,8.349056603773585,3.567999827489257,0.44089074546367035,0.0,0.0,0.0,0.0,0.0,0,0,0,0,0,0.0,0.29245283018867924,0.35217906915891406,0.25739190013876734,0.8972852638396251,0.5442267397845184,0.0,0.37735849056603776,0.06231585312154473
1455,105,99.05660377358491,106,0,106,0,0,0.0,3.3744456714352364,3.313468241224709,9.902774573342795,2.560605757941529,1.3416272140574987,1.8407726457439482,8.349056603773585,3.567999827489257,0.44687120563545935,0.0,0.0,0.0,0.0,0.0,0,0,0,0,0,0.0,0.3018867924528302,0.3617697166340416,0.25556375713184365,0.9108574004893866,0.5520476799443591,0.0,0.26415094339622647,0.06255343287019305
1456,105,99.05660377358491,106,0,106,0,0,0.0,3.3729733605968466,3.3129328879589197,10.69707891969413,2.563807700697262,1.3390172166405927,1.8964593697238585,8.349056603773585,3.567999827489257,0.4486308634223597,0.0,0.0,0.0,0.0,0.0,0,0,0,0,0,0.0,0.3113207547169811,0.37179360910305453,0.24001508736507166,0.9153929583303788,0.5541973903547225,0.0,0.30188679245283023,0.06260319397200154
1457,106,100.0,106,0,105,1,0,0.0,3.3715904980895357,3.3101197541115726,10.818984189696904,2.5668151000523385,1.3536108666353643,1.9060258653315172,8.349056603773585,3.567999827489257,0.449206203279207,0.11821681458687128,0.001520070464301483,0.0,0.11821681458687128,0.0431664341683935,0,0,0,1,0,0.0,0.3018867924528302,0.3740934771414442,0.2441507451728521,0.9111875101335811,0.5491867379636312,0.0,0.30188679245283023,0.0626499316613655
1458,106,100.0,106,0,106,0,0,0.0,3.36426483536555,3.3036258257786053,10.452888121833935,2.56952983272224,1.355405071809047,1.8889929649247885,8.349056603773585,3.567999827489257,0.448536215746405,0.0,0.0,0.0,0.0,0.0,0,0,0,0,0,0.0,0.2830188679245283,0.3702790357963647,0.24559777278660538,0.9196159605865131,0.5505257848555543,0.0,0.339622641509434,0.06266173417623501
1459,106,100.0,106,0,106,0,0,0.0,3.3584619341138993,3.297626043096096,10.127693307065721,2.571976445946553,1.3641603933838478,1.895806056931695,8.349056603773585,3.567999827489257,0.4474094441694305,0.0,0.0,0.0,0.0,0.0,0,0,0,0,0,0.0,0.27358490566037735,0.36686050905450257,0.25042428465991023,0.9212491073211478,0.5502805162600726,0.0,0.339622641509434,0.06267636724778816
1460,106,100.0,106,0,106,0,0,0.0,3.366951546052457,3.3048583842076216,10.043768063250182,2.5745422039499495,1.3743630006363758,1.907908641729617,8.349056603773585,3.567999827489257,0.4476690338086202,0.0,0.0,0.0,0.0,0.0,0,0,0,0,0,0.0,0.2830188679245283,0.36620927002368964,0.27161991756475706,0.9118331821569117,0.5446068138008113,0.0,0.339622641509434,0.06276458842804844
1461,105,99.05660377358491,106,1,105,0,0,0.009433962264150943,3.342825134257861,3.286345903258946,10.269955461928705,2.576388117113278,1.3736649638449618,1.894872620324209,8.349056603773585,3.567999827489257,0.4495826562384504,0.03887413470379543,0.001440474815984828,0.0,0.03887413470379543,-0.05200162122093266,0,1,0,0,0,1.0,0.29245283018867924,0.3714265547563931,0.25415600568919156,0.9039873153423549,0.5526612538964762,0.009433962264150943,0.339622641509434,0.06267688745831704
1462,105,99.05660377358491,106,0,106,0,0,0.0,3.349863007705607,3.2936500734505376,10.27079789173419,2.5784765366902747,1.4031738626870573,1.9229759076944535,8.349056603773585,3.567999827489257,0.44647878138048913,0.0,0.0,0.0,0.0,0.0,0,0,0,0,0,0.0,0.3113207547169811,0.36687465960509197,0.25048816403179097,0.8896825265387638,0.5471619462666139,0.0,0.339622641509434,0.06274933422900802
1463,105,99.05660377358491,106,0,106,0,0,0.0,3.347170748168916,3.2897779309850543,9.96731311602221,2.580379915031176,1.4308098785742196,1.9375162226850982,8.349056603773585,3.567999827489257,0.44453234182356227,0.0,0.0,0.0,0.0,0.0,0,0,0,0,0,0.0,0.27358490566037735,0.36235370377777304,0.2664898012220742,0.9023934616475149,0.5410261692913484,0.0,0.339622641509434,0.06276982919928448
1464,105,99.05660377358491,106,0,105,1,0,0.0,3.315389516300278,3.259524422248759,10.093164734183082,2.5813518247245413,1.4537788993919647,1.9592567345646177,8.349056603773585,3.567999827489257,0.4422598176486079,0.04080145232754839,0.0008148025604880148,0.0,0.04080145232754839,0.006620111673772189,0,0,0,1,0,1.0,0.3018867924528302,0.3622185624643456,0.25546198181921254,0.8847862117315105,0.5379628580524475,0.0,0.37735849056603776,0.06262826190803261
1465,105,99.05660377358491,106,0,106,0,0,0.0,3.306113408584408,3.2502361787651726,9.86828518277153,2.5820239330725463,1.4700701746427005,1.9934226005123712,8.349056603773585,3.567999827489257,0.4403237884744702,0.0,0.0,0.0,0.0,0.0,0,0,0,0,0,0.0,0.3018867924528302,0.3581560006239125,0.26189071566208,0.8888110669432036,0.5330021747808811,0.0,0.339622641509434,0.06259387178180194
1466,106,100.0,106,0,106,0,0,0.0,3.3267393084577277,3.270264688404838,10.082809030464558,2.5832437543473676,1.4834131851893861,1.99702986879763,8.349056603773585,3.567999827489257,0.43990623375978544,0.0,0.0,0.0,0.0,0.0,0,0,0,0,0,0.0,0.27358490566037735,0.35897297843085174,0.26488649748876286,0.8972198807565046,0.5294311432503925,0.0,0.339622641509434,0.06271876289165917
1467,106,100.0,106,0,106,0,0,0.0,3.3625780961573413,3.3056032825779207,11.22271173364348,2.585428757184515,1.4746665947408917,1.9714259639968066,8.349056603773585,3.567999827489257,0.4425089001088538,0.0,0.0,0.0,0.0,0.0,0,0,0,0,0,0.0,0.2830188679245283,0.3694116148565404,0.24007941699399804,0.8939436080932315,0.5350159908098354,0.0,0.339622641509434,0.06293693727888727
1468,106,100.0,106,0,106,0,0,0.0,3.348221583640119,3.292290371128563,11.221498144548352,2.587155795398163,1.47935324717764,1.9885515769826476,8.349056603773585,3.567999827489257,0.4424643628206719,0.0,0.0,0.0,0.0,0.0,0,0,0,0,0,0.0,0.2830188679245283,0.37041297359051323,0.23661070741646786,0.8939436080932315,0.5366989154099632,0.0,0.339622641509434,0.06289596507654299
1469,106,100.0,106,0,106,0,0,0.0,3.3668331668095437,3.309765517782764,11.24981584670594,2.5893200234533094,1.468851132276599,1.96995832352335,8.349056603773585,3.567999827489257,0.44230142959085894,0.0,0.0,0.0,0.0,0.0,0,0,0,0,0,0.0,0.2641509433962264,0.37016661105577603,0.2359087837648962,0.8978011438022718,0.5378134767786331,0.0,0.339622641509434,0.06302763281902715
1470,106,100.0,106,0,106,0,0,0.0,3.3683013439057063,3.311703825545551,11.038765041132647,2.5914623589092862,1.460538260180648,1.973308097421126,8.349056603773585,3.567999827489257,0.4432641698343345,0.0,0.0,0.0,0.0,0.0,0,0,0,0,0,0.0,0.2641509433962264,0.36963932635868163,0.24321003694629775,0.8969181017344365,0.5376350639127968,0.0,0.339622641509434,0.06307319296719471
1471,106,100.0,106,0,106,0,0,0.0,3.3226202939527405,3.2675177604345573,10.286592560389677,2.5922670088583426,1.476281607703845,2.017098194532199,8.349056603773585,3.567999827489257,0.43889815155164946,0.0,0.0,0.0,0.0,0.0,0,0,0,0,0,0.0,0.2830188679245283,0.36084039672248563,0.24599654502670568,0.8942348288857853,0.5370039470686221,0.0,0.30188679245283023,0.062859142671827
1472,106,100.0,106,0,104,2,0,0.0,3.3468270485211615,3.2905827967602543,10.641499553505101,2.5937013172636534,1.4637543759219884,1.9677026848395178,8.349056603773585,3.567999827489257,0.44081377079556017,0.08507093113106313,0.00132947320446679,0.0,0.08507093113106313,-0.010767478937925845,0,0,0,2,0,0.5,0.25471698113207547,0.36461276640924145,0.24263411694808057,0.8982995172758123,0.5431114564818824,0.0,0.339622641509434,0.06300576450538267
1473,106,100.0,106,0,106,0,0,0.0,3.3784338932233307,3.3204348521264824,11.490005453696034,2.5959365465747126,1.467256487478503,1.9702048008295103,8.349056603773585,3.567999827489257,0.44387552588262125,0.0,0.0,0.0,0.0,0.0,0,0,0,0,0,0.0,0.25471698113207547,0.37452267910369524,0.23818721153081382,0.8951339041535741,0.5432459510705702,0.0,0.37735849056603776,0.06320367521787482
1474,105,99.05660377358491,106,1,105,0,0,0.009433962264150943,3.3871812819599882,3.327900439870927,11.53815282530169,2.5983466437750447,1.5070111260424848,2.01719622692172,8.349056603773585,3.567999827489257,0.44209243068445225,0.9988924833744292,0.007227313109074866,1.0,0.001107516625570848,0.03152986723316609,0,1,0,0,0,1.0,0.2830188679245283,0.37189995958051325,0.23318977304281244,0.9211078144285854,0.5371039490634409,0.009433962264150943,0.3584905660377359,0.06329040829353319
1475,105,99.05660377358491,106,0,105,1,0,0.0,3.388494472938437,3.328941613511261,11.373134863098505,2.6006589448294184,1.4794674630821274,2.014445404659368,8.349056603773585,3.567999827489257,0.44486043364649297,0.8447737407539243,0.006642776274847063,1.0,0.1552262592460757,-0.008112249707530994,0,0,0,1,0,0.0,0.27358490566037735,0.3742991009022208,0.24576954527678005,0.9126250709915757,0.539746819752442,0.0,0.3584905660377359,0.06333822569724099
1476,105,99.05660377358491,106,0,104,2,0,0.0,3.4193320353720997,3.358996085955327,11.670891547420672,2.6037466178061264,1.4875523865398936,1.9683164946650638,8.349056603773585,3.567999827489257,0.4469453845438165,0.11595185645484779,0.0014250248613584854,0.0,0.11595185645484779,-0.009785972819777833,0,0,0,2,0,0.5,0.27358490566037735,0.3774056771634251,0.2513710858078036,0.9232689012317208,0.5407642078263346,0.0,0.32075471698113206,0.06354749759265048
1477,105,99.05660377358491,106,0,104,2,0,0.0,3.406060337830163,3.34619865359304,10.980793801689613,2.606358832724665,1.4955428617978295,2.027608281068779,8.349056603773585,3.567999827489257,0.4444954623762649,0.17044354349890117,0.001958531315173131,0.0,0.17044354349890117,-0.007336683498984309,0,0,0,2,0,0.0,0.27358490566037735,0.3695788824473673,0.2587789254955308,0.9030092241718197,0.5394844866840489,0.0,0.3584905660377359,0.06352774101683434
1478,104,98.11320754716981,106,1,103,2,0,0.009433962264150943,3.4560172000531346,3.389339539163203,11.476641192969543,2.6102396755623816,1.4725568647430223,1.985935111612668,8.349056603773585,3.567999827489257,0.44840333431897794,0.44566040982062044,0.0029837065790797135,0.3333333333333333,0.13825446132867414,0.016745233323853286,0,1,0,2,0,0.3333333333333333,0.2830188679245283,0.37725327924442037,0.26814095375943225,0.9076845752905445,0.548351654437805,0.009433962264150943,0.37735849056603776,0.06384675956082664
1479,104,98.11320754716981,106,1,104,1,0,0.009433962264150943,3.4769598864850138,3.41943534803774,11.785731796553884,2.6144136351100786,1.4604163579734537,2.000366412575382,8.349056603773585,3.567999827489257,0.44902664987228724,0.6853567025064561,0.005191607421231738,0.5,0.21243724689161722,0.029070663570355815,0,1,0,1,0,0.5,0.27358490566037735,0.3788576160486466,0.27252273029158747,0.9132253334428968,0.5378626076445778,0.009433962264150943,0.37735849056603776,0.06402593642771669
1480,102,96.22641509433963,106,2,103,0,1,0.018867924528301886,3.4975716561985357,3.431183310034564,11.815692810446016,2.6193349914075976,1.5085628696874935,2.109603341731462,8.349056603773585,3.567999827489257,0.4488950434927961,0.7734430086562277,0.006413679755319475,0.6666666666666666,0.13126738316395925,-0.0009160994336948244,0,3,0,0,0,0.6666666666666666,0.27358490566037735,0.3791074280186874,0.2918327441447032,0.9216871817076602,0.5227709501290445,0.018867924528301886,0.3207547169811321,0.0642167922683871
1481,102,96.22641509433963,106,0,105,1,0,0.0,3.55153280143472,3.483603322845316,13.53671254984606,2.6253130918724334,1.4384894604070162,1.9801650240445101,8.349056603773585,3.567999827489257,0.45901657742932245,0.20802835154265825,0.001181071373751156,0.0,0.20802835154265825,0.016517211382649277,0,0,0,1,0,0.0,0.2830188679245283,0.40254987039461676,0.2754325703430045,0.914414885494665,0.5350697184066974,0.0,0.3584905660377359,0.06459324730170425
1482,102,96.22641509433963,106,0,105,1,0,0.0,3.553721669864553,3.4856212671901434,12.955245564641753,2.6311354939235905,1.445449983235651,2.03498068277822,8.349056603773585,3.567999827489257,0.4581039100092932,0.09370277706059665,0.0018830031628386426,0.0,0.09370277706059665,0.004271499309613125,0,0,0,1,0,0.0,0.29245283018867924,0.39754061515461936,0.2816068848222299,0.9041163596806019,0.5369785228003273,0.0,0.3584905660377359,0.06470806329142392
1483,102,96.22641509433963,106,1,104,1,0,0.009433962264150943,3.5465518926804633,3.476040306429455,12.390314867054647,2.636580552412527,1.4470014990998823,2.0224863785997917,8.349056603773585,3.567999827489257,0.45542855882072875,0.5386434031427733,0.004075402538735486,0.5,0.04330874759040458,0.009966006400404126,0,1,0,1,0,0.5,0.29245283018867924,0.3904304461684866,0.2857168153805267,0.8788849227057666,0.5303584598033335,0.009433962264150943,0.37735849056603776,0.06476935424424946
1484,103,97.16981132075472,106,0,106,0,0,0.0,3.5813204877436227,3.5087466412426873,14.212087043656494,2.642661022136092,1.4280331721491295,2.026180229645161,8.349056603773585,3.567999827489257,0.4619944530365916,0.0,0.0,0.0,0.0,0.0,0,0,0,0,0,0.0,0.2830188679245283,0.4101747073936091,0.26707109362774545,0.8915724551684077,0.5364222827391898,0.0,0.37735849056603776,0.06505167279418891
1485,103,97.16981132075472,106,2,104,0,0,0.018867924528301886,3.598926044634331,3.51907882268181,15.251301273079433,2.6489945330833247,1.4639712254058823,2.053583719073652,8.349056603773585,3.567999827489257,0.46452659936417784,0.7658148675786614,0.005463539095824491,1.0,0.2341851324213387,0.03847912669788345,0,2,0,0,0,0.0,0.2830188679245283,0.41949834419077614,0.24987997740774848,0.8758217354880622,0.5436644834917522,0.018867924528301886,0.37735849056603776,0.0652526904084781
1486,103,97.16981132075472,106,0,105,1,0,0.0,3.611345812325109,3.532685145274731,14.312033366733433,2.6553153726240244,1.4510389112489475,2.041613506517219,8.349056603773585,3.567999827489257,0.46268882849278703,0.08499654619342797,0.0016591038239642721,0.0,0.08499654619342797,0.003928225727964918,0,0,0,1,0,0.0,0.29245283018867924,0.410300121231329,0.26933587073858195,0.8766490876731095,0.5435210526689497,0.0,0.37735849056603776,0.065427553018886
1487,103,97.16981132075472,106,1,105,0,0,0.009433962264150943,3.615307960107869,3.53734531850127,14.0676012119443,2.661550173096627,1.4467186815799988,2.032904913133137,8.349056603773585,3.567999827489257,0.4618889624878275,0.9999900570715448,0.007312841975670866,1.0,9.94292845524214e-06,0.07646351283291675,0,1,0,0,0,1.0,0.2830188679245283,0.40784063661606523,0.27393654312060495,0.859822626814339,0.5443810399196057,0.009433962264150943,0.39622641509433965,0.06555859259285318
1488,103,97.16981132075472,106,1,105,0,0,0.009433962264150943,3.6671665544021645,3.580117966856275,15.385225400526098,2.6689520766793438,1.4452185722351512,2.043992434464672,8.349056603773585,3.567999827489257,0.46602723340515473,0.9321999487073099,0.00515485977954513,1.0,0.06780005129269007,0.0512100080215685,0,1,0,0,0,0.0,0.29245283018867924,0.42097522122471764,0.2706125818415326,0.8455045347933333,0.5492764319628104,0.009433962264150943,0.4339622641509434,0.06594993551785579
1489,103,97.16981132075472,106,0,106,0,0,0.0,3.6543645831649796,3.5683437020018696,15.755539088645008,2.675578668892974,1.4512190127351223,2.0540492418614558,8.349056603773585,3.567999827489257,0.4664559135308257,0.0,0.0,0.0,0.0,0.0,0,0,0,0,0,0.0,0.3113207547169811,0.42441728080490876,0.2555898405577471,0.8562216384803718,0.5535550788746556,0.0,0.39622641509433965,0.06600414406104524
1490,104,98.11320754716981,106,0,106,0,0,0.0,3.6353057995861664,3.549719428907106,15.305259488037965,2.6814372130823405,1.4465642588468879,2.066281985265078,8.349056603773585,3.567999827489257,0.46778353807608997,0.0,0.0,0.0,0.0,0.0,0,0,0,0,0,0.0,0.3113207547169811,0.4240632330019737,0.2635935247294919,0.8542281407472972,0.5512129752035632,0.0,0.39622641509433965,0.06601336656643617
1491,104,98.11320754716981,106,0,106,0,0,0.0,3.6035042660713104,3.520636134915822,14.796322445414697,2.6862565709215867,1.4696550550147085,2.084634823626604,8.349056603773585,3.567999827489257,0.46478072807745896,0.0,0.0,0.0,0.0,0.0,0,0,0,0,0,0.0,0.3113207547169811,0.41784748303246455,0.2582767030860031,0.8594553834645602,0.5537374922935878,0.0,0.4339622641509434,0.06594033623855708
1492,105,99.05660377358491,106,0,106,0,0,0.0,3.60823017407764,3.5236853870083285,15.559411927629908,2.690991011928962,1.4755865703533357,2.088890795087905,8.349056603773585,3.567999827489257,0.4686655590997013,0.0,0.0,0.0,0.0,0.0,0,0,0,0,0,0.0,0.3018867924528302,0.42775339422450925,0.25719897514672435,0.8610403467790955,0.554826529689493,0.0,0.4339622641509434,0.0660484282020766
1493,105,99.05660377358491,106,1,104,1,0,0.009433962264150943,3.621088399126653,3.5376712361435056,15.790640650090513,2.6959483384153375,1.4857823351244035,2.0865767120173166,8.349056603773585,3.567999827489257,0.4682669181146484,0.5259260933035576,0.00538765033885288,0.5,0.02593025021948193,0.03389848541309992,0,1,0,1,0,0.5,0.32075471698113206,0.42774503571067096,0.250783289462978,0.8455045347933333,0.5477459790618461,0.009433962264150943,0.4339622641509434,0.06620115802756263
1494,105,99.05660377358491,106,0,105,1,0,0.0,3.5937208686149993,3.512602343521792,14.789419933841224,2.700020622797272,1.4925792115013092,2.067819779693411,8.349056603773585,3.567999827489257,0.4652695847642825,0.0342199851625099,0.0005562788094250241,0.0,0.0342199851625099,0.04273566093405179,0,0,0,1,0,1.0,0.3018867924528302,0.4172316654123836,0.25914496451017843,0.8594553834645602,0.5455545189658462,0.0,0.4339622641509434,0.06613696992486551
1495,105,99.05660377358491,106,0,106,0,0,0.0,3.6060345162135397,3.5246685760004985,13.811541104828965,2.704292026602703,1.4604632786473832,2.0208608895525275,8.349056603773585,3.567999827489257,0.4630369802645624,0.0,0.0,0.0,0.0,0.0,0,0,0,0,0,0.0,0.32075471698113206,0.4064632933539805,0.278625363358615,0.859299513134363,0.5405184585984615,0.0,0.4339622641509434,0.06627474000306278
1496,105,99.05660377358491,106,0,106,0,0,0.0,3.6100372733857533,3.5271814638668952,14.076578087549127,2.708482754595517,1.456492784245198,2.0247597360226868,8.349056603773585,3.567999827489257,0.4661126982161019,0.0,0.0,0.0,0.0,0.0,0,0,0,0,0,0.0,0.3018867924528302,0.413048929405202,0.28990369841959224,0.842575336548008,0.5382976729051646,0.0,0.4339622641509434,0.06636951637270093
1497,104,98.11320754716981,106,1,105,0,0,0.009433962264150943,3.6576383345530705,3.5836448215113395,15.307712521844731,2.7138481740087417,1.4217927232501253,1.9905492146710184,8.349056603773585,3.567999827489257,0.47158375650293505,0.5826360587935205,0.004303431873703328,1.0,0.41736394120647946,0.02911382443848365,0,1,0,0,0,0.0,0.32075471698113206,0.4256587741659253,0.27770488474176713,0.8657513480683011,0.5428644496461915,0.009433962264150943,0.41509433962264153,0.06670324075624148
1498,105,99.05660377358491,106,0,106,0,0,0.0,3.6923376945438733,3.6170296363256638,15.574940141533435,2.7202625647892575,1.4108615264235662,1.917493805982898,8.349056603773585,3.567999827489257,0.4722499542770833,0.0,0.0,0.0,0.0,0.0,0,0,0,0,0,0.0,0.3113207547169811,0.4269760891705757,0.283564763770195,0.8285349852110118,0.5442420610830114,0.0,0.4528301886792453,0.06699117028218715
1499,104,98.11320754716981,106,1,104,1,0,0.009433962264150943,3.744553457590609,3.6594094229868137,17.625480677819464,2.7278747717799527,1.38555729891342,1.903985329113099,8.349056603773585,3.567999827489257,0.4800323844886465,0.6465753395853859,0.004364305880426839,0.5,0.14756689122909175,0.054508400522338574,0,1,0,1,0,0.5,0.330188679245283,0.44899764896753847,0.26924978085769685,0.8314986640193299,0.5621078772152324,0.009433962264150943,0.41509433962264153,0.06738805086356889
1500,103,97.16981132075472,106,1,104,1,0,0.009433962264150943,3.759340574816403,3.6819173323450967,19.703085423683866,2.7353568924757403,1.3656051323024276,1.8886919554548856,8.349056603773585,3.567999827489257,0.48539193758161114,0.17714815374516024,0.002685866359747236,0.0,0.17714815374516024,0.0008924378198673644,0,1,0,1,0,0.0,0.33962264150943394,0.46810284882248293,0.2605213707732823,0.8493004659748646,0.5617969814272163,0.009433962264150943,0.4339622641509434,0.06759546747645698
1501,102,96.22641509433963,106,1,105,0,0,0.009433962264150943,3.796285447362151,3.740331488748541,22.241978255857514,2.7438415519649744,1.395017645592161,1.9218453584958863,8.349056603773585,3.567999827489257,0.49080259949431704,0.7640997594443267,0.0030640603705981897,1.0,0.23590024055567327,0.031985399607513454,0,1,0,0,0,0.0,0.330188679245283,0.4867783715320945,0.2528361515869754,0.87705187849446,0.5634891452963617,0.009433962264150943,0.41509433962264153,0.06793155815715518
1502,103,97.16981132075472,106,0,106,0,0,0.0,3.7296057574864996,3.6745673494694953,19.620820249485558,2.7508281354763233,1.4369468301212902,1.9707173602308619,8.349056603773585,3.567999827489257,0.48637365116892894,0.0,0.0,0.0,0.0,0.0,0,0,0,0,0,0.0,0.33962264150943394,0.46944978784316116,0.2650550376297077,0.8545195374587702,0.5582563483904149,0.0,0.41509433962264153,0.06772280035159309
1503,103,97.16981132075472,106,0,106,0,0,0.0,3.7300373940283147,3.6758367219069443,19.919274497115822,2.757601670665143,1.459317544209777,2.044351170033323,8.349056603773585,3.567999827489257,0.4862823408933592,0.0,0.0,0.0,0.0,0.0,0,0,0,0,0,0.0,0.3490566037735849,0.47109665151243124,0.2673056692094066,0.8617893617754749,0.5576706024191559,0.0,0.41509433962264153,0.06784579839622816
1504,104,98.11320754716981,106,0,106,0,0,0.0,3.7402039171701116,3.6865965261004012,20.573791674229135,2.7644406539661603,1.4444309799186985,2.0261664287539674,8.349056603773585,3.567999827489257,0.4827251947749689,0.0,0.0,0.0,0.0,0.0,0,0,0,0,0,0.0,0.32075471698113206,0.470583188626917,0.25584781938794693,0.8393160761928714,0.5548709288243091,0.0,0.41509433962264153,0.0680186384681283
1505,104,98.11320754716981,106,1,105,0,0,0.009433962264150943,3.799381872355849,3.738434857359594,23.681674435164403,2.7727112004594363,1.4394478235434018,2.018292590569835,8.349056603773585,3.567999827489257,0.48909661089420564,0.7551771801102632,0.00875273872531391,1.0,0.24482281988973675,0.0016493524973246743,0,1,0,0,0,0.0,0.330188679245283,0.4938305410068166,0.23572300454598008,0.8549842532454259,0.5639387399694984,0.009433962264150943,0.37735849056603776,0.06846207478636324
1506,105,99.05660377358491,106,0,106,0,0,0.0,3.8768756719449793,3.812762026210333,25.154625135538257,2.782612343624477,1.4175872684885653,2.0075088716322838,8.349056603773585,3.567999827489257,0.49162355725906615,0.0,0.0,0.0,0.0,0.0,0,0,0,0,0,0.0,0.32075471698113206,0.5008125042721703,0.23701057358077116,0.8559611018933969,0.5672486037273533,0.0,0.41509433962264153,0.06902618016983296
1507,105,99.05660377358491,106,0,106,0,0,0.0,3.897994803304195,3.833883536259259,27.358100004914178,2.7927631063721563,1.4389916972903447,2.0173930592264995,8.349056603773585,3.567999827489257,0.4914267673598185,0.0,0.0,0.0,0.0,0.0,0,0,0,0,0,0.0,0.32075471698113206,0.5093174970955062,0.21575878103404988,0.8762232963785226,0.5688109643896164,0.0,0.41509433962264153,0.06931286542529205
1508,105,99.05660377358491,106,0,106,0,0,0.0,3.9001018817371653,3.8372952843966104,26.31128936511685,2.802649074856634,1.431807724456652,2.0142000006508,8.349056603773585,3.567999827489257,0.49043950966801764,0.0,0.0,0.0,0.0,0.0,0,0,0,0,0,0.0,0.3113207547169811,0.5020523356312431,0.22401456822726307,0.8572947395044125,0.566814808393227,0.0,0.4528301886792453,0.06949976648669282
1509,105,99.05660377358491,106,0,106,0,0,0.0,3.916653200839686,3.854347721343168,24.535579710928378,2.812669056739308,1.4027276561765103,1.9940343471012183,8.349056603773585,3.567999827489257,0.49051741416117833,0.0,0.0,0.0,0.0,0.0,0,0,0,0,0,0.0,0.29245283018867924,0.49247987195478166,0.23612337268407507,0.8635933028991376,0.5658673770904894,0.0,0.41509433962264153,0.06976127955034954
1510,105,99.05660377358491,106,1,105,0,0,0.009433962264150943,3.9399168920628593,3.8714138380535617,24.07426821332375,2.822996053989893,1.377711362571863,1.9680215730402129,8.349056603773585,3.567999827489257,0.491286994001793,0.9999988428283247,0.005788834594988551,1.0,1.1571716752589722e-06,0.07389341733601373,0,1,0,0,0,1.0,0.2830188679245283,0.4901842536902241,0.2330110081179606,0.8601911725124136,0.57608161479329,0.009433962264150943,0.37735849056603776,0.07006183162850825
1511,105,99.05660377358491,106,0,105,1,0,0.0,3.987988779582756,3.917975987413233,26.42334790157322,2.8341062608310845,1.4086888039141823,1.990434317838363,8.349056603773585,3.567999827489257,0.49149820219583384,0.3137950923545075,0.0018683211843254451,0.0,0.3137950923545075,0.028170000962415953,0,0,0,1,0,0.0,0.27358490566037735,0.4984897202742553,0.22453881874184525,0.8726395105325193,0.5728221153501987,0.0,0.37735849056603776,0.07050039714657146
1512,105,99.05660377358491,106,0,106,0,0,0.0,3.998979798627011,3.9275236012729025,26.71631748925527,2.8450925825881828,1.3765473828515011,1.959580494186821,8.349056603773585,3.567999827489257,0.4927490682661544,0.0,0.0,0.0,0.0,0.0,0,0,0,0,0,0.0,0.29245283018867924,0.5020838710669128,0.22826518782028274,0.8785692690114002,0.5751600868977993,0.0,0.41509433962264153,0.07075134821246307
1513,105,99.05660377358491,106,0,106,0,0,0.0,4.066787302120832,3.9929890067508627,29.959486594072327,2.8575555568475552,1.3512192228295017,1.9316635601799805,8.349056603773585,3.567999827489257,0.49945842056020817,0.0,0.0,0.0,0.0,0.0,0,0,0,0,0,0.0,0.3018867924528302,0.5227584051573303,0.21579137125870698,0.8596433344102832,0.5823497189101596,0.0,0.41509433962264153,0.0713127251799694
1514,105,99.05660377358491,106,0,106,0,0,0.0,4.102186610464653,4.0274441159276675,32.996344679311825,2.8705573387956456,1.3372771283366565,1.9195086998926587,8.349056603773585,3.567999827489257,0.5041786519821994,0.0,0.0,0.0,0.0,0.0,0,0,0,0,0,0.0,0.29245283018867924,0.5410095589821238,0.19797924548454723,0.8710750607239635,0.5917590866869846,0.0,0.4528301886792453,0.07172167350042769
1515,105,99.05660377358491,106,1,105,0,0,0.009433962264150943,4.155312363386293,4.072595531629377,35.209980464054595,2.8845008420868536,1.2948298137550154,1.8838203155450002,8.349056603773585,3.567999827489257,0.5091505909584892,0.46458156781897714,0.004162023602703964,0.0,0.46458156781897714,-0.01579735827648765,0,1,0,0,0,0.0,0.3113207547169811,0.5546404040480849,0.19222719115704376,0.8579829082491117,0.5915424617546653,0.009433962264150943,0.4716981132075472,0.07223605435172402
1516,105,99.05660377358491,106,0,105,1,0,0.0,4.161477967693497,4.07852135225007,33.71901976671656,2.897999164867185,1.266093721169788,1.8696496447947104,8.349056603773585,3.567999827489257,0.5071352393477904,0.0827557035401007,0.0011854463209364677,0.0,0.0827557035401007,0.015461163475211759,0,0,0,1,0,0.0,0.3113207547169811,0.5453879403637789,0.20442481713967345,0.8579829082491117,0.5898670562582241,0.0,0.4716981132075472,0.07250769244001812
1517,104,98.11320754716981,106,1,105,0,0,0.009433962264150943,4.180335443942519,4.0939882187805114,34.633467150971505,2.9115261028367354,1.3028081408525711,1.8882946726327612,8.349056603773585,3.567999827489257,0.5066680486773452,0.9592411678213011,0.008183185160443189,1.0,0.04075883217869891,0.03858714356149595,0,1,0,0,0,1.0,0.3018867924528302,0.5484024554421615,0.19949912117233584,0.8373465605724308,0.5880589649476143,0.009433962264150943,0.49056603773584906,0.07284330038297229
1518,103,97.16981132075472,106,1,105,0,0,0.009433962264150943,4.165598496782734,4.073253705556496,31.966528793786722,2.9241138290293045,1.3378681234251089,1.9100106287599603,8.349056603773585,3.567999827489257,0.503396852159762,0.9957354545678052,0.005694946452058742,1.0,0.004264545432194788,0.10527807460184002,0,1,0,0,0,1.0,0.3018867924528302,0.5341414813935519,0.20892702731192003,0.8495595155383517,0.5865181706586783,0.009433962264150943,0.4339622641509434,0.07299418067159122
1519,103,97.16981132075472,106,0,105,1,0,0.0,4.2171580750234146,4.124024951143215,34.00340142975532,2.9374976151678727,1.3495477344089672,1.9006947730987054,8.349056603773585,3.567999827489257,0.5037195976552942,0.7157365879918771,0.00956620188067506,1.0,0.2842634120081229,-0.01601294291867772,0,0,0,1,0,0.0,0.3018867924528302,0.538343132310487,0.20210687711811676,0.8623878934374893,0.5906199111939957,0.0,0.4716981132075472,0.07349074529596245
1520,104,98.11320754716981,106,0,105,1,0,0.0,4.2367388558440595,4.141213048101199,35.531071079556774,2.9508944848559526,1.344452200311941,1.8707445350537717,8.349056603773585,3.567999827489257,0.5055674147136759,0.38575741885092785,0.0057547189319907075,0.0,0.38575741885092785,-0.055090549476052963,0,0,0,1,0,0.0,0.3113207547169811,0.5477503267509652,0.19503502827999428,0.8641205472996094,0.5928860130096391,0.0,0.4716981132075472,0.0738276493437455
1521,103,97.16981132075472,106,1,104,1,0,0.009433962264150943,4.220658188074405,4.114239444536704,37.91193324657395,2.96329857903545,1.3525189797797221,1.8798552627238,8.349056603773585,3.567999827489257,0.5066668554680918,0.3683661570388976,0.005486140933489514,0.5,0.14657646940495134,-0.005639853185302801,0,1,0,1,0,0.5,0.2641509433962264,0.5635800840119026,0.18052557071449757,0.8662824511150578,0.5947469589863337,0.009433962264150943,0.4716981132075472,0.07396853503436025
1522,104,98.11320754716981,106,0,104,2,0,0.0,4.218818433176998,4.113602357617852,37.49252747918196,2.9749867508661922,1.3492508609719787,1.873196951775768,8.349056603773585,3.567999827489257,0.5052300090040038,0.3959011001977972,0.0015263064576195224,0.0,0.3959011001977972,-0.004396360373148833,0,0,0,2,0,0.0,0.2830188679245283,0.559927705629224,0.17875099924658167,0.8731386287939792,0.595973365789414,0.0,0.4716981132075472,0.07416785323525199
1523,105,99.05660377358491,106,0,105,1,0,0.0,4.191214585836788,4.086326992785713,37.57365439772202,2.985479340770051,1.386834655422744,1.938415175299971,8.349056603773585,3.567999827489257,0.5042774136570851,0.29703843905434,0.000773123564313916,0.0,0.29703843905434,-0.02986593404537985,0,0,0,1,0,0.0,0.29245283018867924,0.5608587624493523,0.1775172856325108,0.8731386287939792,0.5933180749830672,0.0,0.4716981132075472,0.07421702179338535
1524,105,99.05660377358491,106,0,105,1,0,0.0,4.197538085528973,4.092283010935095,38.9468557969654,2.9957675636580774,1.4242117638016765,1.9732174378854528,8.349056603773585,3.567999827489257,0.5007264492483368,0.3082454324671,0.005260110256288794,0.0,0.3082454324671,-0.07632657374948648,0,0,0,1,0,0.0,0.2830188679245283,0.5619280317418919,0.1726720391329233,0.8641205472996094,0.5849095706522442,0.0,0.4716981132075472,0.07443218117929452
1525,105,99.05660377358491,106,0,106,0,0,0.0,4.20217109147416,4.095796370372923,41.46236099309857,3.005788988098152,1.398857171875649,1.9551183823723168,8.349056603773585,3.567999827489257,0.5050889461450689,0.0,0.0,0.0,0.0,0.0,0,0,0,0,0,0.0,0.3018867924528302,0.5782687120295504,0.16355062740239382,0.8740517373426547,0.5875384516794312,0.0,0.4716981132075472,0.07463412841238738
1526,106,100.0,106,0,105,1,0,0.0,4.185330292330774,4.082745845222117,37.91762902590083,3.0150803339595993,1.4517702821880354,1.969455290803695,8.349056603773585,3.567999827489257,0.4990392299925335,0.3876215579691928,0.004436573643387497,0.0,0.3876215579691928,-0.06213127639824734,0,0,0,1,0,0.0,0.3018867924528302,0.5540269536585909,0.17175774835024923,0.8790500829739454,0.5876302648406561,0.0,0.4716981132075472,0.07471568201882439
1527,106,100.0,106,0,105,1,0,0.0,4.167536563284346,4.062847441650297,37.78722015243508,3.023472184612645,1.457079210226125,1.9769466921546814,8.349056603773585,3.567999827489257,0.5025505586410781,0.4586897367242851,0.005772495453960955,0.0,0.4586897367242851,-0.07459386677154711,0,0,0,1,0,0.0,0.3018867924528302,0.5617325642484293,0.18651265320707125,0.8708897304688361,0.5838322159521393,0.0,0.4716981132075472,0.07477642398200415
1528,105,99.05660377358491,106,1,104,1,0,0.009433962264150943,4.183725102069693,4.1032755015205575,38.19189822559466,3.032028584822686,1.481931562265163,1.9895447119697918,8.349056603773585,3.567999827489257,0.5015640456511119,0.5487701854770767,0.0046526252563464585,0.5,0.4493665295535889,-0.027869612833612667,0,1,0,1,0,0.0,0.3113207547169811,0.5572378440695569,0.18607996983170613,0.8845232386234885,0.5743815274739988,0.009433962264150943,0.4716981132075472,0.07501001284829766
1529,104,98.11320754716981,106,1,105,0,0,0.009433962264150943,4.151575073957804,4.063065984795484,33.63485689179273,3.0400967265925543,1.5388499224491492,2.0234720215714104,8.349056603773585,3.567999827489257,0.4952284177623054,0.9985537872596912,0.010808947876208314,1.0,0.001446212740308761,0.03534499854521833,0,1,0,0,0,1.0,0.3113207547169811,0.5306549126820176,0.2008457168395992,0.882040229636573,0.5660385724132967,0.009433962264150943,0.4716981132075472,0.07499319834995347
1530,103,97.16981132075472,106,2,102,1,1,0.018867924528301886,4.124708169514087,4.022252295509504,30.04587862482578,3.0469355457137124,1.5966266294854183,2.0721740391286825,8.349056603773585,3.567999827489257,0.4886816835896739,0.6020140503158846,0.007200252942030557,0.5,0.1577209395883632,-0.006717355647066547,0,3,0,1,0,0.25,0.3113207547169811,0.5076790220917662,0.21594331308730946,0.8895415667347634,0.5573149138810497,0.018867924528301886,0.4339622641509434,0.0749808683549575
1531,103,97.16981132075472,106,0,105,1,0,0.0,4.16786126083559,4.065202410086583,31.049247418660233,3.0542580226821214,1.5791251662993384,2.049719185107026,8.349056603773585,3.567999827489257,0.4912070514329179,0.2107226296079732,0.0024152460522905966,0.0,0.2107226296079732,0.002991223634497331,0,0,0,1,0,0.0,0.29245283018867924,0.5117406672916678,0.21197211452145429,0.8805097359160216,0.5596168114659429,0.0,0.4716981132075472,0.07532726679436538
1532,103,97.16981132075472,106,0,105,1,0,0.0,4.171849731590879,4.067682831763599,30.38356643091423,3.0613900348378547,1.587449443410456,2.101068403812676,8.349056603773585,3.567999827489257,0.4924580419816693,0.23470006247328684,0.0025537989689226603,0.0,0.23470006247328684,-0.003834707958656036,0,0,0,1,0,0.0,0.32075471698113206,0.5109917704915602,0.21867227256097044,0.8725041198759098,0.5610956424797225,0.0,0.4716981132075472,0.07547444423884839
1533,102,96.22641509433963,106,1,105,0,0,0.009433962264150943,4.179463023809553,4.068729542804908,33.092152286182014,3.0684657860646296,1.6153331391535057,2.136261803795854,8.349056603773585,3.567999827489257,0.49362272522181105,0.19604685775734837,0.002482434099888943,0.0,0.19604685775734837,0.0008234603596291024,0,1,0,0,0,0.0,0.32075471698113206,0.5230460000345377,0.19571907427645907,0.876541157957966,0.5624932359662882,0.009433962264150943,0.4716981132075472,0.07563874209572419
1534,103,97.16981132075472,106,0,106,0,0,0.0,4.171948341874834,4.061131454377568,32.33289316746929,3.0749038627403196,1.6391231535498167,2.153815428899805,8.349056603773585,3.567999827489257,0.4927518996959279,0.0,0.0,0.0,0.0,0.0,0,0,0,0,0,0.0,0.3113207547169811,0.5196293763422466,0.2013402366083983,0.8676323142419317,0.5584504727603418,0.0,0.4716981132075472,0.07571602396839172
1535,105,99.05660377358491,106,0,106,0,0,0.0,4.147610545444709,4.0379343655962225,30.69713258525337,3.0804500911811665,1.6262400013635852,2.1494816105869003,8.349056603773585,3.567999827489257,0.49100753290517374,0.0,0.0,0.0,0.0,0.0,0,0,0,0,0,0.0,0.3113207547169811,0.5127916623984904,0.20748771535741914,0.8867903739670941,0.5603406601521118,0.0,0.4339622641509434,0.07569327969684189
1536,105,99.05660377358491,106,0,106,0,0,0.0,4.189110013710781,4.075316915826276,33.666625569009256,3.086865477662987,1.5862027550421007,2.118536610159041,8.349056603773585,3.567999827489257,0.4979974660982389,0.0,0.0,0.0,0.0,0.0,0,0,0,0,0,0.0,0.32075471698113206,0.5353257609338663,0.1989323529960137,0.8601211465368319,0.5641940573124165,0.0,0.5094339622641509,0.0760152275274743
1537,105,99.05660377358491,106,0,106,0,0,0.0,4.186387670841608,4.075052269784152,32.52784790682008,3.093044409109943,1.595930790705228,2.112105385309198,8.349056603773585,3.567999827489257,0.4951568043055241,0.0,0.0,0.0,0.0,0.0,0,0,0,0,0,0.0,0.33962264150943394,0.5251814252193112,0.2014302800488152,0.847952490694653,0.5659279975808897,0.0,0.5094339622641509,0.07611184794481247
1538,105,99.05660377358491,106,1,105,0,0,0.009433962264150943,4.173957878621835,4.0569699125216765,32.040033082646616,3.098699167326203,1.606698071624285,2.134653465553361,8.349056603773585,3.567999827489257,0.4934087569107837,0.509714188295594,0.007425204698293726,1.0,0.490285811704406,-0.006173840592296198,0,1,0,0,0,0.0,0.330188679245283,0.5226286129230167,0.19844262481290154,0.8781210237670798,0.569178452226615,0.009433962264150943,0.4716981132075472,0.07615057986541415
1539,104,98.11320754716981,106,1,105,0,0,0.009433962264150943,4.189070696436053,4.0631514258195525,32.41779685180972,3.104315955139925,1.5840786237953486,2.1252249005298975,8.349056603773585,3.567999827489257,0.4980564747136269,0.5297280675838277,0.002739947253330553,1.0,0.47027193241617227,0.010609560395538065,0,1,0,0,0,0.0,0.36792452830188677,0.5297282973093612,0.20305340915137296,0.8644592563551269,0.5701493143116716,0.009433962264150943,0.4716981132075472,0.07632634744423727
1540,103,97.16981132075472,106,1,104,1,0,0.009433962264150943,4.254826892187903,4.1475721408081325,36.67060769392785,3.111290438171117,1.5595190303223356,2.0771183005352736,8.349056603773585,3.567999827489257,0.50275891643624,0.3082384221756451,0.0010664046078445876,0.0,0.3082384221756451,0.008413995259883622,0,1,0,1,0,0.0,0.33962264150943394,0.5488012254496626,0.19581197785450968,0.8799899715846152,0.5650735478438366,0.009433962264150943,0.4528301886792453,0.07677955319425711
1541,103,97.16981132075472,106,0,106,0,0,0.0,4.2415107550387185,4.134709777973472,35.33897243388112,3.1183007509007026,1.577002342874407,2.1180020566363833,8.349056603773585,3.567999827489257,0.5019259940447491,0.0,0.0,0.0,0.0,0.0,0,0,0,0,0,0.0,0.330188679245283,0.5434758467579195,0.20454367644142726,0.8847411883057525,0.564168404944216,0.0,0.4528301886792453,0.07683803648156023
1542,103,97.16981132075472,106,0,106,0,0,0.0,4.179044183082047,4.077894505719814,29.73190399645859,3.1234392006313905,1.6194057468269176,2.156627762419092,8.349056603773585,3.567999827489257,0.4902776625501717,0.0,0.0,0.0,0.0,0.0,0,0,0,0,0,0.0,0.33962264150943394,0.5059994504204863,0.22382162149327017,0.8874208651168611,0.5530650697178423,0.0,0.4528301886792453,0.07661737356054016
1543,103,97.16981132075472,106,1,104,1,0,0.009433962264150943,4.200728767858559,4.1142861482503195,30.1486830175984,3.128949369085888,1.588640176281616,2.09929504457059,8.349056603773585,3.567999827489257,0.4944082139685957,0.30966334999207795,0.0018077333149676012,0.0,0.30966334999207795,0.029850831581638815,0,1,0,1,0,0.0,0.32075471698113206,0.5114313155798754,0.23077623340341533,0.889730985655229,0.5513166048207703,0.009433962264150943,0.41509433962264153,0.07682409788489813
1544,104,98.11320754716981,106,0,106,0,0,0.0,4.198870022062486,4.114407682001382,28.296188897357844,3.1347501081914886,1.5896485009081167,2.116387239542162,8.349056603773585,3.567999827489257,0.49195488086874706,0.0,0.0,0.0,0.0,0.0,0,0,0,0,0,0.0,0.3113207547169811,0.4990796612469278,0.24153934619194872,0.8817838563813998,0.5485763505743265,0.0,0.4528301886792453,0.07691828933655824
1545,105,99.05660377358491,106,0,106,0,0,0.0,4.132371780730439,4.051948506164504,24.66669837243403,3.13856104230692,1.6579620111444027,2.162462973193266,8.349056603773585,3.567999827489257,0.4858782807501343,0.0,0.0,0.0,0.0,0.0,0,0,0,0,0,0.0,0.3113207547169811,0.4767754939394583,0.2610451399728323,0.8817838563813998,0.5418650901868922,0.0,0.4528301886792453,0.07665378519123016
1546,105,99.05660377358491,106,0,105,1,0,0.0,4.210575717648844,4.127469621637997,27.211293858778955,3.1443916769155353,1.5671728586749114,2.0851824375293715,8.349056603773585,3.567999827489257,0.4909327410065636,0.4302392214374364,0.006686419993660392,0.0,0.4302392214374364,-0.003468483494167174,0,0,0,1,0,0.0,0.2830188679245283,0.4925596686660424,0.24740455348522986,0.8631739423104107,0.5481405594839024,0.0,0.4528301886792453,0.07714882339221066
1547,105,99.05660377358491,106,0,104,2,0,0.0,4.1725330493647945,4.090719945993067,27.303995874966457,3.148965291800484,1.5742148552148285,2.142768529794449,8.349056603773585,3.567999827489257,0.48955854072297833,0.2198404332715476,0.00284950161891896,0.0,0.2198404332715476,0.0029429426305348505,0,0,0,2,0,0.5,0.29245283018867924,0.49267553979955303,0.23972011553075762,0.86333113372703,0.5509148933358685,0.0,0.4528301886792453,0.07704020333639289
1548,106,100.0,106,0,106,0,0,0.0,4.173294591941264,4.09063826941852,28.4508856738052,3.1533733887381956,1.61355193676087,2.142353481067068,8.349056603773585,3.567999827489257,0.4922559279685188,0.0,0.0,0.0,0.0,0.0,0,0,0,0,0,0.0,0.3018867924528302,0.49972687807252064,0.22769438331659628,0.8532976034643402,0.5528251800320882,0.0,0.4528301886792453,0.0771226514948418
1549,106,100.0,106,0,106,0,0,0.0,4.166527692639786,4.085677175675518,26.08196372224633,3.157482595331821,1.5735468958422598,2.0898462930394035,8.349056603773585,3.567999827489257,0.49023669001448256,0.0,0.0,0.0,0.0,0.0,0,0,0,0,0,0.0,0.3113207547169811,0.48632623260148644,0.24493502499626357,0.8467011213713833,0.5537601791037527,0.0,0.4528301886792453,0.07716212524042028
1550,105,99.05660377358491,106,1,105,0,0,0.009433962264150943,4.1630382041495055,4.069763429893427,26.037840831581686,3.161331356276239,1.6177709151788822,2.127885958063238,8.349056603773585,3.567999827489257,0.48833590303722785,0.9935592607072654,0.0059297043998214945,1.0,0.0064407392927345875,0.11114022723048467,0,1,0,0,0,1.0,0.3018867924528302,0.4842746586092542,0.24958981110154446,0.8733673113275837,0.5504689024280006,0.009433962264150943,0.4339622641509434,0.07721333968989752
1551,105,99.05660377358491,106,0,105,1,0,0.0,4.130788115656327,4.039525807960444,25.93355059623139,3.1638392780254687,1.6471591976170687,2.142643927927379,8.349056603773585,3.567999827489257,0.4846614855401925,0.8443330624955072,0.010303057350870962,1.0,0.15566693750449279,-0.010597018133990943,0,0,0,1,0,0.0,0.3113207547169811,0.4807046950188684,0.23852492875524536,0.8762034880005201,0.5532564290420948,0.0,0.4339622641509434,0.07709683056927467
1552,105,99.05660377358491,106,0,105,1,0,0.0,4.119971972631714,4.0299360598633145,24.194386405711523,3.1659839873745628,1.6613819590245162,2.1539929937937803,8.349056603773585,3.567999827489257,0.48092815255307086,0.3903915036129826,0.00643375366373161,0.0,0.3903915036129826,-0.020016606862557573,0,0,0,1,0,0.0,0.3113207547169811,0.4677757717277406,0.24995693483607637,0.8800702633644856,0.552879524177396,0.0,0.39622641509433965,0.07708101146708952
1553,105,99.05660377358491,106,0,105,1,0,0.0,4.117161049788753,4.027446742865992,22.374124557812248,3.167981118436845,1.6239916652626973,2.123447982988041,8.349056603773585,3.567999827489257,0.47750880184304423,0.3803387242278664,0.006259513949067017,0.0,0.3803387242278664,-0.03611316304202283,0,0,0,1,0,0.0,0.2830188679245283,0.45581017430455434,0.2682059859454074,0.8617502607829663,0.5483052343087543,0.0,0.4339622641509434,0.0771025856693032
1554,105,99.05660377358491,106,0,105,1,0,0.0,4.141798184159214,4.050004086003895,22.556112111472128,3.1705508686376676,1.6077640004070826,2.1315679407523307,8.349056603773585,3.567999827489257,0.4816969160302791,0.2980484246944201,0.005764197058113329,0.0,0.2980484246944201,-0.0718256700776072,0,0,0,1,0,0.0,0.32075471698113206,0.46105198257564173,0.2795212905757713,0.8617502607829663,0.5515331866188884,0.0,0.4339622641509434,0.07727161568252164
1555,105,99.05660377358491,106,1,105,0,0,0.009433962264150943,4.1987902932920065,4.100041714835593,24.492039707747594,3.1746316609851477,1.5879199819142715,2.1340469822683334,8.349056603773585,3.567999827489257,0.4836140386046919,0.8803980284831371,0.009273926443566944,1.0,0.11960197151686291,-0.05098452463826453,0,1,0,0,0,0.0,0.29245283018867924,0.4692405063732098,0.26295127034786997,0.8524936592834892,0.555353147552343,0.009433962264150943,0.4528301886792453,0.07762937756014474
1556,105,99.05660377358491,106,0,106,0,0,0.0,4.217174706692722,4.116315518881174,25.81716342563294,3.178856913287853,1.5812567720968282,2.1311274052407487,8.349056603773585,3.567999827489257,0.48655749621045596,0.0,0.0,0.0,0.0,0.0,0,0,0,0,0,0.0,0.3018867924528302,0.4794763783279777,0.25416015653163015,0.876705451293388,0.5565160670638357,0.0,0.41509433962264153,0.07779667812458407
1557,105,99.05660377358491,106,0,106,0,0,0.0,4.228754423859756,4.127686114650378,25.649065199537773,3.1832559708656314,1.591206039950738,2.1482337420414233,8.349056603773585,3.567999827489257,0.48479090594993024,0.0,0.0,0.0,0.0,0.0,0,0,0,0,0,0.0,0.3113207547169811,0.4756315143081521,0.25666780307022113,0.8878627239586508,0.5542392853977985,0.0,0.41509433962264153,0.07793305589381239
1558,105,99.05660377358491,106,0,106,0,0,0.0,4.2420127088305115,4.139466684146577,26.898111766831295,3.1878343346360642,1.5955902980921368,2.1598052421019105,8.349056603773585,3.567999827489257,0.486436955863496,0.0,0.0,0.0,0.0,0.0,0,0,0,0,0,0.0,0.32075471698113206,0.48457665830124336,0.2455562065223367,0.8878627239586508,0.5577532401639445,0.0,0.41509433962264153,0.0780810253243816
1559,105,99.05660377358491,106,0,105,1,0,0.0,4.229099949159304,4.129565241040328,24.377379173343456,3.1919667156167066,1.6170769735441675,2.1643532003487707,8.349056603773585,3.567999827489257,0.4818875755970067,0.4949659877345326,0.004535202257367015,0.0,0.4949659877345326,0.008115864228339875,0,0,0,1,0,0.0,0.330188679245283,0.4670888554529219,0.26020717045892955,0.8769512596857069,0.5512945693166434,0.0,0.41509433962264153,0.07809018319915581
1560,106,100.0,106,0,106,0,0,0.0,4.270153112063177,4.1682534770819375,26.292244402014948,3.1970559702072663,1.5864397695682781,2.1572890863947585,8.349056603773585,3.567999827489257,0.483952029572591,0.0,0.0,0.0,0.0,0.0,0,0,0,0,0,0.0,0.3018867924528302,0.47638881130571187,0.2515636837873703,0.8719308800819683,0.5516885310510962,0.0,0.41509433962264153,0.07838624131118102
1561,106,100.0,106,0,106,0,0,0.0,4.288717204767268,4.187657358584705,25.51271354043037,3.202517504569651,1.5522352155186059,2.141410833932602,8.349056603773585,3.567999827489257,0.4824882907948178,0.0,0.0,0.0,0.0,0.0,0,0,0,0,0,0.0,0.27358490566037735,0.4700435181595544,0.2572053997576707,0.8758043747794115,0.5533166008773815,0.0,0.41509433962264153,0.07857649554301555
1562,106,100.0,106,0,106,0,0,0.0,4.315554949480201,4.212786950631136,27.002388638937706,3.2085014704361,1.5531956621036889,2.128322888391978,8.349056603773585,3.567999827489257,0.4862024448618836,0.0,0.0,0.0,0.0,0.0,0,0,0,0,0,0.0,0.25471698113207547,0.48050716454472925,0.25140934078563504,0.8465172191020174,0.5545224453943172,0.0,0.41509433962264153,0.07881743821247617
1563,106,100.0,106,0,106,0,0,0.0,4.328126047532608,4.224264417870799,28.170744457124005,3.214599541219805,1.5422129102239441,2.108638637348731,8.349056603773585,3.567999827489257,0.49043003012523045,0.0,0.0,0.0,0.0,0.0,0,0,0,0,0,0.0,0.29245283018867924,0.48987645177388317,0.24015778764746604,0.8853832438489797,0.5641891459685333,0.0,0.37735849056603776,0.0789890832802596
1564,106,100.0,106,0,105,1,0,0.0,4.359589824334763,4.254778048203109,28.66447230695883,3.2213510138705628,1.5343707460797882,2.1150824831758377,8.349056603773585,3.567999827489257,0.4919946685671073,0.022970405079809655,0.001525402646776745,0.0,0.022970405079809655,-0.007386113356929513,0,0,0,1,0,1.0,0.2830188679245283,0.49178245047111696,0.23966750872416578,0.8824134339874785,0.5640021697605299,0.0,0.37735849056603776,0.07926684843053637
1565,106,100.0,106,0,105,1,0,0.0,4.306061811158733,4.205079855860094,26.14957307328736,3.226443008855136,1.6092566514466096,2.1606498795533424,8.349056603773585,3.567999827489257,0.48736817188515325,0.05653146732750758,0.0016256665179628905,0.0,0.05653146732750758,0.0023518057324725117,0,0,0,1,0,0.0,0.2830188679245283,0.4759930449248626,0.25327498030360796,0.8853832438489797,0.5575192226490632,0.0,0.37735849056603776,0.07909004955078888
1566,106,100.0,106,0,105,1,0,0.0,4.3442771438928975,4.243683179417,25.51440443499935,3.232455214681777,1.6212222954843452,2.192827524045155,8.349056603773585,3.567999827489257,0.4838760657451888,0.022181398411610032,0.0015032153896163743,0.0,0.022181398411610032,0.0005703028081651684,0,0,0,1,0,1.0,0.2830188679245283,0.46533609210988763,0.2592957344965314,0.8739777741863789,0.5527278435124658,0.0,0.37735849056603776,0.07938838396122114
1567,106,100.0,106,0,104,2,0,0.0,4.3551086390047695,4.253763807983745,25.69471874900059,3.2385406464627926,1.5879706972262813,2.1192370489547687,8.349056603773585,3.567999827489257,0.48972882519203886,0.01993295590568999,0.001522107693882065,0.0,0.01993295590568999,-0.0005966503411979351,0,0,0,2,0,1.0,0.3018867924528302,0.4727000345587565,0.26404932415390436,0.8739777741863789,0.563395466158039,0.0,0.37735849056603776,0.07955110553450481
1568,106,100.0,106,0,106,0,0,0.0,4.320352596027548,4.221319267747729,25.66971008395693,3.243482853136638,1.6159760543298762,2.125904164113802,8.349056603773585,3.567999827489257,0.4880622535184893,0.0,0.0,0.0,0.0,0.0,0,0,0,0,0,0.0,0.3018867924528302,0.4707794206785874,0.25952941437992755,0.8805866705363933,0.5616418057989959,0.0,0.41509433962264153,0.07946549428241718
1569,106,100.0,106,0,106,0,0,0.0,4.344468284535489,4.244959305986016,25.66306790958697,3.2489235031037356,1.6370069581112414,2.150593286860763,8.349056603773585,3.567999827489257,0.48861421554333617,0.0,0.0,0.0,0.0,0.0,0,0,0,0,0,0.0,0.27358490566037735,0.4690606182338354,0.26484278020527396,0.8904054092113561,0.5596170975062575,0.0,0.37735849056603776,0.07968313391567705
1570,106,100.0,106,0,105,1,0,0.0,4.368160400483278,4.2675127781198094,25.82433342953501,3.254813796966854,1.644697017183115,2.147408007827063,8.349056603773585,3.567999827489257,0.48735918554946855,0.24489027651058987,0.0020034633908553763,0.0,0.24489027651058987,0.006694046006897381,0,0,0,1,0,0.0,0.2641509433962264,0.46728452252748987,0.2630544046599879,0.8874876804196363,0.5580423638184486,0.0,0.37735849056603776,0.07990667733285334
1571,106,100.0,106,0,106,0,0,0.0,4.3290693966920015,4.22981976574382,24.237074319731555,3.2594180158618564,1.6584854747242248,2.1572291500647034,8.349056603773585,3.567999827489257,0.4856309564254724,0.0,0.0,0.0,0.0,0.0,0,0,0,0,0,0.0,0.29245283018867924,0.4598669758195787,0.2685480122057083,0.886963154691979,0.5587951138481728,0.0,0.37735849056603776,0.0797933615750124
1572,106,100.0,106,0,106,0,0,0.0,4.354020064248488,4.254789955670258,24.953469989819908,3.2645707053014283,1.660528400148826,2.1558042543982023,8.349056603773585,3.567999827489257,0.4870186019162486,0.0,0.0,0.0,0.0,0.0,0,0,0,0,0,0.0,0.2830188679245283,0.4638295280359307,0.26438914932199187,0.8805866705363933,0.5604923094420586,0.0,0.41509433962264153,0.08001003888795233
1573,106,100.0,106,0,105,1,0,0.0,4.2957829097024165,4.198945924407762,23.163108419980706,3.2679455348393973,1.6810569424966415,2.1741018812629402,8.349056603773585,3.567999827489257,0.4838073477312099,0.009762529780996685,0.0013976213807413982,0.0,0.009762529780996685,-0.0018176985784936761,0,0,0,1,0,1.0,0.27358490566037735,0.4534216265790094,0.2731339036928641,0.8813533632366632,0.5542095166520236,0.0,0.41509433962264153,0.07977906007126837
1574,104,98.11320754716981,106,2,103,0,1,0.018867924528301886,4.3378765469636225,4.258043689895172,23.04994809621887,3.2723525378068037,1.6672780127143159,2.1430628283928606,8.349056603773585,3.567999827489257,0.48578018512963106,0.3607129112289535,0.003925708812080723,0.3333333333333333,0.2629788190908393,0.002665193136506779,0,3,0,0,0,0.3333333333333333,0.29245283018867924,0.4531575682677072,0.29229071968177783,0.8717283049753992,0.5435029756690872,0.018867924528301886,0.4339622641509434,0.08006814918671165
1575,104,98.11320754716981,106,0,106,0,0,0.0,4.3675563031065785,4.285249064474159,23.34661436319229,3.2779131482853554,1.6315525462585958,2.1237727995200215,8.349056603773585,3.567999827489257,0.48946014898762336,0.0,0.0,0.0,0.0,0.0,0,0,0,0,0,0.0,0.2830188679245283,0.45848608037350236,0.2984550532921083,0.8717283049753992,0.5439844902572657,0.0,0.4339622641509434,0.08031574925356746
1576,104,98.11320754716981,106,0,106,0,0,0.0,4.3874725360222655,4.305026472320701,22.86590001297088,3.2838398824939015,1.5829458258106128,2.0863085176513807,8.349056603773585,3.567999827489257,0.49003454330115703,0.0,0.0,0.0,0.0,0.0,0,0,0,0,0,0.0,0.27358490566037735,0.45704679966122724,0.304080205549375,0.8803555882619274,0.5461055511250227,0.0,0.4716981132075472,0.08052106335131425
1577,104,98.11320754716981,106,0,106,0,0,0.0,4.382818837858452,4.302722715634664,21.8567006649404,3.2894893924084445,1.6354749261570554,2.118438095296793,8.349056603773585,3.567999827489257,0.48753456436786524,0.0,0.0,0.0,0.0,0.0,0,0,0,0,0,0.0,0.2830188679245283,0.44743921571993417,0.30888039171801374,0.8805403110854606,0.5407334274725255,0.0,0.4339622641509434,0.08059858211249762
1578,104,98.11320754716981,106,0,106,0,0,0.0,4.368317832424275,4.2881033379251186,21.762546989780272,3.294520032321818,1.6439270190778479,2.1313490601666096,8.349056603773585,3.567999827489257,0.4839802234828545,0.0,0.0,0.0,0.0,0.0,0,0,0,0,0,0.0,0.2830188679245283,0.44337229116086907,0.3033122430064767,0.868130079857383,0.5402645661365141,0.0,0.4339622641509434,0.08061582369704212
1579,105,99.05660377358491,106,1,105,0,0,0.009433962264150943,4.310829237488106,4.247686392648283,20.27581992624322,3.2978074318798587,1.6781498831422423,2.1533641095938534,8.349056603773585,3.567999827489257,0.4812769038128828,0.644690899340819,0.005124766122548351,1.0,0.355309100659181,0.04188717162194644,0,1,0,0,0,0.0,0.29245283018867924,0.4345299802619103,0.315891258693685,0.8759806319928982,0.5400047802790636,0.009433962264150943,0.4339622641509434,0.08038702792764116
1580,105,99.05660377358491,106,0,106,0,0,0.0,4.319178490429796,4.253926720528384,21.444164921869902,3.301565746839435,1.6245010712696057,2.1148414655059184,8.349056603773585,3.567999827489257,0.48639894090753355,0.0,0.0,0.0,0.0,0.0,0,0,0,0,0,0.0,0.330188679245283,0.44834921705863484,0.30870142826299724,0.8763335135590968,0.5478003195720167,0.0,0.4339622641509434,0.0804958225279867
1581,104,98.11320754716981,106,1,105,0,0,0.009433962264150943,4.329612289643981,4.269957826361837,21.030115051756688,3.3054785133245193,1.6332436173683262,2.1193260353436303,8.349056603773585,3.567999827489257,0.48700294683965506,0.5727214711234982,0.005217389245545987,1.0,0.42727852887650175,0.012037913255749988,0,1,0,0,0,0.0,0.3113207547169811,0.4458349449857476,0.3195186958689585,0.8771496134548972,0.5459483467301138,0.009433962264150943,0.39622641509433965,0.08061779527477655
1582,104,98.11320754716981,106,0,106,0,0,0.0,4.402795926739469,4.340834251977893,22.37165655027215,3.3114438125691392,1.5628264722379956,2.0688852525384727,8.349056603773585,3.567999827489257,0.49112206837297445,0.0,0.0,0.0,0.0,0.0,0,0,0,0,0,0.0,0.3113207547169811,0.4555463618365445,0.3163899486369588,0.8769730276390222,0.5532007157709375,0.0,0.4339622641509434,0.08109013439363263
1583,102,96.22641509433963,106,3,103,0,0,0.02830188679245283,4.428188275907343,4.361477525522651,22.55727317761375,3.317925617331493,1.6291893290098676,2.1059273666508034,8.349056603773585,3.567999827489257,0.488613533158186,0.6690378018065647,0.007704246702704366,0.6666666666666666,0.3081558975139375,0.02351355001712933,0,3,0,0,0,0.3333333333333333,0.2830188679245283,0.45128050987038393,0.3008691177146394,0.8719411700419404,0.5696971462599635,0.02830188679245283,0.39622641509433965,0.08133273153084149
1584,101,95.28301886792453,106,2,104,0,0,0.018867924528301886,4.453739123554421,4.377630421818863,22.573540106762874,3.3247195829770755,1.6656034223104073,2.1367551594911776,8.349056603773585,3.567999827489257,0.4878514840425585,0.9850241675063008,0.011142992859713822,1.0,0.01497583249369916,0.04865663635426021,0,2,0,0,0,1.0,0.29245283018867924,0.44989531712926434,0.31664515044174085,0.8662762499495332,0.5650480318221707,0.018867924528301886,0.41509433962264153,0.08158169011033391
1585,101,95.28301886792453,106,0,106,0,0,0.0,4.443696111737834,4.366685180167734,22.946776797731737,3.3307362497482593,1.6587288388768446,2.130162396729468,8.349056603773585,3.567999827489257,0.4878354897807251,0.0,0.0,0.0,0.0,0.0,0,0,0,0,0,0.0,0.3018867924528302,0.45328504444211926,0.31122460817370146,0.8828898129393028,0.5674359432152141,0.0,0.41509433962264153,0.0816388123812592
1586,101,95.28301886792453,106,0,106,0,0,0.0,4.552680514548056,4.471734742727491,26.211083959025885,3.339536776428155,1.5475594557675652,2.0674740120458073,8.349056603773585,3.567999827489257,0.4953812247908578,0.0,0.0,0.0,0.0,0.0,0,0,0,0,0,0.0,0.3018867924528302,0.47404346776977824,0.29587071091345835,0.8720818581863614,0.5748622296200228,0.0,0.4528301886792453,0.08234073578368872
1587,101,95.28301886792453,106,0,106,0,0,0.0,4.490340760784072,4.413579706794524,24.394791756694996,3.346363323065881,1.6020937318714226,2.1085182990629043,8.349056603773585,3.567999827489257,0.4892841788718145,0.0,0.0,0.0,0.0,0.0,0,0,0,0,0,0.0,0.29245283018867924,0.4594787339045344,0.29288093381630115,0.8823912951887378,0.5742884609054574,0.0,0.41509433962264153,0.08215082260099757
1588,104,98.11320754716981,106,0,105,1,0,0.0,4.516622446401234,4.439284894823352,24.74475646432874,3.3536800273829694,1.5591676999666593,2.081456197939441,8.349056603773585,3.567999827489257,0.49120557730689085,0.8055264139824929,0.0056204799980859015,1.0,0.19447358601750708,0.010482606472364653,0,0,0,1,0,0.0,0.29245283018867924,0.4624469696434098,0.2918917735766666,0.8582627008667112,0.5796858520318888,0.0,0.41509433962264153,0.08241276102778917
1589,106,100.0,106,0,106,0,0,0.0,4.501716308797425,4.42657674951903,23.86712584819078,3.3603729304206182,1.6306489951567429,2.132260304326947,8.349056603773585,3.567999827489257,0.48715606474887996,0.0,0.0,0.0,0.0,0.0,0,0,0,0,0,0.0,0.3018867924528302,0.45215351355555716,0.2965228496015591,0.8700180914104589,0.5723631912312157,0.0,0.41509433962264153,0.0824576317241888
1590,106,100.0,106,0,106,0,0,0.0,4.517378293362365,4.441830318080732,24.15895212278757,3.367262428529404,1.6466590118278708,2.161830223303712,8.349056603773585,3.567999827489257,0.4860797198492728,0.0,0.0,0.0,0.0,0.0,0,0,0,0,0,0.0,0.3113207547169811,0.45206885488013493,0.29939815186046326,0.8700180914104589,0.5660796339688253,0.0,0.41509433962264153,0.08265885028733168
1591,106,100.0,106,0,106,0,0,0.0,4.464106095124528,4.390419893528785,23.261029483461677,3.3724386502700936,1.6657220977197098,2.1668203523340352,8.349056603773585,3.567999827489257,0.48227943643490057,0.0,0.0,0.0,0.0,0.0,0,0,0,0,0,0.0,0.33962264150943394,0.4456473002768449,0.29387347519503804,0.8572234620609153,0.5652961745331044,0.0,0.41509433962264153,0.08248483308753163
1592,106,100.0,106,0,104,2,0,0.0,4.399556739944286,4.328243103884518,21.29271564882061,3.3756554102302077,1.7518972710122511,2.2170582637692204,8.349056603773585,3.567999827489257,0.47506162109114825,0.46249859536771903,0.0038381360222398157,0.5,0.4003116176872297,0.006797685415587229,0,0,0,2,0,0.0,0.33962264150943394,0.42942067312383336,0.30703367281142147,0.8559101632016644,0.5539824703387748,0.0,0.41509433962264153,0.08221947330654422
1593,105,99.05660377358491,106,1,105,0,0,0.009433962264150943,4.424255980916405,4.348163983357348,22.833559883549096,3.379449154572781,1.7798805773058224,2.2375780181039824,8.349056603773585,3.567999827489257,0.47739111952560154,0.4895739547206843,0.004204859140445402,0.0,0.4895739547206843,0.011630827306965852,0,1,0,0,0,0.0,0.32075471698113206,0.4374311981752697,0.2928889661944769,0.8512811467047355,0.5560662327507078,0.009433962264150943,0.41509433962264153,0.08241064990720402
1594,105,99.05660377358491,106,0,105,1,0,0.0,4.417883994987307,4.344040362266122,21.79086941405643,3.3828666966729117,1.7604045460735234,2.2430578630662485,8.349056603773585,3.567999827489257,0.4743682741512425,0.4340074334779487,0.0017362331109311326,0.0,0.4340074334779487,0.009106195262938321,0,0,0,1,0,0.0,0.330188679245283,0.4280160886046434,0.30127378241061786,0.8583582444163211,0.5551842383119655,0.0,0.41509433962264153,0.08243975892567705
1595,105,99.05660377358491,106,0,105,1,0,0.0,4.414906795210149,4.341675292494632,23.0545653719966,3.386094792328512,1.7137343610741225,2.2292162942085985,8.349056603773585,3.567999827489257,0.4746352373883669,0.4527568081989001,0.0017037369839899594,0.0,0.4527568081989001,-0.005186669549441358,0,0,0,1,0,0.0,0.33962264150943394,0.4359985019336,0.27838231787433737,0.8664415425926506,0.5656326479759238,0.0,0.41509433962264153,0.08248246215050276
1596,105,99.05660377358491,106,0,105,1,0,0.0,4.443806481289549,4.371399886119106,22.26474578032809,3.3900561682960846,1.689285172223944,2.207060359645232,8.349056603773585,3.567999827489257,0.47192468808385457,0.805835067520491,0.00530409786750928,1.0,0.19416493247950894,0.00981682702038178,0,0,0,1,0,0.0,0.32075471698113206,0.42702163939004834,0.29122915935185323,0.8787721185081468,0.5616145478287546,0.0,0.41509433962264153,0.08269763152474435
1597,104,98.11320754716981,106,1,105,0,0,0.009433962264150943,4.419260785875395,4.336946326780346,21.296940113969242,3.3932236155538007,1.7112987209078467,2.2315701811279594,8.349056603773585,3.567999827489257,0.46871197686287847,0.7535323197828967,0.004747004638786081,1.0,0.2464676802171033,0.009559095070056589,0,1,0,0,0,0.0,0.330188679245283,0.4193958360176515,0.2921941011959158,0.8643802756851161,0.5556099763140804,0.009433962264150943,0.41509433962264153,0.08263141030401915
1598,105,99.05660377358491,106,0,104,2,0,0.0,4.473440555900021,4.38840954476803,23.46007189099023,3.397416158793993,1.6347283913052801,2.187014989344308,8.349056603773585,3.567999827489257,0.4754781898005882,0.05071686856696637,0.004317097661396515,0.0,0.05071686856696637,-0.04991203525875604,0,0,0,2,0,0.5,0.3113207547169811,0.43675132423339214,0.2761444480468224,0.8643749761028768,0.5690139361738045,0.0,0.4528301886792453,0.08297710412193102
1599,105,99.05660377358491,106,0,105,1,0,0.0,4.4735070881526084,4.388603941699445,23.258416411888213,3.4014646609643493,1.5928626123813208,2.1753284065942524,8.349056603773585,3.567999827489257,0.4766429266040948,0.32311130176699066,0.0012058462290261253,0.0,0.32311130176699066,-0.001281571957345351,0,0,0,1,0,0.0,0.330188679245283,0.4366220375841192,0.2807875953600248,0.8698519065321589,0.5715695198326893,0.0,0.4528301886792453,0.08304966205842106
1600,102,96.22641509433963,106,3,102,1,0,0.02830188679245283,4.517921360899445,4.437114204209654,25.976301970325895,3.406595008698495,1.555812385139792,2.1432114811828917,8.349056603773585,3.567999827489257,0.481930946405734,0.4949830025514571,0.00499054119966778,0.5,0.26007649976676905,-0.015531092288757542,0,3,0,1,0,0.25,0.32075471698113206,0.4547490150042835,0.25251036817596967,0.8619608585103478,0.5856438288276292,0.02830188679245283,0.4339622641509434,0.0833632588213072
1601,100,94.33962264150944,106,2,104,0,0,0.018867924528301886,4.517974324252582,4.441725111235178,25.6775623872694,3.411728164839751,1.5496252050862271,2.1503103128190104,8.349056603773585,3.567999827489257,0.4839818450741995,0.8463793367743186,0.004679752310820426,1.0,0.1536206632256814,0.020518217518718573,0,2,0,0,0,0.0,0.33962264150943394,0.4546846283892587,0.2607494166054835,0.8683378137294429,0.581315317577029,0.018867924528301886,0.4339622641509434,0.08345509913920526
1602,101,95.28301886792453,106,0,105,1,0,0.0,4.501332608210991,4.426478520755773,24.194324663672987,3.416347106591398,1.6043646591654166,2.19252818570063,8.349056603773585,3.567999827489257,0.4800895239330658,0.08463560252115429,0.00868726245042472,0.0,0.08463560252115429,-0.12691158371110323,0,0,0,1,0,0.0,0.3490566037735849,0.44246690679826706,0.27201162723826394,0.8455113069568956,0.5704201640577858,0.0,0.4339622641509434,0.08345429247586261
1603,100,94.33962264150944,106,1,104,1,0,0.009433962264150943,4.508486536708337,4.430101750476789,22.947660561758944,3.421037372658308,1.6746822228897948,2.2512118788034843,8.349056603773585,3.567999827489257,0.47756898105595247,0.5427224687597618,0.011639898314420503,0.5,0.06076084218820699,-0.0622284616584714,0,1,0,1,0,0.5,0.3113207547169811,0.4335855451277626,0.28351272555135426,0.8517405710891381,0.5637372497046526,0.009433962264150943,0.4339622641509434,0.08357373646093741
1604,98,92.45283018867924,106,2,104,0,0,0.018867924528301886,4.4694213165369145,4.406184760524837,20.981580284056506,3.424403692458207,1.7025179626293974,2.260715141322237,8.349056603773585,3.567999827489257,0.47388355875900023,0.6935613598598928,0.007182459535634001,0.5,0.19357493126022896,0.021853424410840705,0,2,0,0,0,0.5,0.3113207547169811,0.41962510949987697,0.3033915167303167,0.8498681270518,0.5553506739111514,0.018867924528301886,0.4528301886792453,0.08343846550240686
1605,101,95.28301886792453,106,0,106,0,0,0.0,4.460626665692789,4.397878388410634,20.649544696770306,3.427754009268105,1.6808625810715228,2.280676836905071,8.349056603773585,3.567999827489257,0.4738346121129071,0.0,0.0,0.0,0.0,0.0,0,0,0,0,0,0.0,0.33962264150943394,0.4179843535227679,0.30989715583311916,0.8773202865056462,0.5573526336848896,0.0,0.4528301886792453,0.083454261897185
1606,103,97.16981132075472,106,0,106,0,0,0.0,4.458452961238113,4.395702198640994,20.060461074213244,3.4309226696222246,1.70080178621827,2.293628882253183,8.349056603773585,3.567999827489257,0.4736992452935571,0.0,0.0,0.0,0.0,0.0,0,0,0,0,0,0.0,0.3018867924528302,0.41479137022754053,0.3202650452716137,0.8841709518431466,0.5527492238108103,0.0,0.4528301886792453,0.08349992227289596
1607,103,97.16981132075472,106,0,105,1,0,0.0,4.454368733862113,4.393553490581061,18.603994512901156,3.4339169394604787,1.7105082320448617,2.2810556144376912,8.349056603773585,3.567999827489257,0.46787319349465717,0.42822646052405844,0.0024046607866810878,0.0,0.42822646052405844,0.04444023032173816,0,0,0,1,0,0.0,0.330188679245283,0.3994634624533445,0.33431002694329454,0.8841709518431466,0.5474164657636089,0.0,0.4528301886792453,0.0835329189073477
1608,104,98.11320754716981,106,0,106,0,0,0.0,4.460522946914131,4.400511018026687,19.00035251256664,3.4370029694098747,1.71061575686284,2.2645515880963796,8.349056603773585,3.567999827489257,0.47071919534984796,0.0,0.0,0.0,0.0,0.0,0,0,0,0,0,0.0,0.32075471698113206,0.40427669898510254,0.337916569204685,0.8837999162540425,0.5520012028352328,0.0,0.41509433962264153,0.08361874474424315
1609,106,100.0,106,0,106,0,0,0.0,4.463480050469301,4.404434474094471,17.988257142608205,3.4400908809405846,1.7464648596105474,2.2756496129647568,8.349056603773585,3.567999827489257,0.4662255218213063,0.0,0.0,0.0,0.0,0.0,0,0,0,0,0,0.0,0.33962264150943394,0.3928704880268125,0.34519769859270083,0.8890968583063621,0.5460856276689653,0.0,0.41509433962264153,0.08368861860106336
1610,106,100.0,106,0,106,0,0,0.0,4.513660275410513,4.452419484698926,19.23926812865167,3.444438299869675,1.720806656564285,2.264580347260653,8.349056603773585,3.567999827489257,0.4699138871312647,0.0,0.0,0.0,0.0,0.0,0,0,0,0,0,0.0,0.3490566037735849,0.4021779155806968,0.3376633170460879,0.8824756930956278,0.5504600166219816,0.0,0.4528301886792453,0.08401707767571452
1611,106,100.0,106,0,106,0,0,0.0,4.540412407154983,4.481092302961612,19.359950563187596,3.4494490397837954,1.6896886017382713,2.2398071822400003,8.349056603773585,3.567999827489257,0.47094790376669193,0.0,0.0,0.0,0.0,0.0,0,0,0,0,0,0.0,0.330188679245283,0.4023988194209845,0.33542676747392247,0.8829775635025141,0.5542649423143785,0.0,0.4528301886792453,0.08424022993018275
1612,106,100.0,106,0,106,0,0,0.0,4.5441888501383305,4.485241364126717,19.393887603041424,3.4543994273025938,1.6731470248896718,2.225717721042777,8.349056603773585,3.567999827489257,0.46961701259892363,0.0,0.0,0.0,0.0,0.0,0,0,0,0,0,0.0,0.330188679245283,0.4009813955546701,0.3260286809293825,0.8773202865056462,0.5577665124866246,0.0,0.4528301886792453,0.08434742705416487
1613,106,100.0,106,0,106,0,0,0.0,4.568717327243031,4.508305299709196,18.898159415575577,3.4598315219486975,1.6782938194680295,2.214627744541354,8.349056603773585,3.567999827489257,0.46948118105059233,0.0,0.0,0.0,0.0,0.0,0,0,0,0,0,0.0,0.3490566037735849,0.3968263956284665,0.3389212606956014,0.8783706097081846,0.5584073636707931,0.0,0.41509433962264153,0.08456697800348939
1614,105,99.05660377358491,106,1,105,0,0,0.009433962264150943,4.587133290157368,4.518533847437024,19.18637266594101,3.465605022897278,1.6764913617825385,2.227841977371502,8.349056603773585,3.567999827489257,0.4705863271884063,0.714530074549026,0.0063026973933939905,1.0,0.28546992545097405,0.002204831741451807,0,1,0,0,0,0.0,0.3490566037735849,0.3983689321407396,0.34315790714375993,0.8645152676744033,0.5555201819817221,0.009433962264150943,0.4528301886792453,0.0847620570700038
1615,105,99.05660377358491,106,0,106,0,0,0.0,4.620755605453066,4.550387980914424,19.62031708123072,3.4718385099061395,1.626319489222898,2.187541095119004,8.349056603773585,3.567999827489257,0.47542491568683043,0.0,0.0,0.0,0.0,0.0,0,0,0,0,0,0.0,0.33962264150943394,0.4051812538119189,0.3380276872899124,0.8738752795165825,0.5673500986961834,0.0,0.41509433962264153,0.08504137404934366
1616,105,99.05660377358491,106,0,106,0,0,0.0,4.678616364872566,4.60537351627908,21.0399589787552,3.4794190931548417,1.5963164813627637,2.146894233377399,8.349056603773585,3.567999827489257,0.4796005394253824,0.0,0.0,0.0,0.0,0.0,0,0,0,0,0,0.0,0.33962264150943394,0.4153935299072155,0.32798701939258024,0.8744797533107036,0.5743792171605466,0.0,0.37735849056603776,0.08546591544505935
1617,105,99.05660377358491,106,0,105,1,0,0.0,4.6756594254993775,4.601973111255708,21.310648405223155,3.486632140050013,1.5974993022382475,2.1470939969385316,8.349056603773585,3.567999827489257,0.48431662749744,0.9544080294743666,0.00851805765190404,1.0,0.04559197052563335,0.0043862835874159956,0,0,0,1,0,1.0,0.3490566037735849,0.4230746338538681,0.32759009997558436,0.8794555212213039,0.5837536202783635,0.0,0.41509433962264153,0.08557981149858163
1618,104,98.11320754716981,106,1,105,0,0,0.009433962264150943,4.65712098515841,4.582858847221337,20.51138094052275,3.493079381816657,1.6140420237314599,2.1344794913436878,8.349056603773585,3.567999827489257,0.4835021707375644,0.9206718237750439,0.005966643385681215,1.0,0.07932817622495614,0.011122129987450213,0,1,0,0,0,0.0,0.33962264150943394,0.41866040564414164,0.33634196425036217,0.8747019550704213,0.5851733097280727,0.009433962264150943,0.4339622641509434,0.08560213808443261
1619,104,98.11320754716981,106,1,104,1,0,0.009433962264150943,4.671118972875873,4.605645917777534,21.024081811653065,3.4996684428263682,1.5767789612845668,2.04466705244131,8.349056603773585,3.567999827489257,0.48568934427812316,0.41082107271583806,0.0017990136934396793,0.5,0.2932529780780259,0.018563950680280605,0,1,0,1,0,0.0,0.3490566037735849,0.4229364583402348,0.33223628619063966,0.875171675921024,0.581847746915459,0.009433962264150943,0.4528301886792453,0.08578967686574976
1620,104,98.11320754716981,106,0,106,0,0,0.0,4.6674016673485355,4.603221648624478,20.769144524344856,3.5061946312091234,1.5600085466076477,2.0330327895897438,8.349056603773585,3.567999827489257,0.48419395967961876,0.0,0.0,0.0,0.0,0.0,0,0,0,0,0,0.0,0.330188679245283,0.4200886161609859,0.33006985891600843,0.8803596446620096,0.5831833899200652,0.0,0.4528301886792453,0.08588751753323225
1621,103,97.16981132075472,106,1,105,0,0,0.009433962264150943,4.731488733696787,4.658400293709172,23.68526758798018,3.514190175582069,1.4950523721074178,1.9982661928947518,8.349056603773585,3.567999827489257,0.4924602663381117,0.41376576799898923,0.005648287929060841,0.0,0.41376576799898923,-0.016376716071734077,0,1,0,0,0,0.0,0.3490566037735849,0.44302120254999083,0.31187629331552824,0.8453024944481355,0.5873285866539277,0.009433962264150943,0.49056603773584906,0.08635059336969025
1622,103,97.16981132075472,106,0,106,0,0,0.0,4.696731026803022,4.624008892572831,22.41610785704355,3.520791579627726,1.5511092657961802,2.0256741840094277,8.349056603773585,3.567999827489257,0.4885892584100413,0.0,0.0,0.0,0.0,0.0,0,0,0,0,0,0.0,0.33962264150943394,0.43345138714502535,0.3190443849362474,0.8511175208627813,0.5846408969041776,0.0,0.4528301886792453,0.08629457387770188
1623,104,98.11320754716981,106,0,106,0,0,0.0,4.726726301228844,4.654536169403361,22.37230589051494,3.5280288161361417,1.5124478449377974,2.0033864133039763,8.349056603773585,3.567999827489257,0.4882497005808104,0.0,0.0,0.0,0.0,0.0,0,0,0,0,0,0.0,0.3490566037735849,0.4309674631634589,0.3246016797941375,0.8385102702904292,0.5802692959011866,0.0,0.4528301886792453,0.08657366254289864
1624,105,99.05660377358491,106,0,106,0,0,0.0,4.772310623222986,4.698251489697065,23.0488546478472,3.536255638100555,1.5562378590200534,2.0158297659301465,8.349056603773585,3.567999827489257,0.4895566675077365,0.0,0.0,0.0,0.0,0.0,0,0,0,0,0,0.0,0.33962264150943394,0.4343719754769511,0.32255537782830956,0.8490917162246996,0.5822418608145975,0.0,0.4528301886792453,0.0869483506496184
1625,105,99.05660377358491,106,0,106,0,0,0.0,4.783624850762115,4.708649862582916,23.795616281759845,3.5444857382127735,1.5129454015198123,1.974636231576214,8.349056603773585,3.567999827489257,0.49238871322697886,0.0,0.0,0.0,0.0,0.0,0,0,0,0,0,0.0,0.33962264150943394,0.4409836262699639,0.31754720584227947,0.8503064769449806,0.5872287408528442,0.0,0.4528301886792453,0.0871517467662171
1626,106,100.0,106,0,105,1,0,0.0,4.761246661748795,4.687595631573199,22.25798667274185,3.551821216426301,1.5417459979122459,1.987587985708417,8.349056603773585,3.567999827489257,0.4909532976117239,0.13836456464852265,0.00017583086958880068,0.0,0.13836456464852265,0.0004283634184735763,0,0,0,1,0,0.0,0.3490566037735849,0.43307839591528247,0.34097839803286595,0.8219981956138507,0.5843578412802684,0.0,0.49056603773584906,0.08717072074615262
1627,105,99.05660377358491,106,1,105,0,0,0.009433962264150943,4.7573453109417825,4.683877335408888,21.363802413348562,3.5588386271655805,1.5974609335263033,2.038266468859395,8.349056603773585,3.567999827489257,0.48911580568815705,0.27424535370686215,0.005931167084530383,0.0,0.27424535370686215,-0.06320824229016164,0,1,0,0,0,0.0,0.3490566037735849,0.42635019459531953,0.3515020362143738,0.8219981956138507,0.5830883713839555,0.009433962264150943,0.49056603773584906,0.08727640459365339
1628,105,99.05660377358491,106,0,106,0,0,0.0,4.710652730024011,4.638510843799036,20.706182572462648,3.564260918211548,1.6969510444156526,2.1037334342061405,8.349056603773585,3.567999827489257,0.48868605403706034,0.0,0.0,0.0,0.0,0.0,0,0,0,0,0,0.0,0.3584905660377358,0.4244704522852136,0.35390351772600304,0.8081702323407951,0.5786704334723723,0.0,0.49056603773584906,0.08713967535664757
1629,105,99.05660377358491,106,0,106,0,0,0.0,4.796625923949113,4.723045597079469,22.19569524888316,3.57190270180332,1.6697411095767853,2.07935703443296,8.349056603773585,3.567999827489257,0.49187250539041605,0.0,0.0,0.0,0.0,0.0,0,0,0,0,0,0.0,0.33962264150943394,0.4313303079874191,0.3354250580669551,0.8340516060389296,0.5876363602215128,0.0,0.49056603773584906,0.08770587073895886
1630,105,99.05660377358491,106,0,106,0,0,0.0,4.861237464874061,4.787203480846509,23.356218277809454,3.581103149115424,1.5997689674793523,2.029311955532225,8.349056603773585,3.567999827489257,0.49409119748613795,0.0,0.0,0.0,0.0,0.0,0,0,0,0,0,0.0,0.33962264150943394,0.43613268771379093,0.32564614699785194,0.8693467521329197,0.593207238186359,0.0,0.4528301886792453,0.08819306441569565
1631,105,99.05660377358491,106,0,106,0,0,0.0,4.889971507728604,4.813468071149715,24.57900919941183,3.590725020912671,1.5906956019896579,2.0404792335457658,8.349056603773585,3.567999827489257,0.497280250848086,0.0,0.0,0.0,0.0,0.0,0,0,0,0,0,0.0,0.33962264150943394,0.4446271564443837,0.32361369687740515,0.825209568149117,0.595240580806251,0.0,0.49056603773584906,0.08850838881453188
1632,106,100.0,106,0,106,0,0,0.0,4.836558614972286,4.761829552907674,22.817025763866297,3.5985296145473558,1.564612423628391,2.0262097122870166,8.349056603773585,3.567999827489257,0.4928979393513382,0.0,0.0,0.0,0.0,0.0,0,0,0,0,0,0.0,0.33962264150943394,0.43345747978814836,0.33945639509601694,0.8653085290655866,0.5913857464998834,0.0,0.4528301886792453,0.08838055829446118
1633,106,100.0,106,0,106,0,0,0.0,4.88194594332439,4.806625186344491,24.91046134677189,3.6073343867936174,1.4998458985193714,2.002162756693623,8.349056603773585,3.567999827489257,0.4962054733346781,0.0,0.0,0.0,0.0,0.0,0,0,0,0,0,0.0,0.36792452830188677,0.44496844045565037,0.3110620613943721,0.8631512734099495,0.6076924277542027,0.0,0.4528301886792453,0.08876457206550041
1634,106,100.0,106,0,106,0,0,0.0,4.875090223997935,4.798089204663967,25.794720209590054,3.6155813537320136,1.465289790892439,1.9888150637859716,8.349056603773585,3.567999827489257,0.4983377317941302,0.0,0.0,0.0,0.0,0.0,0,0,0,0,0,0.0,0.36792452830188677,0.4522151206321562,0.3045942353352744,0.8686296497984911,0.6087956933571234,0.0,0.4528301886792453,0.08887741935193567
1635,106,100.0,106,0,106,0,0,0.0,4.875048240130699,4.800903210541638,24.72343614636404,3.623614391884163,1.4221287224534647,1.9646775318343406,8.349056603773585,3.567999827489257,0.4964460457710693,0.0,0.0,0.0,0.0,0.0,0,0,0,0,0,0.0,0.37735849056603776,0.4445091830553408,0.30777540032876444,0.8686296497984911,0.6101895662099337,0.0,0.4528301886792453,0.0890205188263049
1636,106,100.0,106,0,106,0,0,0.0,4.912523194776988,4.833997055497928,26.93068878756264,3.632305441913662,1.3345597419766577,1.8795199669518325,8.349056603773585,3.567999827489257,0.5030235679960475,0.0,0.0,0.0,0.0,0.0,0,0,0,0,0,0.0,0.37735849056603776,0.4614757585804064,0.2947092836932129,0.8693467521329197,0.6186655545020264,0.0,0.4528301886792453,0.08936294192456612
1637,106,100.0,106,0,106,0,0,0.0,4.919797193430081,4.840825075588768,26.852490777671456,3.64088129428915,1.3303662865066526,1.9141425526949964,8.349056603773585,3.567999827489257,0.5015932236325982,0.0,0.0,0.0,0.0,0.0,0,0,0,0,0,0.0,0.36792452830188677,0.45866419622501897,0.30820583317032596,0.8686296497984911,0.6117011757051094,0.0,0.4528301886792453,0.08955230511681316
1638,106,100.0,106,0,106,0,0,0.0,4.922721122375309,4.845705868720718,27.387687274935878,3.6492904776190986,1.3220565933060233,1.95370476170374,8.349056603773585,3.567999827489257,0.5026823531468869,0.0,0.0,0.0,0.0,0.0,0,0,0,0,0,0.0,0.3490566037735849,0.4622570599747141,0.2990041574219234,0.8590816600936115,0.6116130306064778,0.0,0.4528301886792453,0.08971694458489221
1639,106,100.0,106,0,106,0,0,0.0,4.985028862527106,4.90565356235125,29.03252965326229,3.6591107681865975,1.226343357404519,1.9067377599144237,8.349056603773585,3.567999827489257,0.5075015668272631,0.0,0.0,0.0,0.0,0.0,0,0,0,0,0,0.0,0.33962264150943394,0.47346566310707483,0.29544761058049246,0.878821574429625,0.6241310887128074,0.0,0.41509433962264153,0.09020367726090484
1640,106,100.0,106,0,106,0,0,0.0,5.0141096590421625,4.9336306142911805,31.743826511731637,3.6693792477355522,1.2019310704296755,1.9213358823945608,8.349056603773585,3.567999827489257,0.5090009957410782,0.0,0.0,0.0,0.0,0.0,0,0,0,0,0,0.0,0.33962264150943394,0.4852412959443481,0.2753789068385331,0.878821574429625,0.6261455819049793,0.0,0.41509433962264153,0.09053227090977636
1641,106,100.0,106,0,106,0,0,0.0,5.040431827959968,4.958233551722123,31.000173425983185,3.679983614163989,1.231100711784491,1.927394432058107,8.349056603773585,3.567999827489257,0.507835993934671,0.0,0.0,0.0,0.0,0.0,0,0,0,0,0,0.0,0.33962264150943394,0.4797247068720071,0.28840660269282997,0.8686296497984911,0.6226302099335017,0.0,0.4528301886792453,0.09085306364230186
1642,106,100.0,106,0,106,0,0,0.0,5.073242831162168,4.990687807047183,31.47670934593412,3.691135991035762,1.2503866048840586,1.9594928070880029,8.349056603773585,3.567999827489257,0.5070410284154139,0.0,0.0,0.0,0.0,0.0,0,0,0,0,0,0.0,0.32075471698113206,0.4790318130411198,0.28613099846969,0.8693467521329197,0.6209489866725006,0.0,0.4528301886792453,0.09121607705208579
1643,106,100.0,106,0,106,0,0,0.0,5.102612921129957,5.021578373661463,30.231780386005966,3.7027721914107956,1.282341156380862,1.957304260977523,8.349056603773585,3.567999827489257,0.5064508072307128,0.0,0.0,0.0,0.0,0.0,0,0,0,0,0,0.0,0.32075471698113206,0.4718343536349068,0.301131800404148,0.8832691527835608,0.6195793214417286,0.0,0.4528301886792453,0.09157051730657847
1644,105,99.05660377358491,106,1,105,0,0,0.009433962264150943,5.099083379783473,5.012529046105166,30.569770929647657,3.7138857090811435,1.333871380133959,2.0045786521062046,8.349056603773585,3.567999827489257,0.5054518047142349,0.7349778441842854,0.005928515328126733,1.0,0.26502215581571464,0.01292103524730992,0,1,0,0,0,0.0,0.330188679245283,0.4722344241815972,0.29644856786701346,0.8742611664448323,0.6147521285490369,0.009433962264150943,0.39622641509433965,0.09175113474549905
1645,104,98.11320754716981,106,1,104,1,0,0.009433962264150943,5.126879912417895,5.055609021580937,32.98920058138337,3.7251638817536787,1.309840918517968,2.0150983500538477,8.349056603773585,3.567999827489257,0.5086109862932067,0.6065573547710927,0.0035699684667273223,1.0,0.3934426452289073,0.008654456484479267,0,1,0,1,0,0.0,0.330188679245283,0.4835760806509744,0.291703320255182,0.8727894406245909,0.6114539905868706,0.009433962264150943,0.39622641509433965,0.09209131999942116
1646,104,98.11320754716981,106,0,106,0,0,0.0,5.1270859402012094,5.056889996447331,31.175938493067278,3.7365939019586656,1.3662650983389828,2.0347281303940097,8.349056603773585,3.567999827489257,0.5077632124305473,0.0,0.0,0.0,0.0,0.0,0,0,0,0,0,0.0,0.32075471698113206,0.47537484346235626,0.30564629233362856,0.870016000462362,0.6037675835259682,0.0,0.4339622641509434,0.09229626168893569
1647,104,98.11320754716981,106,0,106,0,0,0.0,5.226164806643491,5.151030921890745,34.616278966910706,3.7503032575083903,1.2877799496558322,1.9898386904865772,8.349056603773585,3.567999827489257,0.5129844366486906,0.0,0.0,0.0,0.0,0.0,0,0,0,0,0,0.0,0.33962264150943394,0.4915787679770591,0.29459639240825536,0.8791968245813029,0.6096347756742936,0.0,0.39622641509433965,0.09303623091232913
1648,104,98.11320754716981,106,0,106,0,0,0.0,5.209445977878792,5.132683829084527,36.141330309026834,3.762999763884011,1.307272157075062,2.024183797783477,8.349056603773585,3.567999827489257,0.5114929545375979,0.0,0.0,0.0,0.0,0.0,0,0,0,0,0,0.0,0.3113207547169811,0.49602719239430826,0.28982414161967174,0.8880526575147147,0.6026249386691979,0.0,0.39622641509433965,0.0931791424312953
1649,105,99.05660377358491,106,0,106,0,0,0.0,5.17768321458936,5.1027596586885275,33.68323224478533,3.774389103455567,1.4068021193051636,2.059352142735754,8.349056603773585,3.567999827489257,0.5092174921207993,0.0,0.0,0.0,0.0,0.0,0,0,0,0,0,0.0,0.32075471698113206,0.4862001041515991,0.3051917775632272,0.8844164577077931,0.5982517231323353,0.0,0.39622641509433965,0.09322351442298077
1650,106,100.0,106,0,106,0,0,0.0,5.150864584196529,5.0775071015127855,31.117115002382977,3.784651262453684,1.459471604569602,2.070363812912996,8.349056603773585,3.567999827489257,0.5065196445986833,0.0,0.0,0.0,0.0,0.0,0,0,0,0,0,0.0,0.3018867924528302,0.4741942845842435,0.3182336808121316,0.8901653327124034,0.5960066347648917,0.0,0.3584905660377359,0.09327249817869136
1651,106,100.0,106,0,106,0,0,0.0,5.186106054229191,5.111158450529863,30.974377004261125,3.7955078116963525,1.4469223686890729,2.0563614392004768,8.349056603773585,3.567999827489257,0.505752536876632,0.0,0.0,0.0,0.0,0.0,0,0,0,0,0,0.0,0.3018867924528302,0.47120267207786565,0.32738173451216557,0.8742611664448323,0.5938113899083944,0.0,0.39622641509433965,0.09364238635797953
1652,106,100.0,106,0,106,0,0,0.0,5.197504548541694,5.123049815181784,30.897203746471977,3.806316426376985,1.4276873190507973,2.043408378869863,8.349056603773585,3.567999827489257,0.5079997497205846,0.0,0.0,0.0,0.0,0.0,0,0,0,0,0,0.0,0.3113207547169811,0.4734435817818998,0.3307043578656899,0.8621956101036632,0.5945069479284294,0.0,0.39622641509433965,0.09389220450612151
1653,106,100.0,106,0,106,0,0,0.0,5.177011534603432,5.104153214780922,30.524036706420322,3.8162000051686955,1.4411159647874372,2.0376443201253087,8.349056603773585,3.567999827489257,0.5062079914742559,0.0,0.0,0.0,0.0,0.0,0,0,0,0,0,0.0,0.29245283018867924,0.4704913383362378,0.3206289870699017,0.861287331734883,0.5967757005373622,0.0,0.4339622641509434,0.0939660624735492
1654,106,100.0,106,0,106,0,0,0.0,5.161578061500753,5.088234637246942,31.37225629453378,3.825276558031007,1.4768134913261535,2.0580181745291375,8.349056603773585,3.567999827489257,0.5059200305638649,0.0,0.0,0.0,0.0,0.0,0,0,0,0,0,0.0,0.330188679245283,0.47491158425778784,0.31657240295750516,0.8832397719453873,0.5956915766685655,0.0,0.39622641509433965,0.09405082080327043
1655,105,99.05660377358491,106,1,105,0,0,0.009433962264150943,5.1791705393866465,5.124621197976298,31.55396115435582,3.834563805585817,1.415811038961161,2.002344629296039,8.349056603773585,3.567999827489257,0.508625739454448,0.9999847798424553,0.006007405051844437,1.0,1.522015754473749e-05,0.06491307053174245,0,1,0,0,0,1.0,0.3490566037735849,0.4780105496283909,0.32086210699955153,0.87001493159708,0.5992859081596207,0.009433962264150943,0.41509433962264153,0.09430446768106696
1656,104,98.11320754716981,106,1,104,1,0,0.009433962264150943,5.182958175413532,5.124796911103237,31.11391457686053,3.8441510433840436,1.4511471283960087,2.058739068182663,8.349056603773585,3.567999827489257,0.505575900023663,0.7992106919719992,0.005701032468042924,1.0,0.20078930802800082,-0.015536749685854834,0,1,0,1,0,0.5,0.32075471698113206,0.4712430613041656,0.32815394402805703,0.8530529932338169,0.5859488796938317,0.009433962264150943,0.41509433962264153,0.09449444217525224
1657,102,96.22641509433963,106,2,104,0,0,0.018867924528301886,5.195227237717349,5.14352264651831,30.53675945654051,3.853577699840716,1.5166254848460736,2.12128511025696,8.349056603773585,3.567999827489257,0.5022327001867288,0.7665447528969258,0.008079325829748482,1.0,0.2334552471030742,0.0369823458499664,0,2,0,0,0,0.5,0.32075471698113206,0.46456979670139337,0.338579996186653,0.8536725789427422,0.5791106570598716,0.018867924528301886,0.37735849056603776,0.09472395902982736
1658,102,96.22641509433963,106,0,106,0,0,0.0,5.257499364427264,5.203717867449061,32.49205562371498,3.8646169697851236,1.4422700301141345,2.055210896185989,8.349056603773585,3.567999827489257,0.5089787654023681,0.0,0.0,0.0,0.0,0.0,0,0,0,0,0,0.0,0.32075471698113206,0.47926289910186193,0.33431424306565094,0.8838536488084313,0.5875589428843091,0.0,0.41509433962264153,0.09523226022966319
1659,102,96.22641509433963,106,0,106,0,0,0.0,5.314273596409228,5.2588447846296384,34.49192365075125,3.8768359012448808,1.3790320110266467,2.002062371957679,8.349056603773585,3.567999827489257,0.5131413232185902,0.0,0.0,0.0,0.0,0.0,0,0,0,0,0,0.0,0.330188679245283,0.491141787841406,0.33005996979219826,0.8710786737375598,0.5898757306441824,0.0,0.41509433962264153,0.09573411711627561
1660,102,96.22641509433963,106,1,105,0,0,0.009433962264150943,5.325578496096166,5.280457192434037,34.43819736967616,3.8889574542727483,1.3776987803365206,2.0063464754744698,8.349056603773585,3.567999827489257,0.5126246511825474,0.9999997631822022,0.0014609872179151438,1.0,2.3681779781625778e-07,0.1923623753096914,0,1,0,0,0,1.0,0.32075471698113206,0.4895064690571441,0.3342474030540994,0.8710786737375598,0.5817042137798092,0.009433962264150943,0.41509433962264153,0.09600689011027197
1661,103,97.16981132075472,106,0,106,0,0,0.0,5.317361713463608,5.272415583051625,34.55117829718259,3.900695282139405,1.369635851668917,2.008185194119249,8.349056603773585,3.567999827489257,0.5122041866631168,0.0,0.0,0.0,0.0,0.0,0,0,0,0,0,0.0,0.32075471698113206,0.4888850050025159,0.3274443277491133,0.8616172011691254,0.5849044076659778,0.0,0.37735849056603776,0.09617520903612582
1662,105,99.05660377358491,106,0,106,0,0,0.0,5.304377011322909,5.260978857755214,33.07806965181926,3.911687854456951,1.375615775638147,1.9948007280981763,8.349056603773585,3.567999827489257,0.5091642808094807,0.0,0.0,0.0,0.0,0.0,0,0,0,0,0,0.0,0.330188679245283,0.4797790154868034,0.3375901146247527,0.890310667913148,0.5769076535225752,0.0,0.37735849056603776,0.09630639300608568
1663,104,98.11320754716981,106,1,104,1,0,0.009433962264150943,5.374173120966817,5.317707416779564,34.88182222673445,3.9242320952183443,1.2769461355266387,1.8755696050778248,8.349056603773585,3.567999827489257,0.5148498004732269,0.512826788357937,0.003940967852844918,0.5,0.012826991853470793,0.06077457652500675,0,1,0,1,0,1.0,0.33962264150943394,0.4912439138435791,0.3419215956153968,0.8879104898347017,0.5835566944594874,0.009433962264150943,0.37735849056603776,0.09687916279866837
1664,102,96.22641509433963,106,2,104,0,0,0.018867924528301886,5.369229925617652,5.326137354535494,34.82032871109669,3.9358566092715637,1.2924775532719983,1.8883284587611917,8.349056603773585,3.567999827489257,0.513675762627124,0.6346525357300096,0.004736747717462535,0.5,0.27297467786992147,0.03912670177267408,0,2,0,0,0,0.0,0.33962264150943394,0.49033700070428826,0.3438527369684574,0.892111660234528,0.5859557231398982,0.018867924528301886,0.37735849056603776,0.09706182814260522
1665,103,97.16981132075472,106,0,106,0,0,0.0,5.3110281675448165,5.269276291313383,32.095550009633506,3.9458314674297243,1.3971650458563458,1.9358671393496976,8.349056603773585,3.567999827489257,0.5092733392277329,0.0,0.0,0.0,0.0,0.0,0,0,0,0,0,0.0,0.36792452830188677,0.4770582757821394,0.35179829338539376,0.8910223529141849,0.5838592351057132,0.0,0.37735849056603776,0.09694877081317876
1666,103,97.16981132075472,106,0,106,0,0,0.0,5.304456248189657,5.264359852449419,31.105509020466666,3.955310087841862,1.4362733067438538,1.979431469144267,8.349056603773585,3.567999827489257,0.504899897635998,0.0,0.0,0.0,0.0,0.0,0,0,0,0,0,0.0,0.3490566037735849,0.4678092157584559,0.3547359249386416,0.891003042580872,0.5791164102085623,0.0,0.37735849056603776,0.0970850097963797
1667,103,97.16981132075472,106,0,106,0,0,0.0,5.269786970082166,5.229600080482907,29.222648864190404,3.9634583282110056,1.4825701584672557,1.9504165689777297,8.349056603773585,3.567999827489257,0.5004277722520571,0.0,0.0,0.0,0.0,0.0,0,0,0,0,0,0.0,0.3113207547169811,0.45599276303140585,0.3669311397862724,0.8939272480811113,0.5682922516189836,0.0,0.339622641509434,0.09705702800699947
1668,104,98.11320754716981,106,0,106,0,0,0.0,5.189276699309567,5.149350205276106,27.51853716563346,3.969025187050684,1.6204015211523575,2.1079116470131183,8.349056603773585,3.567999827489257,0.49643119662868207,0.0,0.0,0.0,0.0,0.0,0,0,0,0,0,0.0,0.3113207547169811,0.44746074093665145,0.37732854823847023,0.8615159468457297,0.560108810821035,0.0,0.37735849056603776,0.09675378941003462
1669,106,100.0,106,0,106,0,0,0.0,5.142807554737905,5.104037643017656,26.74841521016086,3.973100018661996,1.685859947519525,2.1296414282742404,8.349056603773585,3.567999827489257,0.49378601737023464,0.0,0.0,0.0,0.0,0.0,0,0,0,0,0,0.0,0.330188679245283,0.44371690964574795,0.37233640453515043,0.8750315536183728,0.5586151582948647,0.0,0.37735849056603776,0.09659413867960735
1670,106,100.0,106,0,106,0,0,0.0,5.1463954582765625,5.106859485446533,27.923555765808747,3.977110006954841,1.6275538144412542,2.109397175640139,8.349056603773585,3.567999827489257,0.4966947405535267,0.0,0.0,0.0,0.0,0.0,0,0,0,0,0,0.0,0.330188679245283,0.4520678034339269,0.3635565810689165,0.8781241063645431,0.5546832138009861,0.0,0.37735849056603776,0.09668361638498617
1671,106,100.0,106,0,106,0,0,0.0,5.129259224225641,5.089447544070371,27.449391837365052,3.980479912441704,1.6805076654035367,2.173387474935169,8.349056603773585,3.567999827489257,0.49667758372988846,0.0,0.0,0.0,0.0,0.0,0,0,0,0,0,0.0,0.3584905660377358,0.4503894255482236,0.3664064876954066,0.8781241063645431,0.5529455797256335,0.0,0.37735849056603776,0.09665805432571047
1672,106,100.0,106,0,105,1,0,0.0,5.131663225462374,5.091413889871688,28.237868467357,3.983785707078448,1.6761553873841537,2.1966156762687947,8.349056603773585,3.567999827489257,0.4972852877691405,0.6470300550917438,0.003998179388370567,1.0,0.3529699449082562,0.04044718522914392,0,0,0,1,0,0.0,0.3584905660377358,0.4540697660804983,0.3580611492021488,0.8702458367216546,0.5538610255402086,0.0,0.37735849056603776,0.09672904970536222
1673,106,100.0,106,0,106,0,0,0.0,5.132175430810697,5.092728174002966,28.96425416794723,3.9870110658926854,1.6496503505926319,2.1954165065006896,8.349056603773585,3.567999827489257,0.4981444632729435,0.0,0.0,0.0,0.0,0.0,0,0,0,0,0,0.0,0.3584905660377358,0.45760836477820527,0.3476918345672329,0.8702458367216546,0.5559261653028558,0.0,0.37735849056603776,0.0967891511305678
1674,106,100.0,106,0,106,0,0,0.0,5.125186552682687,5.08504075435918,28.294707786439176,3.989901914214292,1.6483001468799496,2.191873534147309,8.349056603773585,3.567999827489257,0.49716778442575227,0.0,0.0,0.0,0.0,0.0,0,0,0,0,0,0.0,0.3490566037735849,0.4532951825855833,0.35389434729948094,0.8639799458508348,0.5524903801529985,0.0,0.37735849056603776,0.09680577947149169
1675,106,100.0,106,0,106,0,0,0.0,5.119245705201299,5.079733279280677,27.744590417627364,3.9925381205114543,1.6479881943260581,2.2094032458520236,8.349056603773585,3.567999827489257,0.49636340481651575,0.0,0.0,0.0,0.0,0.0,0,0,0,0,0,0.0,0.3584905660377358,0.44946345570479745,0.363142592764568,0.8507159836609155,0.5538717241989818,0.0,0.4528301886792453,0.09682310515215226
1676,105,99.05660377358491,106,1,105,0,0,0.009433962264150943,5.1606053428462335,5.1185457113634705,28.470109269419243,3.9962918509725314,1.6619691516337063,2.2480180020810705,8.349056603773585,3.567999827489257,0.49620898232929567,0.9972117553445148,0.00937218463389753,1.0,0.002788244655485217,0.043204964395146206,0,1,0,0,0,1.0,0.36792452830188677,0.44997484204251686,0.3527245351684998,0.8659787930075684,0.5562353853629827,0.009433962264150943,0.41509433962264153,0.09709686988856475
1677,105,99.05660377358491,106,0,105,1,0,0.0,5.137068019792676,5.097529745177295,27.68371010410148,3.9992080466351756,1.6528048928529546,2.2430455063385177,8.349056603773585,3.567999827489257,0.49236935287419525,0.8481172321464245,0.005501962614719682,1.0,0.15188276785357546,0.03553658297689877,0,0,0,1,0,0.0,0.3490566037735849,0.4423702637364137,0.3574149237759184,0.8760386267814213,0.553958163815217,0.0,0.41509433962264153,0.09703120820140315
1678,105,99.05660377358491,106,0,106,0,0,0.0,5.120248871678482,5.081275841231711,28.002275223702103,4.001556241029816,1.6574784966045166,2.235098637246972,8.349056603773585,3.567999827489257,0.4909520125188034,0.0,0.0,0.0,0.0,0.0,0,0,0,0,0,0.0,0.3490566037735849,0.4427426741131061,0.3512896429613121,0.8641931066758741,0.553282419976836,0.0,0.41509433962264153,0.09698900424680713
1679,105,99.05660377358491,106,0,106,0,0,0.0,5.175292985768037,5.133212884983553,29.999807919255552,4.005303142757683,1.6190487383325167,2.176008917283114,8.349056603773585,3.567999827489257,0.49558889217894575,0.0,0.0,0.0,0.0,0.0,0,0,0,0,0,0.0,0.33962264150943394,0.45443838802831144,0.3412050696733911,0.8721953694059472,0.5580821807345391,0.0,0.4528301886792453,0.09733106954084814
1680,105,99.05660377358491,106,0,106,0,0,0.0,5.193844451687137,5.150872384446101,31.15474362891034,4.00942042776665,1.5682607826431962,2.1535721794464493,8.349056603773585,3.567999827489257,0.49745033452314535,0.0,0.0,0.0,0.0,0.0,0,0,0,0,0,0.0,0.3584905660377358,0.4604519069296408,0.33050017453789216,0.8825337633170598,0.5586213485400743,0.0,0.41509433962264153,0.09749727923145224
1681,106,100.0,106,0,106,0,0,0.0,5.2234575467064515,5.1801581802724455,32.418557938030524,4.01422674176925,1.5637685059327442,2.168240695443366,8.349056603773585,3.567999827489257,0.49714224687511854,0.0,0.0,0.0,0.0,0.0,0,0,0,0,0,0.0,0.3584905660377358,0.4638857657437254,0.3144130215067903,0.8825337633170598,0.5587962365941377,0.0,0.41509433962264153,0.09773108934420949
1682,106,100.0,106,0,106,0,0,0.0,5.2645818878983714,5.220547388312525,33.00681884587746,4.020014435995083,1.5415385611793269,2.1591844630960964,8.349056603773585,3.567999827489257,0.49700548701404745,0.0,0.0,0.0,0.0,0.0,0,0,0,0,0,0.0,0.3584905660377358,0.46456221263210046,0.31924401520922036,0.8474344179509601,0.5581934266567289,0.0,0.41509433962264153,0.09803996351016575
1683,105,99.05660377358491,106,1,105,0,0,0.009433962264150943,5.2480854642341725,5.194595087019769,31.354457427024297,4.025139784774067,1.5773077340354988,2.1843807210378734,8.349056603773585,3.567999827489257,0.49357667943474715,0.7037733782326021,0.0040283981845283204,1.0,0.2962266217673979,0.037023651740131225,0,1,0,0,0,0.0,0.3584905660377358,0.4545653667204945,0.3308139442237153,0.8556798397937402,0.5518313244511065,0.009433962264150943,0.4339622641509434,0.09804891760964095
1684,105,99.05660377358491,106,0,106,0,0,0.0,5.2311958351648435,5.178935609006116,29.808919531954892,4.029350335073222,1.6551226242645614,2.2107241272455402,8.349056603773585,3.567999827489257,0.4918354543841297,0.0,0.0,0.0,0.0,0.0,0,0,0,0,0,0.0,0.3490566037735849,0.4465702415144096,0.3343431618958396,0.8806156686071238,0.5546747533036223,0.0,0.4339622641509434,0.09803958567799939
1685,105,99.05660377358491,106,0,106,0,0,0.0,5.282556238501983,5.228939533751501,31.39574543456102,4.034837964903888,1.6351807333113135,2.209168952836472,8.349056603773585,3.567999827489257,0.49367818396662955,0.0,0.0,0.0,0.0,0.0,0,0,0,0,0,0.0,0.3490566037735849,0.45342620138458567,0.33271034515119674,0.8677253847841307,0.5528716202561241,0.0,0.4716981132075472,0.09839428700613082
1686,104,98.11320754716981,106,1,105,0,0,0.009433962264150943,5.340841009380143,5.300127086595569,32.928997116330095,4.041740835909593,1.5998276188440783,2.201244540509838,8.349056603773585,3.567999827489257,0.4948340331644505,0.304060096769483,0.002691583923398154,0.0,0.304060096769483,0.01164147470529664,0,1,0,0,0,0.0,0.33962264150943394,0.45840804477865543,0.337915680831903,0.8713447622661413,0.547013470364096,0.009433962264150943,0.4339622641509434,0.09880885807330929
1687,104,98.11320754716981,106,0,106,0,0,0.0,5.381566338393922,5.341028924864446,32.29910788199617,4.049985852117027,1.584827229830882,2.161819686331084,8.349056603773585,3.567999827489257,0.4908975957507298,0.0,0.0,0.0,0.0,0.0,0,0,0,0,0,0.0,0.3018867924528302,0.4495270024128208,0.3422295026667875,0.8746575055036352,0.5437876072983563,0.0,0.4339622641509434,0.09915957580040703
1688,103,97.16981132075472,106,2,103,0,1,0.018867924528301886,5.405432417825342,5.386208809811422,31.096752341277853,4.05865551452213,1.615239765056648,2.1651475177048694,8.349056603773585,3.567999827489257,0.4895722041664172,0.5310216118556041,0.006623454997028715,0.3333333333333333,0.2018588981055102,-0.005797492341812409,0,3,0,0,0,0.3333333333333333,0.33962264150943394,0.4424846121016942,0.3541252723551961,0.8845730419347376,0.5426313845407356,0.018867924528301886,0.37735849056603776,0.09943357296739312
1689,102,96.22641509433963,106,1,105,0,0,0.009433962264150943,5.442066269825902,5.434998426662121,31.246917833687796,4.068662401927021,1.6295165012198225,2.157508050007009,8.349056603773585,3.567999827489257,0.4909753358698654,0.9072812023819965,0.00767923043790608,1.0,0.0927187976180035,0.010609787143313065,0,1,0,0,0,0.0,0.330188679245283,0.4423164858292733,0.34683177244371943,0.882357107877218,0.5466850190824,0.009433962264150943,0.41509433962264153,0.0997952650900677
1690,102,96.22641509433963,106,0,106,0,0,0.0,5.453609486455616,5.448389005366228,29.086704395313735,4.079011342695073,1.6500258438357145,2.153619857337036,8.349056603773585,3.567999827489257,0.48836979718847306,0.0,0.0,0.0,0.0,0.0,0,0,0,0,0,0.0,0.32075471698113206,0.43032165079312173,0.3640599474490953,0.8917589369099019,0.5468518581345118,0.0,0.37735849056603776,0.1000376062675918
1691,103,97.16981132075472,106,0,106,0,0,0.0,5.426605656192761,5.421956436272738,29.55901277320356,4.088236542058649,1.6417882041880392,2.149901814340179,8.349056603773585,3.567999827489257,0.48820219311505864,0.0,0.0,0.0,0.0,0.0,0,0,0,0,0,0.0,0.3113207547169811,0.4323134745982967,0.3497652367957219,0.8778695063792764,0.55107151376357,0.0,0.37735849056603776,0.10006716466496648
1692,101,95.28301886792453,106,2,104,0,0,0.018867924528301886,5.4764015138764295,5.452761114481223,30.66620401759344,4.098540675199374,1.6866780136643913,2.203482344580525,8.349056603773585,3.567999827489257,0.49064014873349326,0.9995435672146549,0.013096925112334715,1.0,0.0004564327853451844,0.03571499838132286,0,2,0,0,0,1.0,0.330188679245283,0.43807830003887005,0.3449949400996972,0.8799846172810715,0.5522274209731263,0.018867924528301886,0.37735849056603776,0.10049996967972749
1693,103,97.16981132075472,106,1,105,0,0,0.009433962264150943,5.440155092127193,5.4110999218895985,30.67291861020016,4.10689283497795,1.6667152445979048,2.2065792098037242,8.349056603773585,3.567999827489257,0.48983025557466386,0.9247472818087428,0.0127804121255873,1.0,0.07525271819125723,-0.0173765636463612,0,1,0,0,0,0.0,0.330188679245283,0.438146424244737,0.3478569218447475,0.8837331463418818,0.5490090318025569,0.009433962264150943,0.37735849056603776,0.10046774009422693
1694,102,96.22641509433963,106,1,105,0,0,0.009433962264150943,5.480347393602806,5.453698960225164,31.64930230748701,4.115983425021416,1.7453515950187894,2.2346726432263453,8.349056603773585,3.567999827489257,0.48878165665741835,0.9999973090787766,0.011526852134945961,1.0,2.6909212234027535e-06,0.044434310161532764,0,1,0,0,0,1.0,0.330188679245283,0.43878623888090024,0.35248585753544576,0.877459471982265,0.5431964292161513,0.009433962264150943,0.4339622641509434,0.1008308777201393
1695,102,96.22641509433963,106,0,106,0,0,0.0,5.543933408894107,5.515814931326598,32.68779111668144,4.126568557304654,1.7445536022661028,2.2424571335405075,8.349056603773585,3.567999827489257,0.490447869480684,0.0,0.0,0.0,0.0,0.0,0,0,0,0,0,0.0,0.3113207547169811,0.4423890284187468,0.3556070073039097,0.8803154380816687,0.542989529099531,0.0,0.4339622641509434,0.10133764654739852
1696,102,96.22641509433963,106,0,106,0,0,0.0,5.615657428538868,5.587776223261985,34.65423870594468,4.138830075103976,1.6487213067158935,2.1945856404379134,8.349056603773585,3.567999827489257,0.4938414081108202,0.0,0.0,0.0,0.0,0.0,0,0,0,0,0,0.0,0.32075471698113206,0.4495085738413706,0.3549751963905648,0.8666618270922767,0.5479721278375199,0.0,0.4339622641509434,0.10191501211258601
1697,104,98.11320754716981,106,0,106,0,0,0.0,5.608999984211782,5.581022363663756,33.77151014871127,4.15046131981032,1.699591523076729,2.2090601117832738,8.349056603773585,3.567999827489257,0.4921583827060436,0.0,0.0,0.0,0.0,0.0,0,0,0,0,0,0.0,0.3113207547169811,0.4452077602557798,0.36613547958933956,0.8715877335554921,0.5419756659268947,0.0,0.39622641509433965,0.10208922628647919
1698,104,98.11320754716981,106,1,105,0,0,0.009433962264150943,5.556010657043057,5.523706617649267,32.2257360748486,4.160171811522725,1.78848904623932,2.276475964873821,8.349056603773585,3.567999827489257,0.487540051325821,0.964243236689089,0.016302017623867383,1.0,0.035756763310911044,0.04269011745968809,0,1,0,0,0,1.0,0.32075471698113206,0.4364705869900116,0.36960976685056796,0.8833599815117582,0.527132686532598,0.009433962264150943,0.39622641509433965,0.10199751481440904
1699,105,99.05660377358491,106,0,106,0,0,0.0,5.5584288974962535,5.524868755254588,31.782834318433004,4.169438734589531,1.8714472886259934,2.326755024213848,8.349056603773585,3.567999827489257,0.48748785166828057,0.0,0.0,0.0,0.0,0.0,0,0,0,0,0,0.0,0.330188679245283,0.4352118956672701,0.3764015837506298,0.8778245827395845,0.522258952802553,0.0,0.39622641509433965,0.10217492791619363
1700,104,98.11320754716981,106,1,105,0,0,0.009433962264150943,5.646135578444982,5.600447789933496,33.782277257876885,4.180843667650198,1.8337338532203165,2.3092570067760416,8.349056603773585,3.567999827489257,0.4896058063111175,0.9999994242951766,0.01868413035671606,1.0,5.757048233689943e-07,0.022668296828112666,0,1,0,0,0,1.0,0.32075471698113206,0.4413490923530897,0.3738728283604688,0.8798262837025607,0.5250959146014507,0.009433962264150943,0.39622641509433965,0.1028169253169022
1701,104,98.11320754716981,106,0,106,0,0,0.0,5.613053196578697,5.5678077762148,33.46505713191113,4.190598670281065,1.85739829144775,2.3321924667484644,8.349056603773585,3.567999827489257,0.487346700396625,0.0,0.0,0.0,0.0,0.0,0,0,0,0,0,0.0,0.3113207547169811,0.43930088363062475,0.3750360920363622,0.8696369720940074,0.5207196792012885,0.0,0.39622641509433965,0.10282554264609123
1702,104,98.11320754716981,106,0,106,0,0,0.0,5.601877043749866,5.556204389167425,31.76757995286808,4.199674407371024,1.8623125013613235,2.3092512440398725,8.349056603773585,3.567999827489257,0.48655401255174624,0.0,0.0,0.0,0.0,0.0,0,0,0,0,0,0.0,0.33962264150943394,0.43277043684085514,0.39490229261233417,0.8798262837025607,0.5186632913485624,0.0,0.39622641509433965,0.10293157302380362
1703,105,99.05660377358491,106,0,106,0,0,0.0,5.523682530684943,5.479741104909974,28.708122858292946,4.206243754296953,2.017874804953253,2.398216261880442,8.349056603773585,3.567999827489257,0.478565748692773,0.0,0.0,0.0,0.0,0.0,0,0,0,0,0,0.0,0.32075471698113206,0.41492692181028273,0.40302861138205304,0.8829762115883576,0.5110662931650768,0.0,0.39622641509433965,0.10265779760197118
1704,105,99.05660377358491,106,0,106,0,0,0.0,5.542882994278142,5.498302478814536,29.855520462034217,4.213108522767012,1.9623644220302117,2.3804672130685014,8.349056603773585,3.567999827489257,0.4818068177251591,0.0,0.0,0.0,0.0,0.0,0,0,0,0,0,0.0,0.33962264150943394,0.4227231333587592,0.39787040007752844,0.877387162747429,0.5087877032332504,0.0,0.3584905660377359,0.1028762673835218
1705,106,100.0,106,0,106,0,0,0.0,5.577827211663857,5.533478128121237,30.07828468704703,4.2207324099951675,1.927150778527053,2.375170971164883,8.349056603773585,3.567999827489257,0.48370583353292274,0.0,0.0,0.0,0.0,0.0,0,0,0,0,0,0.0,0.330188679245283,0.4246051677366316,0.4049226513625788,0.8683758814929214,0.5051017208315883,0.0,0.3584905660377359,0.10318699861202466
1706,105,99.05660377358491,106,1,105,0,0,0.009433962264150943,5.62819151461773,5.579974926379664,30.916111116138076,4.22947352835182,1.9564365329525428,2.372897683409847,8.349056603773585,3.567999827489257,0.4849068298201953,0.9995997671156887,0.013212651983799974,1.0,0.00040023288431134674,0.011208628914986196,0,1,0,0,0,1.0,0.32075471698113206,0.427591977752651,0.4022759893939561,0.8927826603840776,0.5088697403094223,0.009433962264150943,0.3584905660377359,0.10359476167073702
1707,104,98.11320754716981,106,1,104,0,1,0.009433962264150943,5.599692613353528,5.591598753668554,31.454259984511438,4.237016441672027,1.9774736516192915,2.387041465916601,8.349056603773585,3.567999827489257,0.48665923099814923,0.9851567106598949,0.011163376097883003,1.0,0.014843289340105148,0.013292741771539163,0,2,0,0,0,1.0,0.33962264150943394,0.43248472326424414,0.41585666765338725,0.8861721732611864,0.5026135618540489,0.009433962264150943,0.3584905660377359,0.10358683273154232
1708,102,96.22641509433963,106,2,101,1,2,0.018867924528301886,5.605831063462222,5.594031339703501,32.072914455801744,4.245614341372599,1.99124138642747,2.455464741965696,8.349056603773585,3.567999827489257,0.48783511618866804,0.8907321843836637,0.01355667275447615,0.8,0.09302237960887048,-0.004148861018953287,0,4,0,1,0,0.8,0.32075471698113206,0.43679816592018894,0.460710669505259,0.8761299286932697,0.48810469644542326,0.018867924528301886,0.3584905660377358,0.10377091150532786
1709,102,96.22641509433963,106,0,106,0,0,0.0,5.63936016309426,5.62673422548486,32.33571639506295,4.254740322963429,1.9587894110454318,2.4121786164007193,8.349056603773585,3.567999827489257,0.49015115499679296,0.0,0.0,0.0,0.0,0.0,0,0,0,0,0,0.0,0.32075471698113206,0.4401933315017868,0.47328058133797973,0.8767126340168335,0.4836777439159247,0.0,0.3584905660377359,0.1041013645071968
1710,102,96.22641509433963,106,0,106,0,0,0.0,5.647521631993417,5.6358169261683,33.04674684328054,4.263799946142615,1.963873041462079,2.4466285593186776,8.349056603773585,3.567999827489257,0.48946986572002893,0.0,0.0,0.0,0.0,0.0,0,0,0,0,0,0.0,0.3113207547169811,0.4407076875957258,0.4605964986559665,0.8737546207663077,0.4879505114787631,0.0,0.39622641509433965,0.10430379552139485
1711,103,97.16981132075472,106,0,106,0,0,0.0,5.645732092991864,5.634412330629043,30.85785286193538,4.272496229209262,2.0280098124287353,2.454664998266123,8.349056603773585,3.567999827489257,0.4864005764534536,0.0,0.0,0.0,0.0,0.0,0,0,0,0,0,0.0,0.3113207547169811,0.42902946185908103,0.48213453890583524,0.8771002160362321,0.4822372586440651,0.0,0.4339622641509434,0.10444998950879505
1712,104,98.11320754716981,106,0,106,0,0,0.0,5.6695834489841515,5.659198280188622,31.597577083914587,4.281589719021114,2.031089512154538,2.441358549242546,8.349056603773585,3.567999827489257,0.4867063021049902,0.0,0.0,0.0,0.0,0.0,0,0,0,0,0,0.0,0.3018867924528302,0.4311388866538571,0.47642437608179494,0.8788293473186922,0.4825113619491696,0.0,0.39622641509433965,0.10473147413915632
1713,105,99.05660377358491,106,1,105,0,0,0.009433962264150943,5.661669806386816,5.656819351646002,29.838216595777485,4.290152543980486,2.0523195516658386,2.389313585272254,8.349056603773585,3.567999827489257,0.48494879260197976,0.9376264382573495,0.003961776685287203,1.0,0.06237356174265052,0.03475723273863096,0,1,0,0,0,0.0,0.32075471698113206,0.42335094977272186,0.49244226105919087,0.8636635256005855,0.4822095933193939,0.009433962264150943,0.41509433962264153,0.10484466671605894
1714,105,99.05660377358491,106,0,106,0,0,0.0,5.734352636887845,5.72819737959071,32.37128161375522,4.30058556670987,1.9725584336606765,2.3243960979303235,8.349056603773585,3.567999827489257,0.4917053360531849,0.0,0.0,0.0,0.0,0.0,0,0,0,0,0,0.0,0.32075471698113206,0.43845490230521383,0.48466027706835235,0.8697054138342971,0.4891125540215642,0.0,0.37735849056603776,0.10539420598505726
1715,105,99.05660377358491,106,0,106,0,0,0.0,5.739852886548131,5.731901501697302,33.51068335393817,4.3107520696625645,1.977200327118197,2.3191024407986807,8.349056603773585,3.567999827489257,0.4933515962059907,0.0,0.0,0.0,0.0,0.0,0,0,0,0,0,0.0,0.32075471698113206,0.44389929236637493,0.4772941658699254,0.8556374552509924,0.48978749066335714,0.0,0.37735849056603776,0.10560307763726559
1716,105,99.05660377358491,106,0,106,0,0,0.0,5.723715083179165,5.715264257372081,33.38365932433397,4.320080938328387,1.9606078382753924,2.350414488621837,8.349056603773585,3.567999827489257,0.491017643202317,0.0,0.0,0.0,0.0,0.0,0,0,0,0,0,0.0,0.330188679245283,0.44070203080825376,0.4703042997092971,0.853986578620628,0.49278032778222514,0.0,0.3773584905660377,0.10568881562937239
1717,105,99.05660377358491,106,0,106,0,0,0.0,5.802014825307181,5.794455492916731,34.50535309914408,4.331337387494403,1.9212711313375974,2.32230606364075,8.349056603773585,3.567999827489257,0.4914366097195819,0.0,0.0,0.0,0.0,0.0,0,0,0,0,0,0.0,0.32075471698113206,0.44143697058713915,0.4676084045815534,0.85748153432745,0.49138525048380705,0.0,0.339622641509434,0.1062811293834249
1718,106,100.0,106,0,106,0,0,0.0,5.833371070805145,5.825923559111893,33.73406159894682,4.343090431011639,1.949019072790585,2.3070558768763068,8.349056603773585,3.567999827489257,0.49042696487829796,0.0,0.0,0.0,0.0,0.0,0,0,0,0,0,0.0,0.3113207547169811,0.4369544929252371,0.4713395529603333,0.85748153432745,0.49225910881245505,0.0,0.3018867924528302,0.10664758489712459
1719,106,100.0,106,0,106,0,0,0.0,5.864889725722589,5.858274502874671,33.40441967860674,4.355347551250574,1.9837428146585716,2.319285536289672,8.349056603773585,3.567999827489257,0.4914340753639319,0.0,0.0,0.0,0.0,0.0,0,0,0,0,0,0.0,0.330188679245283,0.4363137958507554,0.483034145524533,0.8665927752283351,0.4907889462415045,0.0,0.339622641509434,0.10702384518620198
1720,106,100.0,106,0,106,0,0,0.0,5.854427729447764,5.847489046042998,32.769155166411146,4.366859477395611,2.000866956799164,2.3488458670451933,8.349056603773585,3.567999827489257,0.4902144240981907,0.0,0.0,0.0,0.0,0.0,0,0,0,0,0,0.0,0.32075471698113206,0.43348285904782397,0.4829018704039197,0.8780307598407222,0.49628085230235247,0.0,0.339622641509434,0.10717690795732565
1721,106,100.0,106,0,106,0,0,0.0,5.879808066543869,5.871212569117603,37.13475234167802,4.378637822245552,2.005758918179845,2.351040615754759,8.349056603773585,3.567999827489257,0.4952475984214606,0.0,0.0,0.0,0.0,0.0,0,0,0,0,0,0.0,0.3018867924528302,0.4518484300567073,0.44000560124331034,0.8839918565170904,0.5043491605042327,0.0,0.30188679245283023,0.10751393530476967
1722,106,100.0,106,0,106,0,0,0.0,5.949052250185183,5.937937491523567,40.27645076744411,4.391900511864636,1.9479890580228065,2.2959455001895575,8.349056603773585,3.567999827489257,0.4981060535789681,0.0,0.0,0.0,0.0,0.0,0,0,0,0,0,0.0,0.3018867924528302,0.46069425177439466,0.4249879843597993,0.8839918565170904,0.5118823190121006,0.0,0.30188679245283023,0.10809676259434091
1723,104,98.11320754716981,106,2,104,0,0,0.018867924528301886,5.9792991195367495,5.946000336862047,41.065782383677266,4.405561017936224,1.9428505392454731,2.302431592863633,8.349056603773585,3.567999827489257,0.49868273688219666,0.9999540695232392,0.009767421038285113,1.0,4.5930476760824845e-05,0.06847477804660085,0,2,0,0,0,1.0,0.29245283018867924,0.46342645649695563,0.41622315392439246,0.8879815739637592,0.5142239979158952,0.018867924528301886,0.3207547169811321,0.10849170035763296
1724,103,97.16981132075472,106,1,103,2,0,0.009433962264150943,6.065431006388099,6.049244230946269,41.71698586285053,4.4205397590681335,1.9534112602467761,2.299457541083203,8.349056603773585,3.567999827489257,0.4994440600266481,0.24981748184908667,0.0028994066267244768,0.0,0.24981748184908667,-0.017583998023163128,0,1,0,2,0,0.3333333333333333,0.3018867924528302,0.4628176998898148,0.42285295242141824,0.876381970639777,0.515864080705015,0.009433962264150943,0.28301886792452835,0.10918958052076301
1725,103,97.16981132075472,106,0,106,0,0,0.0,6.166825227071116,6.148875082073216,47.524617369878264,4.438328389947211,1.8327306802478918,2.221287892607256,8.349056603773585,3.567999827489257,0.5075668671794924,0.0,0.0,0.0,0.0,0.0,0,0,0,0,0,0.0,0.3018867924528302,0.4844648240148254,0.39950785697138647,0.8903850855426896,0.5295248558817889,0.0,0.3207547169811321,0.11001390078371719
1726,103,97.16981132075472,106,0,106,0,0,0.0,6.196545938029502,6.178465830654657,50.359035793761095,4.456326960793881,1.8307634259996144,2.223659191811093,8.349056603773585,3.567999827489257,0.5089871718896655,0.0,0.0,0.0,0.0,0.0,0,0,0,0,0,0.0,0.3113207547169811,0.49275497640609,0.3878582028076612,0.8742618794368613,0.5325654737737513,0.0,0.3207547169811321,0.11048359882688896
1727,103,97.16981132075472,106,0,106,0,0,0.0,6.249254719499699,6.2299693729156145,53.66707311278189,4.475153459703008,1.7567285422753125,2.183663043466898,8.349056603773585,3.567999827489257,0.5121130521099555,0.0,0.0,0.0,0.0,0.0,0,0,0,0,0,0.0,0.32075471698113206,0.5029198641994124,0.37735716583777346,0.8814683631288142,0.5350566282226072,0.0,0.3207547169811321,0.11108300745853991
1728,103,97.16981132075472,106,2,104,0,0,0.018867924528301886,6.22773282121153,6.1799679978752105,51.34753202516585,4.492717256943825,1.8260339095363203,2.254998944010257,8.349056603773585,3.567999827489257,0.5114201017254483,0.9997922576988132,0.013685837251634015,1.0,0.00020774230118680848,0.004100864958558104,0,2,0,0,0,1.0,0.29245283018867924,0.4980450509602636,0.378271540239874,0.8709958465889975,0.540627506128783,0.018867924528301886,0.3207547169811321,0.11128873609472553
1729,103,97.16981132075472,106,1,105,0,0,0.009433962264150943,6.214220574989853,6.187827389191959,53.03817419828334,4.508403499356212,1.8821925824214722,2.312679659294472,8.349056603773585,3.567999827489257,0.5122958202465808,0.9352291628395037,0.0035184040519060512,1.0,0.06477083716049625,0.02905937419070781,0,1,0,0,0,0.0,0.29245283018867924,0.5027696382481451,0.3637097525184478,0.8633728485751622,0.5396533135984468,0.009433962264150943,0.37735849056603776,0.1115010174147239
1730,103,97.16981132075472,106,0,104,2,0,0.0,6.253816030827242,6.224925984175083,56.85447526116255,4.5252279489780225,1.8742062429344482,2.292905473937002,8.349056603773585,3.567999827489257,0.5125898551047152,0.39670048960656146,0.005836325047548755,0.5,0.39313432698494233,0.0010217673671153449,0,0,0,2,0,0.0,0.3018867924528302,0.5095056993336561,0.3461315323213932,0.8800163817473983,0.5424336534349258,0.0,0.3584905660377359,0.11199914286065195
1731,101,95.28301886792453,106,2,104,0,0,0.018867924528301886,6.238853316552241,6.223140991190478,57.23032573150939,4.540985038898818,1.8808446181601464,2.291506483899482,8.349056603773585,3.567999827489257,0.5146377284210897,0.6271050700611738,0.005802315861931352,1.0,0.3728949299388262,0.016767050345994572,0,2,0,0,0,0.0,0.3113207547169811,0.5138642884827164,0.3531936482913703,0.8771258661212398,0.5478564031039123,0.018867924528301886,0.3584905660377359,0.1122054357598726
1732,101,95.28301886792453,106,0,106,0,0,0.0,6.226263397548173,6.212412885861764,54.682210769223985,4.556289805384968,1.9604791199914442,2.348123139295639,8.349056603773585,3.567999827489257,0.5113856190891584,0.0,0.0,0.0,0.0,0.0,0,0,0,0,0,0.0,0.3113207547169811,0.5036400341621573,0.35937077408315504,0.8764107305377713,0.5453926094063563,0.0,0.3207547169811321,0.112415523185764
1733,103,97.16981132075472,106,0,106,0,0,0.0,6.1794361243185,6.1659668171852795,52.81775636823253,4.5697227413090955,2.022113506759063,2.3743867169243633,8.349056603773585,3.567999827489257,0.5077423686334928,0.0,0.0,0.0,0.0,0.0,0,0,0,0,0,0.0,0.29245283018867924,0.49546066637112746,0.3604870005700374,0.8805164650848427,0.5438779886811039,0.0,0.28301886792452835,0.11242103038491544
1734,104,98.11320754716981,106,0,106,0,0,0.0,6.209649593909854,6.196952575576447,53.070575696858256,4.5835608475473775,2.054953634562681,2.3995318201735856,8.349056603773585,3.567999827489257,0.5076826505427086,0.0,0.0,0.0,0.0,0.0,0,0,0,0,0,0.0,0.3018867924528302,0.4953048011880161,0.3564956607849418,0.8764107305377713,0.5426919347616517,0.0,0.3207547169811321,0.11281896953622705
1735,104,98.11320754716981,106,0,106,0,0,0.0,6.152413639427567,6.141832862902733,47.91959341434681,4.595331873176459,2.095627206549686,2.429667744231122,8.349056603773585,3.567999827489257,0.5047780289564276,0.0,0.0,0.0,0.0,0.0,0,0,0,0,0,0.0,0.3113207547169811,0.4814614493043883,0.3814441272887475,0.8688572104627053,0.5363186635062464,0.0,0.3584905660377359,0.11274278485088529
1736,106,100.0,106,0,106,0,0,0.0,6.166286763311488,6.153882649809013,53.339345320246295,4.607026857732226,2.0325820449037795,2.400326588861284,8.349056603773585,3.567999827489257,0.5077247852359683,0.0,0.0,0.0,0.0,0.0,0,0,0,0,0,0.0,0.330188679245283,0.4965119511641956,0.3463423657222041,0.8879075241129359,0.543044083519769,0.0,0.3584905660377359,0.11302078898469223
1737,104,98.11320754716981,106,2,104,0,0,0.018867924528301886,6.150583949211005,6.123871663467218,53.26842458336795,4.617887532840442,2.131784247964133,2.485060581548903,8.349056603773585,3.567999827489257,0.5043091110868609,0.9329001676006448,0.009214203943181613,1.0,0.06709983239935524,0.0590825072233625,0,2,0,0,0,0.0,0.3018867924528302,0.49313995911500036,0.3311347814527898,0.8971338645303111,0.5412446585626094,0.018867924528301886,0.3584905660377359,0.11313602934875246
1738,102,96.22641509433963,106,2,104,0,0,0.018867924528301886,6.044246510781413,6.03336936014899,43.08924942901177,4.625059102153903,2.272009287779353,2.584618765373226,8.349056603773585,3.567999827489257,0.4924808105257348,0.725054695169289,0.00858701639040732,1.0,0.274945304830711,-0.006128661728807661,0,2,0,0,0,0.0,0.3018867924528302,0.4558417052934709,0.3794688533057207,0.8850305904738502,0.5270244523372624,0.018867924528301886,0.39622641509433965,0.1127322829469708
1739,101,95.28301886792453,106,1,105,0,0,0.009433962264150943,5.965304009946269,5.952558800528512,39.111949113265,4.630038486305461,2.3346284019490517,2.6671542530846226,8.349056603773585,3.567999827489257,0.4873169892456304,0.7360806277221141,0.005809935168695339,1.0,0.26391937227788587,-0.004425115856252715,0,1,0,0,0,0.0,0.29245283018867924,0.4411436069376926,0.3950758120787902,0.8755510782320894,0.5182768743177627,0.009433962264150943,0.339622641509434,0.11242640265176387
1740,101,95.28301886792453,106,0,106,0,0,0.0,5.998503839180574,5.986545623455007,38.829682202914675,4.635718671115347,2.288388677002046,2.6555200684993,8.349056603773585,3.567999827489257,0.48729758943387047,0.0,0.0,0.0,0.0,0.0,0,0,0,0,0,0.0,0.3113207547169811,0.4391616857507147,0.3991488629388812,0.860986285226154,0.5241427441620922,0.0,0.37735849056603776,0.11269373629004431
1741,101,95.28301886792453,106,0,105,1,0,0.0,6.020701656150394,6.007638323446971,38.623645236287764,4.641798256940478,2.2971912939731953,2.65249926937503,8.349056603773585,3.567999827489257,0.48739952116927787,0.004350229779223604,0.001198250261689717,0.0,0.004350229779223604,-0.0065317148946675285,0,0,0,1,0,1.0,0.3018867924528302,0.4380005463499659,0.4074778564374672,0.860986285226154,0.5205342351707853,0.0,0.37735849056603776,0.11291318518076979
1742,102,96.22641509433963,106,1,105,0,0,0.009433962264150943,6.043495472990697,6.074669564106184,36.5399940190671,4.648288978672494,2.3070806030819924,2.6723941503338544,8.349056603773585,3.567999827489257,0.48744092610150647,0.47340081355028174,0.0020897454463525717,0.0,0.47340081355028174,0.026485283393859582,0,1,0,0,0,0.0,0.3018867924528302,0.43223706484523466,0.4433427637076757,0.8744530547941504,0.5115051211536915,0.009433962264150943,0.39622641509433965,0.11314294873507186
1743,103,97.16981132075472,106,1,105,0,0,0.009433962264150943,6.022298944947728,6.04113695862397,35.659058140415965,4.655273826783394,2.3914881342522603,2.7274255897344357,8.349056603773585,3.567999827489257,0.488525934809273,0.9942868528176618,0.014601718869833028,1.0,0.005713147182338174,-0.0018691204428211705,0,1,0,0,0,1.0,0.27358490566037735,0.43287847427521137,0.45948332649067714,0.861330839419593,0.5087300022447491,0.009433962264150943,0.39622641509433965,0.11316157577913066
1744,103,97.16981132075472,106,1,105,0,0,0.009433962264150943,6.008081719265558,6.023746854497694,34.901123617038394,4.661243310799585,2.363573699938262,2.685770003964856,8.349056603773585,3.567999827489257,0.48811358146246864,0.5811960108484642,0.005467794433597175,1.0,0.4188039891515358,0.010851158678391704,0,1,0,0,0,0.0,0.2830188679245283,0.43094953902501854,0.46306153458728194,0.8808364045060222,0.5169478206362588,0.009433962264150943,0.3584905660377359,0.11319698524041966
1745,103,97.16981132075472,106,1,105,0,0,0.009433962264150943,6.015118481178838,6.023840314809233,33.81368503058012,4.667104706178993,2.3743613256428895,2.697153579826034,8.349056603773585,3.567999827489257,0.48443613029086263,0.9999281838636118,0.011585340134418372,1.0,7.181613638818085e-05,0.03931018238948347,0,1,0,0,0,1.0,0.27358490566037735,0.4224598371369135,0.4646472759575008,0.886671656824007,0.5178418337773554,0.009433962264150943,0.3207547169811321,0.11333673633849892
1746,101,95.28301886792453,106,2,104,0,0,0.018867924528301886,6.012363988531526,6.028400246314235,31.977576545501606,4.672526880452323,2.4277549348528686,2.724668278505938,8.349056603773585,3.567999827489257,0.48364014494159724,0.9918535181692231,0.012942818739285811,1.0,0.00814648183077693,0.062173169238596726,0,2,0,0,0,1.0,0.3018867924528302,0.41604742149208274,0.48374910810059124,0.8747687861874709,0.5075214513763369,0.018867924528301886,0.3584905660377359,0.11341969545962166
1747,102,96.22641509433963,106,0,106,0,0,0.0,6.062810119010163,6.078734590417925,32.44906479863681,4.6793225211781095,2.358870655415563,2.688776749856812,8.349056603773585,3.567999827489257,0.4845475372300563,0.0,0.0,0.0,0.0,0.0,0,0,0,0,0,0.0,0.3113207547169811,0.4172104905442798,0.48355386621736196,0.8774998819444537,0.5122668884295186,0.0,0.3584905660377359,0.11379316033670128
1748,103,97.16981132075472,106,0,106,0,0,0.0,6.041413513069689,6.058363946122,30.93924773802996,4.6852942338118515,2.3207329572492155,2.6639310205204,8.349056603773585,3.567999827489257,0.4814570194970922,0.0,0.0,0.0,0.0,0.0,0,0,0,0,0,0.0,0.3018867924528302,0.4088844977799626,0.4901239465450879,0.8809116851097897,0.514604048003503,0.0,0.32075471698113206,0.11379271265523394
1749,102,96.22641509433963,106,1,105,0,0,0.009433962264150943,5.940777904845649,5.951317735057172,29.618296868519344,4.688163119850583,2.407426242340817,2.723878794153064,8.349056603773585,3.567999827489257,0.47689473682904393,0.8210668033899216,0.006712739711168953,1.0,0.17893319661007845,0.12292003725589429,0,1,0,0,0,0.0,0.3018867924528302,0.40164393933273335,0.4824382596818115,0.890507715852351,0.5124191651072535,0.009433962264150943,0.32075471698113206,0.11334071553857013
1750,101,95.28301886792453,106,2,104,0,0,0.018867924528301886,5.944074538551842,5.940103063228814,30.612772609694492,4.690803195977189,2.445424977343345,2.7695839852537634,8.349056603773585,3.567999827489257,0.47507429847067284,0.9133598943505759,0.014407422516497025,1.0,0.08664010564942415,0.004574862896634446,0,2,0,0,0,0.5,0.29245283018867924,0.4018152469468295,0.46400047049240245,0.8837323779317592,0.5082769248426258,0.018867924528301886,0.3584905660377359,0.11340429766292254
1751,103,97.16981132075472,106,0,106,0,0,0.0,5.979772650167411,5.974388932095014,32.57069060416821,4.693968295469412,2.3822486819755584,2.7149061201182594,8.349056603773585,3.567999827489257,0.47994819519208254,0.0,0.0,0.0,0.0,0.0,0,0,0,0,0,0.0,0.29245283018867924,0.4124975789908017,0.4529871501977172,0.8903478637567724,0.5158119273905941,0.0,0.3584905660377358,0.11363925359321159
1752,103,97.16981132075472,106,0,106,0,0,0.0,5.985083691460795,5.981798378195258,32.157982007252116,4.697231959436472,2.4179074504391935,2.73440319413182,8.349056603773585,3.567999827489257,0.47550531827629405,0.0,0.0,0.0,0.0,0.0,0,0,0,0,0,0.0,0.2830188679245283,0.4049610705742553,0.45028528638459636,0.8855514182819163,0.5117326204861629,0.0,0.3584905660377358,0.11372403256203575
1753,103,97.16981132075472,106,0,105,1,0,0.0,5.982322630357599,5.98152231621025,31.547309977233198,4.700371295965898,2.4127789080004227,2.7280642368165324,8.349056603773585,3.567999827489257,0.47467837499427357,0.4064021191027269,0.0056233463514524795,0.0,0.4064021191027269,-0.021192113367863197,0,0,0,1,0,0.0,0.3018867924528302,0.40172708888085196,0.44875537409113536,0.8889830185635019,0.5151776334388053,0.0,0.3584905660377358,0.11376623301749689
1754,104,98.11320754716981,106,1,104,1,0,0.009433962264150943,5.955113059196175,5.962245826460196,29.690452883770227,4.702631585193769,2.421318446524925,2.7086141301816666,8.349056603773585,3.567999827489257,0.47420533265181763,0.5465309273789678,0.006356959583383226,0.5,0.36491241397483615,-0.011237676777469563,0,1,0,1,0,0.0,0.3018867924528302,0.3960521785634858,0.4724522062434716,0.877583877131625,0.5125281040844223,0.009433962264150943,0.3584905660377358,0.11367050871956538
1755,103,97.16981132075472,106,2,104,0,0,0.018867924528301886,5.973412428251104,5.963795900070427,29.97028026398333,4.705512348327956,2.4701544170652876,2.7583787851532207,8.349056603773585,3.567999827489257,0.47379855223919254,0.856402171982809,0.013485416770707241,1.0,0.143597828017191,-0.015455911299276703,0,2,0,0,0,0.5,0.3018867924528302,0.39661703635551926,0.47722212804852526,0.885958998614607,0.506639715334109,0.018867924528301886,0.3584905660377359,0.11381339837666911
1756,102,96.22641509433963,106,1,105,0,0,0.009433962264150943,5.970221899346754,5.960909954140461,29.508389059901084,4.7077141006630825,2.4990138348999116,2.7797353818483406,8.349056603773585,3.567999827489257,0.4715912840947274,0.8635531311174786,0.005633856101895089,1.0,0.13644686888252144,0.0505667021692453,0,1,0,0,0,0.0,0.2830188679245283,0.39218715013397726,0.47489339092749344,0.8736322510051353,0.5025959218882179,0.009433962264150943,0.37735849056603776,0.11383672499190688
1757,102,96.22641509433963,106,0,106,0,0,0.0,5.9961260573501765,5.987108381534765,30.61728172266202,4.71063888305254,2.4429400552191005,2.7442105435659667,8.349056603773585,3.567999827489257,0.4730334054983101,0.0,0.0,0.0,0.0,0.0,0,0,0,0,0,0.0,0.3018867924528302,0.3961909570574856,0.4573396213554609,0.8736322510051353,0.5095838615993068,0.0,0.37735849056603776,0.11401842389722913
1758,102,96.22641509433963,106,0,106,0,0,0.0,5.9676579480758845,5.959941212237137,30.959469135761303,4.7126838495684495,2.4672691995637663,2.758959222583247,8.349056603773585,3.567999827489257,0.47039849668618317,0.0,0.0,0.0,0.0,0.0,0,0,0,0,0,0.0,0.3018867924528302,0.39442623956341155,0.4460857612524214,0.8555231330871252,0.5056069123871854,0.0,0.41509433962264153,0.1139125655517376
1759,103,97.16981132075472,106,0,106,0,0,0.0,5.914652896140605,5.9082906129525306,28.569757709096006,4.713181537047901,2.5606195645503758,2.8152001143644827,8.349056603773585,3.567999827489257,0.4665940091319092,0.0,0.0,0.0,0.0,0.0,0,0,0,0,0,0.0,0.330188679245283,0.3843220300956195,0.46694483443968365,0.8555231330871252,0.5014483146482058,0.0,0.41509433962264153,0.11365641903626533
1760,105,99.05660377358491,106,0,106,0,0,0.0,6.0139180658737565,6.00689317639751,29.251304502518646,4.71647597847384,2.5326333327613093,2.769912884927747,8.349056603773585,3.567999827489257,0.46933912674878453,0.0,0.0,0.0,0.0,0.0,0,0,0,0,0,0.0,0.3113207547169811,0.38696983554567277,0.48546929262470556,0.8610568014476427,0.49804755794559863,0.0,0.37735849056603776,0.1142115177171282
1761,105,99.05660377358491,106,1,105,0,0,0.009433962264150943,6.107879630641079,6.08937477337241,31.374558699264007,4.722311031135743,2.5165613869702486,2.7564636603840884,8.349056603773585,3.567999827489257,0.47557871909235194,0.9938326131237014,0.016883749446855584,1.0,0.006167386876298586,0.03241181715900199,0,1,0,0,0,1.0,0.3018867924528302,0.3990394294913344,0.4920458454111225,0.8376394130990639,0.5001539613894804,0.009433962264150943,0.4150943396226415,0.11478542287542014
1762,105,99.05660377358491,106,0,106,0,0,0.0,6.062929231725232,6.044193213035101,31.083680655021674,4.726344424422681,2.5496468208093797,2.8189498643154467,8.349056603773585,3.567999827489257,0.47514749446930993,0.0,0.0,0.0,0.0,0.0,0,0,0,0,0,0.0,0.2830188679245283,0.39958896317020354,0.49381785485800694,0.8581364297658483,0.49619521505873926,0.0,0.3773584905660377,0.11463262661360085
1763,104,98.11320754716981,106,1,105,0,0,0.009433962264150943,6.043746157318021,6.038243205191674,29.744103783775618,4.729696926245434,2.584750642972737,2.8526966016711275,8.349056603773585,3.567999827489257,0.4740666561766249,0.4602687128155566,0.004702421500243857,0.0,0.4602687128155566,0.002248547045865301,0,1,0,0,0,0.0,0.3113207547169811,0.39419729481503435,0.49912722298782103,0.818580568761293,0.49507942540894034,0.009433962264150943,0.39622641509433965,0.114596519871191
1764,103,97.16981132075472,106,1,105,0,0,0.009433962264150943,6.113559360053527,6.120446989794368,30.09554007152119,4.735287639545717,2.546175812557863,2.823116893824645,8.349056603773585,3.567999827489257,0.4731452790879469,0.6714712461026048,0.004119422244056951,1.0,0.3285287538973952,0.09866301984200176,0,1,0,0,0,0.0,0.3113207547169811,0.39202788927807014,0.5001196452225918,0.8207031091031382,0.49976449109234095,0.009433962264150943,0.37735849056603776,0.11504532420532329
1765,102,96.22641509433963,106,1,105,0,0,0.009433962264150943,6.129169712918208,6.149538202901309,30.902881749415876,4.741444382967267,2.539051970655239,2.8304200340674783,8.349056603773585,3.567999827489257,0.47406094928127196,0.8006452880950425,0.00823976974237948,1.0,0.19935471190495746,0.012542367580079983,0,1,0,0,0,0.0,0.3018867924528302,0.3954562534052073,0.49585749285670827,0.8207031091031382,0.49684494364783627,0.009433962264150943,0.37735849056603776,0.11523321226697662
1766,103,97.16981132075472,106,0,106,0,0,0.0,6.172003637702559,6.191432979829876,30.87550138341905,4.74899790999405,2.5454713492020837,2.862190465085148,8.349056603773585,3.567999827489257,0.4742670818403547,0.0,0.0,0.0,0.0,0.0,0,0,0,0,0,0.0,0.3113207547169811,0.3950159743459287,0.5045493035446932,0.8207031091031382,0.494227710088266,0.0,0.37735849056603776,0.11558213680654086
1767,103,97.16981132075472,106,0,106,0,0,0.0,6.223127873579847,6.243269829558242,33.633503089489274,4.757761558156656,2.450261616030749,2.7619725180601904,8.349056603773585,3.567999827489257,0.4765362979594261,0.0,0.0,0.0,0.0,0.0,0,0,0,0,0,0.0,0.3018867924528302,0.40402268639987693,0.47335382459746006,0.8480877267536437,0.5043541418297613,0.0,0.3584905660377359,0.11599410146158909
1768,103,97.16981132075472,106,1,105,0,0,0.009433962264150943,6.208201075537316,6.224212800323534,33.079420086118674,4.765792391489977,2.4922590271399114,2.7756090279503107,8.349056603773585,3.567999827489257,0.4743598754207057,0.9999999911649309,0.0071686254279401534,1.0,8.835069120749495e-09,0.15405082807544002,0,1,0,0,0,1.0,0.3018867924528302,0.3999283068440586,0.47605246835914583,0.8411750815367431,0.5026333073310221,0.009433962264150943,0.339622641509434,0.11606273753111584
1769,104,98.11320754716981,106,0,106,0,0,0.0,6.200456943684313,6.2155474479971895,34.64231970093815,4.77316550496076,2.4952131011899095,2.7542427277163903,8.349056603773585,3.567999827489257,0.475047161589345,0.0,0.0,0.0,0.0,0.0,0,0,0,0,0,0.0,0.27358490566037735,0.40509031165129333,0.4559878478321091,0.8644105916717719,0.5054048426299698,0.0,0.339622641509434,0.11615555320980989
1770,104,98.11320754716981,106,1,105,0,0,0.009433962264150943,6.224279755863374,6.240989302369639,35.958491617281226,4.780924432053683,2.4539065291005553,2.73358900001904,8.349056603773585,3.567999827489257,0.47905860714189497,0.9999998731803488,0.004688407601599163,1.0,1.2681965122496308e-07,0.17882588166258762,0,1,0,0,0,1.0,0.2830188679245283,0.4123172771315791,0.43511171453035646,0.8654002602252874,0.5154125290947466,0.009433962264150943,0.339622641509434,0.11641308652335045
1771,104,98.11320754716981,106,0,106,0,0,0.0,6.290079698287776,6.307771212806432,37.27693195375119,4.790390069358696,2.404789907802393,2.7501922776739733,8.349056603773585,3.567999827489257,0.48083688133263114,0.0,0.0,0.0,0.0,0.0,0,0,0,0,0,0.0,0.29245283018867924,0.41580519715377434,0.4264647542226406,0.8904783763387959,0.5198046280842455,0.0,0.30188679245283023,0.11691095319682927
1772,104,98.11320754716981,106,0,106,0,0,0.0,6.249772877879542,6.268484791806872,37.557031476234926,4.798396581194202,2.3782994656491856,2.7448218271571583,8.349056603773585,3.567999827489257,0.4812088273582673,0.0,0.0,0.0,0.0,0.0,0,0,0,0,0,0.0,0.3113207547169811,0.4180916616250889,0.42055657790653583,0.8876905472633934,0.521003767397976,0.0,0.30188679245283023,0.11685225525902748
1773,105,99.05660377358491,106,0,106,0,0,0.0,6.267853625139081,6.284667227131924,38.97921290926244,4.806579332112816,2.3191167197240232,2.720719342820853,8.349056603773585,3.567999827489257,0.48277587635111163,0.0,0.0,0.0,0.0,0.0,0,0,0,0,0,0.0,0.32075471698113206,0.422493618882581,0.4076615678775766,0.8690608331930845,0.5238411414542027,0.0,0.30188679245283023,0.11708863926465518
1774,104,98.11320754716981,106,1,105,0,0,0.009433962264150943,6.351754740345178,6.358516138108793,44.07316732270878,4.816731512293774,2.2111891334530163,2.612005463920572,8.349056603773585,3.567999827489257,0.4883283913956098,0.9584282711617852,0.010240207717824086,1.0,0.041571728838214805,0.11957621563197263,0,1,0,0,0,1.0,0.2830188679245283,0.43972925831663445,0.3870811212726008,0.8575001743041939,0.5414334741696804,0.009433962264150943,0.339622641509434,0.11768925972635717
1775,104,98.11320754716981,106,1,105,0,0,0.009433962264150943,6.338416960859496,6.334159717583903,41.67013469104766,4.826036649560485,2.297836004099562,2.6532421857853596,8.349056603773585,3.567999827489257,0.48641166098219135,0.9999993602122044,0.012243266488986236,1.0,6.397877956310083e-07,0.0529752408663442,0,1,0,0,0,1.0,0.3018867924528302,0.43242904663716425,0.41049173046855825,0.8575001743041939,0.5265527575221653,0.009433962264150943,0.339622641509434,0.1177885744697407
1776,104,98.11320754716981,106,0,106,0,0,0.0,6.276084967170387,6.271619166762961,39.21725560519438,4.832860759070306,2.2991771324755,2.6749318200719947,8.349056603773585,3.567999827489257,0.48437038440114333,0.0,0.0,0.0,0.0,0.0,0,0,0,0,0,0.0,0.2830188679245283,0.4253769002716652,0.42161039835997016,0.8569528134948082,0.5273942033754636,0.0,0.339622641509434,0.11759865660906421
1777,104,98.11320754716981,106,0,106,0,0,0.0,6.249163213497354,6.244035167423162,37.88371838404553,4.8386540267255045,2.3289681268100906,2.6685104820082657,8.349056603773585,3.567999827489257,0.48168928425422175,0.0,0.0,0.0,0.0,0.0,0,0,0,0,0,0.0,0.3018867924528302,0.42019077558036444,0.4316816569733387,0.8731901667120301,0.5208257055908996,0.0,0.339622641509434,0.11756739973067078
1778,104,98.11320754716981,106,0,106,0,0,0.0,6.291840123302376,6.287846026098869,38.00919453476392,4.845491127690334,2.316576532970762,2.6847758101846275,8.349056603773585,3.567999827489257,0.4849132597388124,0.0,0.0,0.0,0.0,0.0,0,0,0,0,0,0.0,0.2830188679245283,0.4233043947356902,0.43647103494747114,0.8597428486420671,0.521562508472955,0.0,0.339622641509434,0.11790275815501106
1779,104,98.11320754716981,106,1,105,0,0,0.009433962264150943,6.3068134744833735,6.29194277793247,36.07432999249359,4.852590365834751,2.426984507257249,2.7612484053163038,8.349056603773585,3.567999827489257,0.48244358937806076,0.9995542680226093,0.024844137324105522,1.0,0.0004457319773907287,0.11417531811828407,0,1,0,0,0,1.0,0.29245283018867924,0.4145994923924278,0.45931870315566964,0.852425014955456,0.5123103427474796,0.009433962264150943,0.3207547169811321,0.11810427531328899
1780,105,99.05660377358491,106,0,106,0,0,0.0,6.345789310267882,6.331233092365219,37.49262274682639,4.860168658603832,2.3565992424267552,2.7022834908390077,8.349056603773585,3.567999827489257,0.4857439347786823,0.0,0.0,0.0,0.0,0.0,0,0,0,0,0,0.0,0.3113207547169811,0.4215511427563063,0.4474423803784562,0.8773616656987164,0.521968223558863,0.0,0.3207547169811321,0.11843435122867524
1781,105,99.05660377358491,106,0,106,0,0,0.0,6.371396961548143,6.356557034915537,37.96452914863479,4.868199404481195,2.326395895655015,2.7044957822218803,8.349056603773585,3.567999827489257,0.48725435528985495,0.0,0.0,0.0,0.0,0.0,0,0,0,0,0,0.0,0.29245283018867924,0.424468320726693,0.4477687937134976,0.873960120901182,0.5259603552955701,0.0,0.339622641509434,0.11870565798460175
1782,105,99.05660377358491,106,0,106,0,0,0.0,6.410182014072494,6.395816294152544,38.89795207981435,4.877064229600987,2.3091385992960114,2.6749744207803596,8.349056603773585,3.567999827489257,0.48606482006579066,0.0,0.0,0.0,0.0,0.0,0,0,0,0,0,0.0,0.3113207547169811,0.42266031359779244,0.42651674922154825,0.8867058150835663,0.5318131822640155,0.0,0.30188679245283023,0.1190577317197142
1783,105,99.05660377358491,106,0,105,1,0,0.0,6.392419683000452,6.376930330354017,39.46252776238304,4.8850736768511975,2.3366462268898407,2.7147611406459413,8.349056603773585,3.567999827489257,0.4874131703018514,0.7216434682103423,0.007959890170503792,1.0,0.2783565317896577,0.012876184898265919,0,0,0,1,0,0.0,0.29245283018867924,0.4267210141125663,0.426728176190921,0.8793148052846061,0.5305949461818502,0.0,0.339622641509434,0.11911180859638919
1784,105,99.05660377358491,106,1,105,0,0,0.009433962264150943,6.375443325297225,6.353902168971447,40.851200729831625,4.892300695546051,2.3035769665046235,2.7057155773827026,8.349056603773585,3.567999827489257,0.4874647303576525,0.7341378802005121,0.007949685117696156,1.0,0.26586211979948793,0.03007052563964585,0,1,0,0,0,0.0,0.2830188679245283,0.4298549416109124,0.40950793651260586,0.8594103235147723,0.5397089444088794,0.009433962264150943,0.3584905660377359,0.11915585681515553
1785,105,99.05660377358491,106,0,106,0,0,0.0,6.396557716675266,6.374744222320413,41.87718216046691,4.899704105452931,2.2246378741820005,2.6677077065776222,8.349056603773585,3.567999827489257,0.48731267676521983,0.0,0.0,0.0,0.0,0.0,0,0,0,0,0,0.0,0.29245283018867924,0.4317111518283287,0.3997250019688064,0.8887251449025548,0.5465562417749136,0.0,0.339622641509434,0.11939350559839863
1786,105,99.05660377358491,106,0,106,0,0,0.0,6.454207011378567,6.432918064159138,42.384056981063615,4.908503875768264,2.1744342676802857,2.612638244876492,8.349056603773585,3.567999827489257,0.49018142033285095,0.0,0.0,0.0,0.0,0.0,0,0,0,0,0,0.0,0.2830188679245283,0.4347132985476378,0.4005874293677493,0.8731901667120301,0.5533423992652872,0.0,0.339622641509434,0.1198387399667504
1787,104,98.11320754716981,106,1,105,0,0,0.009433962264150943,6.494086362627693,6.4447655476679735,44.366839589503115,4.918080514448018,2.2078272267387278,2.649259681822487,8.349056603773585,3.567999827489257,0.4943535884991166,0.9999999999417828,0.010754036400212892,1.0,5.821720883147918e-11,0.15738807857111814,0,1,0,0,0,1.0,0.3018867924528302,0.44413034281139885,0.39209853572441883,0.8765387502065884,0.5421035350829885,0.009433962264150943,0.339622641509434,0.12020898394878249
1788,104,98.11320754716981,106,0,106,0,0,0.0,6.598157128932151,6.547433727503121,47.16521771760463,4.929493349458558,2.1372495986027964,2.629800270293517,8.349056603773585,3.567999827489257,0.5019470935226489,0.0,0.0,0.0,0.0,0.0,0,0,0,0,0,0.0,0.29245283018867924,0.45792293532540196,0.3981278541072687,0.8733853949894835,0.543183813239023,0.0,0.339622641509434,0.12093294274704863
1789,105,99.05660377358491,106,0,106,0,0,0.0,6.658165578284154,6.6039548689853484,50.72647406401821,4.942112313920076,2.0206716894160937,2.5677310812968615,8.349056603773585,3.567999827489257,0.5072892419990624,0.0,0.0,0.0,0.0,0.0,0,0,0,0,0,0.0,0.32075471698113206,0.47126341561166096,0.3859548624385318,0.8849958533097131,0.552213591540625,0.0,0.3207547169811321,0.1214581073089176
1790,105,99.05660377358491,106,0,106,0,0,0.0,6.650318186708036,6.597502017062046,51.16761353914283,4.954096843554981,1.9851244646908,2.553457889359983,8.349056603773585,3.567999827489257,0.5071911661127013,0.0,0.0,0.0,0.0,0.0,0,0,0,0,0,0.0,0.3113207547169811,0.4725607002753516,0.37769925550462546,0.883770624695599,0.5537644571854142,0.0,0.339622641509434,0.1216326743493864
1791,105,99.05660377358491,106,0,106,0,0,0.0,6.618870673417083,6.565862360560177,50.698142847046185,4.964750642881664,1.983674671515046,2.570874062307245,8.349056603773585,3.567999827489257,0.5089474878654265,0.0,0.0,0.0,0.0,0.0,0,0,0,0,0,0.0,0.32075471698113206,0.47578469098336,0.38375418196265587,0.8804740780119549,0.5548902759936699,0.0,0.3207547169811321,0.12166550055373018
1792,106,100.0,106,0,106,0,0,0.0,6.708477139801213,6.651274667740574,55.47430660015545,4.977462323445031,1.9565522187082653,2.5603038374794633,8.349056603773585,3.567999827489257,0.5148250706163249,0.0,0.0,0.0,0.0,0.0,0,0,0,0,0,0.0,0.32075471698113206,0.4919477131793231,0.37707404292276475,0.8865392779708118,0.5580518498162963,0.0,0.28301886792452835,0.12234030925593681
1793,106,100.0,106,0,106,0,0,0.0,6.690631283640984,6.633789915313748,52.38062068866161,4.989221366518684,2.017702327565355,2.5375670621990043,8.349056603773585,3.567999827489257,0.5139464493047647,0.0,0.0,0.0,0.0,0.0,0,0,0,0,0,0.0,0.3113207547169811,0.48448240673955073,0.40091748490751067,0.8920737283971132,0.5578224714847814,0.0,0.339622641509434,0.12246086129342684
1794,103,97.16981132075472,106,3,103,0,0,0.02830188679245283,6.681030694504159,6.646953622290715,51.75937692786183,5.000287247486444,2.071811187128014,2.5795403043578866,8.349056603773585,3.567999827489257,0.5110159752053933,0.9880370103752684,0.012474540272093285,1.0,0.011962989624731746,0.02169168965088586,0,3,0,0,0,1.0,0.32075471698113206,0.47904670704697333,0.4056852469701763,0.883691910394086,0.5590155212268518,0.02830188679245283,0.339622641509434,0.12261027365466262
1795,103,97.16981132075472,106,0,106,0,0,0.0,6.799838676090213,6.762225033827044,59.93609554981997,5.0148979491552685,2.05160449403651,2.5435183623971023,8.349056603773585,3.567999827489257,0.5163818106872762,0.0,0.0,0.0,0.0,0.0,0,0,0,0,0,0.0,0.3113207547169811,0.4993519726854722,0.3709459901820665,0.8859014118771735,0.5662287623139463,0.0,0.37735849056603776,0.12346496846776221
1796,103,97.16981132075472,106,0,106,0,0,0.0,6.780824901085781,6.742763289625244,56.04645380778299,5.028431825014118,2.151619114246943,2.5750891523265227,8.349056603773585,3.567999827489257,0.512657915674632,0.0,0.0,0.0,0.0,0.0,0,0,0,0,0,0.0,0.32075471698113206,0.4871690459196743,0.39702341660866525,0.8973116309815784,0.5619937322269961,0.0,0.339622641509434,0.12361134392638823
1797,103,97.16981132075472,106,0,106,0,0,0.0,6.829598490954446,6.792898079145046,56.380375267764116,5.0429138595685306,2.110535638893413,2.5388341686072184,8.349056603773585,3.567999827489257,0.5117773220734434,0.0,0.0,0.0,0.0,0.0,0,0,0,0,0,0.0,0.33962264150943394,0.4847380106843718,0.3977415315806616,0.889305814489254,0.5670044194316415,0.0,0.37735849056603776,0.12411357135969073
1798,103,97.16981132075472,106,0,106,0,0,0.0,6.810486447589311,6.772918325864848,55.667929584362845,5.056308873104971,2.226048089288243,2.616710203183824,8.349056603773585,3.567999827489257,0.5083872784033012,0.0,0.0,0.0,0.0,0.0,0,0,0,0,0,0.0,0.3018867924528302,0.4794134787024191,0.40178889019342406,0.902023956348937,0.5576460516167725,0.0,0.339622641509434,0.12425697817280125
1799,106,100.0,106,0,106,0,0,0.0,6.660379149902631,6.627488161391953,47.33176224236153,5.06507479416753,2.3633923303460134,2.697479941284252,8.349056603773585,3.567999827489257,0.501993116913263,0.0,0.0,0.0,0.0,0.0,0,0,0,0,0,0.0,0.3018867924528302,0.45758633981390023,0.4383339623268511,0.9093749429676937,0.5483844916104293,0.0,0.339622641509434,0.12366282570856282
1800,106,100.0,106,0,106,0,0,0.0,6.615489936306342,6.581404353575179,45.496046530769725,5.072212531034977,2.439120148177453,2.742230861462373,8.349056603773585,3.567999827489257,0.4985316732676517,0.0,0.0,0.0,0.0,0.0,0,0,0,0,0,0.0,0.32075471698113206,0.4498946687912312,0.4499759244134914,0.9093749429676937,0.5399196829383174,0.0,0.339622641509434,0.12356571686013995
1801,106,100.0,106,0,106,0,0,0.0,6.560333387500283,6.528282074073731,43.449693238784,5.0775792711905305,2.439386834497251,2.766366665805919,8.349056603773585,3.567999827489257,0.4974760394928033,0.0,0.0,0.0,0.0,0.0,0,0,0,0,0,0.0,0.32075471698113206,0.4461992655447782,0.4579137015933187,0.9117751210461399,0.5404537776993396,0.0,0.339622641509434,0.12338567675585563
1802,106,100.0,106,0,106,0,0,0.0,6.535932946681663,6.503558158963648,42.38657139201752,5.082048806667813,2.451901413356997,2.7822917829587506,8.349056603773585,3.567999827489257,0.4953029188126046,0.0,0.0,0.0,0.0,0.0,0,0,0,0,0,0.0,0.3018867924528302,0.4411798084057487,0.4630081137140436,0.9007888062392679,0.5385749040077422,0.0,0.37735849056603776,0.12334341106082203
1803,105,99.05660377358491,106,1,104,0,1,0.009433962264150943,6.509937327873523,6.469162461059993,40.4592925567,5.085591757314118,2.516372096794415,2.797965931148533,8.349056603773585,3.567999827489257,0.49374252968561416,0.9995774708191165,0.006116799424626432,1.0,0.00042252918088342417,0.1928164468555832,0,2,0,0,0,1.0,0.32075471698113206,0.43557107470923767,0.47842755973514933,0.8775286826640548,0.5313148437394996,0.009433962264150943,0.4339622641509434,0.12327663920325543
1804,105,99.05660377358491,106,0,106,0,0,0.0,6.514869548172608,6.471639335435303,42.0432758840601,5.088864316445589,2.4830568243266997,2.795172340446222,8.349056603773585,3.567999827489257,0.49715003416257275,0.0,0.0,0.0,0.0,0.0,0,0,0,0,0,0.0,0.32075471698113206,0.44429194404271877,0.4678490673995613,0.8904353770317261,0.5398464809191085,0.0,0.39622641509433965,0.12335968275683352
1805,105,99.05660377358491,106,0,106,0,0,0.0,6.452993362316702,6.412521198575674,38.70413457752956,5.090332642655961,2.5574321022500226,2.8259423177788485,8.349056603773585,3.567999827489257,0.49148393017757575,0.0,0.0,0.0,0.0,0.0,0,0,0,0,0,0.0,0.3113207547169811,0.4299129601694912,0.48033975072807167,0.8838629910260749,0.5333294061581528,0.0,0.41509433962264153,0.12307649676588053
1806,105,99.05660377358491,106,0,106,0,0,0.0,6.490147362817655,6.449720142393289,39.74062881239587,5.092810385590674,2.4969129160357704,2.8057791498578615,8.349056603773585,3.567999827489257,0.4903365467345706,0.0,0.0,0.0,0.0,0.0,0,0,0,0,0,0.0,0.330188679245283,0.4297448806875011,0.47324748424466423,0.8874044840199447,0.5318084992023742,0.0,0.37735849056603776,0.12330646970020338
1807,105,99.05660377358491,106,0,106,0,0,0.0,6.45881287656033,6.421081016737872,38.64494935328015,5.094382247498565,2.556526886752318,2.8156526238275985,8.349056603773585,3.567999827489257,0.4856453863309209,0.0,0.0,0.0,0.0,0.0,0,0,0,0,0,0.0,0.32075471698113206,0.4207145347641847,0.4660068512671865,0.8985322669781348,0.5304191402659875,0.0,0.37735849056603776,0.12317783928399773
1808,106,100.0,106,0,106,0,0,0.0,6.515597706627501,6.474864309674344,41.63863830017716,5.097433215615649,2.481364516364466,2.809853231189435,8.349056603773585,3.567999827489257,0.4882288575943725,0.0,0.0,0.0,0.0,0.0,0,0,0,0,0,0.0,0.3018867924528302,0.4301900839339961,0.44598302538386847,0.8882708507370063,0.532931698497642,0.0,0.37735849056603776,0.12351619270291074
1809,104,98.11320754716981,106,2,104,0,0,0.018867924528301886,6.605705577533718,6.54627989537714,45.38057173008476,5.10287929152752,2.508603928837377,2.799157379010817,8.349056603773585,3.567999827489257,0.49175173440390263,0.9984056459030749,0.0140717279754001,1.0,0.001594354096925099,-0.00426038379404825,0,2,0,0,0,1.0,0.2830188679245283,0.4400803909300278,0.43642608608190464,0.906504164356976,0.5319402530363425,0.018867924528301886,0.3207547169811321,0.12406389004701207
1810,103,97.16981132075472,106,2,103,1,0,0.018867924528301886,6.538296919581792,6.509304333644083,41.61598622155829,5.105814425581813,2.634076717281268,2.859893086046096,8.349056603773585,3.567999827489257,0.48539531911026446,0.5330457434147416,0.0027383026498398314,0.6666666666666666,0.16948961280258354,0.07299461715932021,0,2,0,1,0,0.3333333333333333,0.29245283018867924,0.4250260586878319,0.4552870760278837,0.8940884550826887,0.5219341216590138,0.018867924528301886,0.3584905660377359,0.1237792095462493
1811,103,97.16981132075472,106,0,106,0,0,0.0,6.53419412703468,6.504502342187097,42.0154614664575,5.109303481563748,2.573819902528504,2.8077431347054578,8.349056603773585,3.567999827489257,0.4832865234208046,0.0,0.0,0.0,0.0,0.0,0,0,0,0,0,0.0,0.3018867924528302,0.4238125860461671,0.4463814318565349,0.9081751062365567,0.5243046689171736,0.0,0.30188679245283023,0.12382094033922197
1812,103,97.16981132075472,106,0,106,0,0,0.0,6.5761617034925175,6.5455114763225035,45.00046735765243,5.113838612702431,2.5312930416799384,2.7861989909972458,8.349056603773585,3.567999827489257,0.4855563913727867,0.0,0.0,0.0,0.0,0.0,0,0,0,0,0,0.0,0.3018867924528302,0.43185958854656037,0.4229371555265122,0.8962270259501661,0.5333355968519082,0.0,0.28301886792452835,0.12411168495711347
1813,103,97.16981132075472,106,0,106,0,0,0.0,6.663543831942768,6.631021583024309,48.73995166150131,5.120652730737596,2.455962855540793,2.763662830383508,8.349056603773585,3.567999827489257,0.4859457960391047,0.0,0.0,0.0,0.0,0.0,0,0,0,0,0,0.0,0.3113207547169811,0.4380136495345322,0.3965716763793105,0.9195288016926674,0.5397357971032886,0.0,0.28301886792452835,0.12467015945923454
1814,104,98.11320754716981,106,0,106,0,0,0.0,6.618428493685973,6.586511692172668,46.48907943716226,5.125953230789979,2.534574977005471,2.8204247080380282,8.349056603773585,3.567999827489257,0.4841516543598261,0.0,0.0,0.0,0.0,0.0,0,0,0,0,0,0.0,0.29245283018867924,0.43267711429556655,0.40509434672096134,0.9146712524430085,0.5360595466312073,0.0,0.28301886792452835,0.1245391436843131
1815,106,100.0,106,0,106,0,0,0.0,6.6182836060950185,6.585594817300863,47.98246433728225,5.131038437734562,2.493575346864837,2.7791319890045076,8.349056603773585,3.567999827489257,0.4849497148610977,0.0,0.0,0.0,0.0,0.0,0,0,0,0,0,0.0,0.32075471698113206,0.43724891964141943,0.3921906198405711,0.9232483361945758,0.5450786931841214,0.0,0.28301886792452835,0.12462913933386341
1816,105,99.05660377358491,106,1,105,0,0,0.009433962264150943,6.669405391165122,6.62467597558315,48.72886834068401,5.137379866753683,2.5369281565954047,2.8225772602908474,8.349056603773585,3.567999827489257,0.4833172910925867,0.999999950066382,0.018793612659601742,1.0,4.993361801819418e-08,0.05248458247691801,0,1,0,0,0,1.0,0.3018867924528302,0.43459244727193774,0.38894273329014345,0.9232483361945758,0.5436029405861557,0.009433962264150943,0.28301886792452835,0.12499787934744522
1817,105,99.05660377358491,106,0,106,0,0,0.0,6.765990782795111,6.720223121162468,52.74282084073017,5.145900201466421,2.4504521846385057,2.7587245962897513,8.349056603773585,3.567999827489257,0.4893885674834715,0.0,0.0,0.0,0.0,0.0,0,0,0,0,0,0.0,0.3018867924528302,0.44779837648917376,0.39150348705942606,0.9199083561422231,0.5443568490718245,0.0,0.3207547169811321,0.12563280906952118
1818,105,99.05660377358491,106,0,106,0,0,0.0,6.775691475513626,6.731638303258738,55.605908750110956,5.154442365593306,2.4213344514345745,2.759254261508551,8.349056603773585,3.567999827489257,0.4929771368840059,0.0,0.0,0.0,0.0,0.0,0,0,0,0,0,0.0,0.3018867924528302,0.45689045502151604,0.3755362907550162,0.9001618364566489,0.547881318482518,0.0,0.3207547169811321,0.1258337047337693
1819,105,99.05660377358491,106,0,106,0,0,0.0,6.763991968427193,6.722576844162716,53.710074377553894,5.1624210950429505,2.4893166087555127,2.7786016995262948,8.349056603773585,3.567999827489257,0.48909841867134496,0.0,0.0,0.0,0.0,0.0,0,0,0,0,0,0.0,0.29245283018867924,0.44798739446672836,0.37562613356832864,0.9182386006433685,0.5462990257771878,0.0,0.3207547169811321,0.1259175477248367
1820,104,98.11320754716981,106,1,105,0,0,0.009433962264150943,6.825259670404163,6.762950849269566,57.28753016482374,5.171798587323799,2.445022925501622,2.758104798109863,8.349056603773585,3.567999827489257,0.49249153818134017,0.9999997122803657,0.022765816871183432,1.0,2.877196343398225e-07,0.029560139855374423,0,1,0,0,0,1.0,0.29245283018867924,0.458133626984857,0.3717381375875421,0.9387827251042661,0.5490845267723348,0.009433962264150943,0.28301886792452835,0.1263911806889233
1821,105,99.05660377358491,106,0,106,0,0,0.0,6.795877692872632,6.732942913579975,53.13448232433851,5.179453935883181,2.493152230023653,2.801946823593838,8.349056603773585,3.567999827489257,0.4918503261953737,0.0,0.0,0.0,0.0,0.0,0,0,0,0,0,0.0,0.330188679245283,0.45004709050443936,0.39713077566858973,0.9163691466784959,0.5463687062836872,0.0,0.26415094339622647,0.12638084221296186
1822,105,99.05660377358491,106,0,106,0,0,0.0,6.756633996751756,6.69576858000082,49.10975724012186,5.185775037492791,2.5695259842921114,2.803954958343676,8.349056603773585,3.567999827489257,0.4864114903980916,0.0,0.0,0.0,0.0,0.0,0,0,0,0,0,0.0,0.3018867924528302,0.43553201830778876,0.4129603062589317,0.9136379060596224,0.5400302743911478,0.0,0.30188679245283023,0.12629739217962063
1823,105,99.05660377358491,106,0,106,0,0,0.0,6.688353902991336,6.631650239435582,43.110479768735665,5.190040408383269,2.649410955554996,2.8434572654785892,8.349056603773585,3.567999827489257,0.48218936008942026,0.0,0.0,0.0,0.0,0.0,0,0,0,0,0,0.0,0.2830188679245283,0.41919913518273355,0.4440537529303253,0.9136379060596224,0.5352230298810338,0.0,0.30188679245283023,0.1260320859238256
1824,105,99.05660377358491,106,0,106,0,0,0.0,6.696370551004091,6.638496971265329,43.37175743385118,5.194349023951633,2.6206363533100125,2.854136317618216,8.349056603773585,3.567999827489257,0.4850032499435173,0.0,0.0,0.0,0.0,0.0,0,0,0,0,0,0.0,0.29245283018867924,0.4235333400840706,0.4469525662318304,0.9136379060596224,0.5398307334567288,0.0,0.30188679245283023,0.12614903486191253
1825,106,100.0,106,0,106,0,0,0.0,6.674809191423347,6.616486296139033,44.68996104045604,5.197875635443522,2.6654594888216043,2.8687830247849937,8.349056603773585,3.567999827489257,0.4836949185233692,0.0,0.0,0.0,0.0,0.0,0,0,0,0,0,0.0,0.2830188679245283,0.4250561305566348,0.4399184918428001,0.9047519043263058,0.536062330849238,0.0,0.26415094339622647,0.12610414280998222
1826,106,100.0,106,0,106,0,0,0.0,6.689034310556429,6.6291442116118695,46.502998648889275,5.201637724965251,2.67055084185533,2.8565268976012788,8.349056603773585,3.567999827489257,0.48440093071763113,0.0,0.0,0.0,0.0,0.0,0,0,0,0,0,0.0,0.29245283018867924,0.4295145847438787,0.4279756800890507,0.9052858760873975,0.5354650282075546,0.0,0.28301886792452835,0.12624238407947028
1827,106,100.0,106,0,106,0,0,0.0,6.7671769907709045,6.706841768960489,49.980429069027494,5.207483382109065,2.5814475600403766,2.8133375980508575,8.349056603773585,3.567999827489257,0.4903835753009822,0.0,0.0,0.0,0.0,0.0,0,0,0,0,0,0.0,0.3113207547169811,0.44234236747036937,0.41227366917842095,0.9015932107534297,0.5375472329053274,0.0,0.28301886792452835,0.12673738399894613
1828,106,100.0,106,0,106,0,0,0.0,6.717262117576686,6.6592342692673245,47.13058390570928,5.211761557810534,2.6533235191150975,2.8504737109482887,8.349056603773585,3.567999827489257,0.4882511340703628,0.0,0.0,0.0,0.0,0.0,0,0,0,0,0,0.0,0.330188679245283,0.4350268951388775,0.4221735443410238,0.9194123609987893,0.5359765222532216,0.0,0.24528301886792458,0.12656413228379906
1829,106,100.0,106,0,106,0,0,0.0,6.7434475939802345,6.686483363415236,46.78329915093047,5.216664886316105,2.6343656407833396,2.8391107916250027,8.349056603773585,3.567999827489257,0.48720575554027845,0.0,0.0,0.0,0.0,0.0,0,0,0,0,0,0.0,0.2830188679245283,0.4316514198470741,0.4208732245517277,0.9198770922798071,0.5327074458798242,0.0,0.28301886792452835,0.1267825350421268
1830,106,100.0,106,0,106,0,0,0.0,6.67025267525347,6.612922665659052,45.338528200801356,5.219293547613823,2.691327541814058,2.871612411640805,8.349056603773585,3.567999827489257,0.4865822395757218,0.0,0.0,0.0,0.0,0.0,0,0,0,0,0,0.0,0.32075471698113206,0.4300455544025519,0.42271493121280407,0.9001740475492492,0.5358906466296679,0.0,0.28301886792452835,0.1264634557637769
1831,106,100.0,106,0,106,0,0,0.0,6.745661637284023,6.68441832552643,51.995770263493746,5.223869190297558,2.538678187926734,2.801257426754195,8.349056603773585,3.567999827489257,0.49152308500642294,0.0,0.0,0.0,0.0,0.0,0,0,0,0,0,0.0,0.33962264150943394,0.4489084879875111,0.38163684910274215,0.8839338507667757,0.5499850259224632,0.0,0.3207547169811321,0.12692213003546077
1832,106,100.0,106,0,106,0,0,0.0,6.668036688299002,6.612047605563445,46.289471607126565,5.226215824327486,2.5762738951927444,2.8086296088449076,8.349056603773585,3.567999827489257,0.4860026151372603,0.0,0.0,0.0,0.0,0.0,0,0,0,0,0,0.0,0.330188679245283,0.43143293811368555,0.4052048655123478,0.9088673368661863,0.5464788926258578,0.0,0.26415094339622647,0.12657586923960548
1833,106,100.0,106,0,106,0,0,0.0,6.702179658717884,6.644662035868079,45.772969532619555,5.229409676712879,2.566530146453892,2.8127133761704086,8.349056603773585,3.567999827489257,0.48568377896973214,0.0,0.0,0.0,0.0,0.0,0,0,0,0,0,0.0,0.32075471698113206,0.42927581503418005,0.40622124506340124,0.9081517963465768,0.5479910711003789,0.0,0.30188679245283023,0.12680356241550045
1834,106,100.0,106,0,106,0,0,0.0,6.735153200607048,6.674755805536925,48.63724385214451,5.233348568970567,2.5402551434741807,2.8055215053676523,8.349056603773585,3.567999827489257,0.48760805311175015,0.0,0.0,0.0,0.0,0.0,0,0,0,0,0,0.0,0.3113207547169811,0.43690257652195114,0.3942034215387376,0.9019240229066791,0.5491179878883008,0.0,0.3207547169811321,0.1270386999594259
1835,106,100.0,106,0,106,0,0,0.0,6.75341822886643,6.694630978891088,49.94718830843782,5.237714238480087,2.4712685029149024,2.7651628033733604,8.349056603773585,3.567999827489257,0.48607216545317833,0.0,0.0,0.0,0.0,0.0,0,0,0,0,0,0.0,0.3018867924528302,0.4364806017385666,0.37912042914824223,0.9103112835802724,0.5545226044039223,0.0,0.3207547169811321,0.12720790864100703
1836,105,99.05660377358491,106,1,105,0,0,0.009433962264150943,6.807651436836399,6.7355873426542106,53.212531681202115,5.2434097944288744,2.4619446263150095,2.748249413184841,8.349056603773585,3.567999827489257,0.4895956998314135,0.999995118926692,0.023592960463181385,1.0,4.8810733079829305e-06,0.06916787950316738,0,1,0,0,0,1.0,0.3113207547169811,0.4464208143636402,0.36605164106687177,0.9056337300322407,0.5548023243511112,0.009433962264150943,0.3207547169811321,0.12758068339407053
1837,105,99.05660377358491,106,0,106,0,0,0.0,6.917032752375104,6.842614839365511,57.6087134332842,5.251640530540549,2.37003209314232,2.6614448394425003,8.349056603773585,3.567999827489257,0.49132300430401177,0.0,0.0,0.0,0.0,0.0,0,0,0,0,0,0.0,0.29245283018867924,0.45384970177180284,0.35445044057286945,0.9312196940477164,0.5580114829115399,0.0,0.28301886792452835,0.1282744262968969
1838,104,98.11320754716981,106,1,105,0,0,0.009433962264150943,6.97003575369856,6.880372578644631,59.962939620658965,5.261039188284188,2.377288840282609,2.686862848545448,8.349056603773585,3.567999827489257,0.4911675387761383,0.9999999999300213,0.023041862548704297,1.0,6.997868950975317e-11,0.10902986676114601,0,1,0,0,0,1.0,0.29245283018867924,0.4559599090277967,0.3479000907742539,0.9222016002980926,0.5541866273295318,0.009433962264150943,0.28301886792452835,0.12870711334955381
1839,104,98.11320754716981,106,0,106,0,0,0.0,6.921856968692846,6.831109757494133,58.47745254961366,5.268312506612459,2.4450708997920625,2.736300878342102,8.349056603773585,3.567999827489257,0.4865134160628992,0.0,0.0,0.0,0.0,0.0,0,0,0,0,0,0.0,0.2641509433962264,0.44813811200954656,0.3496321505828232,0.9339884098141882,0.544404250846265,0.0,0.24528301886792458,0.128595975417228
1840,104,98.11320754716981,106,0,106,0,0,0.0,6.949077046302048,6.858274316745491,59.272645287100985,5.276101698097108,2.413738154517656,2.7445322640806986,8.349056603773585,3.567999827489257,0.4858961231063468,0.0,0.0,0.0,0.0,0.0,0,0,0,0,0,0.0,0.27358490566037735,0.448294007454714,0.3418716987001011,0.9177170394400088,0.5462611881413058,0.0,0.28301886792452835,0.12887103497464153
1841,105,99.05660377358491,106,0,106,0,0,0.0,6.978299787973822,6.8862132036934725,62.473604840722246,5.284410458793505,2.382693226156993,2.7503432152202003,8.349056603773585,3.567999827489257,0.4873863706117687,0.0,0.0,0.0,0.0,0.0,0,0,0,0,0,0.0,0.2641509433962264,0.4557584521302842,0.3370684292482228,0.9268209284973916,0.5451143964283157,0.0,0.26415094339622647,0.12916537696665736
1842,105,99.05660377358491,106,0,106,0,0,0.0,6.99564637750816,6.906669369537118,59.71098398748824,5.293006663692199,2.3569332332610604,2.787867737192382,8.349056603773585,3.567999827489257,0.48727859152587283,0.0,0.0,0.0,0.0,0.0,0,0,0,0,0,0.0,0.2830188679245283,0.4498158871710653,0.3438097307175943,0.9245930534351513,0.5459507641614719,0.0,0.30188679245283023,0.12940546620230706
1843,106,100.0,106,0,106,0,0,0.0,7.014584871502881,6.9267295229967045,58.55556822404652,5.301868753007604,2.342331094964621,2.76761746193807,8.349056603773585,3.567999827489257,0.48829769641501897,0.0,0.0,0.0,0.0,0.0,0,0,0,0,0,0.0,0.2641509433962264,0.44851127680365793,0.3553920506527988,0.9224476473776192,0.54866620648647,0.0,0.26415094339622647,0.12965825833802347
1844,105,99.05660377358491,106,1,105,0,0,0.009433962264150943,7.004593158146593,6.931886542249013,59.70218103291944,5.310233748971365,2.315410619379944,2.7905589724434314,8.349056603773585,3.567999827489257,0.48609356627273814,0.2541256444349247,0.0028205176088780823,0.0,0.2541256444349247,0.00925074492814959,0,1,0,0,0,0.0,0.27358490566037735,0.447962251667117,0.3373970875085526,0.9058962015786607,0.547317745593947,0.009433962264150943,0.3207547169811321,0.12975753129202028
1845,105,99.05660377358491,106,0,106,0,0,0.0,6.969224682300469,6.8976963737283095,59.32234450276657,5.317652453741078,2.269605503909295,2.7572248305463853,8.349056603773585,3.567999827489257,0.4894631402243512,0.0,0.0,0.0,0.0,0.0,0,0,0,0,0,0.0,0.3018867924528302,0.4528129367806698,0.32832175257311913,0.9058962015786607,0.5562291604134973,0.0,0.3207547169811321,0.1297130385994823
1846,105,99.05660377358491,106,0,106,0,0,0.0,6.941026281816904,6.872712477352048,54.11599138641305,5.324093318833722,2.268245094760837,2.705034980372397,8.349056603773585,3.567999827489257,0.49032727430340484,0.0,0.0,0.0,0.0,0.0,0,0,0,0,0,0.0,0.3113207547169811,0.44508217090798385,0.3560680066119957,0.914589537223137,0.5587487636844368,0.0,0.3207547169811321,0.12968695162476165
1847,105,99.05660377358491,106,0,106,0,0,0.0,7.12314456178307,7.049752506341839,62.998950535272634,5.335357804214125,2.140423092753469,2.6568295884589217,8.349056603773585,3.567999827489257,0.49737072608976374,0.0,0.0,0.0,0.0,0.0,0,0,0,0,0,0.0,0.3018867924528302,0.4657547570202592,0.3358903251585679,0.935250718750062,0.5680666856058288,0.0,0.28301886792452835,0.13079850143406263
1848,105,99.05660377358491,106,0,106,0,0,0.0,7.173882945434809,7.098765199306686,65.72496795628393,5.347619391015933,2.0724852784316896,2.6249430231564923,8.349056603773585,3.567999827489257,0.5003325032799377,0.0,0.0,0.0,0.0,0.0,0,0,0,0,0,0.0,0.29245283018867924,0.473567127609112,0.33684536724878483,0.9228380149808818,0.5637994831146492,0.0,0.28301886792452835,0.13127094005028933
1849,106,100.0,106,0,106,0,0,0.0,7.191755310246173,7.116284965264603,65.62820891301224,5.35994356859713,2.124418118217045,2.6746262694139467,8.349056603773585,3.567999827489257,0.500243921697292,0.0,0.0,0.0,0.0,0.0,0,0,0,0,0,0.0,0.29245283018867924,0.4726760936351637,0.3330034079401161,0.9257897644641901,0.5691736852611726,0.0,0.30188679245283023,0.1315801651917644
1850,106,100.0,106,0,106,0,0,0.0,7.275947609343844,7.199030430022097,69.25783650012684,5.374189905975334,2.0540217652294612,2.6330103526376836,8.349056603773585,3.567999827489257,0.5042743161949483,0.0,0.0,0.0,0.0,0.0,0,0,0,0,0,0.0,0.27358490566037735,0.4821604854556845,0.3261511958097882,0.9228893928968795,0.5693222795857373,0.0,0.30188679245283023,0.13225528133379172
1851,106,100.0,106,0,106,0,0,0.0,7.195022456262625,7.119329077461596,66.16016570936394,5.385652938762967,2.1051941721536864,2.6628419678517874,8.349056603773585,3.567999827489257,0.5025074048354192,0.0,0.0,0.0,0.0,0.0,0,0,0,0,0,0.0,0.2641509433962264,0.47662558482177325,0.33338458903928114,0.9268515649807463,0.567202862445854,0.0,0.30188679245283023,0.13205515606342952
1852,105,99.05660377358491,106,1,105,0,0,0.009433962264150943,7.352725494863095,7.290080521413123,70.26164243364202,5.401144014180596,1.9259579604244563,2.592817766533367,8.349056603773585,3.567999827489257,0.5067530217605076,0.9496709922638682,0.012199447573207182,1.0,0.0503290077361318,-0.01022882793935631,0,1,0,0,0,0.0,0.27358490566037735,0.4853322331600789,0.32976588058138245,0.9152472233276896,0.5731796996695572,0.009433962264150943,0.3207547169811321,0.13312003202852046
1853,105,99.05660377358491,106,0,106,0,0,0.0,7.347245279788247,7.284820607687569,68.86592980894012,5.416369114444342,1.9743281396468835,2.589815046411997,8.349056603773585,3.567999827489257,0.5033921455829449,0.0,0.0,0.0,0.0,0.0,0,0,0,0,0,0.0,0.3113207547169811,0.47732271792153086,0.3321275636130424,0.9119236672400151,0.5711695901383546,0.0,0.3207547169811321,0.133364246728719
1854,104,98.11320754716981,106,1,105,0,0,0.009433962264150943,7.2655413509140585,7.1956315557194195,65.08246670463393,5.428766042232109,2.1521990421676627,2.6939045623725035,8.349056603773585,3.567999827489257,0.4996285961144751,0.825899074651933,0.016030923513155673,1.0,0.17410092534806698,0.06827057040770734,0,1,0,0,0,0.0,0.32075471698113206,0.46783070777549374,0.3334778141996759,0.921081766325642,0.5630938044129261,0.009433962264150943,0.28301886792452835,0.13317688826538882
1855,104,98.11320754716981,106,0,106,0,0,0.0,7.254119284973519,7.1852418528523065,62.00805580768538,5.440163212742037,2.151855701482708,2.6901328684620887,8.349056603773585,3.567999827489257,0.5002702727017787,0.0,0.0,0.0,0.0,0.0,0,0,0,0,0,0.0,0.330188679245283,0.46321054545601126,0.3409013279509625,0.9123096616523545,0.5675091906470436,0.0,0.30188679245283023,0.13332310344775256
1856,104,98.11320754716981,106,0,106,0,0,0.0,7.18571220463815,7.119242805577629,58.9538417665373,5.449269855513508,2.151292619037986,2.669604047236013,8.349056603773585,3.567999827489257,0.49999182309521273,0.0,0.0,0.0,0.0,0.0,0,0,0,0,0,0.0,0.33962264150943394,0.4584544338313665,0.34957123148447666,0.915249465361519,0.5679485781908343,0.0,0.26415094339622647,0.1331435305452638
1857,105,99.05660377358491,106,0,106,0,0,0.0,7.106568687113562,7.043670397410899,55.21000904502274,5.45589443457219,2.2461577580561203,2.708689593224885,8.349056603773585,3.567999827489257,0.4952938466401624,0.0,0.0,0.0,0.0,0.0,0,0,0,0,0,0.0,0.3490566037735849,0.447180704196442,0.35385599200740736,0.9148410881533025,0.5654265758103548,0.0,0.30188679245283023,0.13286599544233368
1858,105,99.05660377358491,106,0,106,0,0,0.0,7.220664000718646,7.157950140071609,55.68733415082608,5.465544649478275,2.1712433712538814,2.6627483866392447,8.349056603773585,3.567999827489257,0.49675400492366806,0.0,0.0,0.0,0.0,0.0,0,0,0,0,0,0.0,0.3584905660377358,0.4465982807080322,0.3564186627370871,0.9212321156301508,0.5727122435019215,0.0,0.30188679245283023,0.13360863183595983
1859,106,100.0,106,0,106,0,0,0.0,7.280004074449612,7.21746289258778,57.96850821814534,5.476549276658847,2.148607342497201,2.6375405181032834,8.349056603773585,3.567999827489257,0.4992653301742529,0.0,0.0,0.0,0.0,0.0,0,0,0,0,0,0.0,0.33962264150943394,0.4528025163004859,0.35937387549186867,0.9336645799090708,0.5746273168106364,0.0,0.26415094339622647,0.13410165474402397
1860,105,99.05660377358491,106,1,105,0,0,0.009433962264150943,7.346697808142361,7.276959425836187,60.1285414668392,5.489137679908488,2.120695051662021,2.627484594963253,8.349056603773585,3.567999827489257,0.4995095812364536,0.9997819778078358,0.011928576202956865,1.0,0.00021802219216415786,0.012870004082668807,0,1,0,0,0,1.0,0.32075471698113206,0.45540138198179964,0.3526262815595454,0.9248520984752007,0.5680272226939224,0.009433962264150943,0.2641509433962264,0.13465970051560314
1861,104,98.11320754716981,106,1,104,1,0,0.009433962264150943,7.317373554945782,7.256035612443971,59.95109188509632,5.500185594672159,2.1554102950268206,2.6780639303682,8.349056603773585,3.567999827489257,0.5019630703588933,0.7350712400423307,0.00332000766575259,0.5,0.23528504881404189,0.02059501781174522,0,1,0,1,0,0.5,0.32075471698113206,0.45800083612002807,0.34607478557364774,0.9169763169086521,0.5694230190551504,0.009433962264150943,0.3018867924528302,0.13471017403947472
1862,104,98.11320754716981,106,0,106,0,0,0.0,7.361772057113636,7.299546369208514,60.0699134837646,5.512297223631353,2.1674365937031137,2.674696110168631,8.349056603773585,3.567999827489257,0.5019331760076704,0.0,0.0,0.0,0.0,0.0,0,0,0,0,0,0.0,0.3113207547169811,0.4569079815456818,0.35095234143923326,0.9269349011513096,0.5704609199988325,0.0,0.2641509433962264,0.13514823800049908
1863,104,98.11320754716981,106,0,106,0,0,0.0,7.417245700870638,7.355864593464732,64.3704720625426,5.525584257005623,2.0955210691055774,2.6221082639669313,8.349056603773585,3.567999827489257,0.5058990244110992,0.0,0.0,0.0,0.0,0.0,0,0,0,0,0,0.0,0.32075471698113206,0.46802907333740373,0.3372585175421648,0.9170327567938259,0.5759132264729367,0.0,0.2641509433962264,0.13566264688322027
1864,104,98.11320754716981,106,0,106,0,0,0.0,7.365988468259951,7.306820361773747,61.31484111465902,5.536997290570319,2.1597589083898505,2.642482126839028,8.349056603773585,3.567999827489257,0.5039556114403678,0.0,0.0,0.0,0.0,0.0,0,0,0,0,0,0.0,0.3113207547169811,0.4613406386419531,0.3519689694958553,0.9154729210943882,0.5689935937320157,0.0,0.28301886792452835,0.13560996922911667
1865,105,99.05660377358491,106,0,106,0,0,0.0,7.336433602889409,7.279496718462398,60.58829938619437,5.547223181080146,2.158959005268971,2.63735502743513,8.349056603773585,3.567999827489257,0.5035689936703434,0.0,0.0,0.0,0.0,0.0,0,0,0,0,0,0.0,0.32075471698113206,0.460195925000838,0.34788303535249254,0.9238793108343366,0.5728138145392131,0.0,0.2830188679245283,0.1356446247801389
1866,106,100.0,106,0,106,0,0,0.0,7.270655418075189,7.2157855669858435,56.81353353339988,5.555265640814402,2.2224340166754306,2.694116747013994,8.349056603773585,3.567999827489257,0.4984066099124955,0.0,0.0,0.0,0.0,0.0,0,0,0,0,0,0.0,0.3113207547169811,0.4481514676560004,0.33699058404584015,0.9238793108343366,0.5691194309287444,0.0,0.2830188679245283,0.13545921133078986
1867,106,100.0,106,0,106,0,0,0.0,7.292569033039658,7.236089180978706,55.938159629107744,5.563600691929005,2.288772572276,2.7130580531386057,8.349056603773585,3.567999827489257,0.4968924769305043,0.0,0.0,0.0,0.0,0.0,0,0,0,0,0,0.0,0.3113207547169811,0.4439507972765375,0.34360529611783797,0.9154729210943882,0.5710069872834608,0.0,0.28301886792452835,0.13571747671030732
1868,106,100.0,106,0,106,0,0,0.0,7.237996856980682,7.185411624649355,51.5845752961978,5.5701918083362925,2.3163486789681644,2.7157566394369135,8.349056603773585,3.567999827489257,0.493087075501792,0.0,0.0,0.0,0.0,0.0,0,0,0,0,0,0.0,0.32075471698113206,0.4318794355610891,0.3569254624075902,0.9170327567938259,0.5718653799475865,0.0,0.2641509433962264,0.13556220134103322
1869,106,100.0,106,0,105,1,0,0.0,7.307230409993307,7.253449838678444,54.287703283811794,5.578489836408886,2.245916743557114,2.6982471112681483,8.349056603773585,3.567999827489257,0.4977473497334417,0.9688088890636868,0.006325714722779947,1.0,0.031191110936313216,0.08497055659536912,0,0,0,1,0,1.0,0.32075471698113206,0.4415228374219899,0.34956293537832417,0.9110930588478067,0.5768794862207143,0.0,0.3018867924528302,0.13605640591975396
1870,105,99.05660377358491,106,1,105,0,0,0.009433962264150943,7.357477776284912,7.3211748841837085,53.4061785483249,5.5879946383028445,2.197822887250963,2.6625805027072387,8.349056603773585,3.567999827489257,0.4992830439108986,0.9999995086986828,0.005702442418098385,1.0,4.91301317184778e-07,0.2072620038107742,0,1,0,0,0,1.0,0.33962264150943394,0.4397962593472967,0.35728074740036897,0.9106348247622545,0.5797819254101916,0.009433962264150943,0.32075471698113206,0.1364772084088018
1871,104,98.11320754716981,106,1,105,0,0,0.009433962264150943,7.337775606948687,7.2999896642956505,49.86925100368714,5.597040262322592,2.282551263761177,2.7095639067070008,8.349056603773585,3.567999827489257,0.49641273766321725,0.9783511586015041,0.006699001883498277,1.0,0.021648841398495877,0.1458495794709389,0,1,0,0,0,1.0,0.33962264150943394,0.4298550824835602,0.3773570945766682,0.9106348247622545,0.5710596002292995,0.009433962264150943,0.32075471698113206,0.13654007148683062
1872,104,98.11320754716981,106,0,106,0,0,0.0,7.367590389766763,7.326520370105442,50.74453180023065,5.60646606275148,2.2563817353283127,2.6742386408214243,8.349056603773585,3.567999827489257,0.4962825376868978,0.0,0.0,0.0,0.0,0.0,0,0,0,0,0,0.0,0.330188679245283,0.43020166697471823,0.3677372094457998,0.9006079738454364,0.578636310322156,0.0,0.32075471698113206,0.1368573016724421
1873,104,98.11320754716981,106,0,106,0,0,0.0,7.383109829324906,7.343870077652247,50.14558719887878,5.616050780665597,2.3894880856451257,2.7466337532713156,8.349056603773585,3.567999827489257,0.49439074277537354,0.0,0.0,0.0,0.0,0.0,0,0,0,0,0,0.0,0.3490566037735849,0.4264421896073257,0.3759367562649263,0.9159608517481728,0.5712108578379121,0.0,0.2830188679245283,0.1371058902295533
1874,103,97.16981132075472,106,1,104,0,1,0.009433962264150943,7.356157217566573,7.303751249587321,49.33726193774587,5.6245481013324925,2.4429678738797365,2.794511158388497,8.349056603773585,3.567999827489257,0.4911366944332669,0.9986481486562124,0.016071911773868047,1.0,0.001351851343787569,-0.015988901619434115,0,2,0,0,0,1.0,0.33962264150943394,0.4216116105853691,0.37987667345557735,0.912501508246121,0.5676696258075185,0.009433962264150943,0.28301886792452835,0.13712271936412967
1875,102,96.22641509433963,106,2,104,0,0,0.018867924528301886,7.279937178177013,7.278956702477199,44.79142899681148,5.630179693245224,2.6027601689450983,2.8306966010710153,8.349056603773585,3.567999827489257,0.4869166438308534,0.9999990790705245,0.011471290013583697,1.0,9.209294754564112e-07,0.06435847358592184,0,2,0,0,0,1.0,0.36792452830188677,0.4085494689233652,0.39693019146024094,0.897420878080624,0.5673998028392981,0.018867924528301886,0.30188679245283023,0.13684208676204745
1876,102,96.22641509433963,106,1,105,0,0,0.009433962264150943,7.30039667118527,7.287936746487843,45.41432153471597,5.637556757082541,2.6531847206300343,2.937230153987314,8.349056603773585,3.567999827489257,0.48900042688773504,0.983178670943714,0.02055444496532715,1.0,0.016821329056285972,0.012856245153189505,0,1,0,0,0,1.0,0.33962264150943394,0.41195303985227033,0.4041221517217831,0.8947645317825618,0.5695567748266736,0.009433962264150943,0.30188679245283023,0.13707599103958334
1877,102,96.22641509433963,106,0,106,0,0,0.0,7.292144058350641,7.280538054492363,43.805335327904835,5.644224409894888,2.6560504180262137,2.8926939189900307,8.349056603773585,3.567999827489257,0.488216776218086,0.0,0.0,0.0,0.0,0.0,0,0,0,0,0,0.0,0.3584905660377358,0.4079942206130046,0.4171991238681588,0.8892571595164717,0.5658146184579423,0.0,0.30188679245283023,0.1371536788958313
1878,102,96.22641509433963,106,0,106,0,0,0.0,7.311222307046036,7.296453778845061,43.407247893725355,5.651108459280353,2.678092308938231,2.8892991937883665,8.349056603773585,3.567999827489257,0.4876477883306014,0.0,0.0,0.0,0.0,0.0,0,0,0,0,0,0.0,0.330188679245283,0.4065573617944767,0.4283987825733712,0.9088672614415276,0.5601938459302511,0.0,0.26415094339622647,0.1373718815744071
1879,103,97.16981132075472,106,0,106,0,0,0.0,7.382345811746827,7.365634389388749,44.911353187198024,5.659721577047503,2.6651438181226244,2.8650381301994092,8.349056603773585,3.567999827489257,0.49120681485093054,0.0,0.0,0.0,0.0,0.0,0,0,0,0,0,0.0,0.33962264150943394,0.41327071068031007,0.4333159469387226,0.899472130420545,0.5611786162137358,0.0,0.339622641509434,0.13788115711144772
1880,105,99.05660377358491,106,0,106,0,0,0.0,7.39956930706908,7.380651085762675,45.085301125352466,5.668456015348153,2.672755946801257,2.8786754732966453,8.349056603773585,3.567999827489257,0.4916869966927566,0.0,0.0,0.0,0.0,0.0,0,0,0,0,0,0.0,0.32075471698113206,0.41377668887638297,0.4346868099944444,0.9060815387084387,0.5570493584317612,0.0,0.3018867924528302,0.13812309695980865
1881,106,100.0,106,0,106,0,0,0.0,7.455584795439978,7.441202922094671,45.538833216799276,5.678607200437997,2.611978339616885,2.871704611258022,8.349056603773585,3.567999827489257,0.4929284292173073,0.0,0.0,0.0,0.0,0.0,0,0,0,0,0,0.0,0.32075471698113206,0.4148496656004417,0.43725015828295577,0.9032275576542386,0.5593501604261534,0.0,0.3018867924528302,0.13858427153491001
1882,106,100.0,106,0,106,0,0,0.0,7.504234341268096,7.48950114528689,48.89157267312028,5.689774815677491,2.515426509286339,2.81608594309327,8.349056603773585,3.567999827489257,0.49747384125649363,0.0,0.0,0.0,0.0,0.0,0,0,0,0,0,0.0,0.32075471698113206,0.42605488907314226,0.4240148966547965,0.9164807270266992,0.5667816788398468,0.0,0.2641509433962264,0.1390267495102905
1883,106,100.0,106,0,106,0,0,0.0,7.567399054720077,7.55501260515713,51.65530690394147,5.702413929444629,2.4217339062429817,2.779705883169287,8.349056603773585,3.567999827489257,0.5003263723236051,0.0,0.0,0.0,0.0,0.0,0,0,0,0,0,0.0,0.29245283018867924,0.4337616414289937,0.41042435920262255,0.9011404419230564,0.5662969320495146,0.0,0.2641509433962264,0.13956805485625426
1884,106,100.0,106,0,106,0,0,0.0,7.617647315626162,7.609104368343539,54.89469226895206,5.716146074868101,2.3443679838920204,2.732876196405896,8.349056603773585,3.567999827489257,0.5042551171620084,0.0,0.0,0.0,0.0,0.0,0,0,0,0,0,0.0,0.330188679245283,0.4430789148501226,0.3962504904275762,0.8984448525185871,0.5725952103675527,0.0,0.26415094339622647,0.1400642776232947
1885,106,100.0,106,0,106,0,0,0.0,7.603515591647888,7.596369884762514,53.99585508503819,5.729024764284792,2.4144750476037267,2.8099320978615885,8.349056603773585,3.567999827489257,0.5034574339465225,0.0,0.0,0.0,0.0,0.0,0,0,0,0,0,0.0,0.32075471698113206,0.4408985546680519,0.4046091262161358,0.8877552050624605,0.566728877851703,0.0,0.26415094339622647,0.14022337481148855
1886,105,99.05660377358491,106,1,105,0,0,0.009433962264150943,7.602216660218435,7.61966582200866,52.96434312450518,5.74128790819923,2.51904702704746,2.8291539856193353,8.349056603773585,3.567999827489257,0.4992570782301311,0.9503322097251796,0.01046850123487584,1.0,0.04966779027482038,0.09805975928799215,0,1,0,0,0,1.0,0.3018867924528302,0.43411791529517635,0.4174732161639158,0.8902765979306553,0.5538459293349443,0.009433962264150943,0.30188679245283023,0.14043565463119723
1887,105,99.05660377358491,106,0,106,0,0,0.0,7.587899758755112,7.603783719556892,53.98270027089846,5.753481157536177,2.4940688256411048,2.8418063249636623,8.349056603773585,3.567999827489257,0.5014019126645675,0.0,0.0,0.0,0.0,0.0,0,0,0,0,0,0.0,0.330188679245283,0.43940087602723343,0.4093466320535569,0.9056250678550304,0.5582511729101286,0.0,0.30188679245283023,0.14058159768153441
1888,105,99.05660377358491,106,0,106,0,0,0.0,7.604936840690988,7.621160174155293,53.44410515188029,5.765735345253892,2.5164539250341798,2.8633306222438857,8.349056603773585,3.567999827489257,0.5013041265123643,0.0,0.0,0.0,0.0,0.0,0,0,0,0,0,0.0,0.330188679245283,0.43778167936496337,0.4122545150307328,0.9183380106924786,0.556155618567073,0.0,0.26415094339622647,0.14088539778952794
1889,105,99.05660377358491,106,0,106,0,0,0.0,7.548349953534604,7.567455214899828,50.70094050466137,5.776019349292108,2.650767683679182,2.9365152620905097,8.349056603773585,3.567999827489257,0.4973573077019646,0.0,0.0,0.0,0.0,0.0,0,0,0,0,0,0.0,0.32075471698113206,0.42915764777461624,0.4220419316430949,0.9112931338647334,0.5466232432561725,0.0,0.30188679245283023,0.14078592997691727
1890,105,99.05660377358491,106,0,106,0,0,0.0,7.602831315509088,7.6251438174634,51.34806264732578,5.7875830834759405,2.61763442952741,2.934039610531257,8.349056603773585,3.567999827489257,0.4997433138855032,0.0,0.0,0.0,0.0,0.0,0,0,0,0,0,0.0,0.3113207547169811,0.4325480933536989,0.4181542507147583,0.922496502764713,0.550851391212486,0.0,0.30188679245283023,0.14126463379465493
1891,106,100.0,106,0,106,0,0,0.0,7.645649489555477,7.669003284816429,53.497399462974535,5.799986148219639,2.5754350321448687,2.9075659672879572,8.349056603773585,3.567999827489257,0.5037452936392499,0.0,0.0,0.0,0.0,0.0,0,0,0,0,0,0.0,0.32075471698113206,0.4407098367513032,0.40487310176629115,0.922496502764713,0.5500605344739591,0.0,0.30188679245283023,0.14169999532921615
1892,106,100.0,106,0,105,1,0,0.0,7.7215342481153515,7.74307605205971,56.084608452191524,5.814061004600645,2.5628027490836174,2.8725104217719446,8.349056603773585,3.567999827489257,0.5045393201772637,0.993230773827816,0.013402443635191934,1.0,0.006769226172184006,0.14169825549555526,0,0,0,1,0,1.0,0.33962264150943394,0.4447095791530827,0.40045321739632467,0.9195691902428839,0.5533660238320516,0.0,0.30188679245283023,0.14233051454771234
1893,105,99.05660377358491,106,1,105,0,0,0.009433962264150943,7.695168969514435,7.702763485521263,58.14770106597329,5.826929702361328,2.547606990734528,2.9498407688072215,8.349056603773585,3.567999827489257,0.5039877095822012,0.9932625467476525,0.008984204281662005,1.0,0.006737453252347536,0.1530919034450211,0,1,0,0,0,1.0,0.32075471698113206,0.44769115579111524,0.3810902532598086,0.9179297016493362,0.5597939428556439,0.009433962264150943,0.30188679245283023,0.1424282657116584
1894,105,99.05660377358491,106,0,106,0,0,0.0,7.628824421358165,7.637241222125876,58.585700344275565,5.837022263537468,2.5443500752285626,2.9382626887594867,8.349056603773585,3.567999827489257,0.502950460817988,0.0,0.0,0.0,0.0,0.0,0,0,0,0,0,0.0,0.32075471698113206,0.4478946924496811,0.3573414335590746,0.9209536567237262,0.5671100369596304,0.0,0.26415094339622647,0.14227659425355402
1895,105,99.05660377358491,106,0,106,0,0,0.0,7.610845839745614,7.6141398703937675,56.759336411292516,5.846095317196294,2.5643087217333167,2.945073381762848,8.349056603773585,3.567999827489257,0.5033753883397112,0.0,0.0,0.0,0.0,0.0,0,0,0,0,0,0.0,0.32075471698113206,0.44605891918442137,0.36657796113590496,0.9139081782667331,0.5649024065248319,0.0,0.30188679245283023,0.14234856461493872
1896,105,99.05660377358491,106,0,106,0,0,0.0,7.681788120820881,7.683728656740149,61.018262963525046,5.856830986537657,2.470737117509559,2.858281687201223,8.349056603773585,3.567999827489257,0.506229124427499,0.0,0.0,0.0,0.0,0.0,0,0,0,0,0,0.0,0.3113207547169811,0.45550398269556575,0.34523072874468697,0.9182469638597663,0.5695763992749112,0.0,0.30188679245283023,0.1428948003521049
1897,105,99.05660377358491,106,0,106,0,0,0.0,7.57694427105889,7.57971332242234,55.26673092598051,5.864214593656223,2.5351667351353573,2.8464017255908147,8.349056603773585,3.567999827489257,0.5017775115347716,0.0,0.0,0.0,0.0,0.0,0,0,0,0,0,0.0,0.3113207547169811,0.4419639302116432,0.3643787180430602,0.9119834143753327,0.5644953430224123,0.0,0.30188679245283023,0.1425023046479214
1898,106,100.0,106,0,106,0,0,0.0,7.600781487682183,7.604540794957192,55.64834588978804,5.872043429027308,2.5150912388100006,2.8416343471132186,8.349056603773585,3.567999827489257,0.5052051711392604,0.0,0.0,0.0,0.0,0.0,0,0,0,0,0,0.0,0.33962264150943394,0.44697127115943946,0.3648147394979912,0.9119834143753327,0.5695689890741088,0.0,0.30188679245283023,0.14276115714730522
1899,106,100.0,106,0,106,0,0,0.0,7.543676307094749,7.542342784582,55.22472309002417,5.877817551643548,2.5276339708959927,2.829935598557921,8.349056603773585,3.567999827489257,0.504457684320819,0.0,0.0,0.0,0.0,0.0,0,0,0,0,0,0.0,0.33962264150943394,0.44653571697627154,0.36121395941398243,0.9076446287822995,0.5694265828218487,0.0,0.30188679245283023,0.1425786415868613
1900,106,100.0,106,0,106,0,0,0.0,7.551345473952348,7.551941116862424,53.364165974752936,5.883659628358165,2.5604272543816102,2.8581469440834852,8.349056603773585,3.567999827489257,0.5027654955785927,0.0,0.0,0.0,0.0,0.0,0,0,0,0,0,0.0,0.3490566037735849,0.4406673136566952,0.36971134286132773,0.8970180066076232,0.5675356576525616,0.0,0.30188679245283023,0.14272121006469896
1901,106,100.0,106,0,106,0,0,0.0,7.532620095585813,7.534028289834837,53.86194482119658,5.8887819560757295,2.5297607422340684,2.8692587597785204,8.349056603773585,3.567999827489257,0.5050325129524798,0.0,0.0,0.0,0.0,0.0,0,0,0,0,0,0.0,0.36792452830188677,0.4453792752562715,0.3707116570077247,0.9031933049876602,0.5687407061710822,0.0,0.30188679245283023,0.14271896549492932
1902,106,100.0,106,0,106,0,0,0.0,7.593035993692296,7.5941184262100325,54.84203540884023,5.895436731918932,2.431954972719106,2.7655380211887803,8.349056603773585,3.567999827489257,0.5065691446028364,0.0,0.0,0.0,0.0,0.0,0,0,0,0,0,0.0,0.39622641509433965,0.44679079506742514,0.3651770581137905,0.9076446287822995,0.5773443546728573,0.0,0.30188679245283023,0.14313976618076438
1903,106,100.0,106,0,106,0,0,0.0,7.493210038679525,7.498874862536993,49.43915891995633,5.899135433221492,2.539239210832823,2.8285870597564706,8.349056603773585,3.567999827489257,0.5000065192081349,0.0,0.0,0.0,0.0,0.0,0,0,0,0,0,0.0,0.3867924528301887,0.42988940751660726,0.37820916322981535,0.8753012824435463,0.5684381517455462,0.0,0.30188679245283023,0.14270662123374786
1904,106,100.0,106,0,106,0,0,0.0,7.520303457291788,7.52904047354311,49.07284397606026,5.903563212026881,2.5551747433306966,2.808459538513916,8.349056603773585,3.567999827489257,0.49826401520999375,0.0,0.0,0.0,0.0,0.0,0,0,0,0,0,0.0,0.3584905660377358,0.42681036728913085,0.38106160949305967,0.8890636744842133,0.5665805464600983,0.0,0.30188679245283023,0.14292107989687813
1905,106,100.0,106,0,106,0,0,0.0,7.483622238778089,7.495851930403972,48.43739390172113,5.906885673962575,2.5705824137663247,2.8582503802624046,8.349056603773585,3.567999827489257,0.49787268479005387,0.0,0.0,0.0,0.0,0.0,0,0,0,0,0,0.0,0.36792452830188677,0.4257177768995291,0.3824883179294936,0.8970680767512644,0.5650054249152417,0.0,0.30188679245283023,0.14279694652237662
1906,106,100.0,106,0,106,0,0,0.0,7.593346325811504,7.604616214115495,53.03154194372449,5.9131941580262914,2.4227715395171012,2.7512080283857703,8.349056603773585,3.567999827489257,0.5042458083018553,0.0,0.0,0.0,0.0,0.0,0,0,0,0,0,0.0,0.3490566037735849,0.4406665739785996,0.3679126291073778,0.8923811326159682,0.5755819042619496,0.0,0.30188679245283023,0.14345811030779898
1907,105,99.05660377358491,106,1,105,0,0,0.009433962264150943,7.517844375836687,7.5558120089835645,50.387839424648604,5.917123740686387,2.504614465046713,2.7991076138925317,8.349056603773585,3.567999827489257,0.5000813961280282,0.9999999230344268,0.02016752550732434,1.0,7.696557324798903e-08,0.08552316695222206,0,1,0,0,0,1.0,0.3490566037735849,0.43158750223392167,0.37848573456682144,0.8791010056072663,0.5697168218375631,0.009433962264150943,0.28301886792452835,0.14315070430919152
1908,104,98.11320754716981,106,1,104,0,1,0.009433962264150943,7.510773301352689,7.5038254655675,48.57462216566837,5.921408195000631,2.6175767762071245,2.8635337753817067,8.349056603773585,3.567999827489257,0.4993396492675315,0.9999999999417922,0.024277807169883852,1.0,5.820777193576987e-11,0.18111229926721606,0,2,0,0,0,1.0,0.33962264150943394,0.42942166722685854,0.42064311245256175,0.9082859070567766,0.552101482197321,0.009433962264150943,0.28301886792452835,0.14319178359804208
1909,103,97.16981132075472,106,1,105,0,0,0.009433962264150943,7.586923025933225,7.572386018697469,51.07560883027468,5.926403620248384,2.5791964387215156,2.8476146868435905,8.349056603773585,3.567999827489257,0.5022454912572771,0.9999656742389564,0.013294473571331095,1.0,3.432576104356322e-05,0.1531012921000925,0,1,0,0,0,1.0,0.33962264150943394,0.4358864617670852,0.41545755827089564,0.9146061631896284,0.5669641501323691,0.009433962264150943,0.26415094339622647,0.14366165060305583
1910,103,97.16981132075472,106,0,106,0,0,0.0,7.577362784215584,7.561718050001114,49.7496001658865,5.930791218885016,2.6212440813293005,2.820414025658596,8.349056603773585,3.567999827489257,0.5007136211850132,0.0,0.0,0.0,0.0,0.0,0,0,0,0,0,0.0,0.33962264150943394,0.43147922430631985,0.4226296020184003,0.9304880117658487,0.5610225025395221,0.0,0.26415094339622647,0.14369212415036062
1911,103,97.16981132075472,106,0,106,0,0,0.0,7.665371136346425,7.644032509172475,52.153346031234044,5.937371851818848,2.647340665020366,2.8597816298062417,8.349056603773585,3.567999827489257,0.5019069517245274,0.0,0.0,0.0,0.0,0.0,0,0,0,0,0,0.0,0.330188679245283,0.43526046478509556,0.41651989869106454,0.9181328706449385,0.562966529666822,0.0,0.26415094339622647,0.14424956439687822
1912,104,98.11320754716981,106,0,106,0,0,0.0,7.622803598421395,7.603867628526039,50.308969584089674,5.942571221483212,2.633362242935073,2.8408941771223333,8.349056603773585,3.567999827489257,0.49909990134110216,0.0,0.0,0.0,0.0,0.0,0,0,0,0,0,0.0,0.3490566037735849,0.4293490786503437,0.4247727092828846,0.9200771575900721,0.554665128238462,0.0,0.26415094339622647,0.1441294834575806
1913,104,98.11320754716981,106,1,105,0,0,0.009433962264150943,7.668581760356505,7.658559669502321,53.370420304730814,5.948831495501713,2.620517702401069,2.8353476934178863,8.349056603773585,3.567999827489257,0.5021023469568426,0.9997087564872944,0.017446006374061986,1.0,0.0002912435127055968,0.11971369859694025,0,1,0,0,0,1.0,0.36792452830188677,0.4379990790077309,0.4192514304859535,0.9084719290663401,0.5516276762972873,0.009433962264150943,0.26415094339622647,0.1444700575503464
1914,105,99.05660377358491,106,0,106,0,0,0.0,7.677014430330306,7.669393304366034,50.910106591329324,5.955492349899987,2.6712889811057416,2.843413536165033,8.349056603773585,3.567999827489257,0.49715161763566607,0.0,0.0,0.0,0.0,0.0,0,0,0,0,0,0.0,0.3490566037735849,0.42614004697486385,0.4320874791192262,0.9109540390251094,0.5464591626287468,0.0,0.28301886792452835,0.14463105053693526
1915,105,99.05660377358491,106,0,106,0,0,0.0,7.688623848970124,7.681512627190675,53.240913437793644,5.962261478958803,2.5948497121105625,2.7874567727506623,8.349056603773585,3.567999827489257,0.4982324059038268,0.0,0.0,0.0,0.0,0.0,0,0,0,0,0,0.0,0.37735849056603776,0.4311920676615487,0.41215993047190713,0.9109540390251094,0.5475352823404684,0.0,0.28301886792452835,0.1448098588867049
1916,104,98.11320754716981,106,1,105,0,0,0.009433962264150943,7.623169985772636,7.629807210461339,50.9228335977164,5.966937127136571,2.6661612992203274,2.883865145247537,8.349056603773585,3.567999827489257,0.49626760917911383,0.009135833378960609,0.010887522827809214,0.0,0.009135833378960609,-0.12226581409053683,0,1,0,0,0,1.0,0.3490566037735849,0.42558160625467745,0.4112065320929537,0.9109540390251094,0.5376783307026192,0.009433962264150943,0.28301886792452835,0.14456600313017584
1917,104,98.11320754716981,106,0,105,1,0,0.0,7.654797950363584,7.6624843538813145,49.965928439413894,5.972754763556247,2.657159507182954,2.8702402561799056,8.349056603773585,3.567999827489257,0.49628386122207013,0.0011031512931949155,0.006934937599925695,0.0,0.0011031512931949155,-0.11837496836024153,0,0,0,1,0,1.0,0.33962264150943394,0.4234708587649132,0.4240652120213894,0.9158408127422203,0.5373708199096807,0.0,0.28301886792452835,0.14482792958183954
1918,105,99.05660377358491,106,1,105,0,0,0.009433962264150943,7.783088763480721,7.776442368483277,54.6884490113709,5.982096492385252,2.511285059363678,2.7430774690581816,8.349056603773585,3.567999827489257,0.5002361835624931,0.9999999996141804,0.01052948627836083,1.0,3.858195984918211e-10,0.01933921274794903,0,1,0,0,0,1.0,0.33962264150943394,0.4345537691062533,0.4029942980805348,0.9379949500919075,0.5511381057770082,0.009433962264150943,0.26415094339622647,0.14563604008167694
1919,105,99.05660377358491,106,0,106,0,0,0.0,7.790825749757124,7.784115787496636,53.11540702299009,5.990845090152262,2.5683085383762605,2.749035762932447,8.349056603773585,3.567999827489257,0.499727261388776,0.0,0.0,0.0,0.0,0.0,0,0,0,0,0,0.0,0.33962264150943394,0.4314949481188693,0.4262682768233293,0.9254316602136812,0.5500832310847719,0.0,0.30188679245283023,0.1458307999896763
1920,105,99.05660377358491,106,0,106,0,0,0.0,7.704370605053773,7.69799370415715,51.5954570532448,5.996823269338048,2.610552443014783,2.7486565157573963,8.349056603773585,3.567999827489257,0.4987267642828903,0.0,0.0,0.0,0.0,0.0,0,0,0,0,0,0.0,0.3584905660377358,0.4294631070629714,0.42091885210087154,0.9410675446051847,0.5548331685901905,0.0,0.2830188679245283,0.14550517497767745
1921,105,99.05660377358491,106,0,106,0,0,0.0,7.79755007046054,7.7889721162786865,53.62728900042214,6.0051850347708395,2.6025743521259534,2.727877929068122,8.349056603773585,3.567999827489257,0.5020160549054793,0.0,0.0,0.0,0.0,0.0,0,0,0,0,0,0.0,0.33962264150943394,0.4356844359800553,0.42355312657136984,0.9345816590958174,0.5576466204511601,0.0,0.2830188679245283,0.14612024619281982
1922,105,99.05660377358491,106,0,106,0,0,0.0,7.8151128028822905,7.805312393819302,56.98082542411368,6.013714869286981,2.5783299561538606,2.715827331172396,8.349056603773585,3.567999827489257,0.5065621564066036,0.0,0.0,0.0,0.0,0.0,0,0,0,0,0,0.0,0.3584905660377358,0.4472319643033697,0.4167071425078308,0.9407212785162455,0.5645499425450415,0.0,0.24528301886792453,0.1463602320953391
1923,105,99.05660377358491,106,1,105,0,0,0.009433962264150943,7.8183528079972975,7.839518064065312,55.33754259145533,6.022062757416557,2.7152961082720486,2.77057725526875,8.349056603773585,3.567999827489257,0.5018955534886356,0.979523718956741,0.02155536092463601,1.0,0.020476281043259048,0.04572433020787159,0,1,0,0,0,1.0,0.32075471698113206,0.43736375384460086,0.4365820556167932,0.9307915220977238,0.5488188458586261,0.009433962264150943,0.28301886792452835,0.14652535843794529
1924,105,99.05660377358491,106,0,106,0,0,0.0,7.800715327864963,7.8214674727449145,54.29602597246622,6.030451525368374,2.748580377493989,2.801680204636791,8.349056603773585,3.567999827489257,0.5014528535802973,0.0,0.0,0.0,0.0,0.0,0,0,0,0,0,0.0,0.32075471698113206,0.43564464644608136,0.4467395669537734,0.9483885159997898,0.5446315215651053,0.0,0.24528301886792453,0.14658682665030826
1925,105,99.05660377358491,106,0,106,0,0,0.0,7.744923096170835,7.764523430020351,53.878217754823524,6.036915571417198,2.7321460386623944,2.8108058880594364,8.349056603773585,3.567999827489257,0.5022068661690771,0.0,0.0,0.0,0.0,0.0,0,0,0,0,0,0.0,0.3113207547169811,0.43751325445007094,0.45587080838968674,0.9458081020806618,0.5451313603599784,0.0,0.24528301886792453,0.14642318406777302
1926,105,99.05660377358491,106,0,106,0,0,0.0,7.739023596560817,7.7587571724526185,55.07073851135071,6.042984388266097,2.731926303886651,2.8183153597260424,8.349056603773585,3.567999827489257,0.5021314214472286,0.0,0.0,0.0,0.0,0.0,0,0,0,0,0,0.0,0.33962264150943394,0.43899791157081475,0.441065805421482,0.9581314054663639,0.5487733484165569,0.0,0.20754716981132074,0.14650195425707263
1927,104,98.11320754716981,106,1,105,0,0,0.009433962264150943,7.757027165036726,7.773395881968837,55.668426398038626,6.049347329817508,2.748485372830885,2.8319441928693454,8.349056603773585,3.567999827489257,0.4995428353984026,0.9999999957663589,0.017187693892169523,1.0,4.233641104356423e-09,0.02485504930439797,0,1,0,0,0,1.0,0.330188679245283,0.43530874029764216,0.4388702889514872,0.9448035744181675,0.5430748755077829,0.009433962264150943,0.20754716981132074,0.14670548697124097
1928,104,98.11320754716981,106,2,104,0,0,0.018867924528301886,7.73496699852981,7.712313737118321,53.0838407034147,6.054791394143624,2.8023253178931067,2.8240473489624813,8.349056603773585,3.567999827489257,0.4959861639044194,0.9999997597069465,0.015430412006272657,1.0,2.4029305345507623e-07,0.09506288209451297,0,2,0,0,0,1.0,0.33962264150943394,0.4274731068113435,0.44650943420710304,0.9498896231127922,0.5436159537809259,0.018867924528301886,0.20754716981132074,0.14669230824158852
1929,104,98.11320754716981,106,0,106,0,0,0.0,7.599961886489165,7.57864155639302,49.11903517903321,6.055081181772251,2.954696989658406,2.9379884667049767,8.349056603773585,3.567999827489257,0.4912433423793825,0.0,0.0,0.0,0.0,0.0,0,0,0,0,0,0.0,0.3584905660377358,0.41726492346807875,0.44098156513435705,0.950452291506922,0.5382962818216219,0.0,0.20754716981132074,0.14602245249243
1930,101,95.28301886792453,106,3,102,0,1,0.02830188679245283,7.634402074118489,7.645353214439828,53.179218993621355,6.056301078314338,2.9618315994018145,2.9483043053865527,8.349056603773585,3.567999827489257,0.49403791454085444,0.9676822794021669,0.011822308056106545,1.0,0.03231772059783303,0.06357156897359417,1,3,0,0,0,0.75,0.330188679245283,0.426736500146114,0.4151629675586382,0.9432249769526813,0.5378618595962386,0.02830188679245283,0.2830188679245283,0.14621641638383523
1931,101,95.28301886792453,106,0,106,0,0,0.0,7.608403857154801,7.617251203299425,57.21048727817793,6.0576390741223705,2.971325837877306,2.9565309292161666,8.349056603773585,3.567999827489257,0.4954218674109472,0.0,0.0,0.0,0.0,0.0,0,0,0,0,0,0.0,0.3490566037735849,0.4358813760918517,0.38882629888705383,0.9362667096239905,0.5413997695670015,0.0,0.2830188679245283,0.14611029514307802
1932,101,95.28301886792453,106,0,106,0,0,0.0,7.6856608872059935,7.692682035391254,61.21074442663461,6.061082427809407,2.881622014027074,2.9227034778580547,8.349056603773585,3.567999827489257,0.5004918110463232,0.0,0.0,0.0,0.0,0.0,0,0,0,0,0,0.0,0.330188679245283,0.4476178307095691,0.3850540766473721,0.9316865368224505,0.5448962042598602,0.0,0.24528301886792453,0.14655800972014063
1933,103,97.16981132075472,106,0,106,0,0,0.0,7.648745238928965,7.656836113388493,61.11096315727461,6.063379736694655,2.9413052161196416,2.9498842495089184,8.349056603773585,3.567999827489257,0.49877194614681963,0.0,0.0,0.0,0.0,0.0,0,0,0,0,0,0.0,0.33962264150943394,0.44613356809820887,0.385012297786971,0.9292436794195464,0.5398891041247718,0.0,0.2830188679245283,0.14641441546728676
1934,103,97.16981132075472,106,0,106,0,0,0.0,7.600527406087481,7.608579515844634,59.56758633443044,6.064217641349146,3.0358742516171158,2.9603708377170657,8.349056603773585,3.567999827489257,0.49486481114797143,0.0,0.0,0.0,0.0,0.0,0,0,0,0,0,0.0,0.32075471698113206,0.43983829552854936,0.3786814734063746,0.9333490483881495,0.5388733039728619,0.0,0.24528301886792453,0.1461882745213927
1935,106,100.0,106,0,106,0,0,0.0,7.683372334677383,7.691244265819996,66.64613434845513,6.067385232076226,2.9727409896452404,2.9590028065473053,8.349056603773585,3.567999827489257,0.4986576111884746,0.0,0.0,0.0,0.0,0.0,0,0,0,0,0,0.0,0.3018867924528302,0.4545405414590499,0.3550976759921744,0.943239080950129,0.5420814468676942,0.0,0.2830188679245283,0.1466590089801811
1936,105,99.05660377358491,106,1,105,0,0,0.009433962264150943,7.664035681665776,7.664510721633756,62.830024509936116,6.0698799842140545,3.0404241912739076,2.9728116343025333,8.349056603773585,3.567999827489257,0.4945779655949769,0.9999724971871904,0.015487674622839068,1.0,2.7502812809609978e-05,0.12608680001591033,0,1,0,0,0,1.0,0.29245283018867924,0.444949626190562,0.3718969571212379,0.9448100395577035,0.5387913780642455,0.009433962264150943,0.2830188679245283,0.14660683209111008
1937,105,99.05660377358491,106,0,106,0,0,0.0,7.606627388820691,7.608319151888296,59.0242559179023,6.070478528219858,3.020551267948336,2.978962463046725,8.349056603773585,3.567999827489257,0.49212052955053354,0.0,0.0,0.0,0.0,0.0,0,0,0,0,0,0.0,0.29245283018867924,0.43622653675133244,0.3908808071479828,0.9465625779067433,0.5345254461346558,0.0,0.2830188679245283,0.1463304686514319
1938,104,98.11320754716981,106,1,105,0,0,0.009433962264150943,7.5776568818487435,7.559613981688213,56.96978591900477,6.0701973799096836,3.0826282878697744,3.0866217059940957,8.349056603773585,3.567999827489257,0.4901456746479791,0.9999881903040144,0.020795143712487738,1.0,1.180969598557624e-05,-0.17890085926791777,0,1,0,0,0,1.0,0.3113207547169811,0.43214955494464286,0.41277173055431343,0.9541004782241754,0.5327909135458964,0.009433962264150943,0.2830188679245283,0.14618060043096118
1939,104,98.11320754716981,106,0,106,0,0,0.0,7.591145357394803,7.571060324618929,60.24439945361617,6.069721083323458,3.083257591966838,3.076530186624191,8.349056603773585,3.567999827489257,0.49321391279038895,0.0,0.0,0.0,0.0,0.0,0,0,0,0,0,0.0,0.330188679245283,0.4423475166827666,0.4103324264046608,0.9551420558030828,0.5341026988092776,0.0,0.2830188679245283,0.14623954567800404
1940,104,98.11320754716981,106,0,106,0,0,0.0,7.648853426763351,7.6277114213284,62.441820195753955,6.070878829824897,3.046922054852514,3.0372905836173194,8.349056603773585,3.567999827489257,0.49502028170226864,0.0,0.0,0.0,0.0,0.0,0,0,0,0,0,0.0,0.32075471698113206,0.4468747652657679,0.4104922224740159,0.9554046199831452,0.5350822008177973,0.0,0.2830188679245283,0.14654874022143383
1941,105,99.05660377358491,106,0,106,0,0,0.0,7.661275981996995,7.63883817631382,63.23286324588082,6.072312870012112,3.0143280499190697,3.0463175438926275,8.349056603773585,3.567999827489257,0.4958766019264331,0.0,0.0,0.0,0.0,0.0,0,0,0,0,0,0.0,0.32075471698113206,0.4495367789527501,0.41106071992855175,0.9547799920253386,0.5373830118288683,0.0,0.2830188679245283,0.14663643627330503
1942,105,99.05660377358491,106,0,106,0,0,0.0,7.696917712209936,7.675748550088786,61.61824595955048,6.074749313306014,3.0247402788478848,3.040337973907748,8.349056603773585,3.567999827489257,0.49599342261454704,0.0,0.0,0.0,0.0,0.0,0,0,0,0,0,0.0,0.3113207547169811,0.44658749849224844,0.42493880038893755,0.9531934969161953,0.532323182376814,0.0,0.2830188679245283,0.14685811107063138
1943,106,100.0,106,0,106,0,0,0.0,7.683126240767914,7.663875908915964,59.28900955953001,6.07675993165414,3.056407888612529,3.0774441787580553,8.349056603773585,3.567999827489257,0.4941498229753374,0.0,0.0,0.0,0.0,0.0,0,0,0,0,0,0.0,0.3018867924528302,0.44007345323269537,0.4274056630941773,0.953986530533398,0.5292006466875009,0.0,0.2830188679245283,0.14682502314301757
1944,106,100.0,106,0,106,0,0,0.0,7.682010948926697,7.663060443029492,59.50366201206823,6.078675534485937,3.0763807918869808,3.079510511661017,8.349056603773585,3.567999827489257,0.49453006589318815,0.0,0.0,0.0,0.0,0.0,0,0,0,0,0,0.0,0.3018867924528302,0.4405521043308351,0.4190390702663015,0.9503148911072896,0.5338515556752753,0.0,0.24528301886792453,0.14685362103667843
1945,106,100.0,106,0,106,0,0,0.0,7.7361941792441495,7.718565300168864,61.70682060853157,6.082107119177583,2.996122680721325,3.0321318639631007,8.349056603773585,3.567999827489257,0.4984992938764905,0.0,0.0,0.0,0.0,0.0,0,0,0,0,0,0.0,0.3018867924528302,0.4479491891983174,0.42429189693576236,0.9554249043616249,0.5397284962867996,0.0,0.24528301886792453,0.14718575665620476
1946,106,100.0,106,0,106,0,0,0.0,7.708114334700661,7.689231814067788,58.21953098221897,6.084578969946565,3.067986513799545,3.0912235822757124,8.349056603773585,3.567999827489257,0.4937128380727378,0.0,0.0,0.0,0.0,0.0,0,0,0,0,0,0.0,0.29245283018867924,0.4370636265543789,0.4440954528466592,0.9514027500822696,0.5339106257237107,0.0,0.24528301886792453,0.14708945524907385
1947,106,100.0,106,0,106,0,0,0.0,7.697239852970324,7.680521995093472,57.335135468792664,6.086714012023592,3.1154391069137177,3.183106947512053,8.349056603773585,3.567999827489257,0.49222486980039837,0.0,0.0,0.0,0.0,0.0,0,0,0,0,0,0.0,0.3018867924528302,0.43422123929822326,0.4438723958945201,0.9514027500822696,0.5317557338470847,0.0,0.24528301886792453,0.14707317198923472
1948,106,100.0,106,0,106,0,0,0.0,7.773031305600136,7.758028870340919,58.65255894588349,6.0909852319430895,3.175413644698863,3.2131027833385084,8.349056603773585,3.567999827489257,0.49324807076173816,0.0,0.0,0.0,0.0,0.0,0,0,0,0,0,0.0,0.3113207547169811,0.4357045502629654,0.44336748068579096,0.9565449823294795,0.5283485536831428,0.0,0.24528301886792453,0.14752832781206346
1949,106,100.0,106,0,106,0,0,0.0,7.789419887632991,7.771939527919955,58.70066706334924,6.095501120533966,3.216880240666439,3.2310962163075687,8.349056603773585,3.567999827489257,0.49052987469315457,0.0,0.0,0.0,0.0,0.0,0,0,0,0,0,0.0,0.3113207547169811,0.43200090752832077,0.44404205427507837,0.9533130686692907,0.5252173725416273,0.0,0.22641509433962265,0.1476908341707938
1950,106,100.0,106,0,106,0,0,0.0,7.744629337922934,7.72400236702647,58.356341837336736,6.098487563973325,3.2657574376292136,3.2894113223776036,8.349056603773585,3.567999827489257,0.48777315684553124,0.0,0.0,0.0,0.0,0.0,0,0,0,0,0,0.0,0.29245283018867924,0.42930460502812134,0.4385030709428352,0.9423104172032888,0.5246293621296824,0.0,0.24528301886792453,0.1475201595706257
1951,106,100.0,106,0,106,0,0,0.0,7.757033922807002,7.7356733456827875,57.57639144292312,6.101700587514579,3.24316090718513,3.2598938245987203,8.349056603773585,3.567999827489257,0.48938484420171413,0.0,0.0,0.0,0.0,0.0,0,0,0,0,0,0.0,0.29245283018867924,0.4289798156338747,0.4405952323426727,0.9349139335591693,0.5231923522989403,0.0,0.24528301886792453,0.1476395028322506
1952,105,99.05660377358491,106,1,104,0,1,0.009433962264150943,7.844547393744391,7.79554690036134,60.54738709429095,6.107135868475491,3.287206804274562,3.2805508110279993,8.349056603773585,3.567999827489257,0.4925215038868911,0.9822880334139121,0.021870053125750633,1.0,0.017711966586087924,0.12031280332096372,1,1,0,0,0,1.0,0.29245283018867924,0.4371837150979602,0.4399145637025831,0.9540079948817446,0.5227259494845505,0.009433962264150943,0.22641509433962265,0.148174035594592
1953,104,98.11320754716981,106,1,105,0,0,0.009433962264150943,7.819575624584088,7.7391340884957165,60.40317366082361,6.111067879709957,3.332374835610092,3.347740224588124,8.349056603773585,3.567999827489257,0.4896305867528712,0.9999999999417553,0.02722584179746438,1.0,5.824474236248989e-11,0.12196058472160498,0,1,0,0,0,1.0,0.2830188679245283,0.4352218390384512,0.42989220957444046,0.9600258923165808,0.5182764890164598,0.009433962264150943,0.24528301886792453,0.14811932382582177
1954,103,97.16981132075472,106,1,105,0,0,0.009433962264150943,7.862533628912307,7.781984246012427,59.480769162463616,6.115191735184463,3.3989612365515383,3.3438918334755625,8.349056603773585,3.567999827489257,0.4885800483147389,0.9999999946536084,0.0058562341643595296,1.0,5.346391551697138e-09,0.12395468925212838,0,1,0,0,0,1.0,0.2641509433962264,0.4306690935624272,0.438263022952238,0.9590279546569085,0.5171752086802553,0.009433962264150943,0.22641509433962265,0.148407683425571
1955,103,97.16981132075472,106,0,106,0,0,0.0,7.852080219266806,7.774900706349892,61.60152105467165,6.118928459654462,3.3485202461707453,3.347426376724682,8.349056603773585,3.567999827489257,0.48940217664507757,0.0,0.0,0.0,0.0,0.0,0,0,0,0,0,0.0,0.27358490566037735,0.43590455150894086,0.43136688183599425,0.9555709608611984,0.5189280704813735,0.0,0.22641509433962265,0.14842207953866518
1956,103,97.16981132075472,106,0,106,0,0,0.0,7.877025093462852,7.797870012023984,61.33789152988001,6.123187493631283,3.342723474424279,3.3434537006861893,8.349056603773585,3.567999827489257,0.49237925715865893,0.0,0.0,0.0,0.0,0.0,0,0,0,0,0,0.0,0.29245283018867924,0.4388865392592288,0.45055165250710294,0.9614639397021643,0.5202089385266494,0.0,0.18867924528301883,0.14862278507211824
1957,103,97.16981132075472,106,1,105,0,0,0.009433962264150943,7.799122143561896,7.7044116386543715,59.205947302874016,6.125046778444037,3.4701961140070865,3.451382140173058,8.349056603773585,3.567999827489257,0.4915346527172815,0.9996824383576488,0.020740520400405082,1.0,0.000317561642351194,0.014201372426007275,0,1,0,0,0,1.0,0.29245283018867924,0.4366899597494777,0.4543521910633749,0.948920333965977,0.5140065947808583,0.009433962264150943,0.18867924528301883,0.14826643996206926
1958,104,98.11320754716981,106,0,106,0,0,0.0,7.782115922630155,7.692757733770803,56.725582607185444,6.126087186091606,3.4556116311714242,3.4526534273511356,8.349056603773585,3.567999827489257,0.49127464947510124,0.0,0.0,0.0,0.0,0.0,0,0,0,0,0,0.0,0.2830188679245283,0.4318614084131965,0.46164378157498726,0.9507255916759413,0.5111104078867209,0.0,0.18867924528301883,0.14819996972894578
1959,104,98.11320754716981,106,1,105,0,0,0.009433962264150943,7.763099002593224,7.664495739957003,56.438286162525635,6.12658486846621,3.4460117304574833,3.4605410013323494,8.349056603773585,3.567999827489257,0.49102172058282556,0.9999999999417857,0.019117586675501817,1.0,5.821432225161516e-11,0.01315546423177505,0,1,0,0,0,1.0,0.2830188679245283,0.4311617559277156,0.4629289558052045,0.9295628986880122,0.5098131411654923,0.009433962264150943,0.20754716981132076,0.14811376378189478
1960,104,98.11320754716981,106,0,106,0,0,0.0,7.721607547576763,7.624341296726556,52.342948672901535,6.12561751837987,3.486220753818329,3.4783465581977815,8.349056603773585,3.567999827489257,0.4880654820772219,0.0,0.0,0.0,0.0,0.0,0,0,0,0,0,0.0,0.3113207547169811,0.4202977578733521,0.4758986314836002,0.93055715876263,0.5102190551161134,0.0,0.20754716981132074,0.14788904898210656
1961,104,98.11320754716981,106,0,106,0,0,0.0,7.761586241748863,7.663765172200839,54.5178038551384,6.12580999839007,3.4022432751839893,3.4191625195537547,8.349056603773585,3.567999827489257,0.4893573836251479,0.0,0.0,0.0,0.0,0.0,0,0,0,0,0,0.0,0.32075471698113206,0.4247844416782818,0.4693381752818599,0.9385969365826473,0.5164722782206702,0.0,0.20754716981132076,0.148092376296183
1962,105,99.05660377358491,106,0,106,0,0,0.0,7.830994569821556,7.732972229455897,56.194813035793615,6.127971056860616,3.3656271611308095,3.377845960298362,8.349056603773585,3.567999827489257,0.49378181662548437,0.0,0.0,0.0,0.0,0.0,0,0,0,0,0,0.0,0.3018867924528302,0.4313552890793065,0.46521285988925,0.9459363105753221,0.5239942634637866,0.0,0.24528301886792453,0.148477971217797
1963,105,99.05660377358491,106,0,106,0,0,0.0,7.838657217643823,7.747305165356348,55.241975505312084,6.130464128071223,3.3824878757265147,3.4032384265328415,8.349056603773585,3.567999827489257,0.4930025417030044,0.0,0.0,0.0,0.0,0.0,0,0,0,0,0,0.0,0.3018867924528302,0.428296604877885,0.46338975705900803,0.9459363105753221,0.5190437812883018,0.0,0.24528301886792453,0.14856076084515513
1964,106,100.0,106,0,106,0,0,0.0,7.79394081358552,7.708623882377795,53.25709079275355,6.131764128017379,3.399018850316935,3.4062847079444447,8.349056603773585,3.567999827489257,0.4917612834992453,0.0,0.0,0.0,0.0,0.0,0,0,0,0,0,0.0,0.2830188679245283,0.423465006064318,0.46303353519188045,0.9569078717122415,0.5210023004804307,0.0,0.20754716981132074,0.14836037082278172
1965,106,100.0,106,0,106,0,0,0.0,7.881481383116244,7.796554487792023,56.21275037930601,6.135527635047291,3.3006285069694123,3.37610680294628,8.349056603773585,3.567999827489257,0.4935068777158098,0.0,0.0,0.0,0.0,0.0,0,0,0,0,0,0.0,0.3113207547169811,0.4290672146326564,0.4614085620698074,0.9482815902634917,0.5242217760604931,0.0,0.20754716981132074,0.14886521463260274
1966,106,100.0,106,0,106,0,0,0.0,7.781390487186817,7.697724985365245,53.92592172601848,6.136335870971992,3.350923269527571,3.4128556058677795,8.349056603773585,3.567999827489257,0.49114307504749144,0.0,0.0,0.0,0.0,0.0,0,0,0,0,0,0.0,0.3113207547169811,0.42457462069090435,0.46258757166744346,0.9482815902634917,0.5174089829283149,0.0,0.20754716981132074,0.14837917908115514
1967,106,100.0,106,0,106,0,0,0.0,7.7509376867394915,7.664715137646996,52.22696803411245,6.136173035992579,3.387812458441352,3.4003265411580803,8.349056603773585,3.567999827489257,0.48852644931179756,0.0,0.0,0.0,0.0,0.0,0,0,0,0,0,0.0,0.32075471698113206,0.41895496157562945,0.47394589808869036,0.9433361944862771,0.5144890287632924,0.0,0.20754716981132074,0.14822401010302622
1968,106,100.0,106,0,106,0,0,0.0,7.617568612248748,7.530805918498285,50.258772690842314,6.132193706398378,3.5124884756007346,3.486563394410047,8.349056603773585,3.567999827489257,0.4871405662898074,0.0,0.0,0.0,0.0,0.0,0,0,0,0,0,0.0,0.33962264150943394,0.41681467199607564,0.4834498495839501,0.9480387185277817,0.5112210624675766,0.0,0.20754716981132074,0.14748617349404436
1969,105,99.05660377358491,106,1,105,0,0,0.009433962264150943,7.589814789799966,7.494621463946095,45.45246330788136,6.127671597801269,3.536171991688354,3.505827494257675,8.349056603773585,3.567999827489257,0.4818267181154572,0.9999999999399123,0.01790857891207885,1.0,6.008771258336765e-11,0.10886360660714534,0,1,0,0,0,1.0,0.3490566037735849,0.4011867848689621,0.5086558522209464,0.9510873362911058,0.5107256564104152,0.009433962264150943,0.20754716981132074,0.14726672996832857
1970,104,98.11320754716981,106,1,105,0,0,0.009433962264150943,7.661936090355641,7.579909284710046,46.054242183054434,6.124985809011056,3.4851337694206745,3.4483298980049963,8.349056603773585,3.567999827489257,0.48271461850176767,0.7293515899938414,0.014106235878813642,1.0,0.2706484100061586,0.009426012430762132,0,1,0,0,0,0.0,0.3490566037735849,0.4011580648990862,0.5129579890870376,0.942411967945958,0.5176722046825177,0.009433962264150943,0.24528301886792456,0.1475794220014062
1971,104,98.11320754716981,106,0,106,0,0,0.0,7.667289084658761,7.585356900465584,47.076716763649735,6.122962742810244,3.502922028014734,3.451939765977859,8.349056603773585,3.567999827489257,0.48260623126378754,0.0,0.0,0.0,0.0,0.0,0,0,0,0,0,0.0,0.37735849056603776,0.40307900687860276,0.5097075541640451,0.9510873362911058,0.5153821996865432,0.0,0.20754716981132074,0.1475700954736443
1972,104,98.11320754716981,106,0,106,0,0,0.0,7.6223698289209185,7.541771152058764,46.08497832794984,6.119767748065617,3.490511197892694,3.4682373897732535,8.349056603773585,3.567999827489257,0.4802324457842537,0.0,0.0,0.0,0.0,0.0,0,0,0,0,0,0.0,0.33962264150943394,0.3982408955218915,0.502245312092745,0.9490856353281296,0.5153731196727137,0.0,0.24528301886792453,0.1472885004914668
1973,104,98.11320754716981,106,0,106,0,0,0.0,7.653369675128292,7.573022975762445,45.417501539839755,6.117578802740633,3.4703204974259316,3.4344581408519024,8.349056603773585,3.567999827489257,0.47636389992892103,0.0,0.0,0.0,0.0,0.0,0,0,0,0,0,0.0,0.3490566037735849,0.3911601590145029,0.5021415573151152,0.9510237496769621,0.5147949083619392,0.0,0.24528301886792453,0.14740444893979404
1974,105,99.05660377358491,106,0,106,0,0,0.0,7.623978645537152,7.547494019710702,43.30438040012844,6.114739260494759,3.4482449465020144,3.439383094260901,8.349056603773585,3.567999827489257,0.47316111225907886,0.0,0.0,0.0,0.0,0.0,0,0,0,0,0,0.0,0.330188679245283,0.3830325691298838,0.5016369213201605,0.9527290504372778,0.514842997459337,0.0,0.24528301886792453,0.1472068363606212
1975,105,99.05660377358491,106,1,105,0,0,0.009433962264150943,7.66213641822001,7.585252196737429,45.66906559749486,6.113106272780688,3.4519106844787393,3.4195881246756055,8.349056603773585,3.567999827489257,0.47480402685400236,0.9990675086576846,0.010458453785375547,1.0,0.0009324913423154335,0.21662193344060476,0,1,0,0,0,1.0,0.3490566037735849,0.3889827351353106,0.48312105404578387,0.9527782545948348,0.5070440656552928,0.009433962264150943,0.22641509433962265,0.147368492724625
1976,105,99.05660377358491,106,0,106,0,0,0.0,7.681677863125579,7.6024263113469015,45.73514480650278,6.111994297652721,3.4020303490206314,3.4061050730616764,8.349056603773585,3.567999827489257,0.4767865079145688,0.0,0.0,0.0,0.0,0.0,0,0,0,0,0,0.0,0.3490566037735849,0.39133134512908463,0.48569059230950523,0.9525986736944226,0.5090194290933937,0.0,0.24528301886792458,0.14744636231382907
1977,105,99.05660377358491,106,0,106,0,0,0.0,7.762144663660188,7.683282410313967,47.41603601370664,6.113229954172732,3.314146945129662,3.3390780613947944,8.349056603773585,3.567999827489257,0.47941754989578844,0.0,0.0,0.0,0.0,0.0,0,0,0,0,0,0.0,0.36792452830188677,0.3960053024838455,0.4872814930338021,0.9504174580076855,0.5133805033141645,0.0,0.22641509433962265,0.14787074042775328
1978,104,98.11320754716981,106,1,105,0,0,0.009433962264150943,7.756486587306439,7.667157931178835,46.33108661883473,6.11432113638499,3.3344261126642962,3.314361908220237,8.349056603773585,3.567999827489257,0.4772497623364873,0.9999999621925,0.009634512085212904,1.0,3.780750001958211e-08,0.02228503070347898,0,1,0,0,0,1.0,0.3584905660377358,0.3910679473343825,0.4808989098712728,0.9553628537848999,0.5110513025765676,0.009433962264150943,0.22641509433962265,0.14786191673571
1979,103,97.16981132075472,106,1,103,0,2,0.009433962264150943,7.7749133280701646,7.7116345887337925,47.56088177430496,6.115614710707041,3.309470113316941,3.311893319442256,8.349056603773585,3.567999827489257,0.48014634205253826,0.6218464852808617,0.003020957781188502,0.6666666666666666,0.2677865355911427,0.022889321290501623,0,3,0,0,0,0.3333333333333333,0.36792452830188677,0.39660268689235617,0.4756624068453451,0.9515609038724784,0.5066411927842799,0.009433962264150943,0.26415094339622647,0.14797712780431824
1980,104,98.11320754716981,106,0,106,0,0,0.0,7.726946208818706,7.660517745949217,47.78597435063878,6.116071396347307,3.2968659510121268,3.3024919352337565,8.349056603773585,3.567999827489257,0.4808483493991076,0.0,0.0,0.0,0.0,0.0,0,0,0,0,0,0.0,0.36792452830188677,0.3994182947777645,0.47936962294414703,0.9519382214809164,0.5084311308481918,0.0,0.26415094339622647,0.1477454394794894
1981,104,98.11320754716981,106,0,106,0,0,0.0,7.699690059297848,7.634400001240025,47.33356394073236,6.115766282575783,3.2784145757960355,3.2925339162796825,8.349056603773585,3.567999827489257,0.48057944193306934,0.0,0.0,0.0,0.0,0.0,0,0,0,0,0,0.0,0.36792452830188677,0.398477353096174,0.49009956275571365,0.9519382214809164,0.5103861662403519,0.0,0.26415094339622647,0.1476037155024643
1982,104,98.11320754716981,106,0,106,0,0,0.0,7.69618489009218,7.63412697501951,47.193130224498525,6.115464262003037,3.325822248206925,3.3220941803990267,8.349056603773585,3.567999827489257,0.4795533326699164,0.0,0.0,0.0,0.0,0.0,0,0,0,0,0,0.0,0.3867924528301887,0.3965058489044009,0.4863659523624197,0.9515609038724784,0.5065828988657279,0.0,0.26415094339622647,0.14758080160967868
1983,104,98.11320754716981,106,1,105,0,0,0.009433962264150943,7.73832754785599,7.698467978015827,50.71643689395136,6.11639119124035,3.2830589642091237,3.3030512814184267,8.349056603773585,3.567999827489257,0.48279782463972043,0.8243205035109145,0.008433239053440449,1.0,0.17567949648908554,0.03127916350951132,0,1,0,0,0,0.0,0.3584905660377358,0.4068623803166912,0.4726711512221691,0.9481614017656422,0.5093806757109465,0.009433962264150943,0.26415094339622647,0.14780805131529184
1984,105,99.05660377358491,106,0,106,0,0,0.0,7.827605020332467,7.789888938182328,52.802801884357955,6.120512943189086,3.1647162618497613,3.2476791438635377,8.349056603773585,3.567999827489257,0.4838535700266031,0.0,0.0,0.0,0.0,0.0,0,0,0,0,0,0.0,0.3584905660377358,0.40947862984319605,0.4631138087367807,0.945032153254196,0.5149274077607411,0.0,0.26415094339622647,0.14832797072888446
1985,105,99.05660377358491,106,0,106,0,0,0.0,7.947523645870822,7.9078686976246795,55.67701156950215,6.127855245126103,3.139400217653605,3.2412386054358078,8.349056603773585,3.567999827489257,0.4893103111153889,0.0,0.0,0.0,0.0,0.0,0,0,0,0,0,0.0,0.3584905660377358,0.41898138614291147,0.4667118064885094,0.9480096760872299,0.5147206719119785,0.0,0.26415094339622647,0.14905855051679948
1986,105,99.05660377358491,106,0,106,0,0,0.0,7.935353843935683,7.898297219881914,55.88877719320806,6.134662365495191,3.115898682813437,3.2628853719141304,8.349056603773585,3.567999827489257,0.48508272781967365,0.0,0.0,0.0,0.0,0.0,0,0,0,0,0,0.0,0.3113207547169811,0.41332980450927026,0.45534872311039964,0.931421286932805,0.5168314799707568,0.0,0.28301886792452835,0.1491191405286368
1987,105,99.05660377358491,106,0,106,0,0,0.0,7.925742201800426,7.886230409870732,53.752533764150655,6.140882172812948,3.12080338641404,3.252778310194293,8.349056603773585,3.567999827489257,0.4806413459708867,0.0,0.0,0.0,0.0,0.0,0,0,0,0,0,0.0,0.33962264150943394,0.4046022195468373,0.4664235039936583,0.941945362203833,0.5121243474375918,0.0,0.26415094339622647,0.1491820436751444
1988,104,98.11320754716981,106,2,104,0,0,0.018867924528301886,7.9870201054512595,7.952559917471135,58.66741651345522,6.148734028044183,3.053908365285219,3.2476522462469752,8.349056603773585,3.567999827489257,0.4850235064929269,0.9994688093772452,0.013987571285461865,1.0,0.0005311906227546959,0.07394075030265523,0,2,0,0,0,1.0,0.33962264150943394,0.4159306816838237,0.4418878161070316,0.9412624462030498,0.5280062983289137,0.018867924528301886,0.24528301886792453,0.14962851028395113
1989,103,97.16981132075472,106,1,105,0,0,0.009433962264150943,7.9860191414738635,7.953236770254547,61.13240235626481,6.1563703527288105,3.018350732572248,3.2497836381193212,8.349056603773585,3.567999827489257,0.4862291726534651,0.9995791705767318,0.0011568435482157422,1.0,0.0004208294232681542,0.3169686425771451,0,1,0,0,0,1.0,0.330188679245283,0.4219329563618788,0.4312407274723628,0.9384497331484503,0.5280202872067885,0.009433962264150943,0.3018867924528302,0.1497597374898512
1990,103,97.16981132075472,106,0,106,0,0,0.0,8.028421717419342,7.9905092666685675,61.60474350040398,6.164792154644045,2.9615481001069868,3.1700939605592464,8.349056603773585,3.567999827489257,0.48899906553288486,0.0,0.0,0.0,0.0,0.0,0,0,0,0,0,0.0,0.33962264150943394,0.4263306439272811,0.4456036701411356,0.9405527471079418,0.532181605957149,0.0,0.2641509433962264,0.1501219953084821
1991,103,97.16981132075472,106,0,106,0,0,0.0,8.042677286289987,8.005386426455274,62.617673891214544,6.173338120309892,2.944340525352277,3.1528067644936746,8.349056603773585,3.567999827489257,0.4901021351430792,0.0,0.0,0.0,0.0,0.0,0,0,0,0,0,0.0,0.32075471698113206,0.4295599470013365,0.44171046956955706,0.9410384782097682,0.5302691218382242,0.0,0.2641509433962264,0.1503457331729427
1992,103,97.16981132075472,106,0,106,0,0,0.0,8.014055866039904,7.977787326458917,58.58843304972561,6.1807913772633185,2.986659350554334,3.1632523437787285,8.349056603773585,3.567999827489257,0.4853103185998433,0.0,0.0,0.0,0.0,0.0,0,0,0,0,0,0.0,0.330188679245283,0.41742526188345874,0.45741566837558706,0.9297477273918909,0.5213928058685929,0.0,0.3018867924528302,0.15033559216931258
1993,105,99.05660377358491,106,0,106,0,0,0.0,8.023786140194986,7.986636086652471,58.30895254443249,6.188231281020256,2.99021624356492,3.1796600362812413,8.349056603773585,3.567999827489257,0.485053527575533,0.0,0.0,0.0,0.0,0.0,0,0,0,0,0,0.0,0.330188679245283,0.41677533106347714,0.4612786042754571,0.9314398601649195,0.5200276213940724,0.0,0.3018867924528302,0.1505169714166944
1994,106,100.0,106,0,106,0,0,0.0,8.084549802594946,8.046867158135948,62.55038227188142,6.197124964645281,2.883110032474104,3.1264753580097446,8.349056603773585,3.567999827489257,0.48838176593690297,0.0,0.0,0.0,0.0,0.0,0,0,0,0,0,0.0,0.330188679245283,0.42662851948147024,0.4506761811320893,0.9307643662912072,0.5194686738186379,0.0,0.3018867924528302,0.1509794530368934
1995,106,100.0,106,0,106,0,0,0.0,8.16043765554201,8.123628769755323,64.75209599038435,6.207892404990035,2.8013771371726786,3.043203870145996,8.349056603773585,3.567999827489257,0.49090563186223424,0.0,0.0,0.0,0.0,0.0,0,0,0,0,0,0.0,0.3113207547169811,0.4312936779009914,0.45025959530146875,0.9331810729422336,0.5238640017372544,0.0,0.30188679245283023,0.15155098342809162
1996,106,100.0,106,0,106,0,0,0.0,8.234042498450144,8.201159943639261,69.51321471178335,6.220488712802205,2.747125382474604,3.027558243637599,8.349056603773585,3.567999827489257,0.49410303504555997,0.0,0.0,0.0,0.0,0.0,0,0,0,0,0,0.0,0.3018867924528302,0.44060439714614036,0.4320421467889237,0.9320448376131603,0.5311567755979285,0.0,0.30188679245283023,0.15214372576313642
1997,106,100.0,106,0,106,0,0,0.0,8.159980906808793,8.131972129134878,64.11598262542734,6.230660687491638,2.8417074327851584,3.077426493123979,8.349056603773585,3.567999827489257,0.4880521760119936,0.0,0.0,0.0,0.0,0.0,0,0,0,0,0,0.0,0.32075471698113206,0.42484233351521095,0.44773562173060993,0.9331810729422336,0.5271334313134254,0.0,0.30188679245283023,0.15195488582461528
1998,106,100.0,106,0,106,0,0,0.0,8.12310612896642,8.094841157064966,63.44287183663117,6.239409859726182,2.833092726485853,3.067632842928888,8.349056603773585,3.567999827489257,0.48573918035501173,0.0,0.0,0.0,0.0,0.0,0,0,0,0,0,0.0,0.33962264150943394,0.4218898382810236,0.4459770167296595,0.9320448376131603,0.5267168999621826,0.0,0.30188679245283023,0.15192659716052104
1999,105,99.05660377358491,106,1,105,0,0,0.009433962264150943,8.104100008752122,8.052036419863292,62.77340140477547,6.247392013821203,2.824074449488756,3.1090252129981173,8.349056603773585,3.567999827489257,0.48449535960512624,0.9999999999395075,0.013291410531070715,1.0,6.049249989814598e-11,0.041409856082406105,0,1,0,0,0,1.0,0.33962264150943394,0.4194942746044128,0.43355658298899585,0.9358042057284838,0.5290087344667329,0.009433962264150943,0.28301886792452835,0.15197396818161968
2000,105,99.05660377358491,106,0,106,0,0,0.0,8.06679043144303,8.016886202828955,60.420899989671746,6.253319066255043,2.8319011150442046,3.08752663095735,8.349056603773585,3.567999827489257,0.4825632991416029,0.0,0.0,0.0,0.0,0.0,0,0,0,0,0,0.0,0.33962264150943394,0.4143347142369902,0.4386763991843904,0.9371622407824897,0.5289848751658898,0.0,0.28301886792452835,0.15189315890538152
